# EPU80t_VP KICKMAP 
# Author: Ximenes R. Resende @ LNLS, Date: 11-Jan-2016 09:40:45
# ID Length [m]
3.6000
# Number of Horizontal Points
81 
# Number of Vertical Points
17 
# Horizontal KickTable in T2m2
START
            -0.01200000 -0.01170000 -0.01140000 -0.01110000 -0.01080000 -0.01050000 -0.01020000 -0.00990000 -0.00960000 -0.00930000 -0.00900000 -0.00870000 -0.00840000 -0.00810000 -0.00780000 -0.00750000 -0.00720000 -0.00690000 -0.00660000 -0.00630000 -0.00600000 -0.00570000 -0.00540000 -0.00510000 -0.00480000 -0.00450000 -0.00420000 -0.00390000 -0.00360000 -0.00330000 -0.00300000 -0.00270000 -0.00240000 -0.00210000 -0.00180000 -0.00150000 -0.00120000 -0.00090000 -0.00060000 -0.00030000 +0.00000000 +0.00030000 +0.00060000 +0.00090000 +0.00120000 +0.00150000 +0.00180000 +0.00210000 +0.00240000 +0.00270000 +0.00300000 +0.00330000 +0.00360000 +0.00390000 +0.00420000 +0.00450000 +0.00480000 +0.00510000 +0.00540000 +0.00570000 +0.00600000 +0.00630000 +0.00660000 +0.00690000 +0.00720000 +0.00750000 +0.00780000 +0.00810000 +0.00840000 +0.00870000 +0.00900000 +0.00930000 +0.00960000 +0.00990000 +0.01020000 +0.01050000 +0.01080000 +0.01110000 +0.01140000 +0.01170000 +0.01200000 
+0.00450000 -1.462E-02 -1.527E-02 -1.603E-02 -1.683E-02 -1.767E-02 -1.855E-02 -1.948E-02 -2.045E-02 -2.147E-02 -2.255E-02 -2.368E-02 -2.488E-02 -2.613E-02 -2.746E-02 -2.886E-02 -3.034E-02 -3.191E-02 -3.357E-02 -3.534E-02 -3.722E-02 -3.922E-02 -4.136E-02 -4.366E-02 -4.613E-02 -4.879E-02 -5.166E-02 -5.477E-02 -5.815E-02 -6.180E-02 -6.575E-02 -6.998E-02 -7.443E-02 -7.896E-02 -8.327E-02 -8.677E-02 -8.842E-02 -8.647E-02 -7.837E-02 -6.135E-02 -3.423E-02 +0.000E+00 +3.423E-02 +6.135E-02 +7.837E-02 +8.647E-02 +8.842E-02 +8.677E-02 +8.327E-02 +7.896E-02 +7.443E-02 +6.998E-02 +6.575E-02 +6.180E-02 +5.815E-02 +5.477E-02 +5.166E-02 +4.879E-02 +4.613E-02 +4.366E-02 +4.136E-02 +3.922E-02 +3.722E-02 +3.534E-02 +3.357E-02 +3.191E-02 +3.034E-02 +2.886E-02 +2.746E-02 +2.613E-02 +2.488E-02 +2.368E-02 +2.255E-02 +2.147E-02 +2.045E-02 +1.948E-02 +1.855E-02 +1.767E-02 +1.683E-02 +1.603E-02 +1.527E-02 +1.462E-02 
+0.00393750 -1.448E-02 -1.512E-02 -1.587E-02 -1.665E-02 -1.747E-02 -1.833E-02 -1.923E-02 -2.018E-02 -2.116E-02 -2.220E-02 -2.328E-02 -2.442E-02 -2.561E-02 -2.685E-02 -2.816E-02 -2.952E-02 -3.096E-02 -3.246E-02 -3.403E-02 -3.567E-02 -3.740E-02 -3.921E-02 -4.110E-02 -4.307E-02 -4.513E-02 -4.727E-02 -4.949E-02 -5.175E-02 -5.404E-02 -5.630E-02 -5.843E-02 -6.029E-02 -6.168E-02 -6.227E-02 -6.159E-02 -5.903E-02 -5.385E-02 -4.535E-02 -3.314E-02 -1.759E-02 +0.000E+00 +1.759E-02 +3.314E-02 +4.535E-02 +5.385E-02 +5.903E-02 +6.159E-02 +6.227E-02 +6.168E-02 +6.029E-02 +5.843E-02 +5.630E-02 +5.404E-02 +5.175E-02 +4.949E-02 +4.727E-02 +4.513E-02 +4.307E-02 +4.110E-02 +3.921E-02 +3.740E-02 +3.567E-02 +3.403E-02 +3.246E-02 +3.096E-02 +2.952E-02 +2.816E-02 +2.685E-02 +2.561E-02 +2.442E-02 +2.328E-02 +2.220E-02 +2.116E-02 +2.018E-02 +1.923E-02 +1.833E-02 +1.747E-02 +1.665E-02 +1.587E-02 +1.512E-02 +1.448E-02 
+0.00337500 -1.437E-02 -1.500E-02 -1.574E-02 -1.650E-02 -1.731E-02 -1.815E-02 -1.903E-02 -1.994E-02 -2.090E-02 -2.190E-02 -2.294E-02 -2.402E-02 -2.515E-02 -2.632E-02 -2.754E-02 -2.880E-02 -3.011E-02 -3.147E-02 -3.286E-02 -3.430E-02 -3.578E-02 -3.728E-02 -3.882E-02 -4.036E-02 -4.191E-02 -4.344E-02 -4.493E-02 -4.633E-02 -4.758E-02 -4.863E-02 -4.936E-02 -4.964E-02 -4.931E-02 -4.813E-02 -4.585E-02 -4.220E-02 -3.693E-02 -2.988E-02 -2.111E-02 -1.095E-02 +0.000E+00 +1.095E-02 +2.111E-02 +2.988E-02 +3.693E-02 +4.220E-02 +4.585E-02 +4.813E-02 +4.931E-02 +4.964E-02 +4.936E-02 +4.863E-02 +4.758E-02 +4.633E-02 +4.493E-02 +4.344E-02 +4.191E-02 +4.036E-02 +3.882E-02 +3.728E-02 +3.578E-02 +3.430E-02 +3.286E-02 +3.147E-02 +3.011E-02 +2.880E-02 +2.754E-02 +2.632E-02 +2.515E-02 +2.402E-02 +2.294E-02 +2.190E-02 +2.090E-02 +1.994E-02 +1.903E-02 +1.815E-02 +1.731E-02 +1.650E-02 +1.574E-02 +1.500E-02 +1.437E-02 
+0.00281250 -1.428E-02 -1.490E-02 -1.563E-02 -1.639E-02 -1.718E-02 -1.800E-02 -1.886E-02 -1.975E-02 -2.068E-02 -2.165E-02 -2.265E-02 -2.369E-02 -2.477E-02 -2.588E-02 -2.702E-02 -2.819E-02 -2.939E-02 -3.062E-02 -3.187E-02 -3.313E-02 -3.439E-02 -3.565E-02 -3.688E-02 -3.808E-02 -3.923E-02 -4.028E-02 -4.121E-02 -4.197E-02 -4.251E-02 -4.276E-02 -4.263E-02 -4.202E-02 -4.082E-02 -3.889E-02 -3.612E-02 -3.239E-02 -2.763E-02 -2.185E-02 -1.516E-02 -7.768E-03 +0.000E+00 +7.768E-03 +1.516E-02 +2.185E-02 +2.763E-02 +3.239E-02 +3.612E-02 +3.889E-02 +4.082E-02 +4.202E-02 +4.263E-02 +4.276E-02 +4.251E-02 +4.197E-02 +4.121E-02 +4.028E-02 +3.923E-02 +3.808E-02 +3.688E-02 +3.565E-02 +3.439E-02 +3.313E-02 +3.187E-02 +3.062E-02 +2.939E-02 +2.819E-02 +2.702E-02 +2.588E-02 +2.477E-02 +2.369E-02 +2.265E-02 +2.165E-02 +2.068E-02 +1.975E-02 +1.886E-02 +1.800E-02 +1.718E-02 +1.639E-02 +1.563E-02 +1.490E-02 +1.428E-02 
+0.00225000 -1.421E-02 -1.483E-02 -1.554E-02 -1.629E-02 -1.707E-02 -1.788E-02 -1.873E-02 -1.960E-02 -2.051E-02 -2.145E-02 -2.242E-02 -2.343E-02 -2.446E-02 -2.551E-02 -2.659E-02 -2.769E-02 -2.881E-02 -2.993E-02 -3.105E-02 -3.217E-02 -3.326E-02 -3.432E-02 -3.533E-02 -3.626E-02 -3.709E-02 -3.779E-02 -3.833E-02 -3.865E-02 -3.871E-02 -3.846E-02 -3.782E-02 -3.673E-02 -3.511E-02 -3.291E-02 -3.004E-02 -2.649E-02 -2.225E-02 -1.736E-02 -1.192E-02 -6.065E-03 +0.000E+00 +6.065E-03 +1.192E-02 +1.736E-02 +2.225E-02 +2.649E-02 +3.004E-02 +3.291E-02 +3.511E-02 +3.673E-02 +3.782E-02 +3.846E-02 +3.871E-02 +3.865E-02 +3.833E-02 +3.779E-02 +3.709E-02 +3.626E-02 +3.533E-02 +3.432E-02 +3.326E-02 +3.217E-02 +3.105E-02 +2.993E-02 +2.881E-02 +2.769E-02 +2.659E-02 +2.551E-02 +2.446E-02 +2.343E-02 +2.242E-02 +2.145E-02 +2.051E-02 +1.960E-02 +1.873E-02 +1.788E-02 +1.707E-02 +1.629E-02 +1.554E-02 +1.483E-02 +1.421E-02 
+0.00168750 -1.415E-02 -1.477E-02 -1.548E-02 -1.622E-02 -1.699E-02 -1.780E-02 -1.863E-02 -1.949E-02 -2.038E-02 -2.130E-02 -2.225E-02 -2.322E-02 -2.422E-02 -2.524E-02 -2.627E-02 -2.731E-02 -2.836E-02 -2.940E-02 -3.043E-02 -3.143E-02 -3.240E-02 -3.330E-02 -3.414E-02 -3.487E-02 -3.548E-02 -3.594E-02 -3.620E-02 -3.624E-02 -3.600E-02 -3.544E-02 -3.451E-02 -3.317E-02 -3.137E-02 -2.907E-02 -2.625E-02 -2.290E-02 -1.905E-02 -1.474E-02 -1.006E-02 -5.098E-03 +0.000E+00 +5.098E-03 +1.006E-02 +1.474E-02 +1.905E-02 +2.290E-02 +2.625E-02 +2.907E-02 +3.137E-02 +3.317E-02 +3.451E-02 +3.544E-02 +3.600E-02 +3.624E-02 +3.620E-02 +3.594E-02 +3.548E-02 +3.487E-02 +3.414E-02 +3.330E-02 +3.240E-02 +3.143E-02 +3.043E-02 +2.940E-02 +2.836E-02 +2.731E-02 +2.627E-02 +2.524E-02 +2.422E-02 +2.322E-02 +2.225E-02 +2.130E-02 +2.038E-02 +1.949E-02 +1.863E-02 +1.780E-02 +1.699E-02 +1.622E-02 +1.548E-02 +1.477E-02 +1.415E-02 
+0.00112500 -1.412E-02 -1.473E-02 -1.544E-02 -1.618E-02 -1.694E-02 -1.774E-02 -1.856E-02 -1.941E-02 -2.029E-02 -2.120E-02 -2.213E-02 -2.308E-02 -2.405E-02 -2.504E-02 -2.604E-02 -2.704E-02 -2.804E-02 -2.902E-02 -2.998E-02 -3.091E-02 -3.179E-02 -3.259E-02 -3.331E-02 -3.391E-02 -3.438E-02 -3.467E-02 -3.476E-02 -3.461E-02 -3.419E-02 -3.346E-02 -3.237E-02 -3.090E-02 -2.902E-02 -2.670E-02 -2.395E-02 -2.076E-02 -1.717E-02 -1.322E-02 -8.985E-03 -4.545E-03 +0.000E+00 +4.545E-03 +8.985E-03 +1.322E-02 +1.717E-02 +2.076E-02 +2.395E-02 +2.670E-02 +2.902E-02 +3.090E-02 +3.237E-02 +3.346E-02 +3.419E-02 +3.461E-02 +3.476E-02 +3.467E-02 +3.438E-02 +3.391E-02 +3.331E-02 +3.259E-02 +3.179E-02 +3.091E-02 +2.998E-02 +2.902E-02 +2.804E-02 +2.704E-02 +2.604E-02 +2.504E-02 +2.405E-02 +2.308E-02 +2.213E-02 +2.120E-02 +2.029E-02 +1.941E-02 +1.856E-02 +1.774E-02 +1.694E-02 +1.618E-02 +1.544E-02 +1.473E-02 +1.412E-02 
+0.00056250 -1.410E-02 -1.471E-02 -1.541E-02 -1.615E-02 -1.691E-02 -1.770E-02 -1.852E-02 -1.937E-02 -2.024E-02 -2.114E-02 -2.206E-02 -2.300E-02 -2.395E-02 -2.492E-02 -2.590E-02 -2.688E-02 -2.785E-02 -2.880E-02 -2.972E-02 -3.060E-02 -3.142E-02 -3.217E-02 -3.282E-02 -3.335E-02 -3.373E-02 -3.393E-02 -3.393E-02 -3.368E-02 -3.316E-02 -3.234E-02 -3.117E-02 -2.964E-02 -2.773E-02 -2.542E-02 -2.271E-02 -1.962E-02 -1.617E-02 -1.242E-02 -8.427E-03 -4.258E-03 +0.000E+00 +4.258E-03 +8.427E-03 +1.242E-02 +1.617E-02 +1.962E-02 +2.271E-02 +2.542E-02 +2.773E-02 +2.964E-02 +3.117E-02 +3.234E-02 +3.316E-02 +3.368E-02 +3.393E-02 +3.393E-02 +3.373E-02 +3.335E-02 +3.282E-02 +3.217E-02 +3.142E-02 +3.060E-02 +2.972E-02 +2.880E-02 +2.785E-02 +2.688E-02 +2.590E-02 +2.492E-02 +2.395E-02 +2.300E-02 +2.206E-02 +2.114E-02 +2.024E-02 +1.937E-02 +1.852E-02 +1.770E-02 +1.691E-02 +1.615E-02 +1.541E-02 +1.471E-02 +1.410E-02 
+0.00000000 -1.409E-02 -1.470E-02 -1.541E-02 -1.614E-02 -1.690E-02 -1.769E-02 -1.851E-02 -1.935E-02 -2.022E-02 -2.112E-02 -2.203E-02 -2.297E-02 -2.392E-02 -2.489E-02 -2.585E-02 -2.682E-02 -2.778E-02 -2.872E-02 -2.963E-02 -3.050E-02 -3.131E-02 -3.203E-02 -3.266E-02 -3.316E-02 -3.351E-02 -3.369E-02 -3.365E-02 -3.338E-02 -3.283E-02 -3.197E-02 -3.079E-02 -2.924E-02 -2.732E-02 -2.501E-02 -2.232E-02 -1.926E-02 -1.586E-02 -1.218E-02 -8.254E-03 -4.169E-03 +0.000E+00 +4.169E-03 +8.254E-03 +1.218E-02 +1.586E-02 +1.926E-02 +2.232E-02 +2.501E-02 +2.732E-02 +2.924E-02 +3.079E-02 +3.197E-02 +3.283E-02 +3.338E-02 +3.365E-02 +3.369E-02 +3.351E-02 +3.316E-02 +3.266E-02 +3.203E-02 +3.131E-02 +3.050E-02 +2.963E-02 +2.872E-02 +2.778E-02 +2.682E-02 +2.585E-02 +2.489E-02 +2.392E-02 +2.297E-02 +2.203E-02 +2.112E-02 +2.022E-02 +1.935E-02 +1.851E-02 +1.769E-02 +1.690E-02 +1.614E-02 +1.541E-02 +1.470E-02 +1.409E-02 
-0.00056250 -1.410E-02 -1.471E-02 -1.541E-02 -1.615E-02 -1.691E-02 -1.770E-02 -1.852E-02 -1.937E-02 -2.024E-02 -2.114E-02 -2.206E-02 -2.300E-02 -2.395E-02 -2.492E-02 -2.590E-02 -2.688E-02 -2.785E-02 -2.880E-02 -2.972E-02 -3.060E-02 -3.142E-02 -3.217E-02 -3.282E-02 -3.335E-02 -3.373E-02 -3.393E-02 -3.393E-02 -3.368E-02 -3.316E-02 -3.234E-02 -3.117E-02 -2.964E-02 -2.773E-02 -2.542E-02 -2.271E-02 -1.962E-02 -1.617E-02 -1.242E-02 -8.427E-03 -4.258E-03 +0.000E+00 +4.258E-03 +8.427E-03 +1.242E-02 +1.617E-02 +1.962E-02 +2.271E-02 +2.542E-02 +2.773E-02 +2.964E-02 +3.117E-02 +3.234E-02 +3.316E-02 +3.368E-02 +3.393E-02 +3.393E-02 +3.373E-02 +3.335E-02 +3.282E-02 +3.217E-02 +3.142E-02 +3.060E-02 +2.972E-02 +2.880E-02 +2.785E-02 +2.688E-02 +2.590E-02 +2.492E-02 +2.395E-02 +2.300E-02 +2.206E-02 +2.114E-02 +2.024E-02 +1.937E-02 +1.852E-02 +1.770E-02 +1.691E-02 +1.615E-02 +1.541E-02 +1.471E-02 +1.410E-02 
-0.00112500 -1.412E-02 -1.473E-02 -1.544E-02 -1.618E-02 -1.694E-02 -1.774E-02 -1.856E-02 -1.941E-02 -2.029E-02 -2.120E-02 -2.213E-02 -2.308E-02 -2.405E-02 -2.504E-02 -2.604E-02 -2.704E-02 -2.804E-02 -2.902E-02 -2.998E-02 -3.091E-02 -3.179E-02 -3.259E-02 -3.331E-02 -3.391E-02 -3.438E-02 -3.467E-02 -3.476E-02 -3.461E-02 -3.419E-02 -3.346E-02 -3.237E-02 -3.090E-02 -2.902E-02 -2.670E-02 -2.395E-02 -2.076E-02 -1.717E-02 -1.322E-02 -8.985E-03 -4.545E-03 +0.000E+00 +4.545E-03 +8.985E-03 +1.322E-02 +1.717E-02 +2.076E-02 +2.395E-02 +2.670E-02 +2.902E-02 +3.090E-02 +3.237E-02 +3.346E-02 +3.419E-02 +3.461E-02 +3.476E-02 +3.467E-02 +3.438E-02 +3.391E-02 +3.331E-02 +3.259E-02 +3.179E-02 +3.091E-02 +2.998E-02 +2.902E-02 +2.804E-02 +2.704E-02 +2.604E-02 +2.504E-02 +2.405E-02 +2.308E-02 +2.213E-02 +2.120E-02 +2.029E-02 +1.941E-02 +1.856E-02 +1.774E-02 +1.694E-02 +1.618E-02 +1.544E-02 +1.473E-02 +1.412E-02 
-0.00168750 -1.415E-02 -1.477E-02 -1.548E-02 -1.622E-02 -1.699E-02 -1.780E-02 -1.863E-02 -1.949E-02 -2.038E-02 -2.130E-02 -2.225E-02 -2.322E-02 -2.422E-02 -2.524E-02 -2.627E-02 -2.731E-02 -2.836E-02 -2.940E-02 -3.043E-02 -3.143E-02 -3.240E-02 -3.330E-02 -3.414E-02 -3.487E-02 -3.548E-02 -3.594E-02 -3.620E-02 -3.624E-02 -3.600E-02 -3.544E-02 -3.451E-02 -3.317E-02 -3.137E-02 -2.907E-02 -2.625E-02 -2.290E-02 -1.905E-02 -1.474E-02 -1.006E-02 -5.098E-03 +0.000E+00 +5.098E-03 +1.006E-02 +1.474E-02 +1.905E-02 +2.290E-02 +2.625E-02 +2.907E-02 +3.137E-02 +3.317E-02 +3.451E-02 +3.544E-02 +3.600E-02 +3.624E-02 +3.620E-02 +3.594E-02 +3.548E-02 +3.487E-02 +3.414E-02 +3.330E-02 +3.240E-02 +3.143E-02 +3.043E-02 +2.940E-02 +2.836E-02 +2.731E-02 +2.627E-02 +2.524E-02 +2.422E-02 +2.322E-02 +2.225E-02 +2.130E-02 +2.038E-02 +1.949E-02 +1.863E-02 +1.780E-02 +1.699E-02 +1.622E-02 +1.548E-02 +1.477E-02 +1.415E-02 
-0.00225000 -1.421E-02 -1.483E-02 -1.554E-02 -1.629E-02 -1.707E-02 -1.788E-02 -1.873E-02 -1.960E-02 -2.051E-02 -2.145E-02 -2.242E-02 -2.343E-02 -2.446E-02 -2.551E-02 -2.659E-02 -2.769E-02 -2.881E-02 -2.993E-02 -3.105E-02 -3.217E-02 -3.326E-02 -3.432E-02 -3.533E-02 -3.626E-02 -3.709E-02 -3.779E-02 -3.833E-02 -3.865E-02 -3.871E-02 -3.846E-02 -3.782E-02 -3.673E-02 -3.511E-02 -3.291E-02 -3.004E-02 -2.649E-02 -2.225E-02 -1.736E-02 -1.192E-02 -6.065E-03 +0.000E+00 +6.065E-03 +1.192E-02 +1.736E-02 +2.225E-02 +2.649E-02 +3.004E-02 +3.291E-02 +3.511E-02 +3.673E-02 +3.782E-02 +3.846E-02 +3.871E-02 +3.865E-02 +3.833E-02 +3.779E-02 +3.709E-02 +3.626E-02 +3.533E-02 +3.432E-02 +3.326E-02 +3.217E-02 +3.105E-02 +2.993E-02 +2.881E-02 +2.769E-02 +2.659E-02 +2.551E-02 +2.446E-02 +2.343E-02 +2.242E-02 +2.145E-02 +2.051E-02 +1.960E-02 +1.873E-02 +1.788E-02 +1.707E-02 +1.629E-02 +1.554E-02 +1.483E-02 +1.421E-02 
-0.00281250 -1.428E-02 -1.490E-02 -1.563E-02 -1.639E-02 -1.718E-02 -1.800E-02 -1.886E-02 -1.975E-02 -2.068E-02 -2.165E-02 -2.265E-02 -2.369E-02 -2.477E-02 -2.588E-02 -2.702E-02 -2.819E-02 -2.939E-02 -3.062E-02 -3.187E-02 -3.313E-02 -3.439E-02 -3.565E-02 -3.688E-02 -3.808E-02 -3.923E-02 -4.028E-02 -4.121E-02 -4.197E-02 -4.251E-02 -4.276E-02 -4.263E-02 -4.202E-02 -4.082E-02 -3.889E-02 -3.612E-02 -3.239E-02 -2.763E-02 -2.185E-02 -1.516E-02 -7.768E-03 +0.000E+00 +7.768E-03 +1.516E-02 +2.185E-02 +2.763E-02 +3.239E-02 +3.612E-02 +3.889E-02 +4.082E-02 +4.202E-02 +4.263E-02 +4.276E-02 +4.251E-02 +4.197E-02 +4.121E-02 +4.028E-02 +3.923E-02 +3.808E-02 +3.688E-02 +3.565E-02 +3.439E-02 +3.313E-02 +3.187E-02 +3.062E-02 +2.939E-02 +2.819E-02 +2.702E-02 +2.588E-02 +2.477E-02 +2.369E-02 +2.265E-02 +2.165E-02 +2.068E-02 +1.975E-02 +1.886E-02 +1.800E-02 +1.718E-02 +1.639E-02 +1.563E-02 +1.490E-02 +1.428E-02 
-0.00337500 -1.437E-02 -1.500E-02 -1.574E-02 -1.650E-02 -1.731E-02 -1.815E-02 -1.903E-02 -1.994E-02 -2.090E-02 -2.190E-02 -2.294E-02 -2.402E-02 -2.515E-02 -2.632E-02 -2.754E-02 -2.880E-02 -3.011E-02 -3.147E-02 -3.286E-02 -3.430E-02 -3.578E-02 -3.728E-02 -3.882E-02 -4.036E-02 -4.191E-02 -4.344E-02 -4.493E-02 -4.633E-02 -4.758E-02 -4.863E-02 -4.936E-02 -4.964E-02 -4.931E-02 -4.813E-02 -4.585E-02 -4.220E-02 -3.693E-02 -2.988E-02 -2.111E-02 -1.095E-02 +0.000E+00 +1.095E-02 +2.111E-02 +2.988E-02 +3.693E-02 +4.220E-02 +4.585E-02 +4.813E-02 +4.931E-02 +4.964E-02 +4.936E-02 +4.863E-02 +4.758E-02 +4.633E-02 +4.493E-02 +4.344E-02 +4.191E-02 +4.036E-02 +3.882E-02 +3.728E-02 +3.578E-02 +3.430E-02 +3.286E-02 +3.147E-02 +3.011E-02 +2.880E-02 +2.754E-02 +2.632E-02 +2.515E-02 +2.402E-02 +2.294E-02 +2.190E-02 +2.090E-02 +1.994E-02 +1.903E-02 +1.815E-02 +1.731E-02 +1.650E-02 +1.574E-02 +1.500E-02 +1.437E-02 
-0.00393750 -1.448E-02 -1.512E-02 -1.587E-02 -1.665E-02 -1.747E-02 -1.833E-02 -1.923E-02 -2.018E-02 -2.116E-02 -2.220E-02 -2.328E-02 -2.442E-02 -2.561E-02 -2.685E-02 -2.816E-02 -2.952E-02 -3.096E-02 -3.246E-02 -3.403E-02 -3.567E-02 -3.740E-02 -3.921E-02 -4.110E-02 -4.307E-02 -4.513E-02 -4.727E-02 -4.949E-02 -5.175E-02 -5.404E-02 -5.630E-02 -5.843E-02 -6.029E-02 -6.168E-02 -6.227E-02 -6.159E-02 -5.903E-02 -5.385E-02 -4.535E-02 -3.314E-02 -1.759E-02 +0.000E+00 +1.759E-02 +3.314E-02 +4.535E-02 +5.385E-02 +5.903E-02 +6.159E-02 +6.227E-02 +6.168E-02 +6.029E-02 +5.843E-02 +5.630E-02 +5.404E-02 +5.175E-02 +4.949E-02 +4.727E-02 +4.513E-02 +4.307E-02 +4.110E-02 +3.921E-02 +3.740E-02 +3.567E-02 +3.403E-02 +3.246E-02 +3.096E-02 +2.952E-02 +2.816E-02 +2.685E-02 +2.561E-02 +2.442E-02 +2.328E-02 +2.220E-02 +2.116E-02 +2.018E-02 +1.923E-02 +1.833E-02 +1.747E-02 +1.665E-02 +1.587E-02 +1.512E-02 +1.448E-02 
-0.00450000 -1.462E-02 -1.527E-02 -1.603E-02 -1.683E-02 -1.767E-02 -1.855E-02 -1.948E-02 -2.045E-02 -2.147E-02 -2.255E-02 -2.368E-02 -2.488E-02 -2.613E-02 -2.746E-02 -2.886E-02 -3.034E-02 -3.191E-02 -3.357E-02 -3.534E-02 -3.722E-02 -3.922E-02 -4.136E-02 -4.366E-02 -4.613E-02 -4.879E-02 -5.166E-02 -5.477E-02 -5.815E-02 -6.180E-02 -6.575E-02 -6.998E-02 -7.443E-02 -7.896E-02 -8.327E-02 -8.677E-02 -8.842E-02 -8.647E-02 -7.837E-02 -6.135E-02 -3.423E-02 +0.000E+00 +3.423E-02 +6.135E-02 +7.837E-02 +8.647E-02 +8.842E-02 +8.677E-02 +8.327E-02 +7.896E-02 +7.443E-02 +6.998E-02 +6.575E-02 +6.180E-02 +5.815E-02 +5.477E-02 +5.166E-02 +4.879E-02 +4.613E-02 +4.366E-02 +4.136E-02 +3.922E-02 +3.722E-02 +3.534E-02 +3.357E-02 +3.191E-02 +3.034E-02 +2.886E-02 +2.746E-02 +2.613E-02 +2.488E-02 +2.368E-02 +2.255E-02 +2.147E-02 +2.045E-02 +1.948E-02 +1.855E-02 +1.767E-02 +1.683E-02 +1.603E-02 +1.527E-02 +1.462E-02 
# Vertical KickTable in T2m2
START
            -0.01200000 -0.01170000 -0.01140000 -0.01110000 -0.01080000 -0.01050000 -0.01020000 -0.00990000 -0.00960000 -0.00930000 -0.00900000 -0.00870000 -0.00840000 -0.00810000 -0.00780000 -0.00750000 -0.00720000 -0.00690000 -0.00660000 -0.00630000 -0.00600000 -0.00570000 -0.00540000 -0.00510000 -0.00480000 -0.00450000 -0.00420000 -0.00390000 -0.00360000 -0.00330000 -0.00300000 -0.00270000 -0.00240000 -0.00210000 -0.00180000 -0.00150000 -0.00120000 -0.00090000 -0.00060000 -0.00030000 +0.00000000 +0.00030000 +0.00060000 +0.00090000 +0.00120000 +0.00150000 +0.00180000 +0.00210000 +0.00240000 +0.00270000 +0.00300000 +0.00330000 +0.00360000 +0.00390000 +0.00420000 +0.00450000 +0.00480000 +0.00510000 +0.00540000 +0.00570000 +0.00600000 +0.00630000 +0.00660000 +0.00690000 +0.00720000 +0.00750000 +0.00780000 +0.00810000 +0.00840000 +0.00870000 +0.00900000 +0.00930000 +0.00960000 +0.00990000 +0.01020000 +0.01050000 +0.01080000 +0.01110000 +0.01140000 +0.01170000 +0.01200000 
+0.00450000 -3.639E-02 -3.647E-02 -3.656E-02 -3.666E-02 -3.677E-02 -3.688E-02 -3.702E-02 -3.716E-02 -3.733E-02 -3.751E-02 -3.773E-02 -3.797E-02 -3.824E-02 -3.856E-02 -3.892E-02 -3.935E-02 -3.984E-02 -4.041E-02 -4.108E-02 -4.187E-02 -4.279E-02 -4.389E-02 -4.519E-02 -4.674E-02 -4.860E-02 -5.082E-02 -5.351E-02 -5.678E-02 -6.076E-02 -6.564E-02 -7.167E-02 -7.915E-02 -8.847E-02 -1.001E-01 -1.145E-01 -1.320E-01 -1.526E-01 -1.752E-01 -1.971E-01 -2.136E-01 -2.198E-01 -2.136E-01 -1.971E-01 -1.752E-01 -1.526E-01 -1.320E-01 -1.145E-01 -1.001E-01 -8.847E-02 -7.915E-02 -7.167E-02 -6.564E-02 -6.076E-02 -5.678E-02 -5.351E-02 -5.082E-02 -4.860E-02 -4.674E-02 -4.519E-02 -4.389E-02 -4.279E-02 -4.187E-02 -4.108E-02 -4.041E-02 -3.984E-02 -3.935E-02 -3.892E-02 -3.856E-02 -3.824E-02 -3.797E-02 -3.773E-02 -3.751E-02 -3.733E-02 -3.716E-02 -3.702E-02 -3.688E-02 -3.677E-02 -3.666E-02 -3.656E-02 -3.647E-02 -3.639E-02 
+0.00393750 -3.119E-02 -3.126E-02 -3.133E-02 -3.141E-02 -3.151E-02 -3.161E-02 -3.172E-02 -3.185E-02 -3.199E-02 -3.216E-02 -3.234E-02 -3.255E-02 -3.280E-02 -3.308E-02 -3.341E-02 -3.379E-02 -3.423E-02 -3.476E-02 -3.537E-02 -3.609E-02 -3.694E-02 -3.794E-02 -3.913E-02 -4.055E-02 -4.224E-02 -4.425E-02 -4.667E-02 -4.956E-02 -5.303E-02 -5.721E-02 -6.222E-02 -6.824E-02 -7.543E-02 -8.393E-02 -9.383E-02 -1.051E-01 -1.172E-01 -1.296E-01 -1.406E-01 -1.484E-01 -1.512E-01 -1.484E-01 -1.406E-01 -1.296E-01 -1.172E-01 -1.051E-01 -9.383E-02 -8.393E-02 -7.543E-02 -6.824E-02 -6.222E-02 -5.721E-02 -5.303E-02 -4.956E-02 -4.667E-02 -4.425E-02 -4.224E-02 -4.055E-02 -3.913E-02 -3.794E-02 -3.694E-02 -3.609E-02 -3.537E-02 -3.476E-02 -3.423E-02 -3.379E-02 -3.341E-02 -3.308E-02 -3.280E-02 -3.255E-02 -3.234E-02 -3.216E-02 -3.199E-02 -3.185E-02 -3.172E-02 -3.161E-02 -3.151E-02 -3.141E-02 -3.133E-02 -3.126E-02 -3.119E-02 
+0.00337500 -2.591E-02 -2.597E-02 -2.603E-02 -2.610E-02 -2.617E-02 -2.625E-02 -2.635E-02 -2.645E-02 -2.657E-02 -2.671E-02 -2.687E-02 -2.705E-02 -2.726E-02 -2.750E-02 -2.778E-02 -2.811E-02 -2.850E-02 -2.895E-02 -2.948E-02 -3.011E-02 -3.085E-02 -3.173E-02 -3.277E-02 -3.399E-02 -3.545E-02 -3.717E-02 -3.920E-02 -4.161E-02 -4.445E-02 -4.778E-02 -5.167E-02 -5.617E-02 -6.132E-02 -6.710E-02 -7.342E-02 -8.008E-02 -8.673E-02 -9.286E-02 -9.786E-02 -1.011E-01 -1.023E-01 -1.011E-01 -9.786E-02 -9.286E-02 -8.673E-02 -8.008E-02 -7.342E-02 -6.710E-02 -6.132E-02 -5.617E-02 -5.167E-02 -4.778E-02 -4.445E-02 -4.161E-02 -3.920E-02 -3.717E-02 -3.545E-02 -3.399E-02 -3.277E-02 -3.173E-02 -3.085E-02 -3.011E-02 -2.948E-02 -2.895E-02 -2.850E-02 -2.811E-02 -2.778E-02 -2.750E-02 -2.726E-02 -2.705E-02 -2.687E-02 -2.671E-02 -2.657E-02 -2.645E-02 -2.635E-02 -2.625E-02 -2.617E-02 -2.610E-02 -2.603E-02 -2.597E-02 -2.591E-02 
+0.00281250 -2.107E-02 -2.112E-02 -2.116E-02 -2.122E-02 -2.128E-02 -2.134E-02 -2.142E-02 -2.150E-02 -2.160E-02 -2.171E-02 -2.184E-02 -2.199E-02 -2.216E-02 -2.236E-02 -2.259E-02 -2.287E-02 -2.319E-02 -2.357E-02 -2.401E-02 -2.454E-02 -2.515E-02 -2.588E-02 -2.674E-02 -2.775E-02 -2.894E-02 -3.034E-02 -3.196E-02 -3.386E-02 -3.605E-02 -3.857E-02 -4.143E-02 -4.464E-02 -4.819E-02 -5.202E-02 -5.603E-02 -6.009E-02 -6.397E-02 -6.744E-02 -7.020E-02 -7.199E-02 -7.261E-02 -7.199E-02 -7.020E-02 -6.744E-02 -6.397E-02 -6.009E-02 -5.603E-02 -5.202E-02 -4.819E-02 -4.464E-02 -4.143E-02 -3.857E-02 -3.605E-02 -3.386E-02 -3.196E-02 -3.034E-02 -2.894E-02 -2.775E-02 -2.674E-02 -2.588E-02 -2.515E-02 -2.454E-02 -2.401E-02 -2.357E-02 -2.319E-02 -2.287E-02 -2.259E-02 -2.236E-02 -2.216E-02 -2.199E-02 -2.184E-02 -2.171E-02 -2.160E-02 -2.150E-02 -2.142E-02 -2.134E-02 -2.128E-02 -2.122E-02 -2.116E-02 -2.112E-02 -2.107E-02 
+0.00225000 -1.653E-02 -1.657E-02 -1.660E-02 -1.665E-02 -1.669E-02 -1.674E-02 -1.680E-02 -1.686E-02 -1.694E-02 -1.703E-02 -1.713E-02 -1.724E-02 -1.738E-02 -1.753E-02 -1.772E-02 -1.794E-02 -1.819E-02 -1.849E-02 -1.885E-02 -1.926E-02 -1.975E-02 -2.033E-02 -2.101E-02 -2.180E-02 -2.272E-02 -2.379E-02 -2.503E-02 -2.646E-02 -2.808E-02 -2.990E-02 -3.193E-02 -3.416E-02 -3.655E-02 -3.906E-02 -4.162E-02 -4.412E-02 -4.644E-02 -4.844E-02 -4.999E-02 -5.097E-02 -5.130E-02 -5.097E-02 -4.999E-02 -4.844E-02 -4.644E-02 -4.412E-02 -4.162E-02 -3.906E-02 -3.655E-02 -3.416E-02 -3.193E-02 -2.990E-02 -2.808E-02 -2.646E-02 -2.503E-02 -2.379E-02 -2.272E-02 -2.180E-02 -2.101E-02 -2.033E-02 -1.975E-02 -1.926E-02 -1.885E-02 -1.849E-02 -1.819E-02 -1.794E-02 -1.772E-02 -1.753E-02 -1.738E-02 -1.724E-02 -1.713E-02 -1.703E-02 -1.694E-02 -1.686E-02 -1.680E-02 -1.674E-02 -1.669E-02 -1.665E-02 -1.660E-02 -1.657E-02 -1.653E-02 
+0.00168750 -1.222E-02 -1.225E-02 -1.227E-02 -1.230E-02 -1.233E-02 -1.237E-02 -1.241E-02 -1.246E-02 -1.251E-02 -1.258E-02 -1.265E-02 -1.273E-02 -1.283E-02 -1.295E-02 -1.309E-02 -1.325E-02 -1.344E-02 -1.366E-02 -1.392E-02 -1.423E-02 -1.460E-02 -1.502E-02 -1.552E-02 -1.610E-02 -1.677E-02 -1.754E-02 -1.843E-02 -1.943E-02 -2.056E-02 -2.182E-02 -2.319E-02 -2.467E-02 -2.623E-02 -2.783E-02 -2.943E-02 -3.096E-02 -3.236E-02 -3.355E-02 -3.446E-02 -3.504E-02 -3.523E-02 -3.504E-02 -3.446E-02 -3.355E-02 -3.236E-02 -3.096E-02 -2.943E-02 -2.783E-02 -2.623E-02 -2.467E-02 -2.319E-02 -2.182E-02 -2.056E-02 -1.943E-02 -1.843E-02 -1.754E-02 -1.677E-02 -1.610E-02 -1.552E-02 -1.502E-02 -1.460E-02 -1.423E-02 -1.392E-02 -1.366E-02 -1.344E-02 -1.325E-02 -1.309E-02 -1.295E-02 -1.283E-02 -1.273E-02 -1.265E-02 -1.258E-02 -1.251E-02 -1.246E-02 -1.241E-02 -1.237E-02 -1.233E-02 -1.230E-02 -1.227E-02 -1.225E-02 -1.222E-02 
+0.00112500 -8.065E-03 -8.080E-03 -8.097E-03 -8.116E-03 -8.137E-03 -8.161E-03 -8.188E-03 -8.218E-03 -8.254E-03 -8.295E-03 -8.343E-03 -8.398E-03 -8.463E-03 -8.540E-03 -8.630E-03 -8.736E-03 -8.861E-03 -9.009E-03 -9.182E-03 -9.386E-03 -9.625E-03 -9.904E-03 -1.023E-02 -1.061E-02 -1.104E-02 -1.154E-02 -1.211E-02 -1.275E-02 -1.346E-02 -1.424E-02 -1.509E-02 -1.599E-02 -1.692E-02 -1.788E-02 -1.881E-02 -1.970E-02 -2.050E-02 -2.117E-02 -2.168E-02 -2.200E-02 -2.211E-02 -2.200E-02 -2.168E-02 -2.117E-02 -2.050E-02 -1.970E-02 -1.881E-02 -1.788E-02 -1.692E-02 -1.599E-02 -1.509E-02 -1.424E-02 -1.346E-02 -1.275E-02 -1.211E-02 -1.154E-02 -1.104E-02 -1.061E-02 -1.023E-02 -9.904E-03 -9.625E-03 -9.386E-03 -9.182E-03 -9.009E-03 -8.861E-03 -8.736E-03 -8.630E-03 -8.540E-03 -8.463E-03 -8.398E-03 -8.343E-03 -8.295E-03 -8.254E-03 -8.218E-03 -8.188E-03 -8.161E-03 -8.137E-03 -8.116E-03 -8.097E-03 -8.080E-03 -8.065E-03 
+0.00056250 -4.009E-03 -4.017E-03 -4.025E-03 -4.034E-03 -4.044E-03 -4.056E-03 -4.069E-03 -4.084E-03 -4.102E-03 -4.122E-03 -4.145E-03 -4.173E-03 -4.205E-03 -4.243E-03 -4.288E-03 -4.340E-03 -4.403E-03 -4.476E-03 -4.562E-03 -4.663E-03 -4.781E-03 -4.919E-03 -5.080E-03 -5.266E-03 -5.479E-03 -5.723E-03 -5.999E-03 -6.309E-03 -6.652E-03 -7.026E-03 -7.430E-03 -7.855E-03 -8.296E-03 -8.739E-03 -9.172E-03 -9.580E-03 -9.944E-03 -1.025E-02 -1.048E-02 -1.062E-02 -1.067E-02 -1.062E-02 -1.048E-02 -1.025E-02 -9.944E-03 -9.580E-03 -9.172E-03 -8.739E-03 -8.296E-03 -7.855E-03 -7.430E-03 -7.026E-03 -6.652E-03 -6.309E-03 -5.999E-03 -5.723E-03 -5.479E-03 -5.266E-03 -5.080E-03 -4.919E-03 -4.781E-03 -4.663E-03 -4.562E-03 -4.476E-03 -4.403E-03 -4.340E-03 -4.288E-03 -4.243E-03 -4.205E-03 -4.173E-03 -4.145E-03 -4.122E-03 -4.102E-03 -4.084E-03 -4.069E-03 -4.056E-03 -4.044E-03 -4.034E-03 -4.025E-03 -4.017E-03 -4.009E-03 
+0.00000000 +0.000E+00 +0.000E+00 +0.000E+00 +0.000E+00 +0.000E+00 +0.000E+00 +0.000E+00 +0.000E+00 +0.000E+00 +0.000E+00 +0.000E+00 +0.000E+00 +0.000E+00 +0.000E+00 +0.000E+00 +0.000E+00 +0.000E+00 +0.000E+00 +0.000E+00 +0.000E+00 +0.000E+00 +0.000E+00 +0.000E+00 +0.000E+00 +0.000E+00 +0.000E+00 +0.000E+00 +0.000E+00 +0.000E+00 +0.000E+00 +0.000E+00 +0.000E+00 +0.000E+00 +0.000E+00 +0.000E+00 +0.000E+00 +0.000E+00 +0.000E+00 +0.000E+00 +0.000E+00 +0.000E+00 +0.000E+00 +0.000E+00 +0.000E+00 +0.000E+00 +0.000E+00 +0.000E+00 +0.000E+00 +0.000E+00 +0.000E+00 +0.000E+00 +0.000E+00 +0.000E+00 +0.000E+00 +0.000E+00 +0.000E+00 +0.000E+00 +0.000E+00 +0.000E+00 +0.000E+00 +0.000E+00 +0.000E+00 +0.000E+00 +0.000E+00 +0.000E+00 +0.000E+00 +0.000E+00 +0.000E+00 +0.000E+00 +0.000E+00 +0.000E+00 +0.000E+00 +0.000E+00 +0.000E+00 +0.000E+00 +0.000E+00 +0.000E+00 +0.000E+00 +0.000E+00 +0.000E+00 +0.000E+00 
-0.00056250 +4.009E-03 +4.017E-03 +4.025E-03 +4.034E-03 +4.044E-03 +4.056E-03 +4.069E-03 +4.084E-03 +4.102E-03 +4.122E-03 +4.145E-03 +4.173E-03 +4.205E-03 +4.243E-03 +4.288E-03 +4.340E-03 +4.403E-03 +4.476E-03 +4.562E-03 +4.663E-03 +4.781E-03 +4.919E-03 +5.080E-03 +5.266E-03 +5.479E-03 +5.723E-03 +5.999E-03 +6.309E-03 +6.652E-03 +7.026E-03 +7.430E-03 +7.855E-03 +8.296E-03 +8.739E-03 +9.172E-03 +9.580E-03 +9.944E-03 +1.025E-02 +1.048E-02 +1.062E-02 +1.067E-02 +1.062E-02 +1.048E-02 +1.025E-02 +9.944E-03 +9.580E-03 +9.172E-03 +8.739E-03 +8.296E-03 +7.855E-03 +7.430E-03 +7.026E-03 +6.652E-03 +6.309E-03 +5.999E-03 +5.723E-03 +5.479E-03 +5.266E-03 +5.080E-03 +4.919E-03 +4.781E-03 +4.663E-03 +4.562E-03 +4.476E-03 +4.403E-03 +4.340E-03 +4.288E-03 +4.243E-03 +4.205E-03 +4.173E-03 +4.145E-03 +4.122E-03 +4.102E-03 +4.084E-03 +4.069E-03 +4.056E-03 +4.044E-03 +4.034E-03 +4.025E-03 +4.017E-03 +4.009E-03 
-0.00112500 +8.065E-03 +8.080E-03 +8.097E-03 +8.116E-03 +8.137E-03 +8.161E-03 +8.188E-03 +8.218E-03 +8.254E-03 +8.295E-03 +8.343E-03 +8.398E-03 +8.463E-03 +8.540E-03 +8.630E-03 +8.736E-03 +8.861E-03 +9.009E-03 +9.182E-03 +9.386E-03 +9.625E-03 +9.904E-03 +1.023E-02 +1.061E-02 +1.104E-02 +1.154E-02 +1.211E-02 +1.275E-02 +1.346E-02 +1.424E-02 +1.509E-02 +1.599E-02 +1.692E-02 +1.788E-02 +1.881E-02 +1.970E-02 +2.050E-02 +2.117E-02 +2.168E-02 +2.200E-02 +2.211E-02 +2.200E-02 +2.168E-02 +2.117E-02 +2.050E-02 +1.970E-02 +1.881E-02 +1.788E-02 +1.692E-02 +1.599E-02 +1.509E-02 +1.424E-02 +1.346E-02 +1.275E-02 +1.211E-02 +1.154E-02 +1.104E-02 +1.061E-02 +1.023E-02 +9.904E-03 +9.625E-03 +9.386E-03 +9.182E-03 +9.009E-03 +8.861E-03 +8.736E-03 +8.630E-03 +8.540E-03 +8.463E-03 +8.398E-03 +8.343E-03 +8.295E-03 +8.254E-03 +8.218E-03 +8.188E-03 +8.161E-03 +8.137E-03 +8.116E-03 +8.097E-03 +8.080E-03 +8.065E-03 
-0.00168750 +1.222E-02 +1.225E-02 +1.227E-02 +1.230E-02 +1.233E-02 +1.237E-02 +1.241E-02 +1.246E-02 +1.251E-02 +1.258E-02 +1.265E-02 +1.273E-02 +1.283E-02 +1.295E-02 +1.309E-02 +1.325E-02 +1.344E-02 +1.366E-02 +1.392E-02 +1.423E-02 +1.460E-02 +1.502E-02 +1.552E-02 +1.610E-02 +1.677E-02 +1.754E-02 +1.843E-02 +1.943E-02 +2.056E-02 +2.182E-02 +2.319E-02 +2.467E-02 +2.623E-02 +2.783E-02 +2.943E-02 +3.096E-02 +3.236E-02 +3.355E-02 +3.446E-02 +3.504E-02 +3.523E-02 +3.504E-02 +3.446E-02 +3.355E-02 +3.236E-02 +3.096E-02 +2.943E-02 +2.783E-02 +2.623E-02 +2.467E-02 +2.319E-02 +2.182E-02 +2.056E-02 +1.943E-02 +1.843E-02 +1.754E-02 +1.677E-02 +1.610E-02 +1.552E-02 +1.502E-02 +1.460E-02 +1.423E-02 +1.392E-02 +1.366E-02 +1.344E-02 +1.325E-02 +1.309E-02 +1.295E-02 +1.283E-02 +1.273E-02 +1.265E-02 +1.258E-02 +1.251E-02 +1.246E-02 +1.241E-02 +1.237E-02 +1.233E-02 +1.230E-02 +1.227E-02 +1.225E-02 +1.222E-02 
-0.00225000 +1.653E-02 +1.657E-02 +1.660E-02 +1.665E-02 +1.669E-02 +1.674E-02 +1.680E-02 +1.686E-02 +1.694E-02 +1.703E-02 +1.713E-02 +1.724E-02 +1.738E-02 +1.753E-02 +1.772E-02 +1.794E-02 +1.819E-02 +1.849E-02 +1.885E-02 +1.926E-02 +1.975E-02 +2.033E-02 +2.101E-02 +2.180E-02 +2.272E-02 +2.379E-02 +2.503E-02 +2.646E-02 +2.808E-02 +2.990E-02 +3.193E-02 +3.416E-02 +3.655E-02 +3.906E-02 +4.162E-02 +4.412E-02 +4.644E-02 +4.844E-02 +4.999E-02 +5.097E-02 +5.130E-02 +5.097E-02 +4.999E-02 +4.844E-02 +4.644E-02 +4.412E-02 +4.162E-02 +3.906E-02 +3.655E-02 +3.416E-02 +3.193E-02 +2.990E-02 +2.808E-02 +2.646E-02 +2.503E-02 +2.379E-02 +2.272E-02 +2.180E-02 +2.101E-02 +2.033E-02 +1.975E-02 +1.926E-02 +1.885E-02 +1.849E-02 +1.819E-02 +1.794E-02 +1.772E-02 +1.753E-02 +1.738E-02 +1.724E-02 +1.713E-02 +1.703E-02 +1.694E-02 +1.686E-02 +1.680E-02 +1.674E-02 +1.669E-02 +1.665E-02 +1.660E-02 +1.657E-02 +1.653E-02 
-0.00281250 +2.107E-02 +2.112E-02 +2.116E-02 +2.122E-02 +2.128E-02 +2.134E-02 +2.142E-02 +2.150E-02 +2.160E-02 +2.171E-02 +2.184E-02 +2.199E-02 +2.216E-02 +2.236E-02 +2.259E-02 +2.287E-02 +2.319E-02 +2.357E-02 +2.401E-02 +2.454E-02 +2.515E-02 +2.588E-02 +2.674E-02 +2.775E-02 +2.894E-02 +3.034E-02 +3.196E-02 +3.386E-02 +3.605E-02 +3.857E-02 +4.143E-02 +4.464E-02 +4.819E-02 +5.202E-02 +5.603E-02 +6.009E-02 +6.397E-02 +6.744E-02 +7.020E-02 +7.199E-02 +7.261E-02 +7.199E-02 +7.020E-02 +6.744E-02 +6.397E-02 +6.009E-02 +5.603E-02 +5.202E-02 +4.819E-02 +4.464E-02 +4.143E-02 +3.857E-02 +3.605E-02 +3.386E-02 +3.196E-02 +3.034E-02 +2.894E-02 +2.775E-02 +2.674E-02 +2.588E-02 +2.515E-02 +2.454E-02 +2.401E-02 +2.357E-02 +2.319E-02 +2.287E-02 +2.259E-02 +2.236E-02 +2.216E-02 +2.199E-02 +2.184E-02 +2.171E-02 +2.160E-02 +2.150E-02 +2.142E-02 +2.134E-02 +2.128E-02 +2.122E-02 +2.116E-02 +2.112E-02 +2.107E-02 
-0.00337500 +2.591E-02 +2.597E-02 +2.603E-02 +2.610E-02 +2.617E-02 +2.625E-02 +2.635E-02 +2.645E-02 +2.657E-02 +2.671E-02 +2.687E-02 +2.705E-02 +2.726E-02 +2.750E-02 +2.778E-02 +2.811E-02 +2.850E-02 +2.895E-02 +2.948E-02 +3.011E-02 +3.085E-02 +3.173E-02 +3.277E-02 +3.399E-02 +3.545E-02 +3.717E-02 +3.920E-02 +4.161E-02 +4.445E-02 +4.778E-02 +5.167E-02 +5.617E-02 +6.132E-02 +6.710E-02 +7.342E-02 +8.008E-02 +8.673E-02 +9.286E-02 +9.786E-02 +1.011E-01 +1.023E-01 +1.011E-01 +9.786E-02 +9.286E-02 +8.673E-02 +8.008E-02 +7.342E-02 +6.710E-02 +6.132E-02 +5.617E-02 +5.167E-02 +4.778E-02 +4.445E-02 +4.161E-02 +3.920E-02 +3.717E-02 +3.545E-02 +3.399E-02 +3.277E-02 +3.173E-02 +3.085E-02 +3.011E-02 +2.948E-02 +2.895E-02 +2.850E-02 +2.811E-02 +2.778E-02 +2.750E-02 +2.726E-02 +2.705E-02 +2.687E-02 +2.671E-02 +2.657E-02 +2.645E-02 +2.635E-02 +2.625E-02 +2.617E-02 +2.610E-02 +2.603E-02 +2.597E-02 +2.591E-02 
-0.00393750 +3.119E-02 +3.126E-02 +3.133E-02 +3.141E-02 +3.151E-02 +3.161E-02 +3.172E-02 +3.185E-02 +3.199E-02 +3.216E-02 +3.234E-02 +3.255E-02 +3.280E-02 +3.308E-02 +3.341E-02 +3.379E-02 +3.423E-02 +3.476E-02 +3.537E-02 +3.609E-02 +3.694E-02 +3.794E-02 +3.913E-02 +4.055E-02 +4.224E-02 +4.425E-02 +4.667E-02 +4.956E-02 +5.303E-02 +5.721E-02 +6.222E-02 +6.824E-02 +7.543E-02 +8.393E-02 +9.383E-02 +1.051E-01 +1.172E-01 +1.296E-01 +1.406E-01 +1.484E-01 +1.512E-01 +1.484E-01 +1.406E-01 +1.296E-01 +1.172E-01 +1.051E-01 +9.383E-02 +8.393E-02 +7.543E-02 +6.824E-02 +6.222E-02 +5.721E-02 +5.303E-02 +4.956E-02 +4.667E-02 +4.425E-02 +4.224E-02 +4.055E-02 +3.913E-02 +3.794E-02 +3.694E-02 +3.609E-02 +3.537E-02 +3.476E-02 +3.423E-02 +3.379E-02 +3.341E-02 +3.308E-02 +3.280E-02 +3.255E-02 +3.234E-02 +3.216E-02 +3.199E-02 +3.185E-02 +3.172E-02 +3.161E-02 +3.151E-02 +3.141E-02 +3.133E-02 +3.126E-02 +3.119E-02 
-0.00450000 +3.639E-02 +3.647E-02 +3.656E-02 +3.666E-02 +3.677E-02 +3.688E-02 +3.702E-02 +3.716E-02 +3.733E-02 +3.751E-02 +3.773E-02 +3.797E-02 +3.824E-02 +3.856E-02 +3.892E-02 +3.935E-02 +3.984E-02 +4.041E-02 +4.108E-02 +4.187E-02 +4.279E-02 +4.389E-02 +4.519E-02 +4.674E-02 +4.860E-02 +5.082E-02 +5.351E-02 +5.678E-02 +6.076E-02 +6.564E-02 +7.167E-02 +7.915E-02 +8.847E-02 +1.001E-01 +1.145E-01 +1.320E-01 +1.526E-01 +1.752E-01 +1.971E-01 +2.136E-01 +2.198E-01 +2.136E-01 +1.971E-01 +1.752E-01 +1.526E-01 +1.320E-01 +1.145E-01 +1.001E-01 +8.847E-02 +7.915E-02 +7.167E-02 +6.564E-02 +6.076E-02 +5.678E-02 +5.351E-02 +5.082E-02 +4.860E-02 +4.674E-02 +4.519E-02 +4.389E-02 +4.279E-02 +4.187E-02 +4.108E-02 +4.041E-02 +3.984E-02 +3.935E-02 +3.892E-02 +3.856E-02 +3.824E-02 +3.797E-02 +3.773E-02 +3.751E-02 +3.733E-02 +3.716E-02 +3.702E-02 +3.688E-02 +3.677E-02 +3.666E-02 +3.656E-02 +3.647E-02 +3.639E-02 
