# EPU80t_HP KICKMAP 
# Author: Ximenes R. Resende @ LNLS, Date: 11-Jan-2016 09:28:09
# ID Length [m]
3.6000
# Number of Horizontal Points
81 
# Number of Vertical Points
17 
# Horizontal KickTable in T2m2
START
            -0.01200000 -0.01170000 -0.01140000 -0.01110000 -0.01080000 -0.01050000 -0.01020000 -0.00990000 -0.00960000 -0.00930000 -0.00900000 -0.00870000 -0.00840000 -0.00810000 -0.00780000 -0.00750000 -0.00720000 -0.00690000 -0.00660000 -0.00630000 -0.00600000 -0.00570000 -0.00540000 -0.00510000 -0.00480000 -0.00450000 -0.00420000 -0.00390000 -0.00360000 -0.00330000 -0.00300000 -0.00270000 -0.00240000 -0.00210000 -0.00180000 -0.00150000 -0.00120000 -0.00090000 -0.00060000 -0.00030000 +0.00000000 +0.00030000 +0.00060000 +0.00090000 +0.00120000 +0.00150000 +0.00180000 +0.00210000 +0.00240000 +0.00270000 +0.00300000 +0.00330000 +0.00360000 +0.00390000 +0.00420000 +0.00450000 +0.00480000 +0.00510000 +0.00540000 +0.00570000 +0.00600000 +0.00630000 +0.00660000 +0.00690000 +0.00720000 +0.00750000 +0.00780000 +0.00810000 +0.00840000 +0.00870000 +0.00900000 +0.00930000 +0.00960000 +0.00990000 +0.01020000 +0.01050000 +0.01080000 +0.01110000 +0.01140000 +0.01170000 +0.01200000 
+0.00450000 -1.386E-04 -1.342E-04 -1.295E-04 -1.248E-04 -1.203E-04 -1.158E-04 -1.115E-04 -1.072E-04 -1.030E-04 -9.894E-05 -9.491E-05 -9.096E-05 -8.708E-05 -8.326E-05 -7.950E-05 -7.580E-05 -7.215E-05 -6.855E-05 -6.500E-05 -6.148E-05 -5.799E-05 -5.453E-05 -5.108E-05 -4.764E-05 -4.419E-05 -4.072E-05 -3.721E-05 -3.363E-05 -2.996E-05 -2.613E-05 -2.211E-05 -1.781E-05 -1.315E-05 -8.048E-06 -2.453E-06 +3.511E-06 +9.323E-06 +1.369E-05 +1.442E-05 +9.550E-06 +0.000E+00 -9.550E-06 -1.442E-05 -1.369E-05 -9.323E-06 -3.511E-06 +2.453E-06 +8.048E-06 +1.315E-05 +1.781E-05 +2.211E-05 +2.613E-05 +2.996E-05 +3.363E-05 +3.721E-05 +4.072E-05 +4.419E-05 +4.764E-05 +5.108E-05 +5.453E-05 +5.799E-05 +6.148E-05 +6.500E-05 +6.855E-05 +7.215E-05 +7.580E-05 +7.950E-05 +8.326E-05 +8.708E-05 +9.096E-05 +9.491E-05 +9.894E-05 +1.030E-04 +1.072E-04 +1.115E-04 +1.158E-04 +1.203E-04 +1.248E-04 +1.295E-04 +1.342E-04 +1.386E-04 
+0.00393750 -1.376E-04 -1.332E-04 -1.285E-04 -1.239E-04 -1.194E-04 -1.150E-04 -1.106E-04 -1.064E-04 -1.022E-04 -9.815E-05 -9.415E-05 -9.021E-05 -8.635E-05 -8.255E-05 -7.880E-05 -7.512E-05 -7.148E-05 -6.790E-05 -6.435E-05 -6.084E-05 -5.737E-05 -5.392E-05 -5.048E-05 -4.706E-05 -4.363E-05 -4.019E-05 -3.672E-05 -3.320E-05 -2.963E-05 -2.597E-05 -2.221E-05 -1.834E-05 -1.436E-05 -1.031E-05 -6.291E-06 -2.521E-06 +6.421E-07 +2.718E-06 +3.260E-06 +2.174E-06 +0.000E+00 -2.174E-06 -3.260E-06 -2.718E-06 -6.421E-07 +2.521E-06 +6.291E-06 +1.031E-05 +1.436E-05 +1.834E-05 +2.221E-05 +2.597E-05 +2.963E-05 +3.320E-05 +3.672E-05 +4.019E-05 +4.363E-05 +4.706E-05 +5.048E-05 +5.392E-05 +5.737E-05 +6.084E-05 +6.435E-05 +6.790E-05 +7.148E-05 +7.512E-05 +7.880E-05 +8.255E-05 +8.635E-05 +9.021E-05 +9.415E-05 +9.815E-05 +1.022E-04 +1.064E-04 +1.106E-04 +1.150E-04 +1.194E-04 +1.239E-04 +1.285E-04 +1.332E-04 +1.376E-04 
+0.00337500 -1.367E-04 -1.324E-04 -1.277E-04 -1.231E-04 -1.186E-04 -1.142E-04 -1.099E-04 -1.057E-04 -1.015E-04 -9.747E-05 -9.348E-05 -8.956E-05 -8.571E-05 -8.193E-05 -7.820E-05 -7.453E-05 -7.092E-05 -6.735E-05 -6.382E-05 -6.033E-05 -5.688E-05 -5.345E-05 -5.004E-05 -4.665E-05 -4.327E-05 -3.989E-05 -3.651E-05 -3.311E-05 -2.970E-05 -2.626E-05 -2.280E-05 -1.935E-05 -1.592E-05 -1.257E-05 -9.389E-06 -6.501E-06 -4.053E-06 -2.181E-06 -9.539E-07 -3.039E-07 +0.000E+00 +3.039E-07 +9.539E-07 +2.181E-06 +4.053E-06 +6.501E-06 +9.389E-06 +1.257E-05 +1.592E-05 +1.935E-05 +2.280E-05 +2.626E-05 +2.970E-05 +3.311E-05 +3.651E-05 +3.989E-05 +4.327E-05 +4.665E-05 +5.004E-05 +5.345E-05 +5.688E-05 +6.033E-05 +6.382E-05 +6.735E-05 +7.092E-05 +7.453E-05 +7.820E-05 +8.193E-05 +8.571E-05 +8.956E-05 +9.348E-05 +9.747E-05 +1.015E-04 +1.057E-04 +1.099E-04 +1.142E-04 +1.186E-04 +1.231E-04 +1.277E-04 +1.324E-04 +1.367E-04 
+0.00281250 -1.360E-04 -1.317E-04 -1.270E-04 -1.224E-04 -1.179E-04 -1.136E-04 -1.093E-04 -1.051E-04 -1.009E-04 -9.689E-05 -9.291E-05 -8.901E-05 -8.518E-05 -8.141E-05 -7.770E-05 -7.405E-05 -7.045E-05 -6.690E-05 -6.339E-05 -5.993E-05 -5.650E-05 -5.310E-05 -4.974E-05 -4.640E-05 -4.307E-05 -3.977E-05 -3.648E-05 -3.321E-05 -2.995E-05 -2.671E-05 -2.350E-05 -2.034E-05 -1.725E-05 -1.428E-05 -1.147E-05 -8.883E-06 -6.563E-06 -4.544E-06 -2.822E-06 -1.343E-06 +0.000E+00 +1.343E-06 +2.822E-06 +4.544E-06 +6.563E-06 +8.883E-06 +1.147E-05 +1.428E-05 +1.725E-05 +2.034E-05 +2.350E-05 +2.671E-05 +2.995E-05 +3.321E-05 +3.648E-05 +3.977E-05 +4.307E-05 +4.640E-05 +4.974E-05 +5.310E-05 +5.650E-05 +5.993E-05 +6.339E-05 +6.690E-05 +7.045E-05 +7.405E-05 +7.770E-05 +8.141E-05 +8.518E-05 +8.901E-05 +9.291E-05 +9.689E-05 +1.009E-04 +1.051E-04 +1.093E-04 +1.136E-04 +1.179E-04 +1.224E-04 +1.270E-04 +1.317E-04 +1.360E-04 
+0.00225000 -1.353E-04 -1.311E-04 -1.264E-04 -1.219E-04 -1.174E-04 -1.130E-04 -1.087E-04 -1.046E-04 -1.004E-04 -9.641E-05 -9.245E-05 -8.857E-05 -8.475E-05 -8.099E-05 -7.730E-05 -7.366E-05 -7.008E-05 -6.655E-05 -6.306E-05 -5.962E-05 -5.622E-05 -5.286E-05 -4.953E-05 -4.624E-05 -4.298E-05 -3.975E-05 -3.654E-05 -3.337E-05 -3.024E-05 -2.715E-05 -2.411E-05 -2.113E-05 -1.824E-05 -1.545E-05 -1.280E-05 -1.029E-05 -7.946E-06 -5.771E-06 -3.748E-06 -1.842E-06 +0.000E+00 +1.842E-06 +3.748E-06 +5.771E-06 +7.946E-06 +1.029E-05 +1.280E-05 +1.545E-05 +1.824E-05 +2.113E-05 +2.411E-05 +2.715E-05 +3.024E-05 +3.337E-05 +3.654E-05 +3.975E-05 +4.298E-05 +4.624E-05 +4.953E-05 +5.286E-05 +5.622E-05 +5.962E-05 +6.306E-05 +6.655E-05 +7.008E-05 +7.366E-05 +7.730E-05 +8.099E-05 +8.475E-05 +8.857E-05 +9.245E-05 +9.641E-05 +1.004E-04 +1.046E-04 +1.087E-04 +1.130E-04 +1.174E-04 +1.219E-04 +1.264E-04 +1.311E-04 +1.353E-04 
+0.00168750 -1.349E-04 -1.306E-04 -1.260E-04 -1.214E-04 -1.170E-04 -1.126E-04 -1.083E-04 -1.042E-04 -1.001E-04 -9.604E-05 -9.209E-05 -8.822E-05 -8.441E-05 -8.067E-05 -7.699E-05 -7.337E-05 -6.980E-05 -6.628E-05 -6.282E-05 -5.940E-05 -5.603E-05 -5.270E-05 -4.941E-05 -4.615E-05 -4.294E-05 -3.977E-05 -3.663E-05 -3.354E-05 -3.050E-05 -2.751E-05 -2.457E-05 -2.171E-05 -1.892E-05 -1.622E-05 -1.362E-05 -1.112E-05 -8.729E-06 -6.440E-06 -4.239E-06 -2.102E-06 +0.000E+00 +2.102E-06 +4.239E-06 +6.440E-06 +8.729E-06 +1.112E-05 +1.362E-05 +1.622E-05 +1.892E-05 +2.171E-05 +2.457E-05 +2.751E-05 +3.050E-05 +3.354E-05 +3.663E-05 +3.977E-05 +4.294E-05 +4.615E-05 +4.941E-05 +5.270E-05 +5.603E-05 +5.940E-05 +6.282E-05 +6.628E-05 +6.980E-05 +7.337E-05 +7.699E-05 +8.067E-05 +8.441E-05 +8.822E-05 +9.209E-05 +9.604E-05 +1.001E-04 +1.042E-04 +1.083E-04 +1.126E-04 +1.170E-04 +1.214E-04 +1.260E-04 +1.306E-04 +1.349E-04 
+0.00112500 -1.345E-04 -1.303E-04 -1.256E-04 -1.211E-04 -1.167E-04 -1.123E-04 -1.080E-04 -1.039E-04 -9.978E-05 -9.577E-05 -9.183E-05 -8.797E-05 -8.417E-05 -8.044E-05 -7.677E-05 -7.316E-05 -6.960E-05 -6.610E-05 -6.265E-05 -5.925E-05 -5.590E-05 -5.259E-05 -4.933E-05 -4.611E-05 -4.293E-05 -3.980E-05 -3.671E-05 -3.368E-05 -3.069E-05 -2.776E-05 -2.489E-05 -2.208E-05 -1.935E-05 -1.669E-05 -1.410E-05 -1.160E-05 -9.168E-06 -6.808E-06 -4.504E-06 -2.241E-06 +0.000E+00 +2.241E-06 +4.504E-06 +6.808E-06 +9.168E-06 +1.160E-05 +1.410E-05 +1.669E-05 +1.935E-05 +2.208E-05 +2.489E-05 +2.776E-05 +3.069E-05 +3.368E-05 +3.671E-05 +3.980E-05 +4.293E-05 +4.611E-05 +4.933E-05 +5.259E-05 +5.590E-05 +5.925E-05 +6.265E-05 +6.610E-05 +6.960E-05 +7.316E-05 +7.677E-05 +8.044E-05 +8.417E-05 +8.797E-05 +9.183E-05 +9.577E-05 +9.978E-05 +1.039E-04 +1.080E-04 +1.123E-04 +1.167E-04 +1.211E-04 +1.256E-04 +1.303E-04 +1.345E-04 
+0.00056250 -1.343E-04 -1.301E-04 -1.254E-04 -1.209E-04 -1.165E-04 -1.121E-04 -1.079E-04 -1.037E-04 -9.962E-05 -9.561E-05 -9.168E-05 -8.782E-05 -8.403E-05 -8.030E-05 -7.664E-05 -7.304E-05 -6.949E-05 -6.600E-05 -6.256E-05 -5.917E-05 -5.583E-05 -5.253E-05 -4.929E-05 -4.609E-05 -4.293E-05 -3.983E-05 -3.677E-05 -3.376E-05 -3.081E-05 -2.791E-05 -2.507E-05 -2.229E-05 -1.958E-05 -1.694E-05 -1.436E-05 -1.185E-05 -9.393E-06 -6.993E-06 -4.637E-06 -2.310E-06 +0.000E+00 +2.310E-06 +4.637E-06 +6.993E-06 +9.393E-06 +1.185E-05 +1.436E-05 +1.694E-05 +1.958E-05 +2.229E-05 +2.507E-05 +2.791E-05 +3.081E-05 +3.376E-05 +3.677E-05 +3.983E-05 +4.293E-05 +4.609E-05 +4.929E-05 +5.253E-05 +5.583E-05 +5.917E-05 +6.256E-05 +6.600E-05 +6.949E-05 +7.304E-05 +7.664E-05 +8.030E-05 +8.403E-05 +8.782E-05 +9.168E-05 +9.561E-05 +9.962E-05 +1.037E-04 +1.079E-04 +1.121E-04 +1.165E-04 +1.209E-04 +1.254E-04 +1.301E-04 +1.343E-04 
+0.00000000 -1.343E-04 -1.300E-04 -1.254E-04 -1.208E-04 -1.164E-04 -1.121E-04 -1.078E-04 -1.036E-04 -9.956E-05 -9.556E-05 -9.163E-05 -8.777E-05 -8.398E-05 -8.026E-05 -7.660E-05 -7.299E-05 -6.945E-05 -6.596E-05 -6.252E-05 -5.914E-05 -5.580E-05 -5.251E-05 -4.927E-05 -4.608E-05 -4.293E-05 -3.984E-05 -3.679E-05 -3.379E-05 -3.085E-05 -2.796E-05 -2.513E-05 -2.236E-05 -1.966E-05 -1.702E-05 -1.444E-05 -1.192E-05 -9.462E-06 -7.050E-06 -4.677E-06 -2.331E-06 +0.000E+00 +2.331E-06 +4.677E-06 +7.050E-06 +9.462E-06 +1.192E-05 +1.444E-05 +1.702E-05 +1.966E-05 +2.236E-05 +2.513E-05 +2.796E-05 +3.085E-05 +3.379E-05 +3.679E-05 +3.984E-05 +4.293E-05 +4.608E-05 +4.927E-05 +5.251E-05 +5.580E-05 +5.914E-05 +6.252E-05 +6.596E-05 +6.945E-05 +7.299E-05 +7.660E-05 +8.026E-05 +8.398E-05 +8.777E-05 +9.163E-05 +9.556E-05 +9.956E-05 +1.036E-04 +1.078E-04 +1.121E-04 +1.164E-04 +1.208E-04 +1.254E-04 +1.300E-04 +1.343E-04 
-0.00056250 -1.343E-04 -1.301E-04 -1.254E-04 -1.209E-04 -1.165E-04 -1.121E-04 -1.079E-04 -1.037E-04 -9.962E-05 -9.561E-05 -9.168E-05 -8.782E-05 -8.403E-05 -8.030E-05 -7.664E-05 -7.304E-05 -6.949E-05 -6.600E-05 -6.256E-05 -5.917E-05 -5.583E-05 -5.253E-05 -4.929E-05 -4.609E-05 -4.293E-05 -3.983E-05 -3.677E-05 -3.376E-05 -3.081E-05 -2.791E-05 -2.507E-05 -2.229E-05 -1.958E-05 -1.694E-05 -1.436E-05 -1.185E-05 -9.393E-06 -6.993E-06 -4.637E-06 -2.310E-06 +0.000E+00 +2.310E-06 +4.637E-06 +6.993E-06 +9.393E-06 +1.185E-05 +1.436E-05 +1.694E-05 +1.958E-05 +2.229E-05 +2.507E-05 +2.791E-05 +3.081E-05 +3.376E-05 +3.677E-05 +3.983E-05 +4.293E-05 +4.609E-05 +4.929E-05 +5.253E-05 +5.583E-05 +5.917E-05 +6.256E-05 +6.600E-05 +6.949E-05 +7.304E-05 +7.664E-05 +8.030E-05 +8.403E-05 +8.782E-05 +9.168E-05 +9.561E-05 +9.962E-05 +1.037E-04 +1.079E-04 +1.121E-04 +1.165E-04 +1.209E-04 +1.254E-04 +1.301E-04 +1.343E-04 
-0.00112500 -1.345E-04 -1.303E-04 -1.256E-04 -1.211E-04 -1.167E-04 -1.123E-04 -1.080E-04 -1.039E-04 -9.978E-05 -9.577E-05 -9.183E-05 -8.797E-05 -8.417E-05 -8.044E-05 -7.677E-05 -7.316E-05 -6.960E-05 -6.610E-05 -6.265E-05 -5.925E-05 -5.590E-05 -5.259E-05 -4.933E-05 -4.611E-05 -4.293E-05 -3.980E-05 -3.671E-05 -3.368E-05 -3.069E-05 -2.776E-05 -2.489E-05 -2.208E-05 -1.935E-05 -1.669E-05 -1.410E-05 -1.160E-05 -9.168E-06 -6.808E-06 -4.504E-06 -2.241E-06 +0.000E+00 +2.241E-06 +4.504E-06 +6.808E-06 +9.168E-06 +1.160E-05 +1.410E-05 +1.669E-05 +1.935E-05 +2.208E-05 +2.489E-05 +2.776E-05 +3.069E-05 +3.368E-05 +3.671E-05 +3.980E-05 +4.293E-05 +4.611E-05 +4.933E-05 +5.259E-05 +5.590E-05 +5.925E-05 +6.265E-05 +6.610E-05 +6.960E-05 +7.316E-05 +7.677E-05 +8.044E-05 +8.417E-05 +8.797E-05 +9.183E-05 +9.577E-05 +9.978E-05 +1.039E-04 +1.080E-04 +1.123E-04 +1.167E-04 +1.211E-04 +1.256E-04 +1.303E-04 +1.345E-04 
-0.00168750 -1.349E-04 -1.306E-04 -1.260E-04 -1.214E-04 -1.170E-04 -1.126E-04 -1.083E-04 -1.042E-04 -1.001E-04 -9.604E-05 -9.209E-05 -8.822E-05 -8.441E-05 -8.067E-05 -7.699E-05 -7.337E-05 -6.980E-05 -6.628E-05 -6.282E-05 -5.940E-05 -5.603E-05 -5.270E-05 -4.941E-05 -4.615E-05 -4.294E-05 -3.977E-05 -3.663E-05 -3.354E-05 -3.050E-05 -2.751E-05 -2.457E-05 -2.171E-05 -1.892E-05 -1.622E-05 -1.362E-05 -1.112E-05 -8.729E-06 -6.440E-06 -4.239E-06 -2.102E-06 +0.000E+00 +2.102E-06 +4.239E-06 +6.440E-06 +8.729E-06 +1.112E-05 +1.362E-05 +1.622E-05 +1.892E-05 +2.171E-05 +2.457E-05 +2.751E-05 +3.050E-05 +3.354E-05 +3.663E-05 +3.977E-05 +4.294E-05 +4.615E-05 +4.941E-05 +5.270E-05 +5.603E-05 +5.940E-05 +6.282E-05 +6.628E-05 +6.980E-05 +7.337E-05 +7.699E-05 +8.067E-05 +8.441E-05 +8.822E-05 +9.209E-05 +9.604E-05 +1.001E-04 +1.042E-04 +1.083E-04 +1.126E-04 +1.170E-04 +1.214E-04 +1.260E-04 +1.306E-04 +1.349E-04 
-0.00225000 -1.353E-04 -1.311E-04 -1.264E-04 -1.219E-04 -1.174E-04 -1.130E-04 -1.087E-04 -1.046E-04 -1.004E-04 -9.641E-05 -9.245E-05 -8.857E-05 -8.475E-05 -8.099E-05 -7.730E-05 -7.366E-05 -7.008E-05 -6.655E-05 -6.306E-05 -5.962E-05 -5.622E-05 -5.286E-05 -4.953E-05 -4.624E-05 -4.298E-05 -3.975E-05 -3.654E-05 -3.337E-05 -3.024E-05 -2.715E-05 -2.411E-05 -2.113E-05 -1.824E-05 -1.545E-05 -1.280E-05 -1.029E-05 -7.946E-06 -5.771E-06 -3.748E-06 -1.842E-06 +0.000E+00 +1.842E-06 +3.748E-06 +5.771E-06 +7.946E-06 +1.029E-05 +1.280E-05 +1.545E-05 +1.824E-05 +2.113E-05 +2.411E-05 +2.715E-05 +3.024E-05 +3.337E-05 +3.654E-05 +3.975E-05 +4.298E-05 +4.624E-05 +4.953E-05 +5.286E-05 +5.622E-05 +5.962E-05 +6.306E-05 +6.655E-05 +7.008E-05 +7.366E-05 +7.730E-05 +8.099E-05 +8.475E-05 +8.857E-05 +9.245E-05 +9.641E-05 +1.004E-04 +1.046E-04 +1.087E-04 +1.130E-04 +1.174E-04 +1.219E-04 +1.264E-04 +1.311E-04 +1.353E-04 
-0.00281250 -1.360E-04 -1.317E-04 -1.270E-04 -1.224E-04 -1.179E-04 -1.136E-04 -1.093E-04 -1.051E-04 -1.009E-04 -9.689E-05 -9.291E-05 -8.901E-05 -8.518E-05 -8.141E-05 -7.770E-05 -7.405E-05 -7.045E-05 -6.690E-05 -6.339E-05 -5.993E-05 -5.650E-05 -5.310E-05 -4.974E-05 -4.640E-05 -4.307E-05 -3.977E-05 -3.648E-05 -3.321E-05 -2.995E-05 -2.671E-05 -2.350E-05 -2.034E-05 -1.725E-05 -1.428E-05 -1.147E-05 -8.883E-06 -6.563E-06 -4.544E-06 -2.822E-06 -1.343E-06 +0.000E+00 +1.343E-06 +2.822E-06 +4.544E-06 +6.563E-06 +8.883E-06 +1.147E-05 +1.428E-05 +1.725E-05 +2.034E-05 +2.350E-05 +2.671E-05 +2.995E-05 +3.321E-05 +3.648E-05 +3.977E-05 +4.307E-05 +4.640E-05 +4.974E-05 +5.310E-05 +5.650E-05 +5.993E-05 +6.339E-05 +6.690E-05 +7.045E-05 +7.405E-05 +7.770E-05 +8.141E-05 +8.518E-05 +8.901E-05 +9.291E-05 +9.689E-05 +1.009E-04 +1.051E-04 +1.093E-04 +1.136E-04 +1.179E-04 +1.224E-04 +1.270E-04 +1.317E-04 +1.360E-04 
-0.00337500 -1.367E-04 -1.324E-04 -1.277E-04 -1.231E-04 -1.186E-04 -1.142E-04 -1.099E-04 -1.057E-04 -1.015E-04 -9.747E-05 -9.348E-05 -8.956E-05 -8.571E-05 -8.193E-05 -7.820E-05 -7.453E-05 -7.092E-05 -6.735E-05 -6.382E-05 -6.033E-05 -5.688E-05 -5.345E-05 -5.004E-05 -4.665E-05 -4.327E-05 -3.989E-05 -3.651E-05 -3.311E-05 -2.970E-05 -2.626E-05 -2.280E-05 -1.935E-05 -1.592E-05 -1.257E-05 -9.389E-06 -6.501E-06 -4.053E-06 -2.181E-06 -9.539E-07 -3.039E-07 +0.000E+00 +3.039E-07 +9.539E-07 +2.181E-06 +4.053E-06 +6.501E-06 +9.389E-06 +1.257E-05 +1.592E-05 +1.935E-05 +2.280E-05 +2.626E-05 +2.970E-05 +3.311E-05 +3.651E-05 +3.989E-05 +4.327E-05 +4.665E-05 +5.004E-05 +5.345E-05 +5.688E-05 +6.033E-05 +6.382E-05 +6.735E-05 +7.092E-05 +7.453E-05 +7.820E-05 +8.193E-05 +8.571E-05 +8.956E-05 +9.348E-05 +9.747E-05 +1.015E-04 +1.057E-04 +1.099E-04 +1.142E-04 +1.186E-04 +1.231E-04 +1.277E-04 +1.324E-04 +1.367E-04 
-0.00393750 -1.376E-04 -1.332E-04 -1.285E-04 -1.239E-04 -1.194E-04 -1.150E-04 -1.106E-04 -1.064E-04 -1.022E-04 -9.815E-05 -9.415E-05 -9.021E-05 -8.635E-05 -8.255E-05 -7.880E-05 -7.512E-05 -7.148E-05 -6.790E-05 -6.435E-05 -6.084E-05 -5.737E-05 -5.392E-05 -5.048E-05 -4.706E-05 -4.363E-05 -4.019E-05 -3.672E-05 -3.320E-05 -2.963E-05 -2.597E-05 -2.221E-05 -1.834E-05 -1.436E-05 -1.031E-05 -6.291E-06 -2.521E-06 +6.421E-07 +2.718E-06 +3.260E-06 +2.174E-06 +0.000E+00 -2.174E-06 -3.260E-06 -2.718E-06 -6.421E-07 +2.521E-06 +6.291E-06 +1.031E-05 +1.436E-05 +1.834E-05 +2.221E-05 +2.597E-05 +2.963E-05 +3.320E-05 +3.672E-05 +4.019E-05 +4.363E-05 +4.706E-05 +5.048E-05 +5.392E-05 +5.737E-05 +6.084E-05 +6.435E-05 +6.790E-05 +7.148E-05 +7.512E-05 +7.880E-05 +8.255E-05 +8.635E-05 +9.021E-05 +9.415E-05 +9.815E-05 +1.022E-04 +1.064E-04 +1.106E-04 +1.150E-04 +1.194E-04 +1.239E-04 +1.285E-04 +1.332E-04 +1.376E-04 
-0.00450000 -1.386E-04 -1.342E-04 -1.295E-04 -1.248E-04 -1.203E-04 -1.158E-04 -1.115E-04 -1.072E-04 -1.030E-04 -9.894E-05 -9.491E-05 -9.096E-05 -8.708E-05 -8.326E-05 -7.950E-05 -7.580E-05 -7.215E-05 -6.855E-05 -6.500E-05 -6.148E-05 -5.799E-05 -5.453E-05 -5.108E-05 -4.764E-05 -4.419E-05 -4.072E-05 -3.721E-05 -3.363E-05 -2.996E-05 -2.613E-05 -2.211E-05 -1.781E-05 -1.315E-05 -8.048E-06 -2.453E-06 +3.511E-06 +9.323E-06 +1.369E-05 +1.442E-05 +9.550E-06 +0.000E+00 -9.550E-06 -1.442E-05 -1.369E-05 -9.323E-06 -3.511E-06 +2.453E-06 +8.048E-06 +1.315E-05 +1.781E-05 +2.211E-05 +2.613E-05 +2.996E-05 +3.363E-05 +3.721E-05 +4.072E-05 +4.419E-05 +4.764E-05 +5.108E-05 +5.453E-05 +5.799E-05 +6.148E-05 +6.500E-05 +6.855E-05 +7.215E-05 +7.580E-05 +7.950E-05 +8.326E-05 +8.708E-05 +9.096E-05 +9.491E-05 +9.894E-05 +1.030E-04 +1.072E-04 +1.115E-04 +1.158E-04 +1.203E-04 +1.248E-04 +1.295E-04 +1.342E-04 +1.386E-04 
# Vertical KickTable in T2m2
START
            -0.01200000 -0.01170000 -0.01140000 -0.01110000 -0.01080000 -0.01050000 -0.01020000 -0.00990000 -0.00960000 -0.00930000 -0.00900000 -0.00870000 -0.00840000 -0.00810000 -0.00780000 -0.00750000 -0.00720000 -0.00690000 -0.00660000 -0.00630000 -0.00600000 -0.00570000 -0.00540000 -0.00510000 -0.00480000 -0.00450000 -0.00420000 -0.00390000 -0.00360000 -0.00330000 -0.00300000 -0.00270000 -0.00240000 -0.00210000 -0.00180000 -0.00150000 -0.00120000 -0.00090000 -0.00060000 -0.00030000 +0.00000000 +0.00030000 +0.00060000 +0.00090000 +0.00120000 +0.00150000 +0.00180000 +0.00210000 +0.00240000 +0.00270000 +0.00300000 +0.00330000 +0.00360000 +0.00390000 +0.00420000 +0.00450000 +0.00480000 +0.00510000 +0.00540000 +0.00570000 +0.00600000 +0.00630000 +0.00660000 +0.00690000 +0.00720000 +0.00750000 +0.00780000 +0.00810000 +0.00840000 +0.00870000 +0.00900000 +0.00930000 +0.00960000 +0.00990000 +0.01020000 +0.01050000 +0.01080000 +0.01110000 +0.01140000 +0.01170000 +0.01200000 
+0.00450000 -1.559E-02 -1.560E-02 -1.560E-02 -1.560E-02 -1.560E-02 -1.560E-02 -1.560E-02 -1.560E-02 -1.560E-02 -1.560E-02 -1.560E-02 -1.560E-02 -1.560E-02 -1.560E-02 -1.560E-02 -1.560E-02 -1.560E-02 -1.560E-02 -1.560E-02 -1.560E-02 -1.560E-02 -1.560E-02 -1.560E-02 -1.560E-02 -1.561E-02 -1.561E-02 -1.561E-02 -1.561E-02 -1.561E-02 -1.561E-02 -1.561E-02 -1.561E-02 -1.561E-02 -1.561E-02 -1.560E-02 -1.560E-02 -1.560E-02 -1.559E-02 -1.558E-02 -1.557E-02 -1.557E-02 -1.557E-02 -1.558E-02 -1.559E-02 -1.560E-02 -1.560E-02 -1.560E-02 -1.561E-02 -1.561E-02 -1.561E-02 -1.561E-02 -1.561E-02 -1.561E-02 -1.561E-02 -1.561E-02 -1.561E-02 -1.561E-02 -1.560E-02 -1.560E-02 -1.560E-02 -1.560E-02 -1.560E-02 -1.560E-02 -1.560E-02 -1.560E-02 -1.560E-02 -1.560E-02 -1.560E-02 -1.560E-02 -1.560E-02 -1.560E-02 -1.560E-02 -1.560E-02 -1.560E-02 -1.560E-02 -1.560E-02 -1.560E-02 -1.560E-02 -1.560E-02 -1.560E-02 -1.559E-02 
+0.00393750 -1.357E-02 -1.357E-02 -1.357E-02 -1.357E-02 -1.357E-02 -1.357E-02 -1.357E-02 -1.357E-02 -1.357E-02 -1.357E-02 -1.357E-02 -1.357E-02 -1.357E-02 -1.357E-02 -1.358E-02 -1.358E-02 -1.358E-02 -1.358E-02 -1.358E-02 -1.358E-02 -1.358E-02 -1.358E-02 -1.358E-02 -1.358E-02 -1.358E-02 -1.358E-02 -1.358E-02 -1.358E-02 -1.358E-02 -1.358E-02 -1.358E-02 -1.358E-02 -1.358E-02 -1.358E-02 -1.358E-02 -1.357E-02 -1.357E-02 -1.357E-02 -1.356E-02 -1.356E-02 -1.356E-02 -1.356E-02 -1.356E-02 -1.357E-02 -1.357E-02 -1.357E-02 -1.358E-02 -1.358E-02 -1.358E-02 -1.358E-02 -1.358E-02 -1.358E-02 -1.358E-02 -1.358E-02 -1.358E-02 -1.358E-02 -1.358E-02 -1.358E-02 -1.358E-02 -1.358E-02 -1.358E-02 -1.358E-02 -1.358E-02 -1.358E-02 -1.358E-02 -1.358E-02 -1.358E-02 -1.357E-02 -1.357E-02 -1.357E-02 -1.357E-02 -1.357E-02 -1.357E-02 -1.357E-02 -1.357E-02 -1.357E-02 -1.357E-02 -1.357E-02 -1.357E-02 -1.357E-02 -1.357E-02 
+0.00337500 -1.143E-02 -1.143E-02 -1.143E-02 -1.143E-02 -1.143E-02 -1.143E-02 -1.143E-02 -1.143E-02 -1.143E-02 -1.143E-02 -1.143E-02 -1.143E-02 -1.143E-02 -1.143E-02 -1.143E-02 -1.143E-02 -1.143E-02 -1.143E-02 -1.143E-02 -1.143E-02 -1.143E-02 -1.143E-02 -1.143E-02 -1.143E-02 -1.143E-02 -1.143E-02 -1.143E-02 -1.143E-02 -1.143E-02 -1.143E-02 -1.143E-02 -1.143E-02 -1.143E-02 -1.143E-02 -1.143E-02 -1.143E-02 -1.143E-02 -1.143E-02 -1.142E-02 -1.142E-02 -1.142E-02 -1.142E-02 -1.142E-02 -1.143E-02 -1.143E-02 -1.143E-02 -1.143E-02 -1.143E-02 -1.143E-02 -1.143E-02 -1.143E-02 -1.143E-02 -1.143E-02 -1.143E-02 -1.143E-02 -1.143E-02 -1.143E-02 -1.143E-02 -1.143E-02 -1.143E-02 -1.143E-02 -1.143E-02 -1.143E-02 -1.143E-02 -1.143E-02 -1.143E-02 -1.143E-02 -1.143E-02 -1.143E-02 -1.143E-02 -1.143E-02 -1.143E-02 -1.143E-02 -1.143E-02 -1.143E-02 -1.143E-02 -1.143E-02 -1.143E-02 -1.143E-02 -1.143E-02 -1.143E-02 
+0.00281250 -9.385E-03 -9.385E-03 -9.385E-03 -9.386E-03 -9.386E-03 -9.386E-03 -9.387E-03 -9.387E-03 -9.387E-03 -9.387E-03 -9.388E-03 -9.388E-03 -9.388E-03 -9.389E-03 -9.389E-03 -9.389E-03 -9.389E-03 -9.389E-03 -9.390E-03 -9.390E-03 -9.390E-03 -9.390E-03 -9.390E-03 -9.390E-03 -9.391E-03 -9.391E-03 -9.391E-03 -9.391E-03 -9.390E-03 -9.390E-03 -9.390E-03 -9.390E-03 -9.389E-03 -9.388E-03 -9.388E-03 -9.387E-03 -9.386E-03 -9.385E-03 -9.384E-03 -9.383E-03 -9.383E-03 -9.383E-03 -9.384E-03 -9.385E-03 -9.386E-03 -9.387E-03 -9.388E-03 -9.388E-03 -9.389E-03 -9.390E-03 -9.390E-03 -9.390E-03 -9.390E-03 -9.391E-03 -9.391E-03 -9.391E-03 -9.391E-03 -9.390E-03 -9.390E-03 -9.390E-03 -9.390E-03 -9.390E-03 -9.390E-03 -9.389E-03 -9.389E-03 -9.389E-03 -9.389E-03 -9.389E-03 -9.388E-03 -9.388E-03 -9.388E-03 -9.387E-03 -9.387E-03 -9.387E-03 -9.387E-03 -9.386E-03 -9.386E-03 -9.386E-03 -9.385E-03 -9.385E-03 -9.385E-03 
+0.00225000 -7.418E-03 -7.418E-03 -7.419E-03 -7.419E-03 -7.419E-03 -7.419E-03 -7.420E-03 -7.420E-03 -7.420E-03 -7.420E-03 -7.421E-03 -7.421E-03 -7.421E-03 -7.421E-03 -7.421E-03 -7.422E-03 -7.422E-03 -7.422E-03 -7.422E-03 -7.422E-03 -7.422E-03 -7.422E-03 -7.423E-03 -7.423E-03 -7.423E-03 -7.423E-03 -7.423E-03 -7.423E-03 -7.422E-03 -7.422E-03 -7.422E-03 -7.422E-03 -7.421E-03 -7.421E-03 -7.420E-03 -7.420E-03 -7.419E-03 -7.419E-03 -7.418E-03 -7.418E-03 -7.418E-03 -7.418E-03 -7.418E-03 -7.419E-03 -7.419E-03 -7.420E-03 -7.420E-03 -7.421E-03 -7.421E-03 -7.422E-03 -7.422E-03 -7.422E-03 -7.422E-03 -7.423E-03 -7.423E-03 -7.423E-03 -7.423E-03 -7.423E-03 -7.423E-03 -7.422E-03 -7.422E-03 -7.422E-03 -7.422E-03 -7.422E-03 -7.422E-03 -7.422E-03 -7.421E-03 -7.421E-03 -7.421E-03 -7.421E-03 -7.421E-03 -7.420E-03 -7.420E-03 -7.420E-03 -7.420E-03 -7.419E-03 -7.419E-03 -7.419E-03 -7.419E-03 -7.418E-03 -7.418E-03 
+0.00168750 -5.512E-03 -5.512E-03 -5.512E-03 -5.513E-03 -5.513E-03 -5.513E-03 -5.513E-03 -5.513E-03 -5.513E-03 -5.514E-03 -5.514E-03 -5.514E-03 -5.514E-03 -5.514E-03 -5.514E-03 -5.515E-03 -5.515E-03 -5.515E-03 -5.515E-03 -5.515E-03 -5.515E-03 -5.515E-03 -5.515E-03 -5.515E-03 -5.515E-03 -5.515E-03 -5.515E-03 -5.515E-03 -5.515E-03 -5.515E-03 -5.515E-03 -5.515E-03 -5.514E-03 -5.514E-03 -5.514E-03 -5.513E-03 -5.513E-03 -5.513E-03 -5.512E-03 -5.512E-03 -5.512E-03 -5.512E-03 -5.512E-03 -5.513E-03 -5.513E-03 -5.513E-03 -5.514E-03 -5.514E-03 -5.514E-03 -5.515E-03 -5.515E-03 -5.515E-03 -5.515E-03 -5.515E-03 -5.515E-03 -5.515E-03 -5.515E-03 -5.515E-03 -5.515E-03 -5.515E-03 -5.515E-03 -5.515E-03 -5.515E-03 -5.515E-03 -5.515E-03 -5.515E-03 -5.514E-03 -5.514E-03 -5.514E-03 -5.514E-03 -5.514E-03 -5.514E-03 -5.513E-03 -5.513E-03 -5.513E-03 -5.513E-03 -5.513E-03 -5.513E-03 -5.512E-03 -5.512E-03 -5.512E-03 
+0.00112500 -3.650E-03 -3.650E-03 -3.650E-03 -3.651E-03 -3.651E-03 -3.651E-03 -3.651E-03 -3.651E-03 -3.651E-03 -3.651E-03 -3.651E-03 -3.652E-03 -3.652E-03 -3.652E-03 -3.652E-03 -3.652E-03 -3.652E-03 -3.652E-03 -3.652E-03 -3.652E-03 -3.652E-03 -3.652E-03 -3.652E-03 -3.652E-03 -3.652E-03 -3.652E-03 -3.652E-03 -3.652E-03 -3.652E-03 -3.652E-03 -3.652E-03 -3.652E-03 -3.652E-03 -3.652E-03 -3.651E-03 -3.651E-03 -3.651E-03 -3.651E-03 -3.651E-03 -3.651E-03 -3.651E-03 -3.651E-03 -3.651E-03 -3.651E-03 -3.651E-03 -3.651E-03 -3.651E-03 -3.652E-03 -3.652E-03 -3.652E-03 -3.652E-03 -3.652E-03 -3.652E-03 -3.652E-03 -3.652E-03 -3.652E-03 -3.652E-03 -3.652E-03 -3.652E-03 -3.652E-03 -3.652E-03 -3.652E-03 -3.652E-03 -3.652E-03 -3.652E-03 -3.652E-03 -3.652E-03 -3.652E-03 -3.652E-03 -3.652E-03 -3.651E-03 -3.651E-03 -3.651E-03 -3.651E-03 -3.651E-03 -3.651E-03 -3.651E-03 -3.651E-03 -3.650E-03 -3.650E-03 -3.650E-03 
+0.00056250 -1.818E-03 -1.818E-03 -1.818E-03 -1.818E-03 -1.818E-03 -1.818E-03 -1.818E-03 -1.818E-03 -1.818E-03 -1.818E-03 -1.818E-03 -1.818E-03 -1.819E-03 -1.819E-03 -1.819E-03 -1.819E-03 -1.819E-03 -1.819E-03 -1.819E-03 -1.819E-03 -1.819E-03 -1.819E-03 -1.819E-03 -1.819E-03 -1.819E-03 -1.819E-03 -1.819E-03 -1.819E-03 -1.819E-03 -1.819E-03 -1.819E-03 -1.819E-03 -1.819E-03 -1.818E-03 -1.818E-03 -1.818E-03 -1.818E-03 -1.818E-03 -1.818E-03 -1.818E-03 -1.818E-03 -1.818E-03 -1.818E-03 -1.818E-03 -1.818E-03 -1.818E-03 -1.818E-03 -1.818E-03 -1.819E-03 -1.819E-03 -1.819E-03 -1.819E-03 -1.819E-03 -1.819E-03 -1.819E-03 -1.819E-03 -1.819E-03 -1.819E-03 -1.819E-03 -1.819E-03 -1.819E-03 -1.819E-03 -1.819E-03 -1.819E-03 -1.819E-03 -1.819E-03 -1.819E-03 -1.819E-03 -1.819E-03 -1.818E-03 -1.818E-03 -1.818E-03 -1.818E-03 -1.818E-03 -1.818E-03 -1.818E-03 -1.818E-03 -1.818E-03 -1.818E-03 -1.818E-03 -1.818E-03 
+0.00000000 +0.000E+00 +0.000E+00 +0.000E+00 +0.000E+00 +0.000E+00 +0.000E+00 +0.000E+00 +0.000E+00 +0.000E+00 +0.000E+00 +0.000E+00 +0.000E+00 +0.000E+00 +0.000E+00 +0.000E+00 +0.000E+00 +0.000E+00 +0.000E+00 +0.000E+00 +0.000E+00 +0.000E+00 +0.000E+00 +0.000E+00 +0.000E+00 +0.000E+00 +0.000E+00 +0.000E+00 +0.000E+00 +0.000E+00 +0.000E+00 +0.000E+00 +0.000E+00 +0.000E+00 +0.000E+00 +0.000E+00 +0.000E+00 +0.000E+00 +0.000E+00 +0.000E+00 +0.000E+00 +0.000E+00 +0.000E+00 +0.000E+00 +0.000E+00 +0.000E+00 +0.000E+00 +0.000E+00 +0.000E+00 +0.000E+00 +0.000E+00 +0.000E+00 +0.000E+00 +0.000E+00 +0.000E+00 +0.000E+00 +0.000E+00 +0.000E+00 +0.000E+00 +0.000E+00 +0.000E+00 +0.000E+00 +0.000E+00 +0.000E+00 +0.000E+00 +0.000E+00 +0.000E+00 +0.000E+00 +0.000E+00 +0.000E+00 +0.000E+00 +0.000E+00 +0.000E+00 +0.000E+00 +0.000E+00 +0.000E+00 +0.000E+00 +0.000E+00 +0.000E+00 +0.000E+00 +0.000E+00 +0.000E+00 
-0.00056250 +1.818E-03 +1.818E-03 +1.818E-03 +1.818E-03 +1.818E-03 +1.818E-03 +1.818E-03 +1.818E-03 +1.818E-03 +1.818E-03 +1.818E-03 +1.818E-03 +1.819E-03 +1.819E-03 +1.819E-03 +1.819E-03 +1.819E-03 +1.819E-03 +1.819E-03 +1.819E-03 +1.819E-03 +1.819E-03 +1.819E-03 +1.819E-03 +1.819E-03 +1.819E-03 +1.819E-03 +1.819E-03 +1.819E-03 +1.819E-03 +1.819E-03 +1.819E-03 +1.819E-03 +1.818E-03 +1.818E-03 +1.818E-03 +1.818E-03 +1.818E-03 +1.818E-03 +1.818E-03 +1.818E-03 +1.818E-03 +1.818E-03 +1.818E-03 +1.818E-03 +1.818E-03 +1.818E-03 +1.818E-03 +1.819E-03 +1.819E-03 +1.819E-03 +1.819E-03 +1.819E-03 +1.819E-03 +1.819E-03 +1.819E-03 +1.819E-03 +1.819E-03 +1.819E-03 +1.819E-03 +1.819E-03 +1.819E-03 +1.819E-03 +1.819E-03 +1.819E-03 +1.819E-03 +1.819E-03 +1.819E-03 +1.819E-03 +1.818E-03 +1.818E-03 +1.818E-03 +1.818E-03 +1.818E-03 +1.818E-03 +1.818E-03 +1.818E-03 +1.818E-03 +1.818E-03 +1.818E-03 +1.818E-03 
-0.00112500 +3.650E-03 +3.650E-03 +3.650E-03 +3.651E-03 +3.651E-03 +3.651E-03 +3.651E-03 +3.651E-03 +3.651E-03 +3.651E-03 +3.651E-03 +3.652E-03 +3.652E-03 +3.652E-03 +3.652E-03 +3.652E-03 +3.652E-03 +3.652E-03 +3.652E-03 +3.652E-03 +3.652E-03 +3.652E-03 +3.652E-03 +3.652E-03 +3.652E-03 +3.652E-03 +3.652E-03 +3.652E-03 +3.652E-03 +3.652E-03 +3.652E-03 +3.652E-03 +3.652E-03 +3.652E-03 +3.651E-03 +3.651E-03 +3.651E-03 +3.651E-03 +3.651E-03 +3.651E-03 +3.651E-03 +3.651E-03 +3.651E-03 +3.651E-03 +3.651E-03 +3.651E-03 +3.651E-03 +3.652E-03 +3.652E-03 +3.652E-03 +3.652E-03 +3.652E-03 +3.652E-03 +3.652E-03 +3.652E-03 +3.652E-03 +3.652E-03 +3.652E-03 +3.652E-03 +3.652E-03 +3.652E-03 +3.652E-03 +3.652E-03 +3.652E-03 +3.652E-03 +3.652E-03 +3.652E-03 +3.652E-03 +3.652E-03 +3.652E-03 +3.651E-03 +3.651E-03 +3.651E-03 +3.651E-03 +3.651E-03 +3.651E-03 +3.651E-03 +3.651E-03 +3.650E-03 +3.650E-03 +3.650E-03 
-0.00168750 +5.512E-03 +5.512E-03 +5.512E-03 +5.513E-03 +5.513E-03 +5.513E-03 +5.513E-03 +5.513E-03 +5.513E-03 +5.514E-03 +5.514E-03 +5.514E-03 +5.514E-03 +5.514E-03 +5.514E-03 +5.515E-03 +5.515E-03 +5.515E-03 +5.515E-03 +5.515E-03 +5.515E-03 +5.515E-03 +5.515E-03 +5.515E-03 +5.515E-03 +5.515E-03 +5.515E-03 +5.515E-03 +5.515E-03 +5.515E-03 +5.515E-03 +5.515E-03 +5.514E-03 +5.514E-03 +5.514E-03 +5.513E-03 +5.513E-03 +5.513E-03 +5.512E-03 +5.512E-03 +5.512E-03 +5.512E-03 +5.512E-03 +5.513E-03 +5.513E-03 +5.513E-03 +5.514E-03 +5.514E-03 +5.514E-03 +5.515E-03 +5.515E-03 +5.515E-03 +5.515E-03 +5.515E-03 +5.515E-03 +5.515E-03 +5.515E-03 +5.515E-03 +5.515E-03 +5.515E-03 +5.515E-03 +5.515E-03 +5.515E-03 +5.515E-03 +5.515E-03 +5.515E-03 +5.514E-03 +5.514E-03 +5.514E-03 +5.514E-03 +5.514E-03 +5.514E-03 +5.513E-03 +5.513E-03 +5.513E-03 +5.513E-03 +5.513E-03 +5.513E-03 +5.512E-03 +5.512E-03 +5.512E-03 
-0.00225000 +7.418E-03 +7.418E-03 +7.419E-03 +7.419E-03 +7.419E-03 +7.419E-03 +7.420E-03 +7.420E-03 +7.420E-03 +7.420E-03 +7.421E-03 +7.421E-03 +7.421E-03 +7.421E-03 +7.421E-03 +7.422E-03 +7.422E-03 +7.422E-03 +7.422E-03 +7.422E-03 +7.422E-03 +7.422E-03 +7.423E-03 +7.423E-03 +7.423E-03 +7.423E-03 +7.423E-03 +7.423E-03 +7.422E-03 +7.422E-03 +7.422E-03 +7.422E-03 +7.421E-03 +7.421E-03 +7.420E-03 +7.420E-03 +7.419E-03 +7.419E-03 +7.418E-03 +7.418E-03 +7.418E-03 +7.418E-03 +7.418E-03 +7.419E-03 +7.419E-03 +7.420E-03 +7.420E-03 +7.421E-03 +7.421E-03 +7.422E-03 +7.422E-03 +7.422E-03 +7.422E-03 +7.423E-03 +7.423E-03 +7.423E-03 +7.423E-03 +7.423E-03 +7.423E-03 +7.422E-03 +7.422E-03 +7.422E-03 +7.422E-03 +7.422E-03 +7.422E-03 +7.422E-03 +7.421E-03 +7.421E-03 +7.421E-03 +7.421E-03 +7.421E-03 +7.420E-03 +7.420E-03 +7.420E-03 +7.420E-03 +7.419E-03 +7.419E-03 +7.419E-03 +7.419E-03 +7.418E-03 +7.418E-03 
-0.00281250 +9.385E-03 +9.385E-03 +9.385E-03 +9.386E-03 +9.386E-03 +9.386E-03 +9.387E-03 +9.387E-03 +9.387E-03 +9.387E-03 +9.388E-03 +9.388E-03 +9.388E-03 +9.389E-03 +9.389E-03 +9.389E-03 +9.389E-03 +9.389E-03 +9.390E-03 +9.390E-03 +9.390E-03 +9.390E-03 +9.390E-03 +9.390E-03 +9.391E-03 +9.391E-03 +9.391E-03 +9.391E-03 +9.390E-03 +9.390E-03 +9.390E-03 +9.390E-03 +9.389E-03 +9.388E-03 +9.388E-03 +9.387E-03 +9.386E-03 +9.385E-03 +9.384E-03 +9.383E-03 +9.383E-03 +9.383E-03 +9.384E-03 +9.385E-03 +9.386E-03 +9.387E-03 +9.388E-03 +9.388E-03 +9.389E-03 +9.390E-03 +9.390E-03 +9.390E-03 +9.390E-03 +9.391E-03 +9.391E-03 +9.391E-03 +9.391E-03 +9.390E-03 +9.390E-03 +9.390E-03 +9.390E-03 +9.390E-03 +9.390E-03 +9.389E-03 +9.389E-03 +9.389E-03 +9.389E-03 +9.389E-03 +9.388E-03 +9.388E-03 +9.388E-03 +9.387E-03 +9.387E-03 +9.387E-03 +9.387E-03 +9.386E-03 +9.386E-03 +9.386E-03 +9.385E-03 +9.385E-03 +9.385E-03 
-0.00337500 +1.143E-02 +1.143E-02 +1.143E-02 +1.143E-02 +1.143E-02 +1.143E-02 +1.143E-02 +1.143E-02 +1.143E-02 +1.143E-02 +1.143E-02 +1.143E-02 +1.143E-02 +1.143E-02 +1.143E-02 +1.143E-02 +1.143E-02 +1.143E-02 +1.143E-02 +1.143E-02 +1.143E-02 +1.143E-02 +1.143E-02 +1.143E-02 +1.143E-02 +1.143E-02 +1.143E-02 +1.143E-02 +1.143E-02 +1.143E-02 +1.143E-02 +1.143E-02 +1.143E-02 +1.143E-02 +1.143E-02 +1.143E-02 +1.143E-02 +1.143E-02 +1.142E-02 +1.142E-02 +1.142E-02 +1.142E-02 +1.142E-02 +1.143E-02 +1.143E-02 +1.143E-02 +1.143E-02 +1.143E-02 +1.143E-02 +1.143E-02 +1.143E-02 +1.143E-02 +1.143E-02 +1.143E-02 +1.143E-02 +1.143E-02 +1.143E-02 +1.143E-02 +1.143E-02 +1.143E-02 +1.143E-02 +1.143E-02 +1.143E-02 +1.143E-02 +1.143E-02 +1.143E-02 +1.143E-02 +1.143E-02 +1.143E-02 +1.143E-02 +1.143E-02 +1.143E-02 +1.143E-02 +1.143E-02 +1.143E-02 +1.143E-02 +1.143E-02 +1.143E-02 +1.143E-02 +1.143E-02 +1.143E-02 
-0.00393750 +1.357E-02 +1.357E-02 +1.357E-02 +1.357E-02 +1.357E-02 +1.357E-02 +1.357E-02 +1.357E-02 +1.357E-02 +1.357E-02 +1.357E-02 +1.357E-02 +1.357E-02 +1.357E-02 +1.358E-02 +1.358E-02 +1.358E-02 +1.358E-02 +1.358E-02 +1.358E-02 +1.358E-02 +1.358E-02 +1.358E-02 +1.358E-02 +1.358E-02 +1.358E-02 +1.358E-02 +1.358E-02 +1.358E-02 +1.358E-02 +1.358E-02 +1.358E-02 +1.358E-02 +1.358E-02 +1.358E-02 +1.357E-02 +1.357E-02 +1.357E-02 +1.356E-02 +1.356E-02 +1.356E-02 +1.356E-02 +1.356E-02 +1.357E-02 +1.357E-02 +1.357E-02 +1.358E-02 +1.358E-02 +1.358E-02 +1.358E-02 +1.358E-02 +1.358E-02 +1.358E-02 +1.358E-02 +1.358E-02 +1.358E-02 +1.358E-02 +1.358E-02 +1.358E-02 +1.358E-02 +1.358E-02 +1.358E-02 +1.358E-02 +1.358E-02 +1.358E-02 +1.358E-02 +1.358E-02 +1.357E-02 +1.357E-02 +1.357E-02 +1.357E-02 +1.357E-02 +1.357E-02 +1.357E-02 +1.357E-02 +1.357E-02 +1.357E-02 +1.357E-02 +1.357E-02 +1.357E-02 +1.357E-02 
-0.00450000 +1.559E-02 +1.560E-02 +1.560E-02 +1.560E-02 +1.560E-02 +1.560E-02 +1.560E-02 +1.560E-02 +1.560E-02 +1.560E-02 +1.560E-02 +1.560E-02 +1.560E-02 +1.560E-02 +1.560E-02 +1.560E-02 +1.560E-02 +1.560E-02 +1.560E-02 +1.560E-02 +1.560E-02 +1.560E-02 +1.560E-02 +1.560E-02 +1.561E-02 +1.561E-02 +1.561E-02 +1.561E-02 +1.561E-02 +1.561E-02 +1.561E-02 +1.561E-02 +1.561E-02 +1.561E-02 +1.560E-02 +1.560E-02 +1.560E-02 +1.559E-02 +1.558E-02 +1.557E-02 +1.557E-02 +1.557E-02 +1.558E-02 +1.559E-02 +1.560E-02 +1.560E-02 +1.560E-02 +1.561E-02 +1.561E-02 +1.561E-02 +1.561E-02 +1.561E-02 +1.561E-02 +1.561E-02 +1.561E-02 +1.561E-02 +1.561E-02 +1.560E-02 +1.560E-02 +1.560E-02 +1.560E-02 +1.560E-02 +1.560E-02 +1.560E-02 +1.560E-02 +1.560E-02 +1.560E-02 +1.560E-02 +1.560E-02 +1.560E-02 +1.560E-02 +1.560E-02 +1.560E-02 +1.560E-02 +1.560E-02 +1.560E-02 +1.560E-02 +1.560E-02 +1.560E-02 +1.560E-02 +1.559E-02 
