   0.60000E+01   0.00000E+00
   0.60000E+01   0.14683E+01
   0.61600E+01   0.73413E+00
   0.63200E+01   0.14683E+01
   0.63200E+01   0.00000E+00
   0.67100E+01   0.00000E+00
   0.67100E+01   0.29365E+01
   0.67100E+01   0.29365E+01
   0.67100E+01   0.00000E+00
   0.69100E+01   0.00000E+00
   0.69100E+01   0.14683E+01
   0.71400E+01   0.22024E+01
   0.73700E+01   0.14683E+01
   0.73700E+01   0.00000E+00
   0.79600E+01   0.00000E+00
   0.79600E+01   0.14683E+01
   0.81200E+01   0.73413E+00
   0.82800E+01   0.14683E+01
   0.82800E+01   0.00000E+00
   0.84800E+01   0.00000E+00
   0.84800E+01   0.29365E+01
   0.84800E+01   0.29365E+01
   0.84800E+01   0.00000E+00
   0.92700E+01   0.00000E+00
   0.92700E+01   0.14683E+01
   0.10322E+02   0.14683E+01
   0.10322E+02   0.00000E+00
   0.10762E+02   0.00000E+00
   0.10762E+02   0.14683E+01
   0.10922E+02   0.73413E+00
   0.11082E+02   0.14683E+01
   0.11082E+02   0.00000E+00
   0.11282E+02   0.00000E+00
   0.11282E+02   0.29365E+01
   0.11282E+02   0.29365E+01
   0.11282E+02   0.00000E+00
   0.11759E+02   0.00000E+00
   0.11759E+02   0.14683E+01
   0.11919E+02   0.22024E+01
   0.12079E+02   0.14683E+01
   0.12079E+02   0.00000E+00
   0.12549E+02   0.00000E+00
   0.12549E+02   0.29365E+01
   0.12549E+02   0.29365E+01
   0.12549E+02   0.00000E+00
   0.13019E+02   0.00000E+00
   0.13019E+02   0.14683E+01
   0.13179E+02   0.22024E+01
   0.13339E+02   0.14683E+01
   0.13339E+02   0.00000E+00
   0.13815E+02   0.00000E+00
   0.13815E+02   0.29365E+01
   0.13815E+02   0.29365E+01
   0.13815E+02   0.00000E+00
   0.14015E+02   0.00000E+00
   0.14015E+02   0.14683E+01
   0.14175E+02   0.73413E+00
   0.14335E+02   0.14683E+01
   0.14335E+02   0.00000E+00
   0.14775E+02   0.00000E+00
   0.14775E+02   0.14683E+01
   0.15828E+02   0.14683E+01
   0.15828E+02   0.00000E+00
   0.16268E+02   0.00000E+00
   0.16268E+02   0.14683E+01
   0.16428E+02   0.73413E+00
   0.16588E+02   0.14683E+01
   0.16588E+02   0.00000E+00
   0.16788E+02   0.00000E+00
   0.16788E+02   0.29365E+01
   0.16788E+02   0.29365E+01
   0.16788E+02   0.00000E+00
   0.17178E+02   0.00000E+00
   0.17178E+02   0.14683E+01
   0.17408E+02   0.22024E+01
   0.17638E+02   0.14683E+01
   0.17638E+02   0.00000E+00
   0.17838E+02   0.00000E+00
   0.17838E+02   0.29365E+01
   0.17838E+02   0.29365E+01
   0.17838E+02   0.00000E+00
   0.18228E+02   0.00000E+00
   0.18228E+02   0.14683E+01
   0.18388E+02   0.73413E+00
   0.18548E+02   0.14683E+01
   0.18548E+02   0.00000E+00
   0.25513E+02   0.00000E+00
   0.25513E+02   0.14683E+01
   0.25673E+02   0.73413E+00
   0.25833E+02   0.14683E+01
   0.25833E+02   0.00000E+00
   0.26223E+02   0.00000E+00
   0.26223E+02   0.29365E+01
   0.26223E+02   0.29365E+01
   0.26223E+02   0.00000E+00
   0.26423E+02   0.00000E+00
   0.26423E+02   0.14683E+01
   0.26653E+02   0.22024E+01
   0.26883E+02   0.14683E+01
   0.26883E+02   0.00000E+00
   0.27273E+02   0.00000E+00
   0.27273E+02   0.29365E+01
   0.27273E+02   0.29365E+01
   0.27273E+02   0.00000E+00
   0.27473E+02   0.00000E+00
   0.27473E+02   0.14683E+01
   0.27633E+02   0.73413E+00
   0.27793E+02   0.14683E+01
   0.27793E+02   0.00000E+00
   0.28233E+02   0.00000E+00
   0.28233E+02   0.14683E+01
   0.29285E+02   0.14683E+01
   0.29285E+02   0.00000E+00
   0.29725E+02   0.00000E+00
   0.29725E+02   0.14683E+01
   0.29885E+02   0.73413E+00
   0.30045E+02   0.14683E+01
   0.30045E+02   0.00000E+00
   0.30245E+02   0.00000E+00
   0.30245E+02   0.29365E+01
   0.30245E+02   0.29365E+01
   0.30245E+02   0.00000E+00
   0.30721E+02   0.00000E+00
   0.30721E+02   0.14683E+01
   0.30881E+02   0.22024E+01
   0.31041E+02   0.14683E+01
   0.31041E+02   0.00000E+00
   0.31241E+02   0.00000E+00
   0.31241E+02   0.29365E+01
   0.31241E+02   0.29365E+01
   0.31241E+02   0.00000E+00
   0.35051E+02   0.00000E+00
   0.35051E+02   0.29365E+01
   0.35051E+02   0.29365E+01
   0.35051E+02   0.00000E+00
   0.35251E+02   0.00000E+00
   0.35251E+02   0.14683E+01
   0.35411E+02   0.22024E+01
   0.35571E+02   0.14683E+01
   0.35571E+02   0.00000E+00
   0.36047E+02   0.00000E+00
   0.36047E+02   0.29365E+01
   0.36047E+02   0.29365E+01
   0.36047E+02   0.00000E+00
   0.36247E+02   0.00000E+00
   0.36247E+02   0.14683E+01
   0.36407E+02   0.73413E+00
   0.36567E+02   0.14683E+01
   0.36567E+02   0.00000E+00
   0.37007E+02   0.00000E+00
   0.37007E+02   0.14683E+01
   0.38060E+02   0.14683E+01
   0.38060E+02   0.00000E+00
   0.38500E+02   0.00000E+00
   0.38500E+02   0.14683E+01
   0.38660E+02   0.73413E+00
   0.38820E+02   0.14683E+01
   0.38820E+02   0.00000E+00
   0.39020E+02   0.00000E+00
   0.39020E+02   0.29365E+01
   0.39020E+02   0.29365E+01
   0.39020E+02   0.00000E+00
   0.39410E+02   0.00000E+00
   0.39410E+02   0.14683E+01
   0.39640E+02   0.22024E+01
   0.39870E+02   0.14683E+01
   0.39870E+02   0.00000E+00
   0.40070E+02   0.00000E+00
   0.40070E+02   0.29365E+01
   0.40070E+02   0.29365E+01
   0.40070E+02   0.00000E+00
   0.40460E+02   0.00000E+00
   0.40460E+02   0.14683E+01
   0.40620E+02   0.73413E+00
   0.40780E+02   0.14683E+01
   0.40780E+02   0.00000E+00
   0.47745E+02   0.00000E+00
   0.47745E+02   0.14683E+01
   0.47905E+02   0.73413E+00
   0.48065E+02   0.14683E+01
   0.48065E+02   0.00000E+00
   0.48455E+02   0.00000E+00
   0.48455E+02   0.29365E+01
   0.48455E+02   0.29365E+01
   0.48455E+02   0.00000E+00
   0.48655E+02   0.00000E+00
   0.48655E+02   0.14683E+01
   0.48885E+02   0.22024E+01
   0.49115E+02   0.14683E+01
   0.49115E+02   0.00000E+00
   0.49505E+02   0.00000E+00
   0.49505E+02   0.29365E+01
   0.49505E+02   0.29365E+01
   0.49505E+02   0.00000E+00
   0.49705E+02   0.00000E+00
   0.49705E+02   0.14683E+01
   0.49865E+02   0.73413E+00
   0.50025E+02   0.14683E+01
   0.50025E+02   0.00000E+00
   0.50465E+02   0.00000E+00
   0.50465E+02   0.14683E+01
   0.51517E+02   0.14683E+01
   0.51517E+02   0.00000E+00
   0.51957E+02   0.00000E+00
   0.51957E+02   0.14683E+01
   0.52117E+02   0.73413E+00
   0.52277E+02   0.14683E+01
   0.52277E+02   0.00000E+00
   0.52477E+02   0.00000E+00
   0.52477E+02   0.29365E+01
   0.52477E+02   0.29365E+01
   0.52477E+02   0.00000E+00
   0.52953E+02   0.00000E+00
   0.52953E+02   0.14683E+01
   0.53113E+02   0.22024E+01
   0.53273E+02   0.14683E+01
   0.53273E+02   0.00000E+00
   0.53473E+02   0.00000E+00
   0.53473E+02   0.29365E+01
   0.53473E+02   0.29365E+01
   0.53473E+02   0.00000E+00
   0.57283E+02   0.00000E+00
   0.57283E+02   0.29365E+01
   0.57283E+02   0.29365E+01
   0.57283E+02   0.00000E+00
   0.57483E+02   0.00000E+00
   0.57483E+02   0.14683E+01
   0.57643E+02   0.22024E+01
   0.57803E+02   0.14683E+01
   0.57803E+02   0.00000E+00
   0.58279E+02   0.00000E+00
   0.58279E+02   0.29365E+01
   0.58279E+02   0.29365E+01
   0.58279E+02   0.00000E+00
   0.58479E+02   0.00000E+00
   0.58479E+02   0.14683E+01
   0.58639E+02   0.73413E+00
   0.58799E+02   0.14683E+01
   0.58799E+02   0.00000E+00
   0.59239E+02   0.00000E+00
   0.59239E+02   0.14683E+01
   0.60292E+02   0.14683E+01
   0.60292E+02   0.00000E+00
   0.60732E+02   0.00000E+00
   0.60732E+02   0.14683E+01
   0.60892E+02   0.73413E+00
   0.61052E+02   0.14683E+01
   0.61052E+02   0.00000E+00
   0.61252E+02   0.00000E+00
   0.61252E+02   0.29365E+01
   0.61252E+02   0.29365E+01
   0.61252E+02   0.00000E+00
   0.61642E+02   0.00000E+00
   0.61642E+02   0.14683E+01
   0.61872E+02   0.22024E+01
   0.62102E+02   0.14683E+01
   0.62102E+02   0.00000E+00
   0.62302E+02   0.00000E+00
   0.62302E+02   0.29365E+01
   0.62302E+02   0.29365E+01
   0.62302E+02   0.00000E+00
   0.62692E+02   0.00000E+00
   0.62692E+02   0.14683E+01
   0.62852E+02   0.73413E+00
   0.63012E+02   0.14683E+01
   0.63012E+02   0.00000E+00
   0.69977E+02   0.00000E+00
   0.69977E+02   0.14683E+01
   0.70137E+02   0.73413E+00
   0.70297E+02   0.14683E+01
   0.70297E+02   0.00000E+00
   0.70687E+02   0.00000E+00
   0.70687E+02   0.29365E+01
   0.70687E+02   0.29365E+01
   0.70687E+02   0.00000E+00
   0.70887E+02   0.00000E+00
   0.70887E+02   0.14683E+01
   0.71117E+02   0.22024E+01
   0.71347E+02   0.14683E+01
   0.71347E+02   0.00000E+00
   0.71737E+02   0.00000E+00
   0.71737E+02   0.29365E+01
   0.71737E+02   0.29365E+01
   0.71737E+02   0.00000E+00
   0.71937E+02   0.00000E+00
   0.71937E+02   0.14683E+01
   0.72097E+02   0.73413E+00
   0.72257E+02   0.14683E+01
   0.72257E+02   0.00000E+00
   0.72697E+02   0.00000E+00
   0.72697E+02   0.14683E+01
   0.73749E+02   0.14683E+01
   0.73749E+02   0.00000E+00
   0.74189E+02   0.00000E+00
   0.74189E+02   0.14683E+01
   0.74349E+02   0.73413E+00
   0.74509E+02   0.14683E+01
   0.74509E+02   0.00000E+00
   0.74709E+02   0.00000E+00
   0.74709E+02   0.29365E+01
   0.74709E+02   0.29365E+01
   0.74709E+02   0.00000E+00
   0.75185E+02   0.00000E+00
   0.75185E+02   0.14683E+01
   0.75345E+02   0.22024E+01
   0.75505E+02   0.14683E+01
   0.75505E+02   0.00000E+00
   0.75975E+02   0.00000E+00
   0.75975E+02   0.29365E+01
   0.75975E+02   0.29365E+01
   0.75975E+02   0.00000E+00
   0.76445E+02   0.00000E+00
   0.76445E+02   0.14683E+01
   0.76605E+02   0.22024E+01
   0.76765E+02   0.14683E+01
   0.76765E+02   0.00000E+00
   0.77242E+02   0.00000E+00
   0.77242E+02   0.29365E+01
   0.77242E+02   0.29365E+01
   0.77242E+02   0.00000E+00
   0.77442E+02   0.00000E+00
   0.77442E+02   0.14683E+01
   0.77602E+02   0.73413E+00
   0.77762E+02   0.14683E+01
   0.77762E+02   0.00000E+00
   0.78202E+02   0.00000E+00
   0.78202E+02   0.14683E+01
   0.79254E+02   0.14683E+01
   0.79254E+02   0.00000E+00
   0.80044E+02   0.00000E+00
   0.80044E+02   0.29365E+01
   0.80044E+02   0.29365E+01
   0.80044E+02   0.00000E+00
   0.80244E+02   0.00000E+00
   0.80244E+02   0.14683E+01
   0.80404E+02   0.73413E+00
   0.80564E+02   0.14683E+01
   0.80564E+02   0.00000E+00
   0.81154E+02   0.00000E+00
   0.81154E+02   0.14683E+01
   0.81384E+02   0.22024E+01
   0.81614E+02   0.14683E+01
   0.81614E+02   0.00000E+00
   0.81814E+02   0.00000E+00
   0.81814E+02   0.29365E+01
   0.81814E+02   0.29365E+01
   0.81814E+02   0.00000E+00
   0.82204E+02   0.00000E+00
   0.82204E+02   0.14683E+01
   0.82364E+02   0.73413E+00
   0.82524E+02   0.14683E+01
   0.82524E+02   0.00000E+00
