# INGA KICKMAP 
# Author: Ximenes R. Resende @ LNLS, Date: 08-Jan-2013 21:01:53
# ID Length [m]
3.9960
# Number of Horizontal Points
81 
# Number of Vertical Points
17 
# Horizontal KickTable in T2m2
START
            -0.03000000 -0.02925000 -0.02850000 -0.02775000 -0.02700000 -0.02625000 -0.02550000 -0.02475000 -0.02400000 -0.02325000 -0.02250000 -0.02175000 -0.02100000 -0.02025000 -0.01950000 -0.01875000 -0.01800000 -0.01725000 -0.01650000 -0.01575000 -0.01500000 -0.01425000 -0.01350000 -0.01275000 -0.01200000 -0.01125000 -0.01050000 -0.00975000 -0.00900000 -0.00825000 -0.00750000 -0.00675000 -0.00600000 -0.00525000 -0.00450000 -0.00375000 -0.00300000 -0.00225000 -0.00150000 -0.00075000 +0.00000000 +0.00075000 +0.00150000 +0.00225000 +0.00300000 +0.00375000 +0.00450000 +0.00525000 +0.00600000 +0.00675000 +0.00750000 +0.00825000 +0.00900000 +0.00975000 +0.01050000 +0.01125000 +0.01200000 +0.01275000 +0.01350000 +0.01425000 +0.01500000 +0.01575000 +0.01650000 +0.01725000 +0.01800000 +0.01875000 +0.01950000 +0.02025000 +0.02100000 +0.02175000 +0.02250000 +0.02325000 +0.02400000 +0.02475000 +0.02550000 +0.02625000 +0.02700000 +0.02775000 +0.02850000 +0.02925000 +0.03000000 
+0.00200000 -3.460E-003 -1.909E-003 -1.385E-003 -1.319E-003 -1.070E-003 -8.331E-004 -6.344E-004 -4.773E-004 -3.567E-004 -2.658E-004 -1.978E-004 -1.472E-004 -1.095E-004 -8.161E-005 -6.087E-005 -4.546E-005 -3.399E-005 -2.544E-005 -1.906E-005 -1.430E-005 -1.074E-005 -8.071E-006 -6.070E-006 -4.567E-006 -3.436E-006 -2.584E-006 -1.939E-006 -1.449E-006 -1.075E-006 -7.840E-007 -5.539E-007 -3.651E-007 -2.006E-007 -1.920E-008 +4.344E-008 +2.453E-007 +4.559E-007 +7.650E-007 +1.413E-006 +2.299E-005 +0.000E+000 -2.299E-005 -1.413E-006 -7.650E-007 -4.559E-007 -2.453E-007 -4.344E-008 +1.920E-008 +2.006E-007 +3.651E-007 +5.539E-007 +7.840E-007 +1.075E-006 +1.449E-006 +1.939E-006 +2.584E-006 +3.436E-006 +4.567E-006 +6.070E-006 +8.071E-006 +1.074E-005 +1.430E-005 +1.906E-005 +2.544E-005 +3.399E-005 +4.546E-005 +6.087E-005 +8.161E-005 +1.095E-004 +1.472E-004 +1.978E-004 +2.658E-004 +3.567E-004 +4.773E-004 +6.344E-004 +8.331E-004 +1.070E-003 +1.319E-003 +1.385E-003 +1.909E-003 +3.460E-003 
+0.00175000 -6.288E-003 -3.139E-003 -1.836E-003 -1.461E-003 -1.131E-003 -8.581E-004 -6.428E-004 -4.781E-004 -3.544E-004 -2.624E-004 -1.943E-004 -1.440E-004 -1.069E-004 -7.940E-005 -5.910E-005 -4.405E-005 -3.288E-005 -2.458E-005 -1.840E-005 -1.379E-005 -1.034E-005 -7.768E-006 -5.838E-006 -4.389E-006 -3.301E-006 -2.480E-006 -1.860E-006 -1.389E-006 -1.029E-006 -7.494E-007 -5.275E-007 -3.443E-007 -1.806E-007 -1.403E-008 +7.167E-008 +2.787E-007 +5.221E-007 +9.248E-007 +2.013E-006 +9.343E-006 +0.000E+000 -9.343E-006 -2.013E-006 -9.248E-007 -5.221E-007 -2.787E-007 -7.167E-008 +1.403E-008 +1.806E-007 +3.443E-007 +5.275E-007 +7.494E-007 +1.029E-006 +1.389E-006 +1.860E-006 +2.480E-006 +3.301E-006 +4.389E-006 +5.838E-006 +7.768E-006 +1.034E-005 +1.379E-005 +1.840E-005 +2.458E-005 +3.288E-005 +4.405E-005 +5.910E-005 +7.940E-005 +1.069E-004 +1.440E-004 +1.943E-004 +2.624E-004 +3.544E-004 +4.781E-004 +6.428E-004 +8.581E-004 +1.131E-003 +1.461E-003 +1.836E-003 +3.139E-003 +6.288E-003 
+0.00150000 -5.390E-003 -3.354E-003 -2.136E-003 -1.578E-003 -1.183E-003 -8.799E-004 -6.503E-004 -4.791E-004 -3.525E-004 -2.596E-004 -1.914E-004 -1.413E-004 -1.046E-004 -7.754E-005 -5.760E-005 -4.286E-005 -3.195E-005 -2.386E-005 -1.784E-005 -1.336E-005 -1.001E-005 -7.513E-006 -5.643E-006 -4.240E-006 -3.187E-006 -2.394E-006 -1.794E-006 -1.339E-006 -9.910E-007 -7.206E-007 -5.054E-007 -3.269E-007 -1.637E-007 -9.530E-009 +9.402E-008 +3.065E-007 +5.736E-007 +1.032E-006 +2.241E-006 +5.922E-006 +0.000E+000 -5.922E-006 -2.241E-006 -1.032E-006 -5.736E-007 -3.065E-007 -9.402E-008 +9.530E-009 +1.637E-007 +3.269E-007 +5.054E-007 +7.206E-007 +9.910E-007 +1.339E-006 +1.794E-006 +2.394E-006 +3.187E-006 +4.240E-006 +5.643E-006 +7.513E-006 +1.001E-005 +1.336E-005 +1.784E-005 +2.386E-005 +3.195E-005 +4.286E-005 +5.760E-005 +7.754E-005 +1.046E-004 +1.413E-004 +1.914E-004 +2.596E-004 +3.525E-004 +4.791E-004 +6.503E-004 +8.799E-004 +1.183E-003 +1.578E-003 +2.136E-003 +3.354E-003 +5.390E-003 
+0.00125000 -4.394E-003 -3.245E-003 -2.289E-003 -1.662E-003 -1.223E-003 -8.972E-004 -6.561E-004 -4.794E-004 -3.507E-004 -2.570E-004 -1.888E-004 -1.390E-004 -1.026E-004 -7.592E-005 -5.631E-005 -4.184E-005 -3.115E-005 -2.324E-005 -1.736E-005 -1.299E-005 -9.730E-006 -7.297E-006 -5.478E-006 -4.114E-006 -3.091E-006 -2.320E-006 -1.739E-006 -1.297E-006 -9.589E-007 -6.962E-007 -4.869E-007 -3.124E-007 -1.495E-007 -5.765E-009 +1.117E-007 +3.283E-007 +6.097E-007 +1.084E-006 +2.162E-006 +3.803E-006 +0.000E+000 -3.803E-006 -2.162E-006 -1.084E-006 -6.097E-007 -3.283E-007 -1.117E-007 +5.765E-009 +1.495E-007 +3.124E-007 +4.869E-007 +6.962E-007 +9.589E-007 +1.297E-006 +1.739E-006 +2.320E-006 +3.091E-006 +4.114E-006 +5.478E-006 +7.297E-006 +9.730E-006 +1.299E-005 +1.736E-005 +2.324E-005 +3.115E-005 +4.184E-005 +5.631E-005 +7.592E-005 +1.026E-004 +1.390E-004 +1.888E-004 +2.570E-004 +3.507E-004 +4.794E-004 +6.561E-004 +8.972E-004 +1.223E-003 +1.662E-003 +2.289E-003 +3.245E-003 +4.394E-003 
+0.00100000 -3.651E-003 -3.043E-003 -2.344E-003 -1.718E-003 -1.253E-003 -9.104E-004 -6.603E-004 -4.795E-004 -3.490E-004 -2.547E-004 -1.865E-004 -1.370E-004 -1.010E-004 -7.458E-005 -5.523E-005 -4.100E-005 -3.050E-005 -2.273E-005 -1.697E-005 -1.269E-005 -9.498E-006 -7.120E-006 -5.342E-006 -4.011E-006 -3.012E-006 -2.260E-006 -1.693E-006 -1.262E-006 -9.327E-007 -6.764E-007 -4.718E-007 -3.007E-007 -1.379E-007 -2.746E-009 +1.253E-007 +3.446E-007 +6.324E-007 +1.092E-006 +1.944E-006 +2.506E-006 +0.000E+000 -2.506E-006 -1.944E-006 -1.092E-006 -6.324E-007 -3.446E-007 -1.253E-007 +2.746E-009 +1.379E-007 +3.007E-007 +4.718E-007 +6.764E-007 +9.327E-007 +1.262E-006 +1.693E-006 +2.260E-006 +3.012E-006 +4.011E-006 +5.342E-006 +7.120E-006 +9.498E-006 +1.269E-005 +1.697E-005 +2.273E-005 +3.050E-005 +4.100E-005 +5.523E-005 +7.458E-005 +1.010E-004 +1.370E-004 +1.865E-004 +2.547E-004 +3.490E-004 +4.795E-004 +6.603E-004 +9.104E-004 +1.253E-003 +1.718E-003 +2.344E-003 +3.043E-003 +3.651E-003 
+0.00075000 -3.147E-003 -2.848E-003 -2.347E-003 -1.750E-003 -1.274E-003 -9.199E-004 -6.633E-004 -4.793E-004 -3.475E-004 -2.529E-004 -1.848E-004 -1.355E-004 -9.964E-005 -7.351E-005 -5.438E-005 -4.033E-005 -2.998E-005 -2.233E-005 -1.666E-005 -1.245E-005 -9.317E-006 -6.981E-006 -5.236E-006 -3.930E-006 -2.950E-006 -2.214E-006 -1.657E-006 -1.235E-006 -9.124E-007 -6.611E-007 -4.601E-007 -2.916E-007 -1.290E-007 -4.495E-010 +1.353E-007 +3.560E-007 +6.448E-007 +1.076E-006 +1.709E-006 +1.744E-006 +0.000E+000 -1.744E-006 -1.709E-006 -1.076E-006 -6.448E-007 -3.560E-007 -1.353E-007 +4.495E-010 +1.290E-007 +2.916E-007 +4.601E-007 +6.611E-007 +9.124E-007 +1.235E-006 +1.657E-006 +2.214E-006 +2.950E-006 +3.930E-006 +5.236E-006 +6.981E-006 +9.317E-006 +1.245E-005 +1.666E-005 +2.233E-005 +2.998E-005 +4.033E-005 +5.438E-005 +7.351E-005 +9.964E-005 +1.355E-004 +1.848E-004 +2.529E-004 +3.475E-004 +4.793E-004 +6.633E-004 +9.199E-004 +1.274E-003 +1.750E-003 +2.347E-003 +2.848E-003 +3.147E-003 
+0.00050000 -2.827E-003 -2.698E-003 -2.329E-003 -1.767E-003 -1.287E-003 -9.262E-004 -6.653E-004 -4.791E-004 -3.464E-004 -2.515E-004 -1.834E-004 -1.343E-004 -9.869E-005 -7.274E-005 -5.377E-005 -3.986E-005 -2.961E-005 -2.204E-005 -1.644E-005 -1.228E-005 -9.187E-006 -6.882E-006 -5.161E-006 -3.873E-006 -2.907E-006 -2.180E-006 -1.632E-006 -1.216E-006 -8.979E-007 -6.501E-007 -4.518E-007 -2.852E-007 -1.227E-007 +1.157E-009 +1.422E-007 +3.634E-007 +6.504E-007 +1.051E-006 +1.520E-006 +1.314E-006 +0.000E+000 -1.314E-006 -1.520E-006 -1.051E-006 -6.504E-007 -3.634E-007 -1.422E-007 -1.157E-009 +1.227E-007 +2.852E-007 +4.518E-007 +6.501E-007 +8.979E-007 +1.216E-006 +1.632E-006 +2.180E-006 +2.907E-006 +3.873E-006 +5.161E-006 +6.882E-006 +9.187E-006 +1.228E-005 +1.644E-005 +2.204E-005 +2.961E-005 +3.986E-005 +5.377E-005 +7.274E-005 +9.869E-005 +1.343E-004 +1.834E-004 +2.515E-004 +3.464E-004 +4.791E-004 +6.653E-004 +9.262E-004 +1.287E-003 +1.767E-003 +2.329E-003 +2.698E-003 +2.827E-003 
+0.00025000 -2.651E-003 -2.606E-003 -2.311E-003 -1.775E-003 -1.295E-003 -9.298E-004 -6.663E-004 -4.789E-004 -3.457E-004 -2.507E-004 -1.826E-004 -1.336E-004 -9.811E-005 -7.228E-005 -5.341E-005 -3.957E-005 -2.938E-005 -2.187E-005 -1.631E-005 -1.218E-005 -9.109E-006 -6.823E-006 -5.115E-006 -3.838E-006 -2.880E-006 -2.160E-006 -1.617E-006 -1.205E-006 -8.892E-007 -6.436E-007 -4.468E-007 -2.814E-007 -1.189E-007 +2.107E-009 +1.462E-007 +3.675E-007 +6.524E-007 +1.031E-006 +1.402E-006 +1.094E-006 +0.000E+000 -1.094E-006 -1.402E-006 -1.031E-006 -6.524E-007 -3.675E-007 -1.462E-007 -2.107E-009 +1.189E-007 +2.814E-007 +4.468E-007 +6.436E-007 +8.892E-007 +1.205E-006 +1.617E-006 +2.160E-006 +2.880E-006 +3.838E-006 +5.115E-006 +6.823E-006 +9.109E-006 +1.218E-005 +1.631E-005 +2.187E-005 +2.938E-005 +3.957E-005 +5.341E-005 +7.228E-005 +9.811E-005 +1.336E-004 +1.826E-004 +2.507E-004 +3.457E-004 +4.789E-004 +6.663E-004 +9.298E-004 +1.295E-003 +1.775E-003 +2.311E-003 +2.606E-003 +2.651E-003 
+0.00000000 -2.594E-003 -2.575E-003 -2.305E-003 -1.777E-003 -1.297E-003 -9.309E-004 -6.667E-004 -4.788E-004 -3.454E-004 -2.504E-004 -1.824E-004 -1.334E-004 -9.792E-005 -7.212E-005 -5.328E-005 -3.947E-005 -2.931E-005 -2.181E-005 -1.626E-005 -1.214E-005 -9.083E-006 -6.803E-006 -5.100E-006 -3.826E-006 -2.871E-006 -2.154E-006 -1.612E-006 -1.201E-006 -8.863E-007 -6.414E-007 -4.452E-007 -2.801E-007 -1.177E-007 +2.421E-009 +1.475E-007 +3.688E-007 +6.528E-007 +1.024E-006 +1.362E-006 +1.027E-006 +0.000E+000 -1.027E-006 -1.362E-006 -1.024E-006 -6.528E-007 -3.688E-007 -1.475E-007 -2.421E-009 +1.177E-007 +2.801E-007 +4.452E-007 +6.414E-007 +8.863E-007 +1.201E-006 +1.612E-006 +2.154E-006 +2.871E-006 +3.826E-006 +5.100E-006 +6.803E-006 +9.083E-006 +1.214E-005 +1.626E-005 +2.181E-005 +2.931E-005 +3.947E-005 +5.328E-005 +7.212E-005 +9.792E-005 +1.334E-004 +1.824E-004 +2.504E-004 +3.454E-004 +4.788E-004 +6.667E-004 +9.309E-004 +1.297E-003 +1.777E-003 +2.305E-003 +2.575E-003 +2.594E-003 
-0.00025000 -2.651E-003 -2.606E-003 -2.311E-003 -1.775E-003 -1.295E-003 -9.298E-004 -6.663E-004 -4.789E-004 -3.457E-004 -2.507E-004 -1.826E-004 -1.336E-004 -9.811E-005 -7.228E-005 -5.341E-005 -3.957E-005 -2.938E-005 -2.187E-005 -1.631E-005 -1.218E-005 -9.109E-006 -6.823E-006 -5.115E-006 -3.838E-006 -2.880E-006 -2.160E-006 -1.617E-006 -1.205E-006 -8.892E-007 -6.436E-007 -4.468E-007 -2.814E-007 -1.189E-007 +2.107E-009 +1.462E-007 +3.675E-007 +6.524E-007 +1.031E-006 +1.402E-006 +1.094E-006 +0.000E+000 -1.094E-006 -1.402E-006 -1.031E-006 -6.524E-007 -3.675E-007 -1.462E-007 -2.107E-009 +1.189E-007 +2.814E-007 +4.468E-007 +6.436E-007 +8.892E-007 +1.205E-006 +1.617E-006 +2.160E-006 +2.880E-006 +3.838E-006 +5.115E-006 +6.823E-006 +9.109E-006 +1.218E-005 +1.631E-005 +2.187E-005 +2.938E-005 +3.957E-005 +5.341E-005 +7.228E-005 +9.811E-005 +1.336E-004 +1.826E-004 +2.507E-004 +3.457E-004 +4.789E-004 +6.663E-004 +9.298E-004 +1.295E-003 +1.775E-003 +2.311E-003 +2.606E-003 +2.651E-003 
-0.00050000 -2.827E-003 -2.698E-003 -2.329E-003 -1.767E-003 -1.287E-003 -9.262E-004 -6.653E-004 -4.791E-004 -3.464E-004 -2.515E-004 -1.834E-004 -1.343E-004 -9.869E-005 -7.274E-005 -5.377E-005 -3.986E-005 -2.961E-005 -2.204E-005 -1.644E-005 -1.228E-005 -9.187E-006 -6.882E-006 -5.161E-006 -3.873E-006 -2.907E-006 -2.180E-006 -1.632E-006 -1.216E-006 -8.979E-007 -6.501E-007 -4.518E-007 -2.852E-007 -1.227E-007 +1.157E-009 +1.422E-007 +3.634E-007 +6.504E-007 +1.051E-006 +1.520E-006 +1.314E-006 +0.000E+000 -1.314E-006 -1.520E-006 -1.051E-006 -6.504E-007 -3.634E-007 -1.422E-007 -1.157E-009 +1.227E-007 +2.852E-007 +4.518E-007 +6.501E-007 +8.979E-007 +1.216E-006 +1.632E-006 +2.180E-006 +2.907E-006 +3.873E-006 +5.161E-006 +6.882E-006 +9.187E-006 +1.228E-005 +1.644E-005 +2.204E-005 +2.961E-005 +3.986E-005 +5.377E-005 +7.274E-005 +9.869E-005 +1.343E-004 +1.834E-004 +2.515E-004 +3.464E-004 +4.791E-004 +6.653E-004 +9.262E-004 +1.287E-003 +1.767E-003 +2.329E-003 +2.698E-003 +2.827E-003 
-0.00075000 -3.147E-003 -2.848E-003 -2.347E-003 -1.750E-003 -1.274E-003 -9.199E-004 -6.633E-004 -4.793E-004 -3.475E-004 -2.529E-004 -1.848E-004 -1.355E-004 -9.964E-005 -7.351E-005 -5.438E-005 -4.033E-005 -2.998E-005 -2.233E-005 -1.666E-005 -1.245E-005 -9.317E-006 -6.981E-006 -5.236E-006 -3.930E-006 -2.950E-006 -2.214E-006 -1.657E-006 -1.235E-006 -9.124E-007 -6.611E-007 -4.601E-007 -2.916E-007 -1.290E-007 -4.495E-010 +1.353E-007 +3.560E-007 +6.448E-007 +1.076E-006 +1.709E-006 +1.744E-006 +0.000E+000 -1.744E-006 -1.709E-006 -1.076E-006 -6.448E-007 -3.560E-007 -1.353E-007 +4.495E-010 +1.290E-007 +2.916E-007 +4.601E-007 +6.611E-007 +9.124E-007 +1.235E-006 +1.657E-006 +2.214E-006 +2.950E-006 +3.930E-006 +5.236E-006 +6.981E-006 +9.317E-006 +1.245E-005 +1.666E-005 +2.233E-005 +2.998E-005 +4.033E-005 +5.438E-005 +7.351E-005 +9.964E-005 +1.355E-004 +1.848E-004 +2.529E-004 +3.475E-004 +4.793E-004 +6.633E-004 +9.199E-004 +1.274E-003 +1.750E-003 +2.347E-003 +2.848E-003 +3.147E-003 
-0.00100000 -3.651E-003 -3.043E-003 -2.344E-003 -1.718E-003 -1.253E-003 -9.104E-004 -6.603E-004 -4.795E-004 -3.490E-004 -2.547E-004 -1.865E-004 -1.370E-004 -1.010E-004 -7.458E-005 -5.523E-005 -4.100E-005 -3.050E-005 -2.273E-005 -1.697E-005 -1.269E-005 -9.498E-006 -7.120E-006 -5.342E-006 -4.011E-006 -3.012E-006 -2.260E-006 -1.693E-006 -1.262E-006 -9.327E-007 -6.764E-007 -4.718E-007 -3.007E-007 -1.379E-007 -2.746E-009 +1.253E-007 +3.446E-007 +6.324E-007 +1.092E-006 +1.944E-006 +2.506E-006 +0.000E+000 -2.506E-006 -1.944E-006 -1.092E-006 -6.324E-007 -3.446E-007 -1.253E-007 +2.746E-009 +1.379E-007 +3.007E-007 +4.718E-007 +6.764E-007 +9.327E-007 +1.262E-006 +1.693E-006 +2.260E-006 +3.012E-006 +4.011E-006 +5.342E-006 +7.120E-006 +9.498E-006 +1.269E-005 +1.697E-005 +2.273E-005 +3.050E-005 +4.100E-005 +5.523E-005 +7.458E-005 +1.010E-004 +1.370E-004 +1.865E-004 +2.547E-004 +3.490E-004 +4.795E-004 +6.603E-004 +9.104E-004 +1.253E-003 +1.718E-003 +2.344E-003 +3.043E-003 +3.651E-003 
-0.00125000 -4.394E-003 -3.245E-003 -2.289E-003 -1.662E-003 -1.223E-003 -8.972E-004 -6.561E-004 -4.794E-004 -3.507E-004 -2.570E-004 -1.888E-004 -1.390E-004 -1.026E-004 -7.592E-005 -5.631E-005 -4.184E-005 -3.115E-005 -2.324E-005 -1.736E-005 -1.299E-005 -9.730E-006 -7.297E-006 -5.478E-006 -4.114E-006 -3.091E-006 -2.320E-006 -1.739E-006 -1.297E-006 -9.589E-007 -6.962E-007 -4.869E-007 -3.124E-007 -1.495E-007 -5.765E-009 +1.117E-007 +3.283E-007 +6.097E-007 +1.084E-006 +2.162E-006 +3.803E-006 +0.000E+000 -3.803E-006 -2.162E-006 -1.084E-006 -6.097E-007 -3.283E-007 -1.117E-007 +5.765E-009 +1.495E-007 +3.124E-007 +4.869E-007 +6.962E-007 +9.589E-007 +1.297E-006 +1.739E-006 +2.320E-006 +3.091E-006 +4.114E-006 +5.478E-006 +7.297E-006 +9.730E-006 +1.299E-005 +1.736E-005 +2.324E-005 +3.115E-005 +4.184E-005 +5.631E-005 +7.592E-005 +1.026E-004 +1.390E-004 +1.888E-004 +2.570E-004 +3.507E-004 +4.794E-004 +6.561E-004 +8.972E-004 +1.223E-003 +1.662E-003 +2.289E-003 +3.245E-003 +4.394E-003 
-0.00150000 -5.390E-003 -3.354E-003 -2.136E-003 -1.578E-003 -1.183E-003 -8.799E-004 -6.503E-004 -4.791E-004 -3.525E-004 -2.596E-004 -1.914E-004 -1.413E-004 -1.046E-004 -7.754E-005 -5.760E-005 -4.286E-005 -3.195E-005 -2.386E-005 -1.784E-005 -1.336E-005 -1.001E-005 -7.513E-006 -5.643E-006 -4.240E-006 -3.187E-006 -2.394E-006 -1.794E-006 -1.339E-006 -9.910E-007 -7.206E-007 -5.054E-007 -3.269E-007 -1.637E-007 -9.530E-009 +9.402E-008 +3.065E-007 +5.736E-007 +1.032E-006 +2.241E-006 +5.922E-006 +0.000E+000 -5.922E-006 -2.241E-006 -1.032E-006 -5.736E-007 -3.065E-007 -9.402E-008 +9.530E-009 +1.637E-007 +3.269E-007 +5.054E-007 +7.206E-007 +9.910E-007 +1.339E-006 +1.794E-006 +2.394E-006 +3.187E-006 +4.240E-006 +5.643E-006 +7.513E-006 +1.001E-005 +1.336E-005 +1.784E-005 +2.386E-005 +3.195E-005 +4.286E-005 +5.760E-005 +7.754E-005 +1.046E-004 +1.413E-004 +1.914E-004 +2.596E-004 +3.525E-004 +4.791E-004 +6.503E-004 +8.799E-004 +1.183E-003 +1.578E-003 +2.136E-003 +3.354E-003 +5.390E-003 
-0.00175000 -6.288E-003 -3.139E-003 -1.836E-003 -1.461E-003 -1.131E-003 -8.581E-004 -6.428E-004 -4.781E-004 -3.544E-004 -2.624E-004 -1.943E-004 -1.440E-004 -1.069E-004 -7.940E-005 -5.910E-005 -4.405E-005 -3.288E-005 -2.458E-005 -1.840E-005 -1.379E-005 -1.034E-005 -7.768E-006 -5.838E-006 -4.389E-006 -3.301E-006 -2.480E-006 -1.860E-006 -1.389E-006 -1.029E-006 -7.494E-007 -5.275E-007 -3.443E-007 -1.806E-007 -1.403E-008 +7.167E-008 +2.787E-007 +5.221E-007 +9.248E-007 +2.013E-006 +9.343E-006 +0.000E+000 -9.343E-006 -2.013E-006 -9.248E-007 -5.221E-007 -2.787E-007 -7.167E-008 +1.403E-008 +1.806E-007 +3.443E-007 +5.275E-007 +7.494E-007 +1.029E-006 +1.389E-006 +1.860E-006 +2.480E-006 +3.301E-006 +4.389E-006 +5.838E-006 +7.768E-006 +1.034E-005 +1.379E-005 +1.840E-005 +2.458E-005 +3.288E-005 +4.405E-005 +5.910E-005 +7.940E-005 +1.069E-004 +1.440E-004 +1.943E-004 +2.624E-004 +3.544E-004 +4.781E-004 +6.428E-004 +8.581E-004 +1.131E-003 +1.461E-003 +1.836E-003 +3.139E-003 +6.288E-003 
-0.00200000 -3.460E-003 -1.909E-003 -1.385E-003 -1.319E-003 -1.070E-003 -8.331E-004 -6.344E-004 -4.773E-004 -3.567E-004 -2.658E-004 -1.978E-004 -1.472E-004 -1.095E-004 -8.161E-005 -6.087E-005 -4.546E-005 -3.399E-005 -2.544E-005 -1.906E-005 -1.430E-005 -1.074E-005 -8.071E-006 -6.070E-006 -4.567E-006 -3.436E-006 -2.584E-006 -1.939E-006 -1.449E-006 -1.075E-006 -7.840E-007 -5.539E-007 -3.651E-007 -2.006E-007 -1.920E-008 +4.344E-008 +2.453E-007 +4.559E-007 +7.650E-007 +1.413E-006 +2.299E-005 +0.000E+000 -2.299E-005 -1.413E-006 -7.650E-007 -4.559E-007 -2.453E-007 -4.344E-008 +1.920E-008 +2.006E-007 +3.651E-007 +5.539E-007 +7.840E-007 +1.075E-006 +1.449E-006 +1.939E-006 +2.584E-006 +3.436E-006 +4.567E-006 +6.070E-006 +8.071E-006 +1.074E-005 +1.430E-005 +1.906E-005 +2.544E-005 +3.399E-005 +4.546E-005 +6.087E-005 +8.161E-005 +1.095E-004 +1.472E-004 +1.978E-004 +2.658E-004 +3.567E-004 +4.773E-004 +6.344E-004 +8.331E-004 +1.070E-003 +1.319E-003 +1.385E-003 +1.909E-003 +3.460E-003 
# Vertical KickTable in T2m2
START
            -0.03000000 -0.02925000 -0.02850000 -0.02775000 -0.02700000 -0.02625000 -0.02550000 -0.02475000 -0.02400000 -0.02325000 -0.02250000 -0.02175000 -0.02100000 -0.02025000 -0.01950000 -0.01875000 -0.01800000 -0.01725000 -0.01650000 -0.01575000 -0.01500000 -0.01425000 -0.01350000 -0.01275000 -0.01200000 -0.01125000 -0.01050000 -0.00975000 -0.00900000 -0.00825000 -0.00750000 -0.00675000 -0.00600000 -0.00525000 -0.00450000 -0.00375000 -0.00300000 -0.00225000 -0.00150000 -0.00075000 +0.00000000 +0.00075000 +0.00150000 +0.00225000 +0.00300000 +0.00375000 +0.00450000 +0.00525000 +0.00600000 +0.00675000 +0.00750000 +0.00825000 +0.00900000 +0.00975000 +0.01050000 +0.01125000 +0.01200000 +0.01275000 +0.01350000 +0.01425000 +0.01500000 +0.01575000 +0.01650000 +0.01725000 +0.01800000 +0.01875000 +0.01950000 +0.02025000 +0.02100000 +0.02175000 +0.02250000 +0.02325000 +0.02400000 +0.02475000 +0.02550000 +0.02625000 +0.02700000 +0.02775000 +0.02850000 +0.02925000 +0.03000000 
+0.00200000 -2.261E-002 -1.244E-002 -9.762E-003 -8.985E-003 -8.678E-003 -8.550E-003 -8.501E-003 -8.488E-003 -8.491E-003 -8.501E-003 -8.512E-003 -8.523E-003 -8.532E-003 -8.540E-003 -8.546E-003 -8.551E-003 -8.555E-003 -8.559E-003 -8.561E-003 -8.563E-003 -8.564E-003 -8.565E-003 -8.566E-003 -8.567E-003 -8.567E-003 -8.568E-003 -8.568E-003 -8.568E-003 -8.568E-003 -8.569E-003 -8.569E-003 -8.569E-003 -8.569E-003 -8.569E-003 -8.569E-003 -8.569E-003 -8.569E-003 -8.570E-003 -8.571E-003 -8.576E-003 -8.346E-003 -8.576E-003 -8.571E-003 -8.570E-003 -8.569E-003 -8.569E-003 -8.569E-003 -8.569E-003 -8.569E-003 -8.569E-003 -8.569E-003 -8.569E-003 -8.568E-003 -8.568E-003 -8.568E-003 -8.568E-003 -8.567E-003 -8.567E-003 -8.566E-003 -8.565E-003 -8.564E-003 -8.563E-003 -8.561E-003 -8.559E-003 -8.555E-003 -8.551E-003 -8.546E-003 -8.540E-003 -8.532E-003 -8.523E-003 -8.512E-003 -8.501E-003 -8.491E-003 -8.488E-003 -8.501E-003 -8.550E-003 -8.678E-003 -8.985E-003 -9.762E-003 -1.244E-002 -2.261E-002 
+0.00175000 -1.053E-002 -9.657E-003 -7.946E-003 -7.330E-003 -7.068E-003 -6.955E-003 -6.911E-003 -6.899E-003 -6.902E-003 -6.910E-003 -6.919E-003 -6.928E-003 -6.937E-003 -6.943E-003 -6.949E-003 -6.953E-003 -6.957E-003 -6.959E-003 -6.961E-003 -6.963E-003 -6.964E-003 -6.965E-003 -6.966E-003 -6.966E-003 -6.967E-003 -6.967E-003 -6.967E-003 -6.968E-003 -6.968E-003 -6.968E-003 -6.968E-003 -6.968E-003 -6.968E-003 -6.968E-003 -6.968E-003 -6.968E-003 -6.968E-003 -6.969E-003 -6.969E-003 -6.971E-003 -6.884E-003 -6.971E-003 -6.969E-003 -6.969E-003 -6.968E-003 -6.968E-003 -6.968E-003 -6.968E-003 -6.968E-003 -6.968E-003 -6.968E-003 -6.968E-003 -6.968E-003 -6.968E-003 -6.967E-003 -6.967E-003 -6.967E-003 -6.966E-003 -6.966E-003 -6.965E-003 -6.964E-003 -6.963E-003 -6.961E-003 -6.959E-003 -6.957E-003 -6.953E-003 -6.949E-003 -6.943E-003 -6.937E-003 -6.928E-003 -6.919E-003 -6.910E-003 -6.902E-003 -6.899E-003 -6.911E-003 -6.955E-003 -7.068E-003 -7.330E-003 -7.946E-003 -9.657E-003 -1.053E-002 
+0.00150000 -5.063E-003 -7.038E-003 -6.247E-003 -5.811E-003 -5.604E-003 -5.511E-003 -5.474E-003 -5.465E-003 -5.467E-003 -5.474E-003 -5.483E-003 -5.491E-003 -5.497E-003 -5.503E-003 -5.508E-003 -5.512E-003 -5.515E-003 -5.517E-003 -5.519E-003 -5.520E-003 -5.521E-003 -5.522E-003 -5.523E-003 -5.523E-003 -5.523E-003 -5.524E-003 -5.524E-003 -5.524E-003 -5.524E-003 -5.524E-003 -5.524E-003 -5.524E-003 -5.524E-003 -5.524E-003 -5.524E-003 -5.525E-003 -5.525E-003 -5.525E-003 -5.525E-003 -5.524E-003 -5.508E-003 -5.524E-003 -5.525E-003 -5.525E-003 -5.525E-003 -5.525E-003 -5.524E-003 -5.524E-003 -5.524E-003 -5.524E-003 -5.524E-003 -5.524E-003 -5.524E-003 -5.524E-003 -5.524E-003 -5.524E-003 -5.523E-003 -5.523E-003 -5.523E-003 -5.522E-003 -5.521E-003 -5.520E-003 -5.519E-003 -5.517E-003 -5.515E-003 -5.512E-003 -5.508E-003 -5.503E-003 -5.497E-003 -5.491E-003 -5.483E-003 -5.474E-003 -5.467E-003 -5.465E-003 -5.474E-003 -5.511E-003 -5.604E-003 -5.811E-003 -6.247E-003 -7.038E-003 -5.063E-003 
+0.00125000 -3.215E-003 -4.995E-003 -4.832E-003 -4.569E-003 -4.417E-003 -4.346E-003 -4.317E-003 -4.311E-003 -4.313E-003 -4.320E-003 -4.327E-003 -4.334E-003 -4.340E-003 -4.345E-003 -4.349E-003 -4.352E-003 -4.355E-003 -4.357E-003 -4.358E-003 -4.359E-003 -4.360E-003 -4.361E-003 -4.362E-003 -4.362E-003 -4.362E-003 -4.362E-003 -4.363E-003 -4.363E-003 -4.363E-003 -4.363E-003 -4.363E-003 -4.363E-003 -4.363E-003 -4.363E-003 -4.363E-003 -4.363E-003 -4.363E-003 -4.363E-003 -4.363E-003 -4.361E-003 -4.354E-003 -4.361E-003 -4.363E-003 -4.363E-003 -4.363E-003 -4.363E-003 -4.363E-003 -4.363E-003 -4.363E-003 -4.363E-003 -4.363E-003 -4.363E-003 -4.363E-003 -4.363E-003 -4.363E-003 -4.362E-003 -4.362E-003 -4.362E-003 -4.362E-003 -4.361E-003 -4.360E-003 -4.359E-003 -4.358E-003 -4.357E-003 -4.355E-003 -4.352E-003 -4.349E-003 -4.345E-003 -4.340E-003 -4.334E-003 -4.327E-003 -4.320E-003 -4.313E-003 -4.311E-003 -4.317E-003 -4.346E-003 -4.417E-003 -4.569E-003 -4.832E-003 -4.995E-003 -3.215E-003 
+0.00100000 -2.141E-003 -3.470E-003 -3.601E-003 -3.468E-003 -3.365E-003 -3.312E-003 -3.291E-003 -3.287E-003 -3.290E-003 -3.296E-003 -3.302E-003 -3.307E-003 -3.312E-003 -3.316E-003 -3.320E-003 -3.322E-003 -3.324E-003 -3.326E-003 -3.327E-003 -3.328E-003 -3.328E-003 -3.329E-003 -3.329E-003 -3.330E-003 -3.330E-003 -3.330E-003 -3.330E-003 -3.330E-003 -3.330E-003 -3.331E-003 -3.331E-003 -3.331E-003 -3.331E-003 -3.331E-003 -3.331E-003 -3.331E-003 -3.331E-003 -3.331E-003 -3.331E-003 -3.329E-003 -3.326E-003 -3.329E-003 -3.331E-003 -3.331E-003 -3.331E-003 -3.331E-003 -3.331E-003 -3.331E-003 -3.331E-003 -3.331E-003 -3.331E-003 -3.331E-003 -3.330E-003 -3.330E-003 -3.330E-003 -3.330E-003 -3.330E-003 -3.330E-003 -3.329E-003 -3.329E-003 -3.328E-003 -3.328E-003 -3.327E-003 -3.326E-003 -3.324E-003 -3.322E-003 -3.320E-003 -3.316E-003 -3.312E-003 -3.307E-003 -3.302E-003 -3.296E-003 -3.290E-003 -3.287E-003 -3.291E-003 -3.312E-003 -3.365E-003 -3.468E-003 -3.601E-003 -3.470E-003 -2.141E-003 
+0.00075000 -1.412E-003 -2.323E-003 -2.535E-003 -2.484E-003 -2.419E-003 -2.383E-003 -2.368E-003 -2.366E-003 -2.368E-003 -2.373E-003 -2.377E-003 -2.382E-003 -2.385E-003 -2.388E-003 -2.391E-003 -2.393E-003 -2.394E-003 -2.395E-003 -2.396E-003 -2.397E-003 -2.398E-003 -2.398E-003 -2.398E-003 -2.399E-003 -2.399E-003 -2.399E-003 -2.399E-003 -2.399E-003 -2.399E-003 -2.399E-003 -2.399E-003 -2.399E-003 -2.399E-003 -2.399E-003 -2.399E-003 -2.399E-003 -2.399E-003 -2.399E-003 -2.399E-003 -2.398E-003 -2.396E-003 -2.398E-003 -2.399E-003 -2.399E-003 -2.399E-003 -2.399E-003 -2.399E-003 -2.399E-003 -2.399E-003 -2.399E-003 -2.399E-003 -2.399E-003 -2.399E-003 -2.399E-003 -2.399E-003 -2.399E-003 -2.399E-003 -2.399E-003 -2.398E-003 -2.398E-003 -2.398E-003 -2.397E-003 -2.396E-003 -2.395E-003 -2.394E-003 -2.393E-003 -2.391E-003 -2.388E-003 -2.385E-003 -2.382E-003 -2.377E-003 -2.373E-003 -2.368E-003 -2.366E-003 -2.368E-003 -2.383E-003 -2.419E-003 -2.484E-003 -2.535E-003 -2.323E-003 -1.412E-003 
+0.00050000 -8.562E-004 -1.414E-003 -1.595E-003 -1.584E-003 -1.548E-003 -1.526E-003 -1.517E-003 -1.515E-003 -1.517E-003 -1.520E-003 -1.523E-003 -1.526E-003 -1.529E-003 -1.531E-003 -1.532E-003 -1.534E-003 -1.535E-003 -1.535E-003 -1.536E-003 -1.536E-003 -1.537E-003 -1.537E-003 -1.537E-003 -1.537E-003 -1.537E-003 -1.538E-003 -1.538E-003 -1.538E-003 -1.538E-003 -1.538E-003 -1.538E-003 -1.538E-003 -1.538E-003 -1.538E-003 -1.538E-003 -1.538E-003 -1.538E-003 -1.538E-003 -1.538E-003 -1.537E-003 -1.536E-003 -1.537E-003 -1.538E-003 -1.538E-003 -1.538E-003 -1.538E-003 -1.538E-003 -1.538E-003 -1.538E-003 -1.538E-003 -1.538E-003 -1.538E-003 -1.538E-003 -1.538E-003 -1.538E-003 -1.538E-003 -1.537E-003 -1.537E-003 -1.537E-003 -1.537E-003 -1.537E-003 -1.536E-003 -1.536E-003 -1.535E-003 -1.535E-003 -1.534E-003 -1.532E-003 -1.531E-003 -1.529E-003 -1.526E-003 -1.523E-003 -1.520E-003 -1.517E-003 -1.515E-003 -1.517E-003 -1.526E-003 -1.548E-003 -1.584E-003 -1.595E-003 -1.414E-003 -8.562E-004 
+0.00025000 -3.573E-004 -5.903E-004 -6.783E-004 -6.790E-004 -6.650E-004 -6.558E-004 -6.521E-004 -6.515E-004 -6.524E-004 -6.537E-004 -6.551E-004 -6.564E-004 -6.575E-004 -6.584E-004 -6.591E-004 -6.597E-004 -6.601E-004 -6.604E-004 -6.607E-004 -6.609E-004 -6.611E-004 -6.612E-004 -6.613E-004 -6.613E-004 -6.614E-004 -6.614E-004 -6.615E-004 -6.615E-004 -6.615E-004 -6.615E-004 -6.615E-004 -6.615E-004 -6.615E-004 -6.615E-004 -6.615E-004 -6.615E-004 -6.615E-004 -6.615E-004 -6.614E-004 -6.611E-004 -6.608E-004 -6.611E-004 -6.614E-004 -6.615E-004 -6.615E-004 -6.615E-004 -6.615E-004 -6.615E-004 -6.615E-004 -6.615E-004 -6.615E-004 -6.615E-004 -6.615E-004 -6.615E-004 -6.615E-004 -6.614E-004 -6.614E-004 -6.613E-004 -6.613E-004 -6.612E-004 -6.611E-004 -6.609E-004 -6.607E-004 -6.604E-004 -6.601E-004 -6.597E-004 -6.591E-004 -6.584E-004 -6.575E-004 -6.564E-004 -6.551E-004 -6.537E-004 -6.524E-004 -6.515E-004 -6.521E-004 -6.558E-004 -6.650E-004 -6.790E-004 -6.783E-004 -5.903E-004 -3.573E-004 
+0.00000000 +0.000E+000 +0.000E+000 +0.000E+000 +0.000E+000 +0.000E+000 +0.000E+000 +0.000E+000 +0.000E+000 +0.000E+000 +0.000E+000 +0.000E+000 -1.819E-017 +0.000E+000 +0.000E+000 +0.000E+000 +0.000E+000 +0.000E+000 +0.000E+000 +0.000E+000 +0.000E+000 +0.000E+000 +0.000E+000 +0.000E+000 +0.000E+000 +0.000E+000 +0.000E+000 +0.000E+000 +0.000E+000 +0.000E+000 +0.000E+000 +0.000E+000 +0.000E+000 +0.000E+000 +0.000E+000 +0.000E+000 +0.000E+000 +0.000E+000 +0.000E+000 +0.000E+000 +0.000E+000 +0.000E+000 +0.000E+000 +0.000E+000 +0.000E+000 +0.000E+000 +0.000E+000 +0.000E+000 +0.000E+000 +0.000E+000 +0.000E+000 +0.000E+000 +0.000E+000 +0.000E+000 +0.000E+000 +0.000E+000 +0.000E+000 +0.000E+000 +0.000E+000 +0.000E+000 +0.000E+000 +0.000E+000 +0.000E+000 +0.000E+000 +0.000E+000 +0.000E+000 +0.000E+000 +0.000E+000 +0.000E+000 +0.000E+000 -1.819E-017 +0.000E+000 +0.000E+000 +0.000E+000 +0.000E+000 +0.000E+000 +0.000E+000 +0.000E+000 +0.000E+000 +0.000E+000 +0.000E+000 +0.000E+000 
-0.00025000 +3.573E-004 +5.903E-004 +6.783E-004 +6.790E-004 +6.650E-004 +6.558E-004 +6.521E-004 +6.515E-004 +6.524E-004 +6.537E-004 +6.551E-004 +6.564E-004 +6.575E-004 +6.584E-004 +6.591E-004 +6.597E-004 +6.601E-004 +6.604E-004 +6.607E-004 +6.609E-004 +6.611E-004 +6.612E-004 +6.613E-004 +6.613E-004 +6.614E-004 +6.614E-004 +6.615E-004 +6.615E-004 +6.615E-004 +6.615E-004 +6.615E-004 +6.615E-004 +6.615E-004 +6.615E-004 +6.615E-004 +6.615E-004 +6.615E-004 +6.615E-004 +6.614E-004 +6.611E-004 +6.608E-004 +6.611E-004 +6.614E-004 +6.615E-004 +6.615E-004 +6.615E-004 +6.615E-004 +6.615E-004 +6.615E-004 +6.615E-004 +6.615E-004 +6.615E-004 +6.615E-004 +6.615E-004 +6.615E-004 +6.614E-004 +6.614E-004 +6.613E-004 +6.613E-004 +6.612E-004 +6.611E-004 +6.609E-004 +6.607E-004 +6.604E-004 +6.601E-004 +6.597E-004 +6.591E-004 +6.584E-004 +6.575E-004 +6.564E-004 +6.551E-004 +6.537E-004 +6.524E-004 +6.515E-004 +6.521E-004 +6.558E-004 +6.650E-004 +6.790E-004 +6.783E-004 +5.903E-004 +3.573E-004 
-0.00050000 +8.562E-004 +1.414E-003 +1.595E-003 +1.584E-003 +1.548E-003 +1.526E-003 +1.517E-003 +1.515E-003 +1.517E-003 +1.520E-003 +1.523E-003 +1.526E-003 +1.529E-003 +1.531E-003 +1.532E-003 +1.534E-003 +1.535E-003 +1.535E-003 +1.536E-003 +1.536E-003 +1.537E-003 +1.537E-003 +1.537E-003 +1.537E-003 +1.537E-003 +1.538E-003 +1.538E-003 +1.538E-003 +1.538E-003 +1.538E-003 +1.538E-003 +1.538E-003 +1.538E-003 +1.538E-003 +1.538E-003 +1.538E-003 +1.538E-003 +1.538E-003 +1.538E-003 +1.537E-003 +1.536E-003 +1.537E-003 +1.538E-003 +1.538E-003 +1.538E-003 +1.538E-003 +1.538E-003 +1.538E-003 +1.538E-003 +1.538E-003 +1.538E-003 +1.538E-003 +1.538E-003 +1.538E-003 +1.538E-003 +1.538E-003 +1.537E-003 +1.537E-003 +1.537E-003 +1.537E-003 +1.537E-003 +1.536E-003 +1.536E-003 +1.535E-003 +1.535E-003 +1.534E-003 +1.532E-003 +1.531E-003 +1.529E-003 +1.526E-003 +1.523E-003 +1.520E-003 +1.517E-003 +1.515E-003 +1.517E-003 +1.526E-003 +1.548E-003 +1.584E-003 +1.595E-003 +1.414E-003 +8.562E-004 
-0.00075000 +1.412E-003 +2.323E-003 +2.535E-003 +2.484E-003 +2.419E-003 +2.383E-003 +2.368E-003 +2.366E-003 +2.368E-003 +2.373E-003 +2.377E-003 +2.382E-003 +2.385E-003 +2.388E-003 +2.391E-003 +2.393E-003 +2.394E-003 +2.395E-003 +2.396E-003 +2.397E-003 +2.398E-003 +2.398E-003 +2.398E-003 +2.399E-003 +2.399E-003 +2.399E-003 +2.399E-003 +2.399E-003 +2.399E-003 +2.399E-003 +2.399E-003 +2.399E-003 +2.399E-003 +2.399E-003 +2.399E-003 +2.399E-003 +2.399E-003 +2.399E-003 +2.399E-003 +2.398E-003 +2.396E-003 +2.398E-003 +2.399E-003 +2.399E-003 +2.399E-003 +2.399E-003 +2.399E-003 +2.399E-003 +2.399E-003 +2.399E-003 +2.399E-003 +2.399E-003 +2.399E-003 +2.399E-003 +2.399E-003 +2.399E-003 +2.399E-003 +2.399E-003 +2.398E-003 +2.398E-003 +2.398E-003 +2.397E-003 +2.396E-003 +2.395E-003 +2.394E-003 +2.393E-003 +2.391E-003 +2.388E-003 +2.385E-003 +2.382E-003 +2.377E-003 +2.373E-003 +2.368E-003 +2.366E-003 +2.368E-003 +2.383E-003 +2.419E-003 +2.484E-003 +2.535E-003 +2.323E-003 +1.412E-003 
-0.00100000 +2.141E-003 +3.470E-003 +3.601E-003 +3.468E-003 +3.365E-003 +3.312E-003 +3.291E-003 +3.287E-003 +3.290E-003 +3.296E-003 +3.302E-003 +3.307E-003 +3.312E-003 +3.316E-003 +3.320E-003 +3.322E-003 +3.324E-003 +3.326E-003 +3.327E-003 +3.328E-003 +3.328E-003 +3.329E-003 +3.329E-003 +3.330E-003 +3.330E-003 +3.330E-003 +3.330E-003 +3.330E-003 +3.330E-003 +3.331E-003 +3.331E-003 +3.331E-003 +3.331E-003 +3.331E-003 +3.331E-003 +3.331E-003 +3.331E-003 +3.331E-003 +3.331E-003 +3.329E-003 +3.326E-003 +3.329E-003 +3.331E-003 +3.331E-003 +3.331E-003 +3.331E-003 +3.331E-003 +3.331E-003 +3.331E-003 +3.331E-003 +3.331E-003 +3.331E-003 +3.330E-003 +3.330E-003 +3.330E-003 +3.330E-003 +3.330E-003 +3.330E-003 +3.329E-003 +3.329E-003 +3.328E-003 +3.328E-003 +3.327E-003 +3.326E-003 +3.324E-003 +3.322E-003 +3.320E-003 +3.316E-003 +3.312E-003 +3.307E-003 +3.302E-003 +3.296E-003 +3.290E-003 +3.287E-003 +3.291E-003 +3.312E-003 +3.365E-003 +3.468E-003 +3.601E-003 +3.470E-003 +2.141E-003 
-0.00125000 +3.215E-003 +4.995E-003 +4.832E-003 +4.569E-003 +4.417E-003 +4.346E-003 +4.317E-003 +4.311E-003 +4.313E-003 +4.320E-003 +4.327E-003 +4.334E-003 +4.340E-003 +4.345E-003 +4.349E-003 +4.352E-003 +4.355E-003 +4.357E-003 +4.358E-003 +4.359E-003 +4.360E-003 +4.361E-003 +4.362E-003 +4.362E-003 +4.362E-003 +4.362E-003 +4.363E-003 +4.363E-003 +4.363E-003 +4.363E-003 +4.363E-003 +4.363E-003 +4.363E-003 +4.363E-003 +4.363E-003 +4.363E-003 +4.363E-003 +4.363E-003 +4.363E-003 +4.361E-003 +4.354E-003 +4.361E-003 +4.363E-003 +4.363E-003 +4.363E-003 +4.363E-003 +4.363E-003 +4.363E-003 +4.363E-003 +4.363E-003 +4.363E-003 +4.363E-003 +4.363E-003 +4.363E-003 +4.363E-003 +4.362E-003 +4.362E-003 +4.362E-003 +4.362E-003 +4.361E-003 +4.360E-003 +4.359E-003 +4.358E-003 +4.357E-003 +4.355E-003 +4.352E-003 +4.349E-003 +4.345E-003 +4.340E-003 +4.334E-003 +4.327E-003 +4.320E-003 +4.313E-003 +4.311E-003 +4.317E-003 +4.346E-003 +4.417E-003 +4.569E-003 +4.832E-003 +4.995E-003 +3.215E-003 
-0.00150000 +5.063E-003 +7.038E-003 +6.247E-003 +5.811E-003 +5.604E-003 +5.511E-003 +5.474E-003 +5.465E-003 +5.467E-003 +5.474E-003 +5.483E-003 +5.491E-003 +5.497E-003 +5.503E-003 +5.508E-003 +5.512E-003 +5.515E-003 +5.517E-003 +5.519E-003 +5.520E-003 +5.521E-003 +5.522E-003 +5.523E-003 +5.523E-003 +5.523E-003 +5.524E-003 +5.524E-003 +5.524E-003 +5.524E-003 +5.524E-003 +5.524E-003 +5.524E-003 +5.524E-003 +5.524E-003 +5.524E-003 +5.525E-003 +5.525E-003 +5.525E-003 +5.525E-003 +5.524E-003 +5.508E-003 +5.524E-003 +5.525E-003 +5.525E-003 +5.525E-003 +5.525E-003 +5.524E-003 +5.524E-003 +5.524E-003 +5.524E-003 +5.524E-003 +5.524E-003 +5.524E-003 +5.524E-003 +5.524E-003 +5.524E-003 +5.523E-003 +5.523E-003 +5.523E-003 +5.522E-003 +5.521E-003 +5.520E-003 +5.519E-003 +5.517E-003 +5.515E-003 +5.512E-003 +5.508E-003 +5.503E-003 +5.497E-003 +5.491E-003 +5.483E-003 +5.474E-003 +5.467E-003 +5.465E-003 +5.474E-003 +5.511E-003 +5.604E-003 +5.811E-003 +6.247E-003 +7.038E-003 +5.063E-003 
-0.00175000 +1.053E-002 +9.657E-003 +7.946E-003 +7.330E-003 +7.068E-003 +6.955E-003 +6.911E-003 +6.899E-003 +6.902E-003 +6.910E-003 +6.919E-003 +6.928E-003 +6.937E-003 +6.943E-003 +6.949E-003 +6.953E-003 +6.957E-003 +6.959E-003 +6.961E-003 +6.963E-003 +6.964E-003 +6.965E-003 +6.966E-003 +6.966E-003 +6.967E-003 +6.967E-003 +6.967E-003 +6.968E-003 +6.968E-003 +6.968E-003 +6.968E-003 +6.968E-003 +6.968E-003 +6.968E-003 +6.968E-003 +6.968E-003 +6.968E-003 +6.969E-003 +6.969E-003 +6.971E-003 +6.884E-003 +6.971E-003 +6.969E-003 +6.969E-003 +6.968E-003 +6.968E-003 +6.968E-003 +6.968E-003 +6.968E-003 +6.968E-003 +6.968E-003 +6.968E-003 +6.968E-003 +6.968E-003 +6.967E-003 +6.967E-003 +6.967E-003 +6.966E-003 +6.966E-003 +6.965E-003 +6.964E-003 +6.963E-003 +6.961E-003 +6.959E-003 +6.957E-003 +6.953E-003 +6.949E-003 +6.943E-003 +6.937E-003 +6.928E-003 +6.919E-003 +6.910E-003 +6.902E-003 +6.899E-003 +6.911E-003 +6.955E-003 +7.068E-003 +7.330E-003 +7.946E-003 +9.657E-003 +1.053E-002 
-0.00200000 +2.261E-002 +1.244E-002 +9.762E-003 +8.985E-003 +8.678E-003 +8.550E-003 +8.501E-003 +8.488E-003 +8.491E-003 +8.501E-003 +8.512E-003 +8.523E-003 +8.532E-003 +8.540E-003 +8.546E-003 +8.551E-003 +8.555E-003 +8.559E-003 +8.561E-003 +8.563E-003 +8.564E-003 +8.565E-003 +8.566E-003 +8.567E-003 +8.567E-003 +8.568E-003 +8.568E-003 +8.568E-003 +8.568E-003 +8.569E-003 +8.569E-003 +8.569E-003 +8.569E-003 +8.569E-003 +8.569E-003 +8.569E-003 +8.569E-003 +8.570E-003 +8.571E-003 +8.576E-003 +8.346E-003 +8.576E-003 +8.571E-003 +8.570E-003 +8.569E-003 +8.569E-003 +8.569E-003 +8.569E-003 +8.569E-003 +8.569E-003 +8.569E-003 +8.569E-003 +8.568E-003 +8.568E-003 +8.568E-003 +8.568E-003 +8.567E-003 +8.567E-003 +8.566E-003 +8.565E-003 +8.564E-003 +8.563E-003 +8.561E-003 +8.559E-003 +8.555E-003 +8.551E-003 +8.546E-003 +8.540E-003 +8.532E-003 +8.523E-003 +8.512E-003 +8.501E-003 +8.491E-003 +8.488E-003 +8.501E-003 +8.550E-003 +8.678E-003 +8.985E-003 +9.762E-003 +1.244E-002 +2.261E-002 
