# EPU80_2ID_W60_LH KICKMAP 
# Author: Ximenes R. Resende @ LNLS, Date: 30-Jul-2015 10:24:43
# ID Length [m]
5.3600
# Number of Horizontal Points
81 
# Number of Vertical Points
17 
# Horizontal KickTable in T2m2
START
            -0.01200000 -0.01170000 -0.01140000 -0.01110000 -0.01080000 -0.01050000 -0.01020000 -0.00990000 -0.00960000 -0.00930000 -0.00900000 -0.00870000 -0.00840000 -0.00810000 -0.00780000 -0.00750000 -0.00720000 -0.00690000 -0.00660000 -0.00630000 -0.00600000 -0.00570000 -0.00540000 -0.00510000 -0.00480000 -0.00450000 -0.00420000 -0.00390000 -0.00360000 -0.00330000 -0.00300000 -0.00270000 -0.00240000 -0.00210000 -0.00180000 -0.00150000 -0.00120000 -0.00090000 -0.00060000 -0.00030000 +0.00000000 +0.00030000 +0.00060000 +0.00090000 +0.00120000 +0.00150000 +0.00180000 +0.00210000 +0.00240000 +0.00270000 +0.00300000 +0.00330000 +0.00360000 +0.00390000 +0.00420000 +0.00450000 +0.00480000 +0.00510000 +0.00540000 +0.00570000 +0.00600000 +0.00630000 +0.00660000 +0.00690000 +0.00720000 +0.00750000 +0.00780000 +0.00810000 +0.00840000 +0.00870000 +0.00900000 +0.00930000 +0.00960000 +0.00990000 +0.01020000 +0.01050000 +0.01080000 +0.01110000 +0.01140000 +0.01170000 +0.01200000 
+0.00650000 -1.229E-04 -1.191E-04 -1.149E-04 -1.108E-04 -1.068E-04 -1.029E-04 -9.905E-05 -9.529E-05 -9.161E-05 -8.799E-05 -8.444E-05 -8.095E-05 -7.752E-05 -7.414E-05 -7.082E-05 -6.755E-05 -6.432E-05 -6.113E-05 -5.798E-05 -5.487E-05 -5.177E-05 -4.870E-05 -4.564E-05 -4.258E-05 -3.951E-05 -3.642E-05 -3.329E-05 -3.009E-05 -2.680E-05 -2.337E-05 -1.976E-05 -1.588E-05 -1.165E-05 -6.956E-06 -7.015E-07 +1.420E-06 +7.916E-06 +1.187E-05 +1.248E-05 +7.217E-06 +0.000E+00 -7.217E-06 -1.248E-05 -1.187E-05 -7.916E-06 -1.420E-06 +7.015E-07 +6.956E-06 +1.165E-05 +1.588E-05 +1.976E-05 +2.337E-05 +2.680E-05 +3.009E-05 +3.329E-05 +3.642E-05 +3.951E-05 +4.258E-05 +4.564E-05 +4.870E-05 +5.177E-05 +5.487E-05 +5.798E-05 +6.113E-05 +6.432E-05 +6.755E-05 +7.082E-05 +7.414E-05 +7.752E-05 +8.095E-05 +8.444E-05 +8.799E-05 +9.161E-05 +9.529E-05 +9.905E-05 +1.029E-04 +1.068E-04 +1.108E-04 +1.149E-04 +1.191E-04 +1.229E-04 
+0.00568750 -1.212E-04 -1.174E-04 -1.133E-04 -1.092E-04 -1.053E-04 -1.014E-04 -9.763E-05 -9.391E-05 -9.026E-05 -8.669E-05 -8.317E-05 -7.972E-05 -7.633E-05 -7.299E-05 -6.970E-05 -6.647E-05 -6.327E-05 -6.012E-05 -5.700E-05 -5.391E-05 -5.085E-05 -4.781E-05 -4.479E-05 -4.177E-05 -3.875E-05 -3.572E-05 -3.268E-05 -2.960E-05 -2.648E-05 -2.331E-05 -2.008E-05 -1.680E-05 -1.348E-05 -1.017E-05 -6.966E-06 -4.020E-06 -1.479E-06 -4.051E-08 +6.372E-07 +5.610E-07 +0.000E+00 -5.610E-07 -6.372E-07 +4.051E-08 +1.479E-06 +4.020E-06 +6.966E-06 +1.017E-05 +1.348E-05 +1.680E-05 +2.008E-05 +2.331E-05 +2.648E-05 +2.960E-05 +3.268E-05 +3.572E-05 +3.875E-05 +4.177E-05 +4.479E-05 +4.781E-05 +5.085E-05 +5.391E-05 +5.700E-05 +6.012E-05 +6.327E-05 +6.647E-05 +6.970E-05 +7.299E-05 +7.633E-05 +7.972E-05 +8.317E-05 +8.669E-05 +9.026E-05 +9.391E-05 +9.763E-05 +1.014E-04 +1.053E-04 +1.092E-04 +1.133E-04 +1.174E-04 +1.212E-04 
+0.00487500 -1.197E-04 -1.160E-04 -1.119E-04 -1.079E-04 -1.040E-04 -1.001E-04 -9.638E-05 -9.270E-05 -8.909E-05 -8.555E-05 -8.207E-05 -7.866E-05 -7.530E-05 -7.200E-05 -6.875E-05 -6.555E-05 -6.240E-05 -5.929E-05 -5.621E-05 -5.317E-05 -5.016E-05 -4.718E-05 -4.421E-05 -4.127E-05 -3.834E-05 -3.543E-05 -3.252E-05 -2.961E-05 -2.672E-05 -2.383E-05 -2.096E-05 -1.813E-05 -1.536E-05 -1.269E-05 -1.016E-05 -7.823E-06 -5.735E-06 -3.926E-06 -2.390E-06 -9.899E-07 +0.000E+00 +9.899E-07 +2.390E-06 +3.926E-06 +5.735E-06 +7.823E-06 +1.016E-05 +1.269E-05 +1.536E-05 +1.813E-05 +2.096E-05 +2.383E-05 +2.672E-05 +2.961E-05 +3.252E-05 +3.543E-05 +3.834E-05 +4.127E-05 +4.421E-05 +4.718E-05 +5.016E-05 +5.317E-05 +5.621E-05 +5.929E-05 +6.240E-05 +6.555E-05 +6.875E-05 +7.200E-05 +7.530E-05 +7.866E-05 +8.207E-05 +8.555E-05 +8.909E-05 +9.270E-05 +9.638E-05 +1.001E-04 +1.040E-04 +1.079E-04 +1.119E-04 +1.160E-04 +1.197E-04 
+0.00406250 -1.184E-04 -1.147E-04 -1.107E-04 -1.067E-04 -1.028E-04 -9.902E-05 -9.530E-05 -9.166E-05 -8.808E-05 -8.458E-05 -8.114E-05 -7.776E-05 -7.444E-05 -7.118E-05 -6.797E-05 -6.481E-05 -6.169E-05 -5.862E-05 -5.559E-05 -5.260E-05 -4.965E-05 -4.673E-05 -4.384E-05 -4.097E-05 -3.814E-05 -3.533E-05 -3.255E-05 -2.979E-05 -2.706E-05 -2.437E-05 -2.173E-05 -1.913E-05 -1.660E-05 -1.415E-05 -1.180E-05 -9.559E-06 -7.431E-06 -5.415E-06 -3.494E-06 -1.508E-06 +0.000E+00 +1.508E-06 +3.494E-06 +5.415E-06 +7.431E-06 +9.559E-06 +1.180E-05 +1.415E-05 +1.660E-05 +1.913E-05 +2.173E-05 +2.437E-05 +2.706E-05 +2.979E-05 +3.255E-05 +3.533E-05 +3.814E-05 +4.097E-05 +4.384E-05 +4.673E-05 +4.965E-05 +5.260E-05 +5.559E-05 +5.862E-05 +6.169E-05 +6.481E-05 +6.797E-05 +7.118E-05 +7.444E-05 +7.776E-05 +8.114E-05 +8.458E-05 +8.808E-05 +9.166E-05 +9.530E-05 +9.902E-05 +1.028E-04 +1.067E-04 +1.107E-04 +1.147E-04 +1.184E-04 
+0.00325000 -1.174E-04 -1.137E-04 -1.096E-04 -1.057E-04 -1.019E-04 -9.810E-05 -9.442E-05 -9.080E-05 -8.726E-05 -8.378E-05 -8.038E-05 -7.703E-05 -7.374E-05 -7.051E-05 -6.734E-05 -6.421E-05 -6.114E-05 -5.811E-05 -5.512E-05 -5.218E-05 -4.928E-05 -4.641E-05 -4.358E-05 -4.079E-05 -3.803E-05 -3.531E-05 -3.262E-05 -2.996E-05 -2.735E-05 -2.477E-05 -2.224E-05 -1.976E-05 -1.733E-05 -1.495E-05 -1.264E-05 -1.039E-05 -8.200E-06 -6.059E-06 -3.954E-06 -1.719E-06 +0.000E+00 +1.719E-06 +3.954E-06 +6.059E-06 +8.200E-06 +1.039E-05 +1.264E-05 +1.495E-05 +1.733E-05 +1.976E-05 +2.224E-05 +2.477E-05 +2.735E-05 +2.996E-05 +3.262E-05 +3.531E-05 +3.803E-05 +4.079E-05 +4.358E-05 +4.641E-05 +4.928E-05 +5.218E-05 +5.512E-05 +5.811E-05 +6.114E-05 +6.421E-05 +6.734E-05 +7.051E-05 +7.374E-05 +7.703E-05 +8.038E-05 +8.378E-05 +8.726E-05 +9.080E-05 +9.442E-05 +9.810E-05 +1.019E-04 +1.057E-04 +1.096E-04 +1.137E-04 +1.174E-04 
+0.00243750 -1.165E-04 -1.128E-04 -1.089E-04 -1.049E-04 -1.011E-04 -9.738E-05 -9.372E-05 -9.013E-05 -8.661E-05 -8.317E-05 -7.978E-05 -7.646E-05 -7.320E-05 -7.000E-05 -6.685E-05 -6.376E-05 -6.072E-05 -5.772E-05 -5.478E-05 -5.187E-05 -4.901E-05 -4.619E-05 -4.341E-05 -4.067E-05 -3.797E-05 -3.530E-05 -3.267E-05 -3.008E-05 -2.753E-05 -2.502E-05 -2.255E-05 -2.012E-05 -1.773E-05 -1.538E-05 -1.307E-05 -1.081E-05 -8.571E-06 -6.362E-06 -4.166E-06 -1.815E-06 +0.000E+00 +1.815E-06 +4.166E-06 +6.362E-06 +8.571E-06 +1.081E-05 +1.307E-05 +1.538E-05 +1.773E-05 +2.012E-05 +2.255E-05 +2.502E-05 +2.753E-05 +3.008E-05 +3.267E-05 +3.530E-05 +3.797E-05 +4.067E-05 +4.341E-05 +4.619E-05 +4.901E-05 +5.187E-05 +5.478E-05 +5.772E-05 +6.072E-05 +6.376E-05 +6.685E-05 +7.000E-05 +7.320E-05 +7.646E-05 +7.978E-05 +8.317E-05 +8.661E-05 +9.013E-05 +9.372E-05 +9.738E-05 +1.011E-04 +1.049E-04 +1.089E-04 +1.128E-04 +1.165E-04 
+0.00162500 -1.159E-04 -1.123E-04 -1.083E-04 -1.044E-04 -1.006E-04 -9.687E-05 -9.322E-05 -8.965E-05 -8.615E-05 -8.272E-05 -7.936E-05 -7.606E-05 -7.282E-05 -6.964E-05 -6.652E-05 -6.344E-05 -6.043E-05 -5.746E-05 -5.454E-05 -5.166E-05 -4.883E-05 -4.604E-05 -4.329E-05 -4.059E-05 -3.792E-05 -3.529E-05 -3.270E-05 -3.015E-05 -2.764E-05 -2.516E-05 -2.272E-05 -2.031E-05 -1.794E-05 -1.560E-05 -1.329E-05 -1.101E-05 -8.753E-06 -6.508E-06 -4.268E-06 -1.861E-06 +0.000E+00 +1.861E-06 +4.268E-06 +6.508E-06 +8.753E-06 +1.101E-05 +1.329E-05 +1.560E-05 +1.794E-05 +2.031E-05 +2.272E-05 +2.516E-05 +2.764E-05 +3.015E-05 +3.270E-05 +3.529E-05 +3.792E-05 +4.059E-05 +4.329E-05 +4.604E-05 +4.883E-05 +5.166E-05 +5.454E-05 +5.746E-05 +6.043E-05 +6.344E-05 +6.652E-05 +6.964E-05 +7.282E-05 +7.606E-05 +7.936E-05 +8.272E-05 +8.615E-05 +8.965E-05 +9.322E-05 +9.687E-05 +1.006E-04 +1.044E-04 +1.083E-04 +1.123E-04 +1.159E-04 
+0.00081250 -1.155E-04 -1.119E-04 -1.079E-04 -1.041E-04 -1.003E-04 -9.656E-05 -9.292E-05 -8.936E-05 -8.588E-05 -8.246E-05 -7.911E-05 -7.582E-05 -7.259E-05 -6.943E-05 -6.631E-05 -6.326E-05 -6.025E-05 -5.730E-05 -5.439E-05 -5.154E-05 -4.872E-05 -4.595E-05 -4.323E-05 -4.054E-05 -3.789E-05 -3.529E-05 -3.272E-05 -3.019E-05 -2.769E-05 -2.523E-05 -2.280E-05 -2.041E-05 -1.804E-05 -1.571E-05 -1.340E-05 -1.111E-05 -8.837E-06 -6.575E-06 -4.314E-06 -1.882E-06 +0.000E+00 +1.882E-06 +4.314E-06 +6.575E-06 +8.837E-06 +1.111E-05 +1.340E-05 +1.571E-05 +1.804E-05 +2.041E-05 +2.280E-05 +2.523E-05 +2.769E-05 +3.019E-05 +3.272E-05 +3.529E-05 +3.789E-05 +4.054E-05 +4.323E-05 +4.595E-05 +4.872E-05 +5.154E-05 +5.439E-05 +5.730E-05 +6.025E-05 +6.326E-05 +6.631E-05 +6.943E-05 +7.259E-05 +7.582E-05 +7.911E-05 +8.246E-05 +8.588E-05 +8.936E-05 +9.292E-05 +9.656E-05 +1.003E-04 +1.041E-04 +1.079E-04 +1.119E-04 +1.155E-04 
+0.00000000 -1.154E-04 -1.118E-04 -1.078E-04 -1.039E-04 -1.002E-04 -9.645E-05 -9.282E-05 -8.927E-05 -8.579E-05 -8.237E-05 -7.902E-05 -7.574E-05 -7.252E-05 -6.935E-05 -6.625E-05 -6.320E-05 -6.020E-05 -5.725E-05 -5.435E-05 -5.149E-05 -4.869E-05 -4.592E-05 -4.320E-05 -4.052E-05 -3.788E-05 -3.528E-05 -3.272E-05 -3.020E-05 -2.771E-05 -2.525E-05 -2.283E-05 -2.044E-05 -1.807E-05 -1.574E-05 -1.343E-05 -1.114E-05 -8.861E-06 -6.595E-06 -4.328E-06 -1.888E-06 +0.000E+00 +1.888E-06 +4.328E-06 +6.595E-06 +8.861E-06 +1.114E-05 +1.343E-05 +1.574E-05 +1.807E-05 +2.044E-05 +2.283E-05 +2.525E-05 +2.771E-05 +3.020E-05 +3.272E-05 +3.528E-05 +3.788E-05 +4.052E-05 +4.320E-05 +4.592E-05 +4.869E-05 +5.149E-05 +5.435E-05 +5.725E-05 +6.020E-05 +6.320E-05 +6.625E-05 +6.935E-05 +7.252E-05 +7.574E-05 +7.902E-05 +8.237E-05 +8.579E-05 +8.927E-05 +9.282E-05 +9.645E-05 +1.002E-04 +1.039E-04 +1.078E-04 +1.118E-04 +1.154E-04 
-0.00081250 -1.155E-04 -1.119E-04 -1.079E-04 -1.041E-04 -1.003E-04 -9.656E-05 -9.292E-05 -8.936E-05 -8.588E-05 -8.246E-05 -7.911E-05 -7.582E-05 -7.259E-05 -6.943E-05 -6.631E-05 -6.326E-05 -6.025E-05 -5.730E-05 -5.439E-05 -5.154E-05 -4.872E-05 -4.595E-05 -4.323E-05 -4.054E-05 -3.789E-05 -3.529E-05 -3.272E-05 -3.019E-05 -2.769E-05 -2.523E-05 -2.280E-05 -2.041E-05 -1.804E-05 -1.571E-05 -1.340E-05 -1.111E-05 -8.837E-06 -6.575E-06 -4.314E-06 -1.882E-06 +0.000E+00 +1.882E-06 +4.314E-06 +6.575E-06 +8.837E-06 +1.111E-05 +1.340E-05 +1.571E-05 +1.804E-05 +2.041E-05 +2.280E-05 +2.523E-05 +2.769E-05 +3.019E-05 +3.272E-05 +3.529E-05 +3.789E-05 +4.054E-05 +4.323E-05 +4.595E-05 +4.872E-05 +5.154E-05 +5.439E-05 +5.730E-05 +6.025E-05 +6.326E-05 +6.631E-05 +6.943E-05 +7.259E-05 +7.582E-05 +7.911E-05 +8.246E-05 +8.588E-05 +8.936E-05 +9.292E-05 +9.656E-05 +1.003E-04 +1.041E-04 +1.079E-04 +1.119E-04 +1.155E-04 
-0.00162500 -1.159E-04 -1.123E-04 -1.083E-04 -1.044E-04 -1.006E-04 -9.687E-05 -9.322E-05 -8.965E-05 -8.615E-05 -8.272E-05 -7.936E-05 -7.606E-05 -7.282E-05 -6.964E-05 -6.652E-05 -6.344E-05 -6.043E-05 -5.746E-05 -5.454E-05 -5.166E-05 -4.883E-05 -4.604E-05 -4.329E-05 -4.059E-05 -3.792E-05 -3.529E-05 -3.270E-05 -3.015E-05 -2.764E-05 -2.516E-05 -2.272E-05 -2.031E-05 -1.794E-05 -1.560E-05 -1.329E-05 -1.101E-05 -8.753E-06 -6.508E-06 -4.268E-06 -1.861E-06 +0.000E+00 +1.861E-06 +4.268E-06 +6.508E-06 +8.753E-06 +1.101E-05 +1.329E-05 +1.560E-05 +1.794E-05 +2.031E-05 +2.272E-05 +2.516E-05 +2.764E-05 +3.015E-05 +3.270E-05 +3.529E-05 +3.792E-05 +4.059E-05 +4.329E-05 +4.604E-05 +4.883E-05 +5.166E-05 +5.454E-05 +5.746E-05 +6.043E-05 +6.344E-05 +6.652E-05 +6.964E-05 +7.282E-05 +7.606E-05 +7.936E-05 +8.272E-05 +8.615E-05 +8.965E-05 +9.322E-05 +9.687E-05 +1.006E-04 +1.044E-04 +1.083E-04 +1.123E-04 +1.159E-04 
-0.00243750 -1.165E-04 -1.128E-04 -1.089E-04 -1.049E-04 -1.011E-04 -9.738E-05 -9.372E-05 -9.013E-05 -8.661E-05 -8.317E-05 -7.978E-05 -7.646E-05 -7.320E-05 -7.000E-05 -6.685E-05 -6.376E-05 -6.072E-05 -5.772E-05 -5.478E-05 -5.187E-05 -4.901E-05 -4.619E-05 -4.341E-05 -4.067E-05 -3.797E-05 -3.530E-05 -3.267E-05 -3.008E-05 -2.753E-05 -2.502E-05 -2.255E-05 -2.012E-05 -1.773E-05 -1.538E-05 -1.307E-05 -1.081E-05 -8.571E-06 -6.362E-06 -4.166E-06 -1.815E-06 +0.000E+00 +1.815E-06 +4.166E-06 +6.362E-06 +8.571E-06 +1.081E-05 +1.307E-05 +1.538E-05 +1.773E-05 +2.012E-05 +2.255E-05 +2.502E-05 +2.753E-05 +3.008E-05 +3.267E-05 +3.530E-05 +3.797E-05 +4.067E-05 +4.341E-05 +4.619E-05 +4.901E-05 +5.187E-05 +5.478E-05 +5.772E-05 +6.072E-05 +6.376E-05 +6.685E-05 +7.000E-05 +7.320E-05 +7.646E-05 +7.978E-05 +8.317E-05 +8.661E-05 +9.013E-05 +9.372E-05 +9.738E-05 +1.011E-04 +1.049E-04 +1.089E-04 +1.128E-04 +1.165E-04 
-0.00325000 -1.174E-04 -1.137E-04 -1.096E-04 -1.057E-04 -1.019E-04 -9.810E-05 -9.442E-05 -9.080E-05 -8.726E-05 -8.378E-05 -8.038E-05 -7.703E-05 -7.374E-05 -7.051E-05 -6.734E-05 -6.421E-05 -6.114E-05 -5.811E-05 -5.512E-05 -5.218E-05 -4.928E-05 -4.641E-05 -4.358E-05 -4.079E-05 -3.803E-05 -3.531E-05 -3.262E-05 -2.996E-05 -2.735E-05 -2.477E-05 -2.224E-05 -1.976E-05 -1.733E-05 -1.495E-05 -1.264E-05 -1.039E-05 -8.200E-06 -6.059E-06 -3.954E-06 -1.719E-06 +0.000E+00 +1.719E-06 +3.954E-06 +6.059E-06 +8.200E-06 +1.039E-05 +1.264E-05 +1.495E-05 +1.733E-05 +1.976E-05 +2.224E-05 +2.477E-05 +2.735E-05 +2.996E-05 +3.262E-05 +3.531E-05 +3.803E-05 +4.079E-05 +4.358E-05 +4.641E-05 +4.928E-05 +5.218E-05 +5.512E-05 +5.811E-05 +6.114E-05 +6.421E-05 +6.734E-05 +7.051E-05 +7.374E-05 +7.703E-05 +8.038E-05 +8.378E-05 +8.726E-05 +9.080E-05 +9.442E-05 +9.810E-05 +1.019E-04 +1.057E-04 +1.096E-04 +1.137E-04 +1.174E-04 
-0.00406250 -1.184E-04 -1.147E-04 -1.107E-04 -1.067E-04 -1.028E-04 -9.902E-05 -9.530E-05 -9.166E-05 -8.808E-05 -8.458E-05 -8.114E-05 -7.776E-05 -7.444E-05 -7.118E-05 -6.797E-05 -6.481E-05 -6.169E-05 -5.862E-05 -5.559E-05 -5.260E-05 -4.965E-05 -4.673E-05 -4.384E-05 -4.097E-05 -3.814E-05 -3.533E-05 -3.255E-05 -2.979E-05 -2.706E-05 -2.437E-05 -2.173E-05 -1.913E-05 -1.660E-05 -1.415E-05 -1.180E-05 -9.559E-06 -7.431E-06 -5.415E-06 -3.494E-06 -1.508E-06 +0.000E+00 +1.508E-06 +3.494E-06 +5.415E-06 +7.431E-06 +9.559E-06 +1.180E-05 +1.415E-05 +1.660E-05 +1.913E-05 +2.173E-05 +2.437E-05 +2.706E-05 +2.979E-05 +3.255E-05 +3.533E-05 +3.814E-05 +4.097E-05 +4.384E-05 +4.673E-05 +4.965E-05 +5.260E-05 +5.559E-05 +5.862E-05 +6.169E-05 +6.481E-05 +6.797E-05 +7.118E-05 +7.444E-05 +7.776E-05 +8.114E-05 +8.458E-05 +8.808E-05 +9.166E-05 +9.530E-05 +9.902E-05 +1.028E-04 +1.067E-04 +1.107E-04 +1.147E-04 +1.184E-04 
-0.00487500 -1.197E-04 -1.160E-04 -1.119E-04 -1.079E-04 -1.040E-04 -1.001E-04 -9.638E-05 -9.270E-05 -8.909E-05 -8.555E-05 -8.207E-05 -7.866E-05 -7.530E-05 -7.200E-05 -6.875E-05 -6.555E-05 -6.240E-05 -5.929E-05 -5.621E-05 -5.317E-05 -5.016E-05 -4.718E-05 -4.421E-05 -4.127E-05 -3.834E-05 -3.543E-05 -3.252E-05 -2.961E-05 -2.672E-05 -2.383E-05 -2.096E-05 -1.813E-05 -1.536E-05 -1.269E-05 -1.016E-05 -7.823E-06 -5.735E-06 -3.926E-06 -2.390E-06 -9.899E-07 +0.000E+00 +9.899E-07 +2.390E-06 +3.926E-06 +5.735E-06 +7.823E-06 +1.016E-05 +1.269E-05 +1.536E-05 +1.813E-05 +2.096E-05 +2.383E-05 +2.672E-05 +2.961E-05 +3.252E-05 +3.543E-05 +3.834E-05 +4.127E-05 +4.421E-05 +4.718E-05 +5.016E-05 +5.317E-05 +5.621E-05 +5.929E-05 +6.240E-05 +6.555E-05 +6.875E-05 +7.200E-05 +7.530E-05 +7.866E-05 +8.207E-05 +8.555E-05 +8.909E-05 +9.270E-05 +9.638E-05 +1.001E-04 +1.040E-04 +1.079E-04 +1.119E-04 +1.160E-04 +1.197E-04 
-0.00568750 -1.212E-04 -1.174E-04 -1.133E-04 -1.092E-04 -1.053E-04 -1.014E-04 -9.763E-05 -9.391E-05 -9.026E-05 -8.669E-05 -8.317E-05 -7.972E-05 -7.633E-05 -7.299E-05 -6.970E-05 -6.647E-05 -6.327E-05 -6.012E-05 -5.700E-05 -5.391E-05 -5.085E-05 -4.781E-05 -4.479E-05 -4.177E-05 -3.875E-05 -3.572E-05 -3.268E-05 -2.960E-05 -2.648E-05 -2.331E-05 -2.008E-05 -1.680E-05 -1.348E-05 -1.017E-05 -6.966E-06 -4.020E-06 -1.479E-06 -4.051E-08 +6.372E-07 +5.610E-07 +0.000E+00 -5.610E-07 -6.372E-07 +4.051E-08 +1.479E-06 +4.020E-06 +6.966E-06 +1.017E-05 +1.348E-05 +1.680E-05 +2.008E-05 +2.331E-05 +2.648E-05 +2.960E-05 +3.268E-05 +3.572E-05 +3.875E-05 +4.177E-05 +4.479E-05 +4.781E-05 +5.085E-05 +5.391E-05 +5.700E-05 +6.012E-05 +6.327E-05 +6.647E-05 +6.970E-05 +7.299E-05 +7.633E-05 +7.972E-05 +8.317E-05 +8.669E-05 +9.026E-05 +9.391E-05 +9.763E-05 +1.014E-04 +1.053E-04 +1.092E-04 +1.133E-04 +1.174E-04 +1.212E-04 
-0.00650000 -1.229E-04 -1.191E-04 -1.149E-04 -1.108E-04 -1.068E-04 -1.029E-04 -9.905E-05 -9.529E-05 -9.161E-05 -8.799E-05 -8.444E-05 -8.095E-05 -7.752E-05 -7.414E-05 -7.082E-05 -6.755E-05 -6.432E-05 -6.113E-05 -5.798E-05 -5.487E-05 -5.177E-05 -4.870E-05 -4.564E-05 -4.258E-05 -3.951E-05 -3.642E-05 -3.329E-05 -3.009E-05 -2.680E-05 -2.337E-05 -1.976E-05 -1.588E-05 -1.165E-05 -6.956E-06 -7.015E-07 +1.420E-06 +7.916E-06 +1.187E-05 +1.248E-05 +7.217E-06 +0.000E+00 -7.217E-06 -1.248E-05 -1.187E-05 -7.916E-06 -1.420E-06 +7.015E-07 +6.956E-06 +1.165E-05 +1.588E-05 +1.976E-05 +2.337E-05 +2.680E-05 +3.009E-05 +3.329E-05 +3.642E-05 +3.951E-05 +4.258E-05 +4.564E-05 +4.870E-05 +5.177E-05 +5.487E-05 +5.798E-05 +6.113E-05 +6.432E-05 +6.755E-05 +7.082E-05 +7.414E-05 +7.752E-05 +8.095E-05 +8.444E-05 +8.799E-05 +9.161E-05 +9.529E-05 +9.905E-05 +1.029E-04 +1.068E-04 +1.108E-04 +1.149E-04 +1.191E-04 +1.229E-04 
# Vertical KickTable in T2m2
START
            -0.01200000 -0.01170000 -0.01140000 -0.01110000 -0.01080000 -0.01050000 -0.01020000 -0.00990000 -0.00960000 -0.00930000 -0.00900000 -0.00870000 -0.00840000 -0.00810000 -0.00780000 -0.00750000 -0.00720000 -0.00690000 -0.00660000 -0.00630000 -0.00600000 -0.00570000 -0.00540000 -0.00510000 -0.00480000 -0.00450000 -0.00420000 -0.00390000 -0.00360000 -0.00330000 -0.00300000 -0.00270000 -0.00240000 -0.00210000 -0.00180000 -0.00150000 -0.00120000 -0.00090000 -0.00060000 -0.00030000 +0.00000000 +0.00030000 +0.00060000 +0.00090000 +0.00120000 +0.00150000 +0.00180000 +0.00210000 +0.00240000 +0.00270000 +0.00300000 +0.00330000 +0.00360000 +0.00390000 +0.00420000 +0.00450000 +0.00480000 +0.00510000 +0.00540000 +0.00570000 +0.00600000 +0.00630000 +0.00660000 +0.00690000 +0.00720000 +0.00750000 +0.00780000 +0.00810000 +0.00840000 +0.00870000 +0.00900000 +0.00930000 +0.00960000 +0.00990000 +0.01020000 +0.01050000 +0.01080000 +0.01110000 +0.01140000 +0.01170000 +0.01200000 
+0.00650000 -1.747E-02 -1.747E-02 -1.747E-02 -1.747E-02 -1.747E-02 -1.747E-02 -1.747E-02 -1.747E-02 -1.747E-02 -1.747E-02 -1.748E-02 -1.748E-02 -1.748E-02 -1.748E-02 -1.748E-02 -1.748E-02 -1.748E-02 -1.748E-02 -1.748E-02 -1.748E-02 -1.748E-02 -1.748E-02 -1.748E-02 -1.748E-02 -1.748E-02 -1.748E-02 -1.748E-02 -1.748E-02 -1.748E-02 -1.748E-02 -1.748E-02 -1.748E-02 -1.748E-02 -1.748E-02 -1.748E-02 -1.748E-02 -1.747E-02 -1.747E-02 -1.746E-02 -1.746E-02 -1.745E-02 -1.746E-02 -1.746E-02 -1.747E-02 -1.747E-02 -1.748E-02 -1.748E-02 -1.748E-02 -1.748E-02 -1.748E-02 -1.748E-02 -1.748E-02 -1.748E-02 -1.748E-02 -1.748E-02 -1.748E-02 -1.748E-02 -1.748E-02 -1.748E-02 -1.748E-02 -1.748E-02 -1.748E-02 -1.748E-02 -1.748E-02 -1.748E-02 -1.748E-02 -1.748E-02 -1.748E-02 -1.748E-02 -1.748E-02 -1.748E-02 -1.747E-02 -1.747E-02 -1.747E-02 -1.747E-02 -1.747E-02 -1.747E-02 -1.747E-02 -1.747E-02 -1.747E-02 -1.747E-02 
+0.00568750 -1.494E-02 -1.494E-02 -1.494E-02 -1.494E-02 -1.494E-02 -1.494E-02 -1.494E-02 -1.494E-02 -1.494E-02 -1.494E-02 -1.494E-02 -1.494E-02 -1.494E-02 -1.494E-02 -1.494E-02 -1.494E-02 -1.494E-02 -1.495E-02 -1.495E-02 -1.495E-02 -1.495E-02 -1.495E-02 -1.495E-02 -1.495E-02 -1.495E-02 -1.495E-02 -1.495E-02 -1.495E-02 -1.495E-02 -1.495E-02 -1.495E-02 -1.495E-02 -1.495E-02 -1.495E-02 -1.494E-02 -1.494E-02 -1.494E-02 -1.494E-02 -1.494E-02 -1.493E-02 -1.493E-02 -1.493E-02 -1.494E-02 -1.494E-02 -1.494E-02 -1.494E-02 -1.494E-02 -1.495E-02 -1.495E-02 -1.495E-02 -1.495E-02 -1.495E-02 -1.495E-02 -1.495E-02 -1.495E-02 -1.495E-02 -1.495E-02 -1.495E-02 -1.495E-02 -1.495E-02 -1.495E-02 -1.495E-02 -1.495E-02 -1.495E-02 -1.494E-02 -1.494E-02 -1.494E-02 -1.494E-02 -1.494E-02 -1.494E-02 -1.494E-02 -1.494E-02 -1.494E-02 -1.494E-02 -1.494E-02 -1.494E-02 -1.494E-02 -1.494E-02 -1.494E-02 -1.494E-02 -1.494E-02 
+0.00487500 -1.235E-02 -1.235E-02 -1.235E-02 -1.235E-02 -1.236E-02 -1.236E-02 -1.236E-02 -1.236E-02 -1.236E-02 -1.236E-02 -1.236E-02 -1.236E-02 -1.236E-02 -1.236E-02 -1.236E-02 -1.236E-02 -1.236E-02 -1.236E-02 -1.236E-02 -1.236E-02 -1.236E-02 -1.236E-02 -1.236E-02 -1.236E-02 -1.236E-02 -1.236E-02 -1.236E-02 -1.236E-02 -1.236E-02 -1.236E-02 -1.236E-02 -1.236E-02 -1.236E-02 -1.236E-02 -1.236E-02 -1.236E-02 -1.236E-02 -1.236E-02 -1.236E-02 -1.235E-02 -1.235E-02 -1.235E-02 -1.236E-02 -1.236E-02 -1.236E-02 -1.236E-02 -1.236E-02 -1.236E-02 -1.236E-02 -1.236E-02 -1.236E-02 -1.236E-02 -1.236E-02 -1.236E-02 -1.236E-02 -1.236E-02 -1.236E-02 -1.236E-02 -1.236E-02 -1.236E-02 -1.236E-02 -1.236E-02 -1.236E-02 -1.236E-02 -1.236E-02 -1.236E-02 -1.236E-02 -1.236E-02 -1.236E-02 -1.236E-02 -1.236E-02 -1.236E-02 -1.236E-02 -1.236E-02 -1.236E-02 -1.236E-02 -1.236E-02 -1.235E-02 -1.235E-02 -1.235E-02 -1.235E-02 
+0.00406250 -9.981E-03 -9.981E-03 -9.982E-03 -9.982E-03 -9.982E-03 -9.983E-03 -9.983E-03 -9.984E-03 -9.984E-03 -9.984E-03 -9.984E-03 -9.985E-03 -9.985E-03 -9.985E-03 -9.986E-03 -9.986E-03 -9.986E-03 -9.986E-03 -9.987E-03 -9.987E-03 -9.987E-03 -9.987E-03 -9.987E-03 -9.987E-03 -9.987E-03 -9.987E-03 -9.987E-03 -9.987E-03 -9.987E-03 -9.987E-03 -9.987E-03 -9.987E-03 -9.986E-03 -9.986E-03 -9.986E-03 -9.985E-03 -9.985E-03 -9.984E-03 -9.984E-03 -9.984E-03 -9.984E-03 -9.984E-03 -9.984E-03 -9.984E-03 -9.985E-03 -9.985E-03 -9.986E-03 -9.986E-03 -9.986E-03 -9.987E-03 -9.987E-03 -9.987E-03 -9.987E-03 -9.987E-03 -9.987E-03 -9.987E-03 -9.987E-03 -9.987E-03 -9.987E-03 -9.987E-03 -9.987E-03 -9.987E-03 -9.987E-03 -9.986E-03 -9.986E-03 -9.986E-03 -9.986E-03 -9.985E-03 -9.985E-03 -9.985E-03 -9.984E-03 -9.984E-03 -9.984E-03 -9.984E-03 -9.983E-03 -9.983E-03 -9.982E-03 -9.982E-03 -9.982E-03 -9.981E-03 -9.981E-03 
+0.00325000 -7.773E-03 -7.773E-03 -7.773E-03 -7.774E-03 -7.774E-03 -7.774E-03 -7.775E-03 -7.775E-03 -7.775E-03 -7.775E-03 -7.776E-03 -7.776E-03 -7.776E-03 -7.776E-03 -7.777E-03 -7.777E-03 -7.777E-03 -7.777E-03 -7.777E-03 -7.777E-03 -7.778E-03 -7.778E-03 -7.778E-03 -7.778E-03 -7.778E-03 -7.778E-03 -7.778E-03 -7.778E-03 -7.778E-03 -7.778E-03 -7.778E-03 -7.777E-03 -7.777E-03 -7.777E-03 -7.777E-03 -7.777E-03 -7.776E-03 -7.776E-03 -7.776E-03 -7.776E-03 -7.776E-03 -7.776E-03 -7.776E-03 -7.776E-03 -7.776E-03 -7.777E-03 -7.777E-03 -7.777E-03 -7.777E-03 -7.777E-03 -7.778E-03 -7.778E-03 -7.778E-03 -7.778E-03 -7.778E-03 -7.778E-03 -7.778E-03 -7.778E-03 -7.778E-03 -7.778E-03 -7.778E-03 -7.777E-03 -7.777E-03 -7.777E-03 -7.777E-03 -7.777E-03 -7.777E-03 -7.776E-03 -7.776E-03 -7.776E-03 -7.776E-03 -7.775E-03 -7.775E-03 -7.775E-03 -7.775E-03 -7.774E-03 -7.774E-03 -7.774E-03 -7.773E-03 -7.773E-03 -7.773E-03 
+0.00243750 -5.688E-03 -5.689E-03 -5.689E-03 -5.689E-03 -5.689E-03 -5.690E-03 -5.690E-03 -5.690E-03 -5.690E-03 -5.691E-03 -5.691E-03 -5.691E-03 -5.691E-03 -5.691E-03 -5.691E-03 -5.692E-03 -5.692E-03 -5.692E-03 -5.692E-03 -5.692E-03 -5.692E-03 -5.692E-03 -5.692E-03 -5.692E-03 -5.692E-03 -5.692E-03 -5.692E-03 -5.692E-03 -5.692E-03 -5.692E-03 -5.692E-03 -5.692E-03 -5.692E-03 -5.692E-03 -5.692E-03 -5.692E-03 -5.691E-03 -5.691E-03 -5.691E-03 -5.691E-03 -5.691E-03 -5.691E-03 -5.691E-03 -5.691E-03 -5.691E-03 -5.692E-03 -5.692E-03 -5.692E-03 -5.692E-03 -5.692E-03 -5.692E-03 -5.692E-03 -5.692E-03 -5.692E-03 -5.692E-03 -5.692E-03 -5.692E-03 -5.692E-03 -5.692E-03 -5.692E-03 -5.692E-03 -5.692E-03 -5.692E-03 -5.692E-03 -5.692E-03 -5.692E-03 -5.691E-03 -5.691E-03 -5.691E-03 -5.691E-03 -5.691E-03 -5.691E-03 -5.690E-03 -5.690E-03 -5.690E-03 -5.690E-03 -5.689E-03 -5.689E-03 -5.689E-03 -5.689E-03 -5.688E-03 
+0.00162500 -3.688E-03 -3.688E-03 -3.689E-03 -3.689E-03 -3.689E-03 -3.689E-03 -3.689E-03 -3.689E-03 -3.690E-03 -3.690E-03 -3.690E-03 -3.690E-03 -3.690E-03 -3.690E-03 -3.690E-03 -3.690E-03 -3.690E-03 -3.690E-03 -3.691E-03 -3.691E-03 -3.691E-03 -3.691E-03 -3.691E-03 -3.691E-03 -3.691E-03 -3.691E-03 -3.691E-03 -3.691E-03 -3.691E-03 -3.691E-03 -3.691E-03 -3.691E-03 -3.691E-03 -3.691E-03 -3.690E-03 -3.690E-03 -3.690E-03 -3.690E-03 -3.690E-03 -3.690E-03 -3.690E-03 -3.690E-03 -3.690E-03 -3.690E-03 -3.690E-03 -3.690E-03 -3.690E-03 -3.691E-03 -3.691E-03 -3.691E-03 -3.691E-03 -3.691E-03 -3.691E-03 -3.691E-03 -3.691E-03 -3.691E-03 -3.691E-03 -3.691E-03 -3.691E-03 -3.691E-03 -3.691E-03 -3.691E-03 -3.691E-03 -3.690E-03 -3.690E-03 -3.690E-03 -3.690E-03 -3.690E-03 -3.690E-03 -3.690E-03 -3.690E-03 -3.690E-03 -3.690E-03 -3.689E-03 -3.689E-03 -3.689E-03 -3.689E-03 -3.689E-03 -3.689E-03 -3.688E-03 -3.688E-03 
+0.00081250 -1.598E-03 -1.598E-03 -1.598E-03 -1.598E-03 -1.598E-03 -1.598E-03 -1.598E-03 -1.598E-03 -1.598E-03 -1.598E-03 -1.598E-03 -1.598E-03 -1.598E-03 -1.598E-03 -1.598E-03 -1.598E-03 -1.598E-03 -1.599E-03 -1.599E-03 -1.599E-03 -1.599E-03 -1.599E-03 -1.599E-03 -1.599E-03 -1.599E-03 -1.599E-03 -1.599E-03 -1.599E-03 -1.599E-03 -1.599E-03 -1.599E-03 -1.599E-03 -1.599E-03 -1.599E-03 -1.599E-03 -1.599E-03 -1.598E-03 -1.598E-03 -1.598E-03 -1.598E-03 -1.598E-03 -1.598E-03 -1.598E-03 -1.598E-03 -1.598E-03 -1.599E-03 -1.599E-03 -1.599E-03 -1.599E-03 -1.599E-03 -1.599E-03 -1.599E-03 -1.599E-03 -1.599E-03 -1.599E-03 -1.599E-03 -1.599E-03 -1.599E-03 -1.599E-03 -1.599E-03 -1.599E-03 -1.599E-03 -1.599E-03 -1.599E-03 -1.598E-03 -1.598E-03 -1.598E-03 -1.598E-03 -1.598E-03 -1.598E-03 -1.598E-03 -1.598E-03 -1.598E-03 -1.598E-03 -1.598E-03 -1.598E-03 -1.598E-03 -1.598E-03 -1.598E-03 -1.598E-03 -1.598E-03 
+0.00000000 +0.000E+00 +0.000E+00 +0.000E+00 +0.000E+00 +0.000E+00 +0.000E+00 +0.000E+00 +0.000E+00 +0.000E+00 +0.000E+00 +0.000E+00 +0.000E+00 +0.000E+00 +0.000E+00 +0.000E+00 +0.000E+00 +0.000E+00 +0.000E+00 +0.000E+00 +0.000E+00 +0.000E+00 +0.000E+00 +0.000E+00 +0.000E+00 +0.000E+00 +0.000E+00 +0.000E+00 +0.000E+00 +0.000E+00 +0.000E+00 +0.000E+00 +0.000E+00 +0.000E+00 +0.000E+00 +0.000E+00 +0.000E+00 +0.000E+00 +0.000E+00 +0.000E+00 +0.000E+00 +0.000E+00 +0.000E+00 +0.000E+00 +0.000E+00 +0.000E+00 +0.000E+00 +0.000E+00 +0.000E+00 +0.000E+00 +0.000E+00 +0.000E+00 +0.000E+00 +0.000E+00 +0.000E+00 +0.000E+00 +0.000E+00 +0.000E+00 +0.000E+00 +0.000E+00 +0.000E+00 +0.000E+00 +0.000E+00 +0.000E+00 +0.000E+00 +0.000E+00 +0.000E+00 +0.000E+00 +0.000E+00 +0.000E+00 +0.000E+00 +0.000E+00 +0.000E+00 +0.000E+00 +0.000E+00 +0.000E+00 +0.000E+00 +0.000E+00 +0.000E+00 +0.000E+00 +0.000E+00 +0.000E+00 
-0.00081250 +1.598E-03 +1.598E-03 +1.598E-03 +1.598E-03 +1.598E-03 +1.598E-03 +1.598E-03 +1.598E-03 +1.598E-03 +1.598E-03 +1.598E-03 +1.598E-03 +1.598E-03 +1.598E-03 +1.598E-03 +1.598E-03 +1.598E-03 +1.599E-03 +1.599E-03 +1.599E-03 +1.599E-03 +1.599E-03 +1.599E-03 +1.599E-03 +1.599E-03 +1.599E-03 +1.599E-03 +1.599E-03 +1.599E-03 +1.599E-03 +1.599E-03 +1.599E-03 +1.599E-03 +1.599E-03 +1.599E-03 +1.599E-03 +1.598E-03 +1.598E-03 +1.598E-03 +1.598E-03 +1.598E-03 +1.598E-03 +1.598E-03 +1.598E-03 +1.598E-03 +1.599E-03 +1.599E-03 +1.599E-03 +1.599E-03 +1.599E-03 +1.599E-03 +1.599E-03 +1.599E-03 +1.599E-03 +1.599E-03 +1.599E-03 +1.599E-03 +1.599E-03 +1.599E-03 +1.599E-03 +1.599E-03 +1.599E-03 +1.599E-03 +1.599E-03 +1.598E-03 +1.598E-03 +1.598E-03 +1.598E-03 +1.598E-03 +1.598E-03 +1.598E-03 +1.598E-03 +1.598E-03 +1.598E-03 +1.598E-03 +1.598E-03 +1.598E-03 +1.598E-03 +1.598E-03 +1.598E-03 +1.598E-03 
-0.00162500 +3.688E-03 +3.688E-03 +3.689E-03 +3.689E-03 +3.689E-03 +3.689E-03 +3.689E-03 +3.689E-03 +3.690E-03 +3.690E-03 +3.690E-03 +3.690E-03 +3.690E-03 +3.690E-03 +3.690E-03 +3.690E-03 +3.690E-03 +3.690E-03 +3.691E-03 +3.691E-03 +3.691E-03 +3.691E-03 +3.691E-03 +3.691E-03 +3.691E-03 +3.691E-03 +3.691E-03 +3.691E-03 +3.691E-03 +3.691E-03 +3.691E-03 +3.691E-03 +3.691E-03 +3.691E-03 +3.690E-03 +3.690E-03 +3.690E-03 +3.690E-03 +3.690E-03 +3.690E-03 +3.690E-03 +3.690E-03 +3.690E-03 +3.690E-03 +3.690E-03 +3.690E-03 +3.690E-03 +3.691E-03 +3.691E-03 +3.691E-03 +3.691E-03 +3.691E-03 +3.691E-03 +3.691E-03 +3.691E-03 +3.691E-03 +3.691E-03 +3.691E-03 +3.691E-03 +3.691E-03 +3.691E-03 +3.691E-03 +3.691E-03 +3.690E-03 +3.690E-03 +3.690E-03 +3.690E-03 +3.690E-03 +3.690E-03 +3.690E-03 +3.690E-03 +3.690E-03 +3.690E-03 +3.689E-03 +3.689E-03 +3.689E-03 +3.689E-03 +3.689E-03 +3.689E-03 +3.688E-03 +3.688E-03 
-0.00243750 +5.688E-03 +5.689E-03 +5.689E-03 +5.689E-03 +5.689E-03 +5.690E-03 +5.690E-03 +5.690E-03 +5.690E-03 +5.691E-03 +5.691E-03 +5.691E-03 +5.691E-03 +5.691E-03 +5.691E-03 +5.692E-03 +5.692E-03 +5.692E-03 +5.692E-03 +5.692E-03 +5.692E-03 +5.692E-03 +5.692E-03 +5.692E-03 +5.692E-03 +5.692E-03 +5.692E-03 +5.692E-03 +5.692E-03 +5.692E-03 +5.692E-03 +5.692E-03 +5.692E-03 +5.692E-03 +5.692E-03 +5.692E-03 +5.691E-03 +5.691E-03 +5.691E-03 +5.691E-03 +5.691E-03 +5.691E-03 +5.691E-03 +5.691E-03 +5.691E-03 +5.692E-03 +5.692E-03 +5.692E-03 +5.692E-03 +5.692E-03 +5.692E-03 +5.692E-03 +5.692E-03 +5.692E-03 +5.692E-03 +5.692E-03 +5.692E-03 +5.692E-03 +5.692E-03 +5.692E-03 +5.692E-03 +5.692E-03 +5.692E-03 +5.692E-03 +5.692E-03 +5.692E-03 +5.691E-03 +5.691E-03 +5.691E-03 +5.691E-03 +5.691E-03 +5.691E-03 +5.690E-03 +5.690E-03 +5.690E-03 +5.690E-03 +5.689E-03 +5.689E-03 +5.689E-03 +5.689E-03 +5.688E-03 
-0.00325000 +7.773E-03 +7.773E-03 +7.773E-03 +7.774E-03 +7.774E-03 +7.774E-03 +7.775E-03 +7.775E-03 +7.775E-03 +7.775E-03 +7.776E-03 +7.776E-03 +7.776E-03 +7.776E-03 +7.777E-03 +7.777E-03 +7.777E-03 +7.777E-03 +7.777E-03 +7.777E-03 +7.778E-03 +7.778E-03 +7.778E-03 +7.778E-03 +7.778E-03 +7.778E-03 +7.778E-03 +7.778E-03 +7.778E-03 +7.778E-03 +7.778E-03 +7.777E-03 +7.777E-03 +7.777E-03 +7.777E-03 +7.777E-03 +7.776E-03 +7.776E-03 +7.776E-03 +7.776E-03 +7.776E-03 +7.776E-03 +7.776E-03 +7.776E-03 +7.776E-03 +7.777E-03 +7.777E-03 +7.777E-03 +7.777E-03 +7.777E-03 +7.778E-03 +7.778E-03 +7.778E-03 +7.778E-03 +7.778E-03 +7.778E-03 +7.778E-03 +7.778E-03 +7.778E-03 +7.778E-03 +7.778E-03 +7.777E-03 +7.777E-03 +7.777E-03 +7.777E-03 +7.777E-03 +7.777E-03 +7.776E-03 +7.776E-03 +7.776E-03 +7.776E-03 +7.775E-03 +7.775E-03 +7.775E-03 +7.775E-03 +7.774E-03 +7.774E-03 +7.774E-03 +7.773E-03 +7.773E-03 +7.773E-03 
-0.00406250 +9.981E-03 +9.981E-03 +9.982E-03 +9.982E-03 +9.982E-03 +9.983E-03 +9.983E-03 +9.984E-03 +9.984E-03 +9.984E-03 +9.984E-03 +9.985E-03 +9.985E-03 +9.985E-03 +9.986E-03 +9.986E-03 +9.986E-03 +9.986E-03 +9.987E-03 +9.987E-03 +9.987E-03 +9.987E-03 +9.987E-03 +9.987E-03 +9.987E-03 +9.987E-03 +9.987E-03 +9.987E-03 +9.987E-03 +9.987E-03 +9.987E-03 +9.987E-03 +9.986E-03 +9.986E-03 +9.986E-03 +9.985E-03 +9.985E-03 +9.984E-03 +9.984E-03 +9.984E-03 +9.984E-03 +9.984E-03 +9.984E-03 +9.984E-03 +9.985E-03 +9.985E-03 +9.986E-03 +9.986E-03 +9.986E-03 +9.987E-03 +9.987E-03 +9.987E-03 +9.987E-03 +9.987E-03 +9.987E-03 +9.987E-03 +9.987E-03 +9.987E-03 +9.987E-03 +9.987E-03 +9.987E-03 +9.987E-03 +9.987E-03 +9.986E-03 +9.986E-03 +9.986E-03 +9.986E-03 +9.985E-03 +9.985E-03 +9.985E-03 +9.984E-03 +9.984E-03 +9.984E-03 +9.984E-03 +9.983E-03 +9.983E-03 +9.982E-03 +9.982E-03 +9.982E-03 +9.981E-03 +9.981E-03 
-0.00487500 +1.235E-02 +1.235E-02 +1.235E-02 +1.235E-02 +1.236E-02 +1.236E-02 +1.236E-02 +1.236E-02 +1.236E-02 +1.236E-02 +1.236E-02 +1.236E-02 +1.236E-02 +1.236E-02 +1.236E-02 +1.236E-02 +1.236E-02 +1.236E-02 +1.236E-02 +1.236E-02 +1.236E-02 +1.236E-02 +1.236E-02 +1.236E-02 +1.236E-02 +1.236E-02 +1.236E-02 +1.236E-02 +1.236E-02 +1.236E-02 +1.236E-02 +1.236E-02 +1.236E-02 +1.236E-02 +1.236E-02 +1.236E-02 +1.236E-02 +1.236E-02 +1.236E-02 +1.235E-02 +1.235E-02 +1.235E-02 +1.236E-02 +1.236E-02 +1.236E-02 +1.236E-02 +1.236E-02 +1.236E-02 +1.236E-02 +1.236E-02 +1.236E-02 +1.236E-02 +1.236E-02 +1.236E-02 +1.236E-02 +1.236E-02 +1.236E-02 +1.236E-02 +1.236E-02 +1.236E-02 +1.236E-02 +1.236E-02 +1.236E-02 +1.236E-02 +1.236E-02 +1.236E-02 +1.236E-02 +1.236E-02 +1.236E-02 +1.236E-02 +1.236E-02 +1.236E-02 +1.236E-02 +1.236E-02 +1.236E-02 +1.236E-02 +1.236E-02 +1.235E-02 +1.235E-02 +1.235E-02 +1.235E-02 
-0.00568750 +1.494E-02 +1.494E-02 +1.494E-02 +1.494E-02 +1.494E-02 +1.494E-02 +1.494E-02 +1.494E-02 +1.494E-02 +1.494E-02 +1.494E-02 +1.494E-02 +1.494E-02 +1.494E-02 +1.494E-02 +1.494E-02 +1.494E-02 +1.495E-02 +1.495E-02 +1.495E-02 +1.495E-02 +1.495E-02 +1.495E-02 +1.495E-02 +1.495E-02 +1.495E-02 +1.495E-02 +1.495E-02 +1.495E-02 +1.495E-02 +1.495E-02 +1.495E-02 +1.495E-02 +1.495E-02 +1.494E-02 +1.494E-02 +1.494E-02 +1.494E-02 +1.494E-02 +1.493E-02 +1.493E-02 +1.493E-02 +1.494E-02 +1.494E-02 +1.494E-02 +1.494E-02 +1.494E-02 +1.495E-02 +1.495E-02 +1.495E-02 +1.495E-02 +1.495E-02 +1.495E-02 +1.495E-02 +1.495E-02 +1.495E-02 +1.495E-02 +1.495E-02 +1.495E-02 +1.495E-02 +1.495E-02 +1.495E-02 +1.495E-02 +1.495E-02 +1.494E-02 +1.494E-02 +1.494E-02 +1.494E-02 +1.494E-02 +1.494E-02 +1.494E-02 +1.494E-02 +1.494E-02 +1.494E-02 +1.494E-02 +1.494E-02 +1.494E-02 +1.494E-02 +1.494E-02 +1.494E-02 +1.494E-02 
-0.00650000 +1.747E-02 +1.747E-02 +1.747E-02 +1.747E-02 +1.747E-02 +1.747E-02 +1.747E-02 +1.747E-02 +1.747E-02 +1.747E-02 +1.748E-02 +1.748E-02 +1.748E-02 +1.748E-02 +1.748E-02 +1.748E-02 +1.748E-02 +1.748E-02 +1.748E-02 +1.748E-02 +1.748E-02 +1.748E-02 +1.748E-02 +1.748E-02 +1.748E-02 +1.748E-02 +1.748E-02 +1.748E-02 +1.748E-02 +1.748E-02 +1.748E-02 +1.748E-02 +1.748E-02 +1.748E-02 +1.748E-02 +1.748E-02 +1.747E-02 +1.747E-02 +1.746E-02 +1.746E-02 +1.745E-02 +1.746E-02 +1.746E-02 +1.747E-02 +1.747E-02 +1.748E-02 +1.748E-02 +1.748E-02 +1.748E-02 +1.748E-02 +1.748E-02 +1.748E-02 +1.748E-02 +1.748E-02 +1.748E-02 +1.748E-02 +1.748E-02 +1.748E-02 +1.748E-02 +1.748E-02 +1.748E-02 +1.748E-02 +1.748E-02 +1.748E-02 +1.748E-02 +1.748E-02 +1.748E-02 +1.748E-02 +1.748E-02 +1.748E-02 +1.748E-02 +1.747E-02 +1.747E-02 +1.747E-02 +1.747E-02 +1.747E-02 +1.747E-02 +1.747E-02 +1.747E-02 +1.747E-02 +1.747E-02 
