# Sirius pressure profile for various accumulated charges taking into account delta undulator radiation effect (photodesorption). IDs vacuum chambers profile were not considered.
# The first point s is at the beginning of straight section and the last point is at the end of straight section, thus completing 1/20 of the ring. The profile repeats itself over the ring. 
# The column names are identified as follows: 1st - position of the ring in [m], 2nd ~ 5th - pressure values in [mbar] simulated with the corresponding accumulated charge.
# May 11, 2018 - Murilo Barbosa Alves
# s(m)    10Ah        100Ah       1000Ah      10000Ah
0.265	3.92E-10	1.17E-09	3.37E-09	1.99E-10
0.53	4.33E-10	1.37E-09	4.27E-09	3.33E-10
0.795	3.97E-10	1.35E-09	4.53E-09	4.45E-10
1.06	3.51E-10	1.26E-09	4.37E-09	5.44E-10
1.325	3.00E-10	1.12E-09	3.96E-09	6.26E-10
1.59	2.57E-10	1.00E-09	3.41E-09	6.90E-10
1.855	2.18E-10	9.01E-10	2.75E-09	7.54E-10
2.12	2.03E-10	8.06E-10	1.93E-09	8.26E-10
2.385	1.69E-10	6.92E-10	9.96E-10	9.08E-10
2.65	1.40E-10	5.64E-10	5.03E-10	9.39E-10
2.915	1.28E-10	4.79E-10	4.12E-10	9.85E-10
3.18	1.16E-10	3.89E-10	3.60E-10	1.01E-09
3.445	1.09E-10	3.48E-10	3.17E-10	1.01E-09
3.71	9.80E-11	3.15E-10	2.75E-10	1.01E-09
3.975	8.75E-11	2.71E-10	2.35E-10	9.67E-10
4.24	8.07E-11	2.27E-10	1.87E-10	9.34E-10
4.505	7.23E-11	1.85E-10	1.36E-10	9.20E-10
4.77	5.78E-11	1.33E-10	8.16E-11	8.79E-10
5.035	2.86E-11	6.20E-11	3.46E-11	8.32E-10
5.3 	1.12E-11	4.15E-11	2.19E-11	7.82E-10
5.565	1.00E-11	3.65E-11	1.76E-11	7.04E-10
5.83	1.62E-11	4.32E-11	1.52E-11	6.40E-10
6.095	1.63E-11	3.97E-11	1.34E-11	5.81E-10
6.36	1.16E-11	3.21E-11	1.13E-11	4.83E-10
6.625	7.60E-12	2.07E-11	9.33E-12	5.98E-10
6.89	5.43E-12	1.77E-11	8.98E-12	9.52E-10
7.155	3.26E-12	1.61E-11	9.99E-12	1.20E-09
7.42	2.35E-12	1.77E-11	1.09E-11	1.37E-09
7.685	2.78E-12	2.24E-11	1.38E-11	1.53E-09
7.95	3.60E-12	3.12E-11	1.80E-11	1.62E-09
8.215	6.86E-12	4.56E-11	2.57E-11	1.67E-09
8.48	1.21E-11	6.19E-11	3.61E-11	1.72E-09
8.745	2.05E-11	1.01E-10	5.26E-11	1.77E-09
9.01	4.79E-11	1.76E-10	1.03E-10	1.82E-09
9.275	6.64E-11	2.36E-10	1.56E-10	1.84E-09
9.54	4.72E-11	2.95E-10	1.43E-10	1.81E-09
9.805	5.99E-11	4.29E-10	1.60E-10	1.70E-09
10.07	7.41E-11	6.46E-10	1.98E-10	1.49E-09
10.335	8.63E-11	1.02E-09	2.51E-10	1.16E-09
10.6	1.01E-10	1.65E-09	3.31E-10	8.16E-10
10.865	1.26E-10	2.88E-09	4.77E-10	1.11E-09
11.13	2.55E-10	4.79E-09	8.17E-10	1.34E-09
11.395	7.78E-10	7.42E-09	2.12E-09	1.52E-09
11.66	6.32E-10	6.53E-09	2.37E-09	1.68E-09
11.925	3.53E-10	4.69E-09	2.19E-09	1.79E-09
12.19	3.59E-10	4.84E-09	3.03E-09	1.90E-09
12.455	3.30E-10	4.22E-09	3.64E-09	1.99E-09
12.72	2.98E-10	3.02E-09	4.17E-09	1.98E-09
12.985	2.69E-10	2.25E-09	4.53E-09	1.97E-09
13.25	2.26E-10	1.80E-09	4.70E-09	1.90E-09
13.515	1.95E-10	1.59E-09	4.75E-09	1.84E-09
13.78	1.66E-10	1.60E-09	4.69E-09	1.77E-09
14.045	1.57E-10	1.84E-09	4.57E-09	1.53E-09
14.31	1.59E-10	2.27E-09	4.47E-09	1.13E-09
14.575	2.05E-10	3.35E-09	4.50E-09	7.29E-10
14.84	3.14E-10	4.81E-09	4.59E-09	9.16E-10
15.105	4.78E-10	5.91E-09	4.62E-09	1.22E-09
15.37	5.49E-10	5.70E-09	4.35E-09	1.46E-09
15.635	4.58E-10	3.72E-09	3.38E-09	1.64E-09
15.9	3.28E-10	1.61E-09	3.07E-09	1.77E-09
16.165	3.55E-10	1.49E-09	4.18E-09	1.87E-09
16.43	3.27E-10	1.34E-09	4.71E-09	1.86E-09
16.695	2.84E-10	1.20E-09	4.88E-09	1.86E-09
16.96	2.41E-10	1.05E-09	4.89E-09	1.90E-09
17.225	1.86E-10	8.99E-10	4.76E-09	1.97E-09
17.49	1.79E-10	8.69E-10	4.66E-09	1.89E-09
17.755	1.61E-10	8.59E-10	4.57E-09	1.76E-09
18.02	1.39E-10	8.62E-10	4.39E-09	1.42E-09
18.285	1.36E-10	9.67E-10	4.28E-09	9.19E-10
18.55	1.86E-10	1.01E-09	3.96E-09	7.74E-10
18.815	2.06E-10	6.62E-10	2.42E-09	9.27E-10
19.08	3.58E-10	1.01E-09	3.62E-09	1.02E-09
19.345	2.49E-10	7.59E-10	2.62E-09	1.10E-09
19.61	3.24E-10	9.57E-10	3.29E-09	1.08E-09
19.875	3.23E-10	1.09E-09	4.01E-09	1.03E-09
20.14	2.94E-10	1.10E-09	4.32E-09	9.01E-10
20.405	2.66E-10	1.12E-09	4.47E-09	7.29E-10
20.67	2.16E-10	1.12E-09	4.45E-09	7.70E-10
20.935	1.63E-10	1.17E-09	4.36E-09	1.41E-09
21.2	1.62E-10	1.37E-09	4.33E-09	1.97E-09
21.465	1.52E-10	1.69E-09	4.29E-09	2.47E-09
21.73	1.65E-10	2.25E-09	4.23E-09	2.81E-09
21.995	1.77E-10	3.38E-09	4.21E-09	3.06E-09
22.26	2.46E-10	4.75E-09	4.27E-09	3.17E-09
22.525	3.96E-10	5.87E-09	4.42E-09	3.28E-09
22.79	5.55E-10	6.29E-09	4.35E-09	3.35E-09
23.055	5.29E-10	4.86E-09	3.69E-09	3.35E-09
23.32	3.45E-10	2.03E-09	2.73E-09	3.27E-09
23.585	3.58E-10	1.53E-09	3.67E-09	3.14E-09
23.85	3.29E-10	1.37E-09	4.22E-09	2.97E-09
24.115	2.89E-10	1.21E-09	4.27E-09	2.79E-09
24.38	2.48E-10	1.09E-09	4.15E-09	2.59E-09
24.645	1.84E-10	9.27E-10	3.84E-09	2.42E-09
24.91	1.50E-10	8.01E-10	3.59E-09	2.20E-09
25.175	1.21E-10	7.04E-10	3.41E-09	1.95E-09
25.44	1.07E-10	6.66E-10	3.25E-09	1.66E-09
25.705	1.29E-10	7.61E-10	3.24E-09	1.35E-09
25.97	1.94E-10	9.44E-10	3.30E-09	1.04E-09
26.235	2.94E-10	1.12E-09	3.34E-09	6.89E-10
26.5	3.50E-10	1.06E-09	2.92E-09	3.49E-10
