# EPU50t_HP KICKMAP 
# Author: Ximenes R. Resende @ LNLS, Date: 11-Jan-2016 10:28:03
# ID Length [m]
3.6000
# Number of Horizontal Points
81 
# Number of Vertical Points
17 
# Horizontal KickTable in T2m2
START
            -0.01200000 -0.01170000 -0.01140000 -0.01110000 -0.01080000 -0.01050000 -0.01020000 -0.00990000 -0.00960000 -0.00930000 -0.00900000 -0.00870000 -0.00840000 -0.00810000 -0.00780000 -0.00750000 -0.00720000 -0.00690000 -0.00660000 -0.00630000 -0.00600000 -0.00570000 -0.00540000 -0.00510000 -0.00480000 -0.00450000 -0.00420000 -0.00390000 -0.00360000 -0.00330000 -0.00300000 -0.00270000 -0.00240000 -0.00210000 -0.00180000 -0.00150000 -0.00120000 -0.00090000 -0.00060000 -0.00030000 +0.00000000 +0.00030000 +0.00060000 +0.00090000 +0.00120000 +0.00150000 +0.00180000 +0.00210000 +0.00240000 +0.00270000 +0.00300000 +0.00330000 +0.00360000 +0.00390000 +0.00420000 +0.00450000 +0.00480000 +0.00510000 +0.00540000 +0.00570000 +0.00600000 +0.00630000 +0.00660000 +0.00690000 +0.00720000 +0.00750000 +0.00780000 +0.00810000 +0.00840000 +0.00870000 +0.00900000 +0.00930000 +0.00960000 +0.00990000 +0.01020000 +0.01050000 +0.01080000 +0.01110000 +0.01140000 +0.01170000 +0.01200000 
+0.00450000 -6.533E-06 -6.258E-06 -5.962E-06 -5.676E-06 -5.400E-06 -5.132E-06 -4.872E-06 -4.620E-06 -4.376E-06 -4.138E-06 -3.907E-06 -3.681E-06 -3.460E-06 -3.244E-06 -3.031E-06 -2.822E-06 -2.615E-06 -2.409E-06 -2.204E-06 -1.998E-06 -1.790E-06 -1.578E-06 -1.359E-06 -1.132E-06 -8.927E-07 -6.364E-07 -3.575E-07 -4.823E-08 +3.016E-07 +7.054E-07 +1.181E-06 +1.751E-06 +2.441E-06 +3.279E-06 +4.275E-06 +5.386E-06 +6.440E-06 +7.014E-06 +6.397E-06 +3.958E-06 +0.000E+00 -3.958E-06 -6.397E-06 -7.014E-06 -6.440E-06 -5.386E-06 -4.275E-06 -3.279E-06 -2.441E-06 -1.751E-06 -1.181E-06 -7.054E-07 -3.016E-07 +4.823E-08 +3.575E-07 +6.364E-07 +8.927E-07 +1.132E-06 +1.359E-06 +1.578E-06 +1.790E-06 +1.998E-06 +2.204E-06 +2.409E-06 +2.615E-06 +2.822E-06 +3.031E-06 +3.244E-06 +3.460E-06 +3.681E-06 +3.907E-06 +4.138E-06 +4.376E-06 +4.620E-06 +4.872E-06 +5.132E-06 +5.400E-06 +5.676E-06 +5.962E-06 +6.258E-06 +6.533E-06 
+0.00393750 -6.357E-06 -6.088E-06 -5.798E-06 -5.518E-06 -5.247E-06 -4.985E-06 -4.730E-06 -4.483E-06 -4.243E-06 -4.010E-06 -3.782E-06 -3.560E-06 -3.343E-06 -3.130E-06 -2.920E-06 -2.713E-06 -2.509E-06 -2.305E-06 -2.102E-06 -1.899E-06 -1.693E-06 -1.483E-06 -1.268E-06 -1.046E-06 -8.133E-07 -5.672E-07 -3.039E-07 -1.884E-08 +2.930E-07 +6.372E-07 +1.019E-06 +1.441E-06 +1.902E-06 +2.387E-06 +2.861E-06 +3.256E-06 +3.455E-06 +3.306E-06 +2.666E-06 +1.506E-06 +0.000E+00 -1.506E-06 -2.666E-06 -3.306E-06 -3.455E-06 -3.256E-06 -2.861E-06 -2.387E-06 -1.902E-06 -1.441E-06 -1.019E-06 -6.372E-07 -2.930E-07 +1.884E-08 +3.039E-07 +5.672E-07 +8.133E-07 +1.046E-06 +1.268E-06 +1.483E-06 +1.693E-06 +1.899E-06 +2.102E-06 +2.305E-06 +2.509E-06 +2.713E-06 +2.920E-06 +3.130E-06 +3.343E-06 +3.560E-06 +3.782E-06 +4.010E-06 +4.243E-06 +4.483E-06 +4.730E-06 +4.985E-06 +5.247E-06 +5.518E-06 +5.798E-06 +6.088E-06 +6.357E-06 
+0.00337500 -6.204E-06 -5.940E-06 -5.656E-06 -5.381E-06 -5.115E-06 -4.857E-06 -4.608E-06 -4.365E-06 -4.129E-06 -3.900E-06 -3.676E-06 -3.458E-06 -3.244E-06 -3.034E-06 -2.828E-06 -2.625E-06 -2.424E-06 -2.224E-06 -2.026E-06 -1.827E-06 -1.627E-06 -1.424E-06 -1.218E-06 -1.007E-06 -7.900E-07 -5.644E-07 -3.291E-07 -8.236E-08 +1.767E-07 +4.483E-07 +7.305E-07 +1.018E-06 +1.301E-06 +1.561E-06 +1.769E-06 +1.888E-06 +1.869E-06 +1.670E-06 +1.270E-06 +6.891E-07 +0.000E+00 -6.891E-07 -1.270E-06 -1.670E-06 -1.869E-06 -1.888E-06 -1.769E-06 -1.561E-06 -1.301E-06 -1.018E-06 -7.305E-07 -4.483E-07 -1.767E-07 +8.236E-08 +3.291E-07 +5.644E-07 +7.900E-07 +1.007E-06 +1.218E-06 +1.424E-06 +1.627E-06 +1.827E-06 +2.026E-06 +2.224E-06 +2.424E-06 +2.625E-06 +2.828E-06 +3.034E-06 +3.244E-06 +3.458E-06 +3.676E-06 +3.900E-06 +4.129E-06 +4.365E-06 +4.608E-06 +4.857E-06 +5.115E-06 +5.381E-06 +5.656E-06 +5.940E-06 +6.204E-06 
+0.00281250 -6.074E-06 -5.814E-06 -5.535E-06 -5.265E-06 -5.004E-06 -4.750E-06 -4.505E-06 -4.266E-06 -4.034E-06 -3.808E-06 -3.588E-06 -3.373E-06 -3.163E-06 -2.957E-06 -2.754E-06 -2.555E-06 -2.358E-06 -2.164E-06 -1.970E-06 -1.778E-06 -1.585E-06 -1.392E-06 -1.198E-06 -1.001E-06 -8.022E-07 -6.002E-07 -3.949E-07 -1.867E-07 +2.335E-08 +2.331E-07 +4.387E-07 +6.338E-07 +8.095E-07 +9.532E-07 +1.049E-06 +1.080E-06 +1.030E-06 +8.880E-07 +6.553E-07 +3.486E-07 +0.000E+00 -3.486E-07 -6.553E-07 -8.880E-07 -1.030E-06 -1.080E-06 -1.049E-06 -9.532E-07 -8.095E-07 -6.338E-07 -4.387E-07 -2.331E-07 -2.335E-08 +1.867E-07 +3.949E-07 +6.002E-07 +8.022E-07 +1.001E-06 +1.198E-06 +1.392E-06 +1.585E-06 +1.778E-06 +1.970E-06 +2.164E-06 +2.358E-06 +2.555E-06 +2.754E-06 +2.957E-06 +3.163E-06 +3.373E-06 +3.588E-06 +3.808E-06 +4.034E-06 +4.266E-06 +4.505E-06 +4.750E-06 +5.004E-06 +5.265E-06 +5.535E-06 +5.814E-06 +6.074E-06 
+0.00225000 -5.968E-06 -5.712E-06 -5.437E-06 -5.171E-06 -4.913E-06 -4.663E-06 -4.421E-06 -4.186E-06 -3.957E-06 -3.734E-06 -3.517E-06 -3.306E-06 -3.099E-06 -2.896E-06 -2.697E-06 -2.502E-06 -2.309E-06 -2.120E-06 -1.932E-06 -1.746E-06 -1.561E-06 -1.378E-06 -1.195E-06 -1.013E-06 -8.316E-07 -6.511E-07 -4.721E-07 -2.957E-07 -1.237E-07 +4.152E-08 +1.962E-07 +3.356E-07 +4.537E-07 +5.434E-07 +5.971E-07 +6.078E-07 +5.704E-07 +4.838E-07 +3.520E-07 +1.855E-07 +0.000E+00 -1.855E-07 -3.520E-07 -4.838E-07 -5.704E-07 -6.078E-07 -5.971E-07 -5.434E-07 -4.537E-07 -3.356E-07 -1.962E-07 -4.152E-08 +1.237E-07 +2.957E-07 +4.721E-07 +6.511E-07 +8.316E-07 +1.013E-06 +1.195E-06 +1.378E-06 +1.561E-06 +1.746E-06 +1.932E-06 +2.120E-06 +2.309E-06 +2.502E-06 +2.697E-06 +2.896E-06 +3.099E-06 +3.306E-06 +3.517E-06 +3.734E-06 +3.957E-06 +4.186E-06 +4.421E-06 +4.663E-06 +4.913E-06 +5.171E-06 +5.437E-06 +5.712E-06 +5.968E-06 
+0.00168750 -5.885E-06 -5.632E-06 -5.360E-06 -5.097E-06 -4.842E-06 -4.595E-06 -4.356E-06 -4.123E-06 -3.897E-06 -3.677E-06 -3.463E-06 -3.254E-06 -3.050E-06 -2.850E-06 -2.655E-06 -2.463E-06 -2.274E-06 -2.089E-06 -1.906E-06 -1.727E-06 -1.549E-06 -1.374E-06 -1.202E-06 -1.032E-06 -8.647E-07 -7.013E-07 -5.425E-07 -3.893E-07 -2.437E-07 -1.077E-07 +1.600E-08 +1.241E-07 +2.130E-07 +2.791E-07 +3.190E-07 +3.301E-07 +3.113E-07 +2.639E-07 +1.916E-07 +1.007E-07 +0.000E+00 -1.007E-07 -1.916E-07 -2.639E-07 -3.113E-07 -3.301E-07 -3.190E-07 -2.791E-07 -2.130E-07 -1.241E-07 -1.600E-08 +1.077E-07 +2.437E-07 +3.893E-07 +5.425E-07 +7.013E-07 +8.647E-07 +1.032E-06 +1.202E-06 +1.374E-06 +1.549E-06 +1.727E-06 +1.906E-06 +2.089E-06 +2.274E-06 +2.463E-06 +2.655E-06 +2.850E-06 +3.050E-06 +3.254E-06 +3.463E-06 +3.677E-06 +3.897E-06 +4.123E-06 +4.356E-06 +4.595E-06 +4.842E-06 +5.097E-06 +5.360E-06 +5.632E-06 +5.885E-06 
+0.00112500 -5.826E-06 -5.576E-06 -5.306E-06 -5.045E-06 -4.792E-06 -4.547E-06 -4.310E-06 -4.079E-06 -3.855E-06 -3.637E-06 -3.425E-06 -3.218E-06 -3.016E-06 -2.819E-06 -2.625E-06 -2.436E-06 -2.251E-06 -2.069E-06 -1.891E-06 -1.716E-06 -1.544E-06 -1.375E-06 -1.210E-06 -1.049E-06 -8.928E-07 -7.416E-07 -5.964E-07 -4.586E-07 -3.297E-07 -2.112E-07 -1.052E-07 -1.378E-08 +6.109E-08 +1.175E-07 +1.541E-07 +1.701E-07 +1.659E-07 +1.432E-07 +1.049E-07 +5.540E-08 +0.000E+00 -5.540E-08 -1.049E-07 -1.432E-07 -1.659E-07 -1.701E-07 -1.541E-07 -1.175E-07 -6.109E-08 +1.378E-08 +1.052E-07 +2.112E-07 +3.297E-07 +4.586E-07 +5.964E-07 +7.416E-07 +8.928E-07 +1.049E-06 +1.210E-06 +1.375E-06 +1.544E-06 +1.716E-06 +1.891E-06 +2.069E-06 +2.251E-06 +2.436E-06 +2.625E-06 +2.819E-06 +3.016E-06 +3.218E-06 +3.425E-06 +3.637E-06 +3.855E-06 +4.079E-06 +4.310E-06 +4.547E-06 +4.792E-06 +5.045E-06 +5.306E-06 +5.576E-06 +5.826E-06 
+0.00056250 -5.791E-06 -5.542E-06 -5.273E-06 -5.013E-06 -4.762E-06 -4.518E-06 -4.282E-06 -4.053E-06 -3.830E-06 -3.613E-06 -3.402E-06 -3.197E-06 -2.996E-06 -2.800E-06 -2.608E-06 -2.421E-06 -2.238E-06 -2.058E-06 -1.882E-06 -1.710E-06 -1.542E-06 -1.377E-06 -1.217E-06 -1.062E-06 -9.113E-07 -7.671E-07 -6.298E-07 -5.006E-07 -3.807E-07 -2.715E-07 -1.744E-07 -9.090E-08 -2.225E-08 +3.056E-08 +6.696E-08 +8.703E-08 +9.158E-08 +8.226E-08 +6.161E-08 +3.290E-08 +0.000E+00 -3.290E-08 -6.161E-08 -8.226E-08 -9.158E-08 -8.703E-08 -6.696E-08 -3.056E-08 +2.225E-08 +9.090E-08 +1.744E-07 +2.715E-07 +3.807E-07 +5.006E-07 +6.298E-07 +7.671E-07 +9.113E-07 +1.062E-06 +1.217E-06 +1.377E-06 +1.542E-06 +1.710E-06 +1.882E-06 +2.058E-06 +2.238E-06 +2.421E-06 +2.608E-06 +2.800E-06 +2.996E-06 +3.197E-06 +3.402E-06 +3.613E-06 +3.830E-06 +4.053E-06 +4.282E-06 +4.518E-06 +4.762E-06 +5.013E-06 +5.273E-06 +5.542E-06 +5.791E-06 
+0.00000000 -5.779E-06 -5.530E-06 -5.262E-06 -5.003E-06 -4.752E-06 -4.509E-06 -4.273E-06 -4.044E-06 -3.822E-06 -3.605E-06 -3.395E-06 -3.190E-06 -2.989E-06 -2.794E-06 -2.603E-06 -2.416E-06 -2.233E-06 -2.055E-06 -1.880E-06 -1.708E-06 -1.541E-06 -1.378E-06 -1.219E-06 -1.066E-06 -9.176E-07 -7.758E-07 -6.410E-07 -5.146E-07 -3.975E-07 -2.912E-07 -1.968E-07 -1.157E-07 -4.875E-08 +3.160E-09 +3.976E-08 +6.131E-08 +6.872E-08 +6.364E-08 +4.843E-08 +2.607E-08 +0.000E+00 -2.607E-08 -4.843E-08 -6.364E-08 -6.872E-08 -6.131E-08 -3.976E-08 -3.160E-09 +4.875E-08 +1.157E-07 +1.968E-07 +2.912E-07 +3.975E-07 +5.146E-07 +6.410E-07 +7.758E-07 +9.176E-07 +1.066E-06 +1.219E-06 +1.378E-06 +1.541E-06 +1.708E-06 +1.880E-06 +2.055E-06 +2.233E-06 +2.416E-06 +2.603E-06 +2.794E-06 +2.989E-06 +3.190E-06 +3.395E-06 +3.605E-06 +3.822E-06 +4.044E-06 +4.273E-06 +4.509E-06 +4.752E-06 +5.003E-06 +5.262E-06 +5.530E-06 +5.779E-06 
-0.00056250 -5.791E-06 -5.542E-06 -5.273E-06 -5.013E-06 -4.762E-06 -4.518E-06 -4.282E-06 -4.053E-06 -3.830E-06 -3.613E-06 -3.402E-06 -3.197E-06 -2.996E-06 -2.800E-06 -2.608E-06 -2.421E-06 -2.238E-06 -2.058E-06 -1.882E-06 -1.710E-06 -1.542E-06 -1.377E-06 -1.217E-06 -1.062E-06 -9.113E-07 -7.671E-07 -6.298E-07 -5.006E-07 -3.807E-07 -2.715E-07 -1.744E-07 -9.090E-08 -2.225E-08 +3.056E-08 +6.696E-08 +8.703E-08 +9.158E-08 +8.226E-08 +6.161E-08 +3.290E-08 +0.000E+00 -3.290E-08 -6.161E-08 -8.226E-08 -9.158E-08 -8.703E-08 -6.696E-08 -3.056E-08 +2.225E-08 +9.090E-08 +1.744E-07 +2.715E-07 +3.807E-07 +5.006E-07 +6.298E-07 +7.671E-07 +9.113E-07 +1.062E-06 +1.217E-06 +1.377E-06 +1.542E-06 +1.710E-06 +1.882E-06 +2.058E-06 +2.238E-06 +2.421E-06 +2.608E-06 +2.800E-06 +2.996E-06 +3.197E-06 +3.402E-06 +3.613E-06 +3.830E-06 +4.053E-06 +4.282E-06 +4.518E-06 +4.762E-06 +5.013E-06 +5.273E-06 +5.542E-06 +5.791E-06 
-0.00112500 -5.826E-06 -5.576E-06 -5.306E-06 -5.045E-06 -4.792E-06 -4.547E-06 -4.310E-06 -4.079E-06 -3.855E-06 -3.637E-06 -3.425E-06 -3.218E-06 -3.016E-06 -2.819E-06 -2.625E-06 -2.436E-06 -2.251E-06 -2.069E-06 -1.891E-06 -1.716E-06 -1.544E-06 -1.375E-06 -1.210E-06 -1.049E-06 -8.928E-07 -7.416E-07 -5.964E-07 -4.586E-07 -3.297E-07 -2.112E-07 -1.052E-07 -1.378E-08 +6.109E-08 +1.175E-07 +1.541E-07 +1.701E-07 +1.659E-07 +1.432E-07 +1.049E-07 +5.540E-08 +0.000E+00 -5.540E-08 -1.049E-07 -1.432E-07 -1.659E-07 -1.701E-07 -1.541E-07 -1.175E-07 -6.109E-08 +1.378E-08 +1.052E-07 +2.112E-07 +3.297E-07 +4.586E-07 +5.964E-07 +7.416E-07 +8.928E-07 +1.049E-06 +1.210E-06 +1.375E-06 +1.544E-06 +1.716E-06 +1.891E-06 +2.069E-06 +2.251E-06 +2.436E-06 +2.625E-06 +2.819E-06 +3.016E-06 +3.218E-06 +3.425E-06 +3.637E-06 +3.855E-06 +4.079E-06 +4.310E-06 +4.547E-06 +4.792E-06 +5.045E-06 +5.306E-06 +5.576E-06 +5.826E-06 
-0.00168750 -5.885E-06 -5.632E-06 -5.360E-06 -5.097E-06 -4.842E-06 -4.595E-06 -4.356E-06 -4.123E-06 -3.897E-06 -3.677E-06 -3.463E-06 -3.254E-06 -3.050E-06 -2.850E-06 -2.655E-06 -2.463E-06 -2.274E-06 -2.089E-06 -1.906E-06 -1.727E-06 -1.549E-06 -1.374E-06 -1.202E-06 -1.032E-06 -8.647E-07 -7.013E-07 -5.425E-07 -3.893E-07 -2.437E-07 -1.077E-07 +1.600E-08 +1.241E-07 +2.130E-07 +2.791E-07 +3.190E-07 +3.301E-07 +3.113E-07 +2.639E-07 +1.916E-07 +1.007E-07 +0.000E+00 -1.007E-07 -1.916E-07 -2.639E-07 -3.113E-07 -3.301E-07 -3.190E-07 -2.791E-07 -2.130E-07 -1.241E-07 -1.600E-08 +1.077E-07 +2.437E-07 +3.893E-07 +5.425E-07 +7.013E-07 +8.647E-07 +1.032E-06 +1.202E-06 +1.374E-06 +1.549E-06 +1.727E-06 +1.906E-06 +2.089E-06 +2.274E-06 +2.463E-06 +2.655E-06 +2.850E-06 +3.050E-06 +3.254E-06 +3.463E-06 +3.677E-06 +3.897E-06 +4.123E-06 +4.356E-06 +4.595E-06 +4.842E-06 +5.097E-06 +5.360E-06 +5.632E-06 +5.885E-06 
-0.00225000 -5.968E-06 -5.712E-06 -5.437E-06 -5.171E-06 -4.913E-06 -4.663E-06 -4.421E-06 -4.186E-06 -3.957E-06 -3.734E-06 -3.517E-06 -3.306E-06 -3.099E-06 -2.896E-06 -2.697E-06 -2.502E-06 -2.309E-06 -2.120E-06 -1.932E-06 -1.746E-06 -1.561E-06 -1.378E-06 -1.195E-06 -1.013E-06 -8.316E-07 -6.511E-07 -4.721E-07 -2.957E-07 -1.237E-07 +4.152E-08 +1.962E-07 +3.356E-07 +4.537E-07 +5.434E-07 +5.971E-07 +6.078E-07 +5.704E-07 +4.838E-07 +3.520E-07 +1.855E-07 +0.000E+00 -1.855E-07 -3.520E-07 -4.838E-07 -5.704E-07 -6.078E-07 -5.971E-07 -5.434E-07 -4.537E-07 -3.356E-07 -1.962E-07 -4.152E-08 +1.237E-07 +2.957E-07 +4.721E-07 +6.511E-07 +8.316E-07 +1.013E-06 +1.195E-06 +1.378E-06 +1.561E-06 +1.746E-06 +1.932E-06 +2.120E-06 +2.309E-06 +2.502E-06 +2.697E-06 +2.896E-06 +3.099E-06 +3.306E-06 +3.517E-06 +3.734E-06 +3.957E-06 +4.186E-06 +4.421E-06 +4.663E-06 +4.913E-06 +5.171E-06 +5.437E-06 +5.712E-06 +5.968E-06 
-0.00281250 -6.074E-06 -5.814E-06 -5.535E-06 -5.265E-06 -5.004E-06 -4.750E-06 -4.505E-06 -4.266E-06 -4.034E-06 -3.808E-06 -3.588E-06 -3.373E-06 -3.163E-06 -2.957E-06 -2.754E-06 -2.555E-06 -2.358E-06 -2.164E-06 -1.970E-06 -1.778E-06 -1.585E-06 -1.392E-06 -1.198E-06 -1.001E-06 -8.022E-07 -6.002E-07 -3.949E-07 -1.867E-07 +2.335E-08 +2.331E-07 +4.387E-07 +6.338E-07 +8.095E-07 +9.532E-07 +1.049E-06 +1.080E-06 +1.030E-06 +8.880E-07 +6.553E-07 +3.486E-07 +0.000E+00 -3.486E-07 -6.553E-07 -8.880E-07 -1.030E-06 -1.080E-06 -1.049E-06 -9.532E-07 -8.095E-07 -6.338E-07 -4.387E-07 -2.331E-07 -2.335E-08 +1.867E-07 +3.949E-07 +6.002E-07 +8.022E-07 +1.001E-06 +1.198E-06 +1.392E-06 +1.585E-06 +1.778E-06 +1.970E-06 +2.164E-06 +2.358E-06 +2.555E-06 +2.754E-06 +2.957E-06 +3.163E-06 +3.373E-06 +3.588E-06 +3.808E-06 +4.034E-06 +4.266E-06 +4.505E-06 +4.750E-06 +5.004E-06 +5.265E-06 +5.535E-06 +5.814E-06 +6.074E-06 
-0.00337500 -6.204E-06 -5.940E-06 -5.656E-06 -5.381E-06 -5.115E-06 -4.857E-06 -4.608E-06 -4.365E-06 -4.129E-06 -3.900E-06 -3.676E-06 -3.458E-06 -3.244E-06 -3.034E-06 -2.828E-06 -2.625E-06 -2.424E-06 -2.224E-06 -2.026E-06 -1.827E-06 -1.627E-06 -1.424E-06 -1.218E-06 -1.007E-06 -7.900E-07 -5.644E-07 -3.291E-07 -8.236E-08 +1.767E-07 +4.483E-07 +7.305E-07 +1.018E-06 +1.301E-06 +1.561E-06 +1.769E-06 +1.888E-06 +1.869E-06 +1.670E-06 +1.270E-06 +6.891E-07 +0.000E+00 -6.891E-07 -1.270E-06 -1.670E-06 -1.869E-06 -1.888E-06 -1.769E-06 -1.561E-06 -1.301E-06 -1.018E-06 -7.305E-07 -4.483E-07 -1.767E-07 +8.236E-08 +3.291E-07 +5.644E-07 +7.900E-07 +1.007E-06 +1.218E-06 +1.424E-06 +1.627E-06 +1.827E-06 +2.026E-06 +2.224E-06 +2.424E-06 +2.625E-06 +2.828E-06 +3.034E-06 +3.244E-06 +3.458E-06 +3.676E-06 +3.900E-06 +4.129E-06 +4.365E-06 +4.608E-06 +4.857E-06 +5.115E-06 +5.381E-06 +5.656E-06 +5.940E-06 +6.204E-06 
-0.00393750 -6.357E-06 -6.088E-06 -5.798E-06 -5.518E-06 -5.247E-06 -4.985E-06 -4.730E-06 -4.483E-06 -4.243E-06 -4.010E-06 -3.782E-06 -3.560E-06 -3.343E-06 -3.130E-06 -2.920E-06 -2.713E-06 -2.509E-06 -2.305E-06 -2.102E-06 -1.899E-06 -1.693E-06 -1.483E-06 -1.268E-06 -1.046E-06 -8.133E-07 -5.672E-07 -3.039E-07 -1.884E-08 +2.930E-07 +6.372E-07 +1.019E-06 +1.441E-06 +1.902E-06 +2.387E-06 +2.861E-06 +3.256E-06 +3.455E-06 +3.306E-06 +2.666E-06 +1.506E-06 +0.000E+00 -1.506E-06 -2.666E-06 -3.306E-06 -3.455E-06 -3.256E-06 -2.861E-06 -2.387E-06 -1.902E-06 -1.441E-06 -1.019E-06 -6.372E-07 -2.930E-07 +1.884E-08 +3.039E-07 +5.672E-07 +8.133E-07 +1.046E-06 +1.268E-06 +1.483E-06 +1.693E-06 +1.899E-06 +2.102E-06 +2.305E-06 +2.509E-06 +2.713E-06 +2.920E-06 +3.130E-06 +3.343E-06 +3.560E-06 +3.782E-06 +4.010E-06 +4.243E-06 +4.483E-06 +4.730E-06 +4.985E-06 +5.247E-06 +5.518E-06 +5.798E-06 +6.088E-06 +6.357E-06 
-0.00450000 -6.533E-06 -6.258E-06 -5.962E-06 -5.676E-06 -5.400E-06 -5.132E-06 -4.872E-06 -4.620E-06 -4.376E-06 -4.138E-06 -3.907E-06 -3.681E-06 -3.460E-06 -3.244E-06 -3.031E-06 -2.822E-06 -2.615E-06 -2.409E-06 -2.204E-06 -1.998E-06 -1.790E-06 -1.578E-06 -1.359E-06 -1.132E-06 -8.927E-07 -6.364E-07 -3.575E-07 -4.823E-08 +3.016E-07 +7.054E-07 +1.181E-06 +1.751E-06 +2.441E-06 +3.279E-06 +4.275E-06 +5.386E-06 +6.440E-06 +7.014E-06 +6.397E-06 +3.958E-06 +0.000E+00 -3.958E-06 -6.397E-06 -7.014E-06 -6.440E-06 -5.386E-06 -4.275E-06 -3.279E-06 -2.441E-06 -1.751E-06 -1.181E-06 -7.054E-07 -3.016E-07 +4.823E-08 +3.575E-07 +6.364E-07 +8.927E-07 +1.132E-06 +1.359E-06 +1.578E-06 +1.790E-06 +1.998E-06 +2.204E-06 +2.409E-06 +2.615E-06 +2.822E-06 +3.031E-06 +3.244E-06 +3.460E-06 +3.681E-06 +3.907E-06 +4.138E-06 +4.376E-06 +4.620E-06 +4.872E-06 +5.132E-06 +5.400E-06 +5.676E-06 +5.962E-06 +6.258E-06 +6.533E-06 
# Vertical KickTable in T2m2
START
            -0.01200000 -0.01170000 -0.01140000 -0.01110000 -0.01080000 -0.01050000 -0.01020000 -0.00990000 -0.00960000 -0.00930000 -0.00900000 -0.00870000 -0.00840000 -0.00810000 -0.00780000 -0.00750000 -0.00720000 -0.00690000 -0.00660000 -0.00630000 -0.00600000 -0.00570000 -0.00540000 -0.00510000 -0.00480000 -0.00450000 -0.00420000 -0.00390000 -0.00360000 -0.00330000 -0.00300000 -0.00270000 -0.00240000 -0.00210000 -0.00180000 -0.00150000 -0.00120000 -0.00090000 -0.00060000 -0.00030000 +0.00000000 +0.00030000 +0.00060000 +0.00090000 +0.00120000 +0.00150000 +0.00180000 +0.00210000 +0.00240000 +0.00270000 +0.00300000 +0.00330000 +0.00360000 +0.00390000 +0.00420000 +0.00450000 +0.00480000 +0.00510000 +0.00540000 +0.00570000 +0.00600000 +0.00630000 +0.00660000 +0.00690000 +0.00720000 +0.00750000 +0.00780000 +0.00810000 +0.00840000 +0.00870000 +0.00900000 +0.00930000 +0.00960000 +0.00990000 +0.01020000 +0.01050000 +0.01080000 +0.01110000 +0.01140000 +0.01170000 +0.01200000 
+0.00450000 -9.958E-03 -9.958E-03 -9.958E-03 -9.958E-03 -9.959E-03 -9.959E-03 -9.959E-03 -9.959E-03 -9.959E-03 -9.959E-03 -9.959E-03 -9.959E-03 -9.959E-03 -9.959E-03 -9.959E-03 -9.959E-03 -9.959E-03 -9.959E-03 -9.960E-03 -9.960E-03 -9.960E-03 -9.960E-03 -9.960E-03 -9.960E-03 -9.960E-03 -9.960E-03 -9.960E-03 -9.960E-03 -9.960E-03 -9.960E-03 -9.960E-03 -9.960E-03 -9.960E-03 -9.959E-03 -9.959E-03 -9.958E-03 -9.956E-03 -9.954E-03 -9.951E-03 -9.949E-03 -9.948E-03 -9.949E-03 -9.951E-03 -9.954E-03 -9.956E-03 -9.958E-03 -9.959E-03 -9.959E-03 -9.960E-03 -9.960E-03 -9.960E-03 -9.960E-03 -9.960E-03 -9.960E-03 -9.960E-03 -9.960E-03 -9.960E-03 -9.960E-03 -9.960E-03 -9.960E-03 -9.960E-03 -9.960E-03 -9.960E-03 -9.959E-03 -9.959E-03 -9.959E-03 -9.959E-03 -9.959E-03 -9.959E-03 -9.959E-03 -9.959E-03 -9.959E-03 -9.959E-03 -9.959E-03 -9.959E-03 -9.959E-03 -9.959E-03 -9.958E-03 -9.958E-03 -9.958E-03 -9.958E-03 
+0.00393750 -8.463E-03 -8.463E-03 -8.464E-03 -8.464E-03 -8.464E-03 -8.464E-03 -8.464E-03 -8.464E-03 -8.464E-03 -8.464E-03 -8.464E-03 -8.464E-03 -8.464E-03 -8.464E-03 -8.464E-03 -8.464E-03 -8.464E-03 -8.464E-03 -8.465E-03 -8.465E-03 -8.465E-03 -8.465E-03 -8.465E-03 -8.465E-03 -8.465E-03 -8.465E-03 -8.465E-03 -8.465E-03 -8.465E-03 -8.465E-03 -8.465E-03 -8.464E-03 -8.464E-03 -8.464E-03 -8.463E-03 -8.462E-03 -8.461E-03 -8.460E-03 -8.459E-03 -8.458E-03 -8.457E-03 -8.458E-03 -8.459E-03 -8.460E-03 -8.461E-03 -8.462E-03 -8.463E-03 -8.464E-03 -8.464E-03 -8.464E-03 -8.465E-03 -8.465E-03 -8.465E-03 -8.465E-03 -8.465E-03 -8.465E-03 -8.465E-03 -8.465E-03 -8.465E-03 -8.465E-03 -8.465E-03 -8.465E-03 -8.465E-03 -8.464E-03 -8.464E-03 -8.464E-03 -8.464E-03 -8.464E-03 -8.464E-03 -8.464E-03 -8.464E-03 -8.464E-03 -8.464E-03 -8.464E-03 -8.464E-03 -8.464E-03 -8.464E-03 -8.464E-03 -8.464E-03 -8.463E-03 -8.463E-03 
+0.00337500 -6.958E-03 -6.958E-03 -6.958E-03 -6.958E-03 -6.958E-03 -6.958E-03 -6.958E-03 -6.958E-03 -6.958E-03 -6.958E-03 -6.958E-03 -6.958E-03 -6.958E-03 -6.958E-03 -6.958E-03 -6.958E-03 -6.958E-03 -6.958E-03 -6.959E-03 -6.959E-03 -6.959E-03 -6.959E-03 -6.959E-03 -6.959E-03 -6.959E-03 -6.959E-03 -6.959E-03 -6.959E-03 -6.959E-03 -6.958E-03 -6.958E-03 -6.958E-03 -6.958E-03 -6.957E-03 -6.957E-03 -6.957E-03 -6.956E-03 -6.955E-03 -6.955E-03 -6.954E-03 -6.954E-03 -6.954E-03 -6.955E-03 -6.955E-03 -6.956E-03 -6.957E-03 -6.957E-03 -6.957E-03 -6.958E-03 -6.958E-03 -6.958E-03 -6.958E-03 -6.959E-03 -6.959E-03 -6.959E-03 -6.959E-03 -6.959E-03 -6.959E-03 -6.959E-03 -6.959E-03 -6.959E-03 -6.959E-03 -6.959E-03 -6.958E-03 -6.958E-03 -6.958E-03 -6.958E-03 -6.958E-03 -6.958E-03 -6.958E-03 -6.958E-03 -6.958E-03 -6.958E-03 -6.958E-03 -6.958E-03 -6.958E-03 -6.958E-03 -6.958E-03 -6.958E-03 -6.958E-03 -6.958E-03 
+0.00281250 -5.596E-03 -5.596E-03 -5.596E-03 -5.596E-03 -5.596E-03 -5.596E-03 -5.596E-03 -5.597E-03 -5.597E-03 -5.597E-03 -5.597E-03 -5.597E-03 -5.597E-03 -5.597E-03 -5.597E-03 -5.597E-03 -5.597E-03 -5.597E-03 -5.597E-03 -5.597E-03 -5.597E-03 -5.597E-03 -5.597E-03 -5.597E-03 -5.597E-03 -5.597E-03 -5.597E-03 -5.597E-03 -5.597E-03 -5.597E-03 -5.597E-03 -5.596E-03 -5.596E-03 -5.596E-03 -5.596E-03 -5.595E-03 -5.595E-03 -5.595E-03 -5.594E-03 -5.594E-03 -5.594E-03 -5.594E-03 -5.594E-03 -5.595E-03 -5.595E-03 -5.595E-03 -5.596E-03 -5.596E-03 -5.596E-03 -5.596E-03 -5.597E-03 -5.597E-03 -5.597E-03 -5.597E-03 -5.597E-03 -5.597E-03 -5.597E-03 -5.597E-03 -5.597E-03 -5.597E-03 -5.597E-03 -5.597E-03 -5.597E-03 -5.597E-03 -5.597E-03 -5.597E-03 -5.597E-03 -5.597E-03 -5.597E-03 -5.597E-03 -5.597E-03 -5.597E-03 -5.597E-03 -5.597E-03 -5.596E-03 -5.596E-03 -5.596E-03 -5.596E-03 -5.596E-03 -5.596E-03 -5.596E-03 
+0.00225000 -4.347E-03 -4.347E-03 -4.347E-03 -4.347E-03 -4.347E-03 -4.348E-03 -4.348E-03 -4.348E-03 -4.348E-03 -4.348E-03 -4.348E-03 -4.348E-03 -4.348E-03 -4.348E-03 -4.348E-03 -4.348E-03 -4.348E-03 -4.348E-03 -4.348E-03 -4.348E-03 -4.348E-03 -4.348E-03 -4.348E-03 -4.348E-03 -4.348E-03 -4.348E-03 -4.348E-03 -4.348E-03 -4.348E-03 -4.348E-03 -4.348E-03 -4.347E-03 -4.347E-03 -4.347E-03 -4.347E-03 -4.347E-03 -4.347E-03 -4.346E-03 -4.346E-03 -4.346E-03 -4.346E-03 -4.346E-03 -4.346E-03 -4.346E-03 -4.347E-03 -4.347E-03 -4.347E-03 -4.347E-03 -4.347E-03 -4.347E-03 -4.348E-03 -4.348E-03 -4.348E-03 -4.348E-03 -4.348E-03 -4.348E-03 -4.348E-03 -4.348E-03 -4.348E-03 -4.348E-03 -4.348E-03 -4.348E-03 -4.348E-03 -4.348E-03 -4.348E-03 -4.348E-03 -4.348E-03 -4.348E-03 -4.348E-03 -4.348E-03 -4.348E-03 -4.348E-03 -4.348E-03 -4.348E-03 -4.348E-03 -4.348E-03 -4.347E-03 -4.347E-03 -4.347E-03 -4.347E-03 -4.347E-03 
+0.00168750 -3.186E-03 -3.186E-03 -3.186E-03 -3.186E-03 -3.186E-03 -3.186E-03 -3.186E-03 -3.186E-03 -3.187E-03 -3.187E-03 -3.187E-03 -3.187E-03 -3.187E-03 -3.187E-03 -3.187E-03 -3.187E-03 -3.187E-03 -3.187E-03 -3.187E-03 -3.187E-03 -3.187E-03 -3.187E-03 -3.187E-03 -3.187E-03 -3.187E-03 -3.187E-03 -3.187E-03 -3.187E-03 -3.187E-03 -3.187E-03 -3.186E-03 -3.186E-03 -3.186E-03 -3.186E-03 -3.186E-03 -3.186E-03 -3.186E-03 -3.186E-03 -3.186E-03 -3.186E-03 -3.186E-03 -3.186E-03 -3.186E-03 -3.186E-03 -3.186E-03 -3.186E-03 -3.186E-03 -3.186E-03 -3.186E-03 -3.186E-03 -3.186E-03 -3.187E-03 -3.187E-03 -3.187E-03 -3.187E-03 -3.187E-03 -3.187E-03 -3.187E-03 -3.187E-03 -3.187E-03 -3.187E-03 -3.187E-03 -3.187E-03 -3.187E-03 -3.187E-03 -3.187E-03 -3.187E-03 -3.187E-03 -3.187E-03 -3.187E-03 -3.187E-03 -3.187E-03 -3.187E-03 -3.186E-03 -3.186E-03 -3.186E-03 -3.186E-03 -3.186E-03 -3.186E-03 -3.186E-03 -3.186E-03 
+0.00112500 -2.089E-03 -2.089E-03 -2.089E-03 -2.089E-03 -2.089E-03 -2.089E-03 -2.089E-03 -2.089E-03 -2.089E-03 -2.089E-03 -2.089E-03 -2.089E-03 -2.089E-03 -2.090E-03 -2.090E-03 -2.090E-03 -2.090E-03 -2.090E-03 -2.090E-03 -2.090E-03 -2.090E-03 -2.090E-03 -2.090E-03 -2.090E-03 -2.090E-03 -2.090E-03 -2.090E-03 -2.089E-03 -2.089E-03 -2.089E-03 -2.089E-03 -2.089E-03 -2.089E-03 -2.089E-03 -2.089E-03 -2.089E-03 -2.089E-03 -2.089E-03 -2.089E-03 -2.089E-03 -2.089E-03 -2.089E-03 -2.089E-03 -2.089E-03 -2.089E-03 -2.089E-03 -2.089E-03 -2.089E-03 -2.089E-03 -2.089E-03 -2.089E-03 -2.089E-03 -2.089E-03 -2.089E-03 -2.090E-03 -2.090E-03 -2.090E-03 -2.090E-03 -2.090E-03 -2.090E-03 -2.090E-03 -2.090E-03 -2.090E-03 -2.090E-03 -2.090E-03 -2.090E-03 -2.090E-03 -2.090E-03 -2.089E-03 -2.089E-03 -2.089E-03 -2.089E-03 -2.089E-03 -2.089E-03 -2.089E-03 -2.089E-03 -2.089E-03 -2.089E-03 -2.089E-03 -2.089E-03 -2.089E-03 
+0.00056250 -1.034E-03 -1.034E-03 -1.034E-03 -1.034E-03 -1.034E-03 -1.034E-03 -1.034E-03 -1.034E-03 -1.034E-03 -1.034E-03 -1.034E-03 -1.034E-03 -1.034E-03 -1.034E-03 -1.034E-03 -1.034E-03 -1.034E-03 -1.034E-03 -1.034E-03 -1.034E-03 -1.034E-03 -1.034E-03 -1.034E-03 -1.034E-03 -1.034E-03 -1.034E-03 -1.034E-03 -1.034E-03 -1.034E-03 -1.034E-03 -1.034E-03 -1.034E-03 -1.034E-03 -1.034E-03 -1.034E-03 -1.034E-03 -1.034E-03 -1.034E-03 -1.034E-03 -1.034E-03 -1.034E-03 -1.034E-03 -1.034E-03 -1.034E-03 -1.034E-03 -1.034E-03 -1.034E-03 -1.034E-03 -1.034E-03 -1.034E-03 -1.034E-03 -1.034E-03 -1.034E-03 -1.034E-03 -1.034E-03 -1.034E-03 -1.034E-03 -1.034E-03 -1.034E-03 -1.034E-03 -1.034E-03 -1.034E-03 -1.034E-03 -1.034E-03 -1.034E-03 -1.034E-03 -1.034E-03 -1.034E-03 -1.034E-03 -1.034E-03 -1.034E-03 -1.034E-03 -1.034E-03 -1.034E-03 -1.034E-03 -1.034E-03 -1.034E-03 -1.034E-03 -1.034E-03 -1.034E-03 -1.034E-03 
+0.00000000 +0.000E+00 +0.000E+00 +0.000E+00 +0.000E+00 +0.000E+00 +0.000E+00 +0.000E+00 +0.000E+00 +0.000E+00 +0.000E+00 +0.000E+00 +0.000E+00 +0.000E+00 -3.234E-17 +0.000E+00 +0.000E+00 +0.000E+00 +0.000E+00 +0.000E+00 +0.000E+00 +0.000E+00 +0.000E+00 +0.000E+00 +0.000E+00 +0.000E+00 +0.000E+00 +0.000E+00 +0.000E+00 +0.000E+00 +0.000E+00 +0.000E+00 +0.000E+00 +0.000E+00 +0.000E+00 +0.000E+00 +0.000E+00 +0.000E+00 +0.000E+00 +0.000E+00 +0.000E+00 +0.000E+00 +0.000E+00 +0.000E+00 +0.000E+00 +0.000E+00 +0.000E+00 +0.000E+00 +0.000E+00 +0.000E+00 +0.000E+00 +0.000E+00 +0.000E+00 +0.000E+00 +0.000E+00 +0.000E+00 +0.000E+00 +0.000E+00 +0.000E+00 +0.000E+00 +0.000E+00 +0.000E+00 +0.000E+00 +0.000E+00 +0.000E+00 +0.000E+00 +0.000E+00 +0.000E+00 -3.234E-17 +0.000E+00 +0.000E+00 +0.000E+00 +0.000E+00 +0.000E+00 +0.000E+00 +0.000E+00 +0.000E+00 +0.000E+00 +0.000E+00 +0.000E+00 +0.000E+00 +0.000E+00 
-0.00056250 +1.034E-03 +1.034E-03 +1.034E-03 +1.034E-03 +1.034E-03 +1.034E-03 +1.034E-03 +1.034E-03 +1.034E-03 +1.034E-03 +1.034E-03 +1.034E-03 +1.034E-03 +1.034E-03 +1.034E-03 +1.034E-03 +1.034E-03 +1.034E-03 +1.034E-03 +1.034E-03 +1.034E-03 +1.034E-03 +1.034E-03 +1.034E-03 +1.034E-03 +1.034E-03 +1.034E-03 +1.034E-03 +1.034E-03 +1.034E-03 +1.034E-03 +1.034E-03 +1.034E-03 +1.034E-03 +1.034E-03 +1.034E-03 +1.034E-03 +1.034E-03 +1.034E-03 +1.034E-03 +1.034E-03 +1.034E-03 +1.034E-03 +1.034E-03 +1.034E-03 +1.034E-03 +1.034E-03 +1.034E-03 +1.034E-03 +1.034E-03 +1.034E-03 +1.034E-03 +1.034E-03 +1.034E-03 +1.034E-03 +1.034E-03 +1.034E-03 +1.034E-03 +1.034E-03 +1.034E-03 +1.034E-03 +1.034E-03 +1.034E-03 +1.034E-03 +1.034E-03 +1.034E-03 +1.034E-03 +1.034E-03 +1.034E-03 +1.034E-03 +1.034E-03 +1.034E-03 +1.034E-03 +1.034E-03 +1.034E-03 +1.034E-03 +1.034E-03 +1.034E-03 +1.034E-03 +1.034E-03 +1.034E-03 
-0.00112500 +2.089E-03 +2.089E-03 +2.089E-03 +2.089E-03 +2.089E-03 +2.089E-03 +2.089E-03 +2.089E-03 +2.089E-03 +2.089E-03 +2.089E-03 +2.089E-03 +2.089E-03 +2.090E-03 +2.090E-03 +2.090E-03 +2.090E-03 +2.090E-03 +2.090E-03 +2.090E-03 +2.090E-03 +2.090E-03 +2.090E-03 +2.090E-03 +2.090E-03 +2.090E-03 +2.090E-03 +2.089E-03 +2.089E-03 +2.089E-03 +2.089E-03 +2.089E-03 +2.089E-03 +2.089E-03 +2.089E-03 +2.089E-03 +2.089E-03 +2.089E-03 +2.089E-03 +2.089E-03 +2.089E-03 +2.089E-03 +2.089E-03 +2.089E-03 +2.089E-03 +2.089E-03 +2.089E-03 +2.089E-03 +2.089E-03 +2.089E-03 +2.089E-03 +2.089E-03 +2.089E-03 +2.089E-03 +2.090E-03 +2.090E-03 +2.090E-03 +2.090E-03 +2.090E-03 +2.090E-03 +2.090E-03 +2.090E-03 +2.090E-03 +2.090E-03 +2.090E-03 +2.090E-03 +2.090E-03 +2.090E-03 +2.089E-03 +2.089E-03 +2.089E-03 +2.089E-03 +2.089E-03 +2.089E-03 +2.089E-03 +2.089E-03 +2.089E-03 +2.089E-03 +2.089E-03 +2.089E-03 +2.089E-03 
-0.00168750 +3.186E-03 +3.186E-03 +3.186E-03 +3.186E-03 +3.186E-03 +3.186E-03 +3.186E-03 +3.186E-03 +3.187E-03 +3.187E-03 +3.187E-03 +3.187E-03 +3.187E-03 +3.187E-03 +3.187E-03 +3.187E-03 +3.187E-03 +3.187E-03 +3.187E-03 +3.187E-03 +3.187E-03 +3.187E-03 +3.187E-03 +3.187E-03 +3.187E-03 +3.187E-03 +3.187E-03 +3.187E-03 +3.187E-03 +3.187E-03 +3.186E-03 +3.186E-03 +3.186E-03 +3.186E-03 +3.186E-03 +3.186E-03 +3.186E-03 +3.186E-03 +3.186E-03 +3.186E-03 +3.186E-03 +3.186E-03 +3.186E-03 +3.186E-03 +3.186E-03 +3.186E-03 +3.186E-03 +3.186E-03 +3.186E-03 +3.186E-03 +3.186E-03 +3.187E-03 +3.187E-03 +3.187E-03 +3.187E-03 +3.187E-03 +3.187E-03 +3.187E-03 +3.187E-03 +3.187E-03 +3.187E-03 +3.187E-03 +3.187E-03 +3.187E-03 +3.187E-03 +3.187E-03 +3.187E-03 +3.187E-03 +3.187E-03 +3.187E-03 +3.187E-03 +3.187E-03 +3.187E-03 +3.186E-03 +3.186E-03 +3.186E-03 +3.186E-03 +3.186E-03 +3.186E-03 +3.186E-03 +3.186E-03 
-0.00225000 +4.347E-03 +4.347E-03 +4.347E-03 +4.347E-03 +4.347E-03 +4.348E-03 +4.348E-03 +4.348E-03 +4.348E-03 +4.348E-03 +4.348E-03 +4.348E-03 +4.348E-03 +4.348E-03 +4.348E-03 +4.348E-03 +4.348E-03 +4.348E-03 +4.348E-03 +4.348E-03 +4.348E-03 +4.348E-03 +4.348E-03 +4.348E-03 +4.348E-03 +4.348E-03 +4.348E-03 +4.348E-03 +4.348E-03 +4.348E-03 +4.348E-03 +4.347E-03 +4.347E-03 +4.347E-03 +4.347E-03 +4.347E-03 +4.347E-03 +4.346E-03 +4.346E-03 +4.346E-03 +4.346E-03 +4.346E-03 +4.346E-03 +4.346E-03 +4.347E-03 +4.347E-03 +4.347E-03 +4.347E-03 +4.347E-03 +4.347E-03 +4.348E-03 +4.348E-03 +4.348E-03 +4.348E-03 +4.348E-03 +4.348E-03 +4.348E-03 +4.348E-03 +4.348E-03 +4.348E-03 +4.348E-03 +4.348E-03 +4.348E-03 +4.348E-03 +4.348E-03 +4.348E-03 +4.348E-03 +4.348E-03 +4.348E-03 +4.348E-03 +4.348E-03 +4.348E-03 +4.348E-03 +4.348E-03 +4.348E-03 +4.348E-03 +4.347E-03 +4.347E-03 +4.347E-03 +4.347E-03 +4.347E-03 
-0.00281250 +5.596E-03 +5.596E-03 +5.596E-03 +5.596E-03 +5.596E-03 +5.596E-03 +5.596E-03 +5.597E-03 +5.597E-03 +5.597E-03 +5.597E-03 +5.597E-03 +5.597E-03 +5.597E-03 +5.597E-03 +5.597E-03 +5.597E-03 +5.597E-03 +5.597E-03 +5.597E-03 +5.597E-03 +5.597E-03 +5.597E-03 +5.597E-03 +5.597E-03 +5.597E-03 +5.597E-03 +5.597E-03 +5.597E-03 +5.597E-03 +5.597E-03 +5.596E-03 +5.596E-03 +5.596E-03 +5.596E-03 +5.595E-03 +5.595E-03 +5.595E-03 +5.594E-03 +5.594E-03 +5.594E-03 +5.594E-03 +5.594E-03 +5.595E-03 +5.595E-03 +5.595E-03 +5.596E-03 +5.596E-03 +5.596E-03 +5.596E-03 +5.597E-03 +5.597E-03 +5.597E-03 +5.597E-03 +5.597E-03 +5.597E-03 +5.597E-03 +5.597E-03 +5.597E-03 +5.597E-03 +5.597E-03 +5.597E-03 +5.597E-03 +5.597E-03 +5.597E-03 +5.597E-03 +5.597E-03 +5.597E-03 +5.597E-03 +5.597E-03 +5.597E-03 +5.597E-03 +5.597E-03 +5.597E-03 +5.596E-03 +5.596E-03 +5.596E-03 +5.596E-03 +5.596E-03 +5.596E-03 +5.596E-03 
-0.00337500 +6.958E-03 +6.958E-03 +6.958E-03 +6.958E-03 +6.958E-03 +6.958E-03 +6.958E-03 +6.958E-03 +6.958E-03 +6.958E-03 +6.958E-03 +6.958E-03 +6.958E-03 +6.958E-03 +6.958E-03 +6.958E-03 +6.958E-03 +6.958E-03 +6.959E-03 +6.959E-03 +6.959E-03 +6.959E-03 +6.959E-03 +6.959E-03 +6.959E-03 +6.959E-03 +6.959E-03 +6.959E-03 +6.959E-03 +6.958E-03 +6.958E-03 +6.958E-03 +6.958E-03 +6.957E-03 +6.957E-03 +6.957E-03 +6.956E-03 +6.955E-03 +6.955E-03 +6.954E-03 +6.954E-03 +6.954E-03 +6.955E-03 +6.955E-03 +6.956E-03 +6.957E-03 +6.957E-03 +6.957E-03 +6.958E-03 +6.958E-03 +6.958E-03 +6.958E-03 +6.959E-03 +6.959E-03 +6.959E-03 +6.959E-03 +6.959E-03 +6.959E-03 +6.959E-03 +6.959E-03 +6.959E-03 +6.959E-03 +6.959E-03 +6.958E-03 +6.958E-03 +6.958E-03 +6.958E-03 +6.958E-03 +6.958E-03 +6.958E-03 +6.958E-03 +6.958E-03 +6.958E-03 +6.958E-03 +6.958E-03 +6.958E-03 +6.958E-03 +6.958E-03 +6.958E-03 +6.958E-03 +6.958E-03 
-0.00393750 +8.463E-03 +8.463E-03 +8.464E-03 +8.464E-03 +8.464E-03 +8.464E-03 +8.464E-03 +8.464E-03 +8.464E-03 +8.464E-03 +8.464E-03 +8.464E-03 +8.464E-03 +8.464E-03 +8.464E-03 +8.464E-03 +8.464E-03 +8.464E-03 +8.465E-03 +8.465E-03 +8.465E-03 +8.465E-03 +8.465E-03 +8.465E-03 +8.465E-03 +8.465E-03 +8.465E-03 +8.465E-03 +8.465E-03 +8.465E-03 +8.465E-03 +8.464E-03 +8.464E-03 +8.464E-03 +8.463E-03 +8.462E-03 +8.461E-03 +8.460E-03 +8.459E-03 +8.458E-03 +8.457E-03 +8.458E-03 +8.459E-03 +8.460E-03 +8.461E-03 +8.462E-03 +8.463E-03 +8.464E-03 +8.464E-03 +8.464E-03 +8.465E-03 +8.465E-03 +8.465E-03 +8.465E-03 +8.465E-03 +8.465E-03 +8.465E-03 +8.465E-03 +8.465E-03 +8.465E-03 +8.465E-03 +8.465E-03 +8.465E-03 +8.464E-03 +8.464E-03 +8.464E-03 +8.464E-03 +8.464E-03 +8.464E-03 +8.464E-03 +8.464E-03 +8.464E-03 +8.464E-03 +8.464E-03 +8.464E-03 +8.464E-03 +8.464E-03 +8.464E-03 +8.464E-03 +8.463E-03 +8.463E-03 
-0.00450000 +9.958E-03 +9.958E-03 +9.958E-03 +9.958E-03 +9.959E-03 +9.959E-03 +9.959E-03 +9.959E-03 +9.959E-03 +9.959E-03 +9.959E-03 +9.959E-03 +9.959E-03 +9.959E-03 +9.959E-03 +9.959E-03 +9.959E-03 +9.959E-03 +9.960E-03 +9.960E-03 +9.960E-03 +9.960E-03 +9.960E-03 +9.960E-03 +9.960E-03 +9.960E-03 +9.960E-03 +9.960E-03 +9.960E-03 +9.960E-03 +9.960E-03 +9.960E-03 +9.960E-03 +9.959E-03 +9.959E-03 +9.958E-03 +9.956E-03 +9.954E-03 +9.951E-03 +9.949E-03 +9.948E-03 +9.949E-03 +9.951E-03 +9.954E-03 +9.956E-03 +9.958E-03 +9.959E-03 +9.959E-03 +9.960E-03 +9.960E-03 +9.960E-03 +9.960E-03 +9.960E-03 +9.960E-03 +9.960E-03 +9.960E-03 +9.960E-03 +9.960E-03 +9.960E-03 +9.960E-03 +9.960E-03 +9.960E-03 +9.960E-03 +9.959E-03 +9.959E-03 +9.959E-03 +9.959E-03 +9.959E-03 +9.959E-03 +9.959E-03 +9.959E-03 +9.959E-03 +9.959E-03 +9.959E-03 +9.959E-03 +9.959E-03 +9.959E-03 +9.958E-03 +9.958E-03 +9.958E-03 +9.958E-03 
