
<nominal model> [30-Nov-2020 15:13:44]

-  loading model ...
   file: /home/facs/repos/MatlabMiddleLayer/Release/machine/SIRIUS/SI.V24.04/sirius_si_lattice.m
-  turning radiation and cavity off ...

<error generation and random machines creation> [30-Nov-2020 15:13:45]

-  generating errors ...
-  creating 20 random machines and applying errors ...
-  finding closed-orbit distortions with sextupoles off ...

    --------------------------------------------------------------- 
   |           codx [mm]           |           cody [mm]           |
   |      all             bpm      |      all             bpm      |
   | (max)   (rms) | (max)   (rms) | (max)   (rms) | (max)   (rms) |
---|---------------------------------------------------------------|
001| 12.56    2.63 |  9.97    3.75 | 17.10    6.51 | 12.03    4.88 |
002|  9.21    2.38 |  9.13    3.44 | 16.96    7.97 | 13.48    5.99 |
003|  6.71    1.76 |  6.68    2.48 |  8.16    3.20 |  6.47    2.40 |
004| 16.36    4.05 | 12.51    5.75 | 11.83    4.22 |  8.87    3.17 |
005| 17.63    5.02 | 16.85    7.15 | 11.70    4.93 |  8.50    3.71 |
006| 19.75    4.63 | 19.64    6.60 | 35.60   15.87 | 28.33   11.92 |
007| 13.95    3.77 | 13.93    5.41 | 24.50   11.44 | 19.25    8.61 |
008| 10.19    2.68 |  9.91    3.80 | 20.97    9.66 | 16.58    7.26 |
009| 12.05    2.97 | 10.38    4.22 | 11.43    4.54 |  9.14    3.41 |
010| 11.40    2.99 | 11.19    4.26 | 15.68    7.35 | 12.14    5.53 |
011| 16.39    4.48 | 14.82    6.33 | 18.25    8.58 | 13.54    6.45 |
012| 10.04    2.85 |  9.78    4.07 |  6.94    2.71 |  5.47    2.04 |
013| 30.44    8.87 | 30.00   12.59 | 17.06    6.19 | 13.28    4.65 |
014|  5.37    1.05 |  5.33    1.48 | 23.18    9.88 | 17.60    7.41 |
015|  8.34    1.67 |  7.39    2.36 | 20.40    9.23 | 15.50    6.95 |
016| 17.26    4.95 | 17.07    7.11 | 12.68    3.69 | 10.08    2.77 |
017| 14.21    3.58 | 11.95    5.05 | 20.31    9.60 | 14.84    7.20 |
018| 11.33    2.51 |  7.71    3.55 | 19.59    9.35 | 14.89    7.01 |
019|  3.48    0.70 |  3.42    1.01 | 28.73   11.06 | 21.38    8.31 |
020| 13.05    3.38 | 13.04    4.81 | 42.99   20.00 | 34.15   15.02 |
------------------------------------------------------------------- 

<closed-orbit distortions correction> [30-Nov-2020 15:13:51]

-  calculating orbit response matrix from nominal machine ...
   bpms:160, hcms:120, vcms:160
   number of singular values: 280
   singular values: 834.697656,834.697656,772.518334 ... 0.272884,0.272884,0.272884
-  correcting closed-orbit distortions
   sextupole ramp:  0.00 1.00
   selection of singular values:  all
   maximum number of orbit correction iterations: 50
   tolerance: 1.00e-05

    -----------------------------------------------------------------------------------------------  
   |           codx [um]           |           cody [um]           |  kickx[urad]     kicky[urad]  | (nr_iter|nr_refactor)
   |      all             bpm      |      all             bpm      |                               | [sextupole ramp]
   | (max)   (rms) | (max)   (rms) | (max)   (rms) | (max)   (rms) | (max)   (rms) | (max)   (rms) | 0.00000 1.00000 
---|---------------------------------------------------------------|-------------------------------| 
001| 157.8    41.7 | 148.1    48.7 | 200.7    65.7 | 120.5    53.6 |  159      62  |  215      79  | (06|00) (05|00) 
002| 185.5    45.3 | 120.9    50.6 | 211.1    56.6 | 119.2    48.2 |  198      65  |  306      82  | (06|00) (07|00) 
003| 128.5    38.1 |  98.9    44.0 | 146.0    57.2 | 112.9    47.8 |  144      54  |  299      78  | (06|00) (25|00) 
004| 138.6    40.2 | 103.0    46.5 | 164.0    57.0 | 133.1    46.5 |  176      59  |  211      75  | (06|00) (08|00) 
005| 202.1    40.1 | 123.9    47.7 | 186.9    59.8 | 109.3    51.0 |  166      59  |  216      79  | (06|00) (06|00) 
006| 124.5    38.2 | 110.1    45.7 | 142.9    55.0 | 120.3    46.8 |  161      60  |  317      87  | (07|00) (05|00) 
007| 147.3    40.4 | 124.8    45.2 | 246.2    63.9 | 121.9    54.2 |  170      60  |  223      80  | (08|00) (38|00) 
008| 229.7    43.9 | 136.0    48.3 | 164.9    60.7 | 115.5    52.9 |  124      55  |  243      77  | (07|00) (20|10) 
009| 145.9    41.9 | 116.4    47.6 | 190.0    60.6 | 126.1    49.2 |  181      65  |  241      84  | (07|00) (25|00) 
010| 220.9    41.8 | 109.5    46.8 | 162.5    56.3 | 123.9    49.5 |  121      50  |  250      80  | (06|00) (05|00) 
011| 141.7    42.1 | 107.8    47.4 | 221.0    60.3 | 134.6    55.1 |  184      61  |  221      80  | (06|00) (04|00) 
012| 174.3    43.8 | 118.5    50.0 | 241.3    59.4 | 116.7    50.0 |  191      61  |  287      77  | (06|00) (06|00) 
013| 184.6    42.8 | 120.0    47.3 | 191.7    62.0 | 131.0    51.6 |  142      58  |  210      77  | (07|00) (06|00) 
014| 149.9    39.3 | 108.3    44.0 | 166.9    61.2 | 125.5    52.4 |  213      59  |  268      88  | (06|00) (09|00) 
015| 211.5    43.4 | 118.2    48.7 | 234.5    62.1 | 120.3    50.2 |  159      59  |  347      88  | (06|00) (05|00) 
016| 132.8    39.6 | 126.8    48.0 | 223.7    58.0 | 117.4    47.5 |  173      61  |  231      76  | (06|00) (08|00) 
017| 168.3    44.5 | 136.9    49.9 | 244.0    64.0 | 114.9    51.0 |  169      66  |  263      79  | (06|00) (05|00) 
018| 151.4    44.4 | 120.5    50.3 | 164.1    54.6 | 113.4    46.7 |  164      61  |  209      74  | (06|00) (07|00) 
019| 156.9    40.6 | 121.4    46.9 | 246.8    65.8 | 120.7    51.2 |  134      52  |  246      79  | (07|00) (22|00) 
020| 143.2    36.9 | 112.2    41.8 | 220.6    56.6 | 115.2    48.0 |  150      56  |  238      76  | (07|00) (13|06) 
--------------------------------------------------------------------------------------------------- 

<tune correction> [30-Nov-2020 15:25:45]

-  goal tunes: 49.096188  14.151943 
   families used for correction: QFA  QDA  QDB2  QFB  QDB1  QDP2  QFP  QDP1 
   maximum number of tune correction iterations:   10
   tolerance: 1.00e-06


    ------------------------------------------------------- 
   |    initial tunes    | converged |     final tunes     |
---|-------------------------------------------------------|
001| 49.094375 14.156068 |    yes    | 49.096188 14.151943 |
002| 49.102853 14.154933 |    yes    | 49.096188 14.151943 |
003| 49.089340 14.154853 |    yes    | 49.096188 14.151943 |
004| 49.095143 14.160434 |    yes    | 49.096188 14.151943 |
005| 49.091486 14.161008 |    yes    | 49.096188 14.151943 |
006| 49.093790 14.153651 |    yes    | 49.096188 14.151943 |
007| 49.096872 14.142394 |    yes    | 49.096188 14.151943 |
008| 49.059856 14.165044 |    yes    | 49.096188 14.151943 |
009| 49.119498 14.099003 |    yes    | 49.096188 14.151943 |
010| 49.088684 14.172054 |    yes    | 49.096188 14.151943 |
011| 49.093907 14.147763 |    yes    | 49.096188 14.151943 |
012| 49.096964 14.142399 |    yes    | 49.096188 14.151943 |
013| 49.092026 14.178609 |    yes    | 49.096188 14.151943 |
014| 49.112936 14.129363 |    yes    | 49.096188 14.151943 |
015| 49.107810 14.156503 |    yes    | 49.096188 14.151943 |
016| 49.082020 14.149787 |    yes    | 49.096188 14.151943 |
017| 49.123261 14.160686 |    yes    | 49.096188 14.151943 |
018| 49.086214 14.160255 |    yes    | 49.096188 14.151943 |
019| 49.088151 14.137880 |    yes    | 49.096188 14.151943 |
020| 49.089855 14.130577 |    yes    | 49.096188 14.151943 |
---|-------------------------------------------------------|


<coupling correction> [30-Nov-2020 15:27:13]

-  collecting info for coupling respm calculation ...
   (this routine is yet to be generalized for arbitrary segmented skew quadrupole models!)
   qs:090
[Warning: MATLAB has disabled some advanced graphics rendering features by switching to software OpenGL. For more information, click <a href="matlab:opengl('problems')">here</a>.] 
   number of singular values: 090
   singular values: 15843.273796,15031.718239,15031.718239 ... 66.276917,65.506049,65.506049
   number of svs used in correction: 80
   maximum number of correction iterations: 50
   tolerance: 1.00e-05

     -------------------------------------------------------------------------- 
    | Max Kl |  chi2  | Tilt  |           Coup[%]           | NIters | NRedStr |
    | [1/km] |        | [deg] |  Ey/Ex  | Tracking | Dy[mm] |        |         |
-------------------------------------------------------------------------------|
001 |        |  1.693 | 17.90 |   9.232 |   2.184  | 11.272 |        |         |
    |   7.58 |  0.110 |  1.02 |  0.0533 |  0.0070  |  0.494 |    10  |     1   |
-------------------------------------------------------------------------------|
002 |        |  1.756 | 19.69 |   7.501 |   9.088  |  3.983 |        |         |
    |   7.02 |  0.129 |  1.19 |  0.0473 |  0.0219  |  0.594 |    13  |     0   |
-------------------------------------------------------------------------------|
003 |        |  3.087 | 16.48 |  36.294 |  15.260  | 16.257 |        |         |
    |   8.66 |  0.139 |  1.42 |  0.0686 |  0.0327  |  0.575 |    11  |     0   |
-------------------------------------------------------------------------------|
004 |        |  1.947 | 14.75 |  38.565 |  20.604  |  4.355 |        |         |
    |   8.38 |  0.128 |  1.44 |  0.0576 |  0.0249  |  0.581 |    11  |     1   |
-------------------------------------------------------------------------------|
005 |        |  2.192 | 14.30 |  35.321 |  19.313  |  8.472 |        |         |
    |   6.66 |  0.107 |  0.93 |  0.0477 |  0.0202  |  0.503 |    11  |     1   |
-------------------------------------------------------------------------------|
006 |        |  1.498 | 17.62 |  14.099 |  15.494  |  7.496 |        |         |
    |   8.90 |  0.110 |  1.16 |  0.0450 |  0.0207  |  0.485 |    11  |     0   |
-------------------------------------------------------------------------------|
007 |        |  4.163 | 16.18 |  56.194 |  40.625  | 21.958 |        |         |
    |   7.89 |  0.126 |  1.15 |  0.0557 |  0.0085  |  0.557 |    12  |     0   |
-------------------------------------------------------------------------------|
008 |        |  2.537 | 18.24 |  10.070 |   4.236  | 16.675 |        |         |
    |   7.91 |  0.116 |  1.08 |  0.0630 |  0.0017  |  0.502 |    11  |     0   |
-------------------------------------------------------------------------------|
009 |        |  1.246 | 16.13 |   2.330 |   0.959  |  7.876 |        |         |
    |   7.53 |  0.137 |  1.37 |  0.0513 |  0.0244  |  0.632 |    13  |     0   |
-------------------------------------------------------------------------------|
010 |        |  0.683 | 15.60 |   2.365 |   0.881  |  3.271 |        |         |
    |   5.42 |  0.092 |  0.86 |  0.0387 |  0.0041  |  0.398 |    10  |     0   |
-------------------------------------------------------------------------------|
011 |        |  0.779 | 17.07 |   2.890 |   2.468  |  3.993 |        |         |
    |   6.04 |  0.097 |  0.93 |  0.0535 |  0.0059  |  0.421 |     9  |     2   |
-------------------------------------------------------------------------------|
012 |        |  3.135 | 16.67 |  22.334 |  13.797  | 22.278 |        |         |
    |   6.81 |  0.093 |  0.83 |  0.0372 |  0.0096  |  0.443 |    12  |     0   |
-------------------------------------------------------------------------------|
013 |        |  1.475 | 14.83 |  18.626 |  11.535  |  6.248 |        |         |
    |   6.40 |  0.119 |  1.16 |  0.0600 |  0.0159  |  0.518 |    13  |     0   |
-------------------------------------------------------------------------------|
014 |        |  1.557 | 17.77 |  14.443 |  10.856  |  4.338 |        |         |
    |   6.52 |  0.115 |  1.04 |  0.0439 |  0.0414  |  0.489 |     9  |     0   |
-------------------------------------------------------------------------------|
015 |        |  1.813 | 18.71 |   4.465 |   4.622  |  3.041 |        |         |
    |   6.41 |  0.128 |  1.08 |  0.0659 |  0.0120  |  0.559 |    11  |     0   |
-------------------------------------------------------------------------------|
016 |        |  1.885 | 17.69 |  18.350 |  12.885  | 12.114 |        |         |
    |   6.69 |  0.107 |  0.90 |  0.0434 |  0.0065  |  0.507 |    13  |     0   |
-------------------------------------------------------------------------------|
017 |        |  1.808 | 16.82 |  12.611 |   5.336  |  7.434 |        |         |
    |   8.23 |  0.132 |  1.23 |  0.0616 |  0.0066  |  0.652 |     9  |     0   |
-------------------------------------------------------------------------------|
018 |        |  1.548 | 20.70 |   5.746 |   2.836  |  7.098 |        |         |
    |   8.33 |  0.105 |  0.91 |  0.0524 |  0.0006  |  0.481 |    11  |     0   |
-------------------------------------------------------------------------------|
019 |        |  1.891 | 17.97 |  19.856 |  17.529  |  9.247 |        |         |
    |   7.28 |  0.120 |  1.38 |  0.0589 |  0.0345  |  0.516 |    13  |     0   |
-------------------------------------------------------------------------------|
020 |        |  2.405 | 15.42 |  24.190 |  13.210  | 11.048 |        |         |
    |   8.80 |  0.112 |  1.03 |  0.0505 |  0.0011  |  0.508 |    12  |     0   |
-------------------------------------------------------------------------------|

<optics symmetrization> [30-Nov-2020 15:31:46]

Correcting Optics [30-Nov-2020 15:31:46]:

Number Of Singular Values :  156
Max Number of Correction iterations :   50
Tolerância : 1.00e-05

mac | Max Kl |  chi2  | dtunes | Betbeat (x/y) | eta @ss | NIters | NRedStr
    | [1/km] |        |  x1000 | rms[%]        | Max[mm] |        |
---------------------------------------------------------------------------
001 |        | 19.407 |  3.254 |  9.90 / 15.74 |   8.171 |        |       
    |   3.13 |  0.296 |  0.000 |  0.56 /  0.63 |   0.155 |     6  |     1 
---------------------------------------------------------------------------
002 |        | 17.659 |  1.919 | 15.74 / 13.32 |  23.303 |        |       
    |   2.98 |  0.345 |  0.000 |  0.51 /  0.70 |   0.110 |     6  |     0 
---------------------------------------------------------------------------
003 |        | 15.159 |  2.050 | 11.30 / 13.67 |  10.051 |        |       
    |   2.96 |  0.231 |  0.000 |  0.39 /  0.45 |   0.127 |     6  |     0 
---------------------------------------------------------------------------
004 |        | 20.819 |  3.307 |  2.46 / 13.61 |  24.395 |        |       
    |   2.51 |  0.306 |  0.000 |  0.53 /  0.67 |   0.114 |     6  |     1 
---------------------------------------------------------------------------
005 |        | 23.513 |  4.348 | 11.74 /  6.51 |  14.243 |        |       
    |   2.54 |  0.321 |  0.000 |  0.61 /  0.66 |   0.214 |     6  |     0 
---------------------------------------------------------------------------
006 |        |  8.904 |  0.736 |  8.54 /  9.21 |  11.919 |        |       
    |   2.76 |  0.307 |  0.000 |  0.51 /  0.67 |   0.125 |     6  |     1 
---------------------------------------------------------------------------
007 |        | 28.962 |  5.352 |  4.86 /  4.82 |  27.259 |        |       
    |   2.98 |  0.307 |  0.000 |  0.56 /  0.68 |   0.155 |     6  |     0 
---------------------------------------------------------------------------
008 |        | 14.358 |  0.247 |  7.10 / 14.96 |  30.739 |        |       
    |   3.01 |  0.315 |  0.000 |  0.56 /  0.59 |   0.144 |     8  |     1 
---------------------------------------------------------------------------
009 |        | 21.729 |  2.100 | 14.94 /  8.27 |  49.350 |        |       
    |   3.07 |  0.322 |  0.000 |  0.53 /  0.69 |   0.115 |     7  |     0 
---------------------------------------------------------------------------
010 |        | 13.001 |  2.162 |  4.99 /  6.75 |  16.074 |        |       
    |   2.32 |  0.301 |  0.000 |  0.48 /  0.63 |   0.054 |     5  |     0 
---------------------------------------------------------------------------
011 |        |  7.634 |  0.809 |  8.94 /  7.03 |   5.134 |        |       
    |   2.34 |  0.279 |  0.000 |  0.46 /  0.62 |   0.096 |     5  |     0 
---------------------------------------------------------------------------
012 |        | 13.280 |  0.972 |  8.38 /  9.01 |  21.980 |        |       
    |   2.51 |  0.294 |  0.000 |  0.51 /  0.60 |   0.101 |     6  |     0 
---------------------------------------------------------------------------
013 |        | 15.391 |  1.664 | 18.66 /  6.56 |  18.343 |        |       
    |   3.08 |  0.359 |  0.000 |  0.66 /  0.68 |   0.170 |     6  |     0 
---------------------------------------------------------------------------
014 |        |  9.116 |  0.564 |  8.78 /  8.76 |  14.661 |        |       
    |   2.79 |  0.347 |  0.000 |  0.57 /  0.73 |   0.158 |     6  |     1 
---------------------------------------------------------------------------
015 |        | 14.478 |  1.376 |  9.02 /  5.80 |  30.675 |        |       
    |   2.77 |  0.329 |  0.000 |  0.57 /  0.73 |   0.149 |     5  |     0 
---------------------------------------------------------------------------
016 |        | 16.473 |  2.129 |  8.64 / 14.93 |  20.374 |        |       
    |   3.14 |  0.331 |  0.000 |  0.54 /  0.70 |   0.120 |     6  |     0 
---------------------------------------------------------------------------
017 |        | 18.014 |  3.329 | 12.13 /  3.88 |  10.711 |        |       
    |   2.75 |  0.387 |  0.000 |  0.68 /  0.76 |   0.116 |     6  |     1 
---------------------------------------------------------------------------
018 |        |  9.596 |  0.816 |  7.89 /  8.83 |  21.481 |        |       
    |   2.72 |  0.325 |  0.000 |  0.57 /  0.69 |   0.096 |     6  |     0 
---------------------------------------------------------------------------
019 |        | 21.088 |  1.183 | 21.70 / 10.57 |  41.119 |        |       
    |   2.65 |  0.336 |  0.000 |  0.55 /  0.69 |   0.131 |     6  |     0 
---------------------------------------------------------------------------
020 |        | 16.014 |  0.745 | 24.31 /  8.79 |  27.624 |        |       
    |   2.99 |  0.349 |  0.000 |  0.59 /  0.72 |   0.181 |    17  |     9 
---------------------------------------------------------------------------

<application of multipole errors> [30-Nov-2020 15:32:41]

--- generate_multipole_errors [30-Nov-2020 15:32:42] ---

