Arquivo: c:\arq\medidas\BBA_2703_070421\BBA_AMU11B_V.dat
Data: 2703	 Hora:  0811
Comentário: 
NomeParametro	 ValorParametro
Nmedias	5
PausaCorretora	3000
PausaShunt	2000
PausaLeitura	500
NumCiclos	3
 NPassosCor	7
DeltaShunt	3.00
TetaIni	-0.10
TetaFim	0.10
I[mA]	  37.2
ACV11B	DeltaPos^2	AMU11B	AMP01B_0	AMP02A_0	AMP02B_0	AMP03A_0	AMP03B_0	AMP03C_0	AMP04A_0	AMP04B_0	AMP05A_0	AMP05B_0	AMP06A_0	AMP06B_0	AMP07A_0	AMP07B_0	AMP08A_0	AMP08B_0	AMP09A_0	AMP09B_0	AMP10A_0	AMP10B_0	AMU11A_0	AMU11B_0	AMP12A_0	AMP12B_0	AMP01A_0	AMP01B_1	AMP02A_1	AMP02B_1	AMP03A_1	AMP03B_1	AMP03C_1	AMP04A_1	AMP04B_1	AMP05A_1	AMP05B_1	AMP06A_1	AMP06B_1	AMP07A_1	AMP07B_1	AMP08A_1	AMP08B_1	AMP09A_1	AMP09B_1	AMP10A_1	AMP10B_1	AMU11A_1	AMU11B_1	AMP12A_1	AMP12B_1	AMP01A_1	
-0.1000	 6.94170523824567E-0003	0.6910	0.6266	0.3905	0.0523	-0.3657	2.2291	1.1824	0.9404	0.4951	1.8439	-0.1763	0.3125	-1.0489	0.1247	0.9886	1.1886	-0.6055	-1.0086	0.6581	1.2046	1.3157	1.4918	0.6910	0.1550	0.0486	-0.2734	0.7368	0.4370	-0.0004	-0.4825	2.2547	1.2846	1.0036	0.5902	1.9552	-0.3145	0.2183	-1.0709	0.1467	1.0566	1.2005	-0.6803	-1.1371	0.7406	1.2846	1.3962	1.5459	0.5869	0.0521	-0.0185	-0.3171	
-0.0667	 3.32838351583960E-0003	0.9622	0.3345	0.2635	0.1830	-0.0690	2.1701	0.9341	0.7820	0.2455	1.5464	0.1834	0.5597	-0.9832	0.0810	0.8010	1.1491	-0.4162	-0.6774	0.4529	0.9999	1.1014	1.3432	0.9622	0.4211	0.2286	-0.1514	0.4110	0.2957	0.1467	-0.1495	2.1878	1.0044	0.8253	0.3115	1.6241	0.0875	0.4944	-0.9987	0.0958	0.8482	1.1576	-0.4677	-0.7665	0.5098	1.0554	1.1576	1.3805	0.8904	0.3499	0.1817	-0.1818	
-0.0333	 9.87656887207765E-0004	1.2376	0.0371	0.1335	0.3154	0.2334	2.1098	0.6807	0.6198	-0.0088	1.2429	0.5495	0.8118	-0.9164	0.0364	0.6097	1.1083	-0.2231	-0.3395	0.2436	0.7915	0.8831	1.1913	1.2376	0.6919	0.4122	-0.0274	0.0785	0.1511	0.2957	0.1895	2.1197	0.7193	0.6438	0.0271	1.2851	0.4974	0.7762	-0.9247	0.0448	0.6354	1.1127	-0.2516	-0.3880	0.2746	0.8217	0.9134	1.2115	1.1984	0.6533	0.3870	-0.0437	
0.0000	 2.20149190337738E-0005	1.5147	-0.2638	0.0017	0.4490	0.5378	2.0495	0.4264	0.4568	-0.2653	0.9353	0.9180	1.0659	-0.8483	-0.0073	0.4159	1.0672	-0.0290	0.0007	0.0329	0.5814	0.6620	1.0385	1.5147	0.9650	0.5977	0.0979	-0.2577	0.0042	0.4458	0.5312	2.0508	0.4321	0.4604	-0.2599	0.9415	0.9097	1.0609	-0.8493	-0.0062	0.4198	1.0673	-0.0332	-0.0064	0.0376	0.5860	0.6667	1.0411	1.5091	0.9592	0.5942	0.0954	
0.0333	 4.95409114169912E-0004	1.7929	-0.5667	-0.1303	0.5829	0.8435	1.9891	0.1704	0.2932	-0.5226	0.6270	1.2877	1.3216	-0.7799	-0.0517	0.2219	1.0249	0.1662	0.3428	-0.1786	0.3704	0.4406	0.8844	1.7929	1.2389	0.7843	0.2243	-0.5965	-0.1429	0.5967	0.8742	1.9819	0.1433	0.2762	-0.5481	0.5970	1.3241	1.3467	-0.7737	-0.0566	0.2032	1.0216	0.1860	0.3774	-0.2002	0.3491	0.4189	0.8693	1.8205	1.2665	0.8024	0.2359	
0.0667	 2.12008358238395E-0003	2.0695	-0.8699	-0.2628	0.7163	1.1477	1.9288	-0.0841	0.1299	-0.7795	0.3173	1.6561	1.5756	-0.7114	-0.0956	0.0273	0.9835	0.3608	0.6842	-0.3901	0.1595	0.2199	0.7304	2.0695	1.5116	0.9707	0.3512	-0.9316	-0.2895	0.7456	1.2107	1.9120	-0.1421	0.0947	-0.8322	0.2552	1.7305	1.6273	-0.6995	-0.1083	-0.0101	0.9770	0.4027	0.7556	-0.4361	0.1145	0.1749	0.6994	2.1242	1.5678	1.0085	0.3761	
0.1000	 4.30973037530977E-0003	2.3450	-1.1730	-0.3958	0.8503	1.4510	1.8684	-0.3393	-0.0336	-1.0367	0.0069	2.0243	1.8299	-0.6433	-0.1408	-0.1665	0.9420	0.5563	1.0261	-0.6026	-0.0516	-0.0010	0.5769	2.3450	1.7833	1.1571	0.4787	-1.2610	-0.4348	0.8921	1.5394	1.8425	-0.4229	-0.0848	-1.1119	-0.0812	2.1280	1.9032	-0.6276	-0.1609	-0.2191	0.9338	0.6173	1.1286	-0.6692	-0.1178	-0.0643	0.5337	2.4206	1.8642	1.2123	0.5156	
