Arquivo: c:\arq\medidas\BBA_2703_070421\BBA_AMP01A_H.dat
Data: 2703	 Hora:  0818
Comentário: 
NomeParametro	 ValorParametro
Nmedias	5
PausaCorretora	3000
PausaShunt	2000
PausaLeitura	500
NumCiclos	3
 NPassosCor	7
DeltaShunt	3.00
TetaIni	-0.10
TetaFim	0.10
I[mA]	  37.1
ACH05A	DeltaPos^2	AMP01A	AMP01B_0	AMP02A_0	AMP02B_0	AMP03A_0	AMP03B_0	AMP03C_0	AMP04A_0	AMP04B_0	AMP05A_0	AMP05B_0	AMP06A_0	AMP06B_0	AMP07A_0	AMP07B_0	AMP08A_0	AMP08B_0	AMP09A_0	AMP09B_0	AMP10A_0	AMP10B_0	AMU11A_0	AMU11B_0	AMP12A_0	AMP12B_0	AMP01A_0	AMP01B_1	AMP02A_1	AMP02B_1	AMP03A_1	AMP03B_1	AMP03C_1	AMP04A_1	AMP04B_1	AMP05A_1	AMP05B_1	AMP06A_1	AMP06B_1	AMP07A_1	AMP07B_1	AMP08A_1	AMP08B_1	AMP09A_1	AMP09B_1	AMP10A_1	AMP10B_1	AMU11A_1	AMU11B_1	AMP12A_1	AMP12B_1	AMP01A_1	
-0.1000	 4.29861809142200E-0003	0.5407	-0.0779	0.4513	-2.3554	-0.3837	-0.8185	-2.2711	-0.0113	-0.2343	-2.6115	-1.4731	0.8019	-0.3783	-0.5405	-0.8812	-0.6377	0.2435	0.5508	0.4378	-0.6444	-1.1093	1.4408	1.6729	-1.0963	-1.6258	0.5407	-0.1607	0.4573	-2.3240	-0.3664	-0.8306	-2.2781	-0.0443	-0.2402	-2.5143	-1.3989	0.7421	-0.4214	-0.4046	-0.7504	-0.6940	0.1816	0.6502	0.5571	-0.6690	-1.1565	1.4650	1.7230	-1.0770	-1.6354	0.4735	
-0.0667	 2.47187386785881E-0003	0.2814	-0.3846	0.4980	-2.2394	-0.3943	-0.9161	-2.3431	-0.0928	-0.2263	-2.3644	-1.1789	0.7459	-0.4960	-0.4931	-0.7523	-0.5864	0.2192	0.3718	0.3308	-0.5126	-1.0275	1.1369	1.3795	-0.9546	-1.4822	0.2814	-0.4481	0.5028	-2.2153	-0.3822	-0.9261	-2.3488	-0.1174	-0.2304	-2.2918	-1.1241	0.7005	-0.5286	-0.3905	-0.6540	-0.6291	0.1720	0.4483	0.4220	-0.5315	-1.0636	1.1558	1.4182	-0.9398	-1.4893	0.2300	
-0.0333	 1.03055885006387E-0003	0.0222	-0.6910	0.5443	-2.1221	-0.4029	-1.0122	-2.4116	-0.1751	-0.2189	-2.1107	-0.8787	0.6884	-0.6153	-0.4426	-0.6199	-0.5343	0.1940	0.1928	0.2242	-0.3797	-0.9447	0.8301	1.0845	-0.8123	-1.3371	0.0222	-0.7416	0.5497	-2.1046	-0.4011	-1.0252	-2.4235	-0.1905	-0.2195	-2.0686	-0.8484	0.6597	-0.6366	-0.3802	-0.5595	-0.5624	0.1631	0.2417	0.2828	-0.3917	-0.9689	0.8397	1.1076	-0.8006	-1.3414	-0.0190	
0.0000	 3.23811995044739E-0004	-0.2438	-1.0043	0.5929	-2.0033	-0.4180	-1.1147	-2.4871	-0.2565	-0.2091	-1.8629	-0.5839	0.6333	-0.7338	-0.3993	-0.4939	-0.4806	0.1707	0.0088	0.1131	-0.2452	-0.8609	0.5177	0.7830	-0.6677	-1.1903	-0.2438	-1.0325	0.5960	-1.9935	-0.4169	-1.1218	-2.4932	-0.2649	-0.2094	-1.8398	-0.5672	0.6175	-0.7454	-0.3645	-0.4601	-0.4962	0.1536	0.0367	0.1466	-0.2523	-0.8747	0.5238	0.7969	-0.6611	-1.1927	-0.2668	
0.0333	 1.39678545771041E-0005	-0.5121	-1.3191	0.6421	-1.8840	-0.4337	-1.2176	-2.5640	-0.3376	-0.1991	-1.6147	-0.2889	0.5781	-0.8522	-0.3568	-0.3686	-0.4269	0.1477	-0.1755	0.0006	-0.1098	-0.7767	0.2031	0.4790	-0.5223	-1.0432	-0.5121	-1.3249	0.6427	-1.8820	-0.4337	-1.2195	-2.5641	-0.3388	-0.1988	-1.6110	-0.2864	0.5752	-0.8543	-0.3500	-0.3621	-0.4299	0.1439	-0.1693	0.0079	-0.1123	-0.7800	0.2059	0.4836	-0.5211	-1.0440	-0.5167	
0.0667	 1.25840608163753E-0004	-0.7821	-1.6344	0.6917	-1.7640	-0.4504	-1.3215	-2.6411	-0.4186	-0.1886	-1.3665	0.0061	0.5231	-0.9708	-0.3145	-0.2432	-0.3722	0.1244	-0.3607	-0.1118	0.0249	-0.6923	-0.1115	0.1741	-0.3768	-0.8957	-0.7821	-1.6182	0.6905	-1.7696	-0.4526	-1.3190	-2.6367	-0.4121	-0.1870	-1.3837	-0.0065	0.5337	-0.9627	-0.3377	-0.2658	-0.3631	0.1350	-0.3764	-0.1311	0.0276	-0.6847	-0.1131	0.1687	-0.3803	-0.8945	-0.7690	
0.1000	 6.78913768831680E-0004	-1.0538	-1.9503	0.7416	-1.6431	-0.4682	-1.4269	-2.7188	-0.4993	-0.1775	-1.1178	0.3013	0.4681	-1.0895	-0.2731	-0.1183	-0.3178	0.1016	-0.5470	-0.2251	0.1605	-0.6075	-0.4283	-0.1324	-0.2302	-0.7472	-1.0538	-1.9118	0.7386	-1.6565	-0.4725	-1.4195	-2.7097	-0.4853	-0.1752	-1.1558	0.2734	0.4925	-1.0712	-0.3259	-0.1692	-0.2959	0.1265	-0.5847	-0.2715	0.1680	-0.5887	-0.4334	-0.1475	-0.2391	-0.7444	-1.0224	
