Arquivo: c:\arq\medidas\BBA_2703_070421\BBA_AMP10B_H.dat
Data: 2703	 Hora:  0803
Comentário: 
NomeParametro	 ValorParametro
Nmedias	5
PausaCorretora	3000
PausaShunt	2000
PausaLeitura	500
NumCiclos	3
 NPassosCor	7
DeltaShunt	3.00
TetaIni	-0.10
TetaFim	0.10
I[mA]	  37.3
ACH05A	DeltaPos^2	AMP10B	AMP01B_0	AMP02A_0	AMP02B_0	AMP03A_0	AMP03B_0	AMP03C_0	AMP04A_0	AMP04B_0	AMP05A_0	AMP05B_0	AMP06A_0	AMP06B_0	AMP07A_0	AMP07B_0	AMP08A_0	AMP08B_0	AMP09A_0	AMP09B_0	AMP10A_0	AMP10B_0	AMU11A_0	AMU11B_0	AMP12A_0	AMP12B_0	AMP01A_0	AMP01B_1	AMP02A_1	AMP02B_1	AMP03A_1	AMP03B_1	AMP03C_1	AMP04A_1	AMP04B_1	AMP05A_1	AMP05B_1	AMP06A_1	AMP06B_1	AMP07A_1	AMP07B_1	AMP08A_1	AMP08B_1	AMP09A_1	AMP09B_1	AMP10A_1	AMP10B_1	AMU11A_1	AMU11B_1	AMP12A_1	AMP12B_1	AMP01A_1	
-0.1000	 5.51930157046149E-0004	-1.0939	-0.0595	0.4746	-2.3478	-0.4417	-0.8637	-2.2758	0.0250	-0.2055	-2.6769	-1.5365	0.8338	-0.3402	-0.5964	-0.9473	-0.6175	0.2761	0.5284	0.3980	-0.6491	-1.0939	1.4726	1.7022	-1.0943	-1.6280	0.5335	-0.0392	0.4471	-2.3671	-0.3979	-0.8206	-2.2607	0.0018	-0.2329	-2.6486	-1.5001	0.8234	-0.3600	-0.6002	-0.9390	-0.6120	0.2704	0.4906	0.3695	-0.6349	-1.0826	1.4628	1.6822	-1.1113	-1.6322	0.5622	
-0.0667	 4.07316871796296E-0004	-1.0154	-0.3752	0.5147	-2.2326	-0.4370	-0.9499	-2.3487	-0.0680	-0.2055	-2.4099	-1.2237	0.7671	-0.4705	-0.5320	-0.7986	-0.5717	0.2413	0.3534	0.3007	-0.5141	-1.0154	1.1543	1.3953	-0.9510	-1.4801	0.2726	-0.3570	0.4912	-2.2490	-0.3994	-0.9126	-2.3355	-0.0878	-0.2296	-2.3860	-1.1926	0.7580	-0.4870	-0.5357	-0.7917	-0.5666	0.2368	0.3213	0.2763	-0.5017	-1.0057	1.1467	1.3788	-0.9651	-1.4832	0.2985	
-0.0333	 2.85999489890363E-0004	-0.9362	-0.6957	0.5554	-2.1152	-0.4328	-1.0380	-2.4223	-0.1622	-0.2061	-2.1373	-0.9050	0.6989	-0.6024	-0.4662	-0.6471	-0.5253	0.2061	0.1762	0.2030	-0.3774	-0.9362	0.8300	1.0839	-0.8050	-1.3296	0.0076	-0.6793	0.5357	-2.1295	-0.4009	-1.0061	-2.4114	-0.1788	-0.2262	-2.1182	-0.8796	0.6917	-0.6163	-0.4697	-0.6417	-0.5210	0.2022	0.1502	0.1827	-0.3674	-0.9283	0.8250	1.0712	-0.8177	-1.3327	0.0304	
0.0000	 1.90109568800053E-0004	-0.8564	-1.0186	0.5969	-1.9967	-0.4290	-1.1269	-2.4964	-0.2567	-0.2064	-1.8632	-0.5855	0.6305	-0.7349	-0.4007	-0.4951	-0.4785	0.1705	-0.0021	0.1043	-0.2398	-0.8564	0.5029	0.7691	-0.6581	-1.1782	-0.2605	-1.0034	0.5806	-2.0090	-0.4030	-1.1004	-2.4871	-0.2699	-0.2224	-1.8486	-0.5652	0.6253	-0.7457	-0.4039	-0.4912	-0.4750	0.1680	-0.0225	0.0885	-0.2326	-0.8503	0.5005	0.7605	-0.6691	-1.1813	-0.2399	
0.0333	 1.12404051306759E-0004	-0.7762	-1.3417	0.6392	-1.8776	-0.4264	-1.2171	-2.5711	-0.3511	-0.2056	-1.5886	-0.2654	0.5623	-0.8672	-0.3351	-0.3432	-0.4316	0.1353	-0.1807	0.0047	-0.1025	-0.7762	0.1739	0.4526	-0.5102	-1.0263	-0.5305	-1.3298	0.6268	-1.8867	-0.4062	-1.1962	-2.5638	-0.3611	-0.2178	-1.5773	-0.2494	0.5585	-0.8755	-0.3376	-0.3400	-0.4289	0.1334	-0.1955	-0.0070	-0.0969	-0.7717	0.1733	0.4470	-0.5187	-1.0290	-0.5140	
0.0667	 5.36168976957005E-0005	-0.6955	-1.6662	0.6820	-1.7571	-0.4243	-1.3081	-2.6464	-0.4456	-0.2047	-1.3125	0.0553	0.4936	-1.0002	-0.2693	-0.1914	-0.3847	0.0997	-0.3602	-0.0948	0.0358	-0.6955	-0.1566	0.1339	-0.3614	-0.8734	-0.8027	-1.6586	0.6734	-1.7635	-0.4103	-1.2933	-2.6414	-0.4521	-0.2132	-1.3045	0.0671	0.4914	-1.0056	-0.2710	-0.1886	-0.3825	0.0987	-0.3697	-0.1025	0.0392	-0.6925	-0.1562	0.1307	-0.3674	-0.8753	-0.7910	
0.1000	 1.78620959577906E-0005	-0.6145	-1.9911	0.7252	-1.6359	-0.4237	-1.4006	-2.7223	-0.5397	-0.2035	-1.0366	0.3758	0.4251	-1.1327	-0.2038	-0.0398	-0.3369	0.0645	-0.5407	-0.1954	0.1745	-0.6145	-0.4890	-0.1860	-0.2118	-0.7197	-1.0766	-1.9871	0.7205	-1.6397	-0.4152	-1.3918	-2.7191	-0.5432	-0.2079	-1.0311	0.3840	0.4243	-1.1357	-0.2045	-0.0369	-0.3358	0.0643	-0.5441	-0.1985	0.1754	-0.6135	-0.4869	-0.1862	-0.2155	-0.7213	-1.0700	
