Arquivo: c:\arq\medidas\BBA_2703_070421\BBA_AMP07B_H.dat
Data: 2703	 Hora:  0744
Comentário: 
NomeParametro	 ValorParametro
Nmedias	5
PausaCorretora	3000
PausaShunt	2000
PausaLeitura	500
NumCiclos	3
 NPassosCor	7
DeltaShunt	3.00
TetaIni	-0.10
TetaFim	0.10
I[mA]	  62.4
ACH03B	DeltaPos^2	AMP07B	AMP01B_0	AMP02A_0	AMP02B_0	AMP03A_0	AMP03B_0	AMP03C_0	AMP04A_0	AMP04B_0	AMP05A_0	AMP05B_0	AMP06A_0	AMP06B_0	AMP07A_0	AMP07B_0	AMP08A_0	AMP08B_0	AMP09A_0	AMP09B_0	AMP10A_0	AMP10B_0	AMU11A_0	AMU11B_0	AMP12A_0	AMP12B_0	AMP01A_0	AMP01B_1	AMP02A_1	AMP02B_1	AMP03A_1	AMP03B_1	AMP03C_1	AMP04A_1	AMP04B_1	AMP05A_1	AMP05B_1	AMP06A_1	AMP06B_1	AMP07A_1	AMP07B_1	AMP08A_1	AMP08B_1	AMP09A_1	AMP09B_1	AMP10A_1	AMP10B_1	AMU11A_1	AMU11B_1	AMP12A_1	AMP12B_1	AMP01A_1	
-0.1000	 7.61068192174432E-0004	0.2978	-1.1235	1.0073	-1.8136	-1.4353	-1.9982	-2.9015	-0.2519	0.0944	-1.5537	-0.5707	0.2650	-0.8701	0.5699	0.2978	-1.0043	-0.2734	1.0926	1.2523	-0.5861	-1.3531	1.0427	1.5252	-0.6002	-1.4031	-0.6494	-1.0722	0.9927	-1.8340	-1.4121	-1.9652	-2.8849	-0.2465	0.0854	-1.5777	-0.5792	0.2890	-0.8575	0.5087	0.2454	-0.9976	-0.2544	1.0898	1.2350	-0.5988	-1.3525	1.0772	1.5525	-0.6220	-1.4193	-0.6010	
-0.0667	 1.67289002086938E-0004	0.0455	-1.1229	0.8839	-1.8559	-1.1130	-1.7264	-2.7778	-0.2557	0.0016	-1.6365	-0.5557	0.3853	-0.8322	0.2515	0.0455	-0.8236	-0.1245	0.7206	0.8681	-0.4572	-1.1786	0.8346	1.2481	-0.5993	-1.3090	-0.5503	-1.1022	0.8783	-1.8626	-1.1022	-1.7127	-2.7706	-0.2516	-0.0013	-1.6487	-0.5606	0.3981	-0.8243	0.2187	0.0163	-0.8186	-0.1140	0.7137	0.8541	-0.4607	-1.1760	0.8442	1.2544	-0.6067	-1.3137	-0.5315	
-0.0333	 2.64755462127716E-0005	-0.2105	-1.1239	0.7592	-1.8984	-0.7863	-1.4517	-2.6526	-0.2591	-0.0918	-1.7210	-0.5414	0.5072	-0.7937	-0.0707	-0.2105	-0.6412	0.0260	0.3436	0.4776	-0.3265	-1.0020	0.6221	0.9653	-0.5978	-1.2139	-0.4510	-1.1307	0.7622	-1.8928	-0.7883	-1.4566	-2.6545	-0.2568	-0.0892	-1.7218	-0.5431	0.5084	-0.7907	-0.0739	-0.2148	-0.6385	0.0277	0.3361	0.4710	-0.3227	-0.9989	0.6116	0.9553	-0.5920	-1.2086	-0.4600	
0.0000	 2.73539130452591E-0004	-0.4612	-1.1252	0.6375	-1.9391	-0.4675	-1.1835	-2.5302	-0.2623	-0.1830	-1.8046	-0.5287	0.6259	-0.7555	-0.3857	-0.4612	-0.4628	0.1732	-0.0259	0.0961	-0.1990	-0.8297	0.4140	0.6879	-0.5959	-1.1206	-0.3550	-1.1581	0.6481	-1.9229	-0.4813	-1.2056	-2.5407	-0.2623	-0.1753	-1.7940	-0.5267	0.6161	-0.7581	-0.3602	-0.4409	-0.4634	0.1660	-0.0323	0.0977	-0.1886	-0.8263	0.3854	0.6637	-0.5787	-1.1065	-0.3888	
0.0333	 8.51539670178249E-0004	-0.7139	-1.1284	0.5156	-1.9796	-0.1475	-0.9152	-2.4081	-0.2646	-0.2738	-1.8894	-0.5169	0.7455	-0.7165	-0.7026	-0.7139	-0.2835	0.3209	-0.3966	-0.2882	-0.0701	-0.6561	0.2034	0.4078	-0.5934	-1.0261	-0.2600	-1.1855	0.5332	-1.9536	-0.1726	-0.9533	-2.4263	-0.2670	-0.2616	-1.8682	-0.5114	0.7246	-0.7247	-0.6488	-0.6688	-0.2875	0.3052	-0.4022	-0.2785	-0.0542	-0.6533	0.1582	0.3705	-0.5657	-1.0047	-0.3170	
0.0667	 1.66931808748684E-0003	-0.9672	-1.1332	0.3938	-2.0193	0.1721	-0.6470	-2.2853	-0.2670	-0.3643	-1.9751	-0.5060	0.8653	-0.6774	-1.0195	-0.9672	-0.1040	0.4692	-0.7690	-0.6732	0.0589	-0.4818	-0.0086	0.1258	-0.5902	-0.9311	-0.1663	-1.2130	0.4176	-1.9851	0.1387	-0.6985	-2.3114	-0.2721	-0.3483	-1.9430	-0.4961	0.8335	-0.6916	-0.9400	-0.8997	-0.1113	0.4447	-0.7742	-0.6566	0.0802	-0.4796	-0.0688	0.0765	-0.5529	-0.9028	-0.2440	
0.1000	 2.91383649479503E-0003	-1.2205	-1.1398	0.2731	-2.0584	0.4901	-0.3807	-2.1633	-0.2682	-0.4542	-2.0611	-0.4962	0.9849	-0.6375	-1.3358	-1.2205	0.0754	0.6169	-1.1408	-1.0579	0.1884	-0.3075	-0.2221	-0.1569	-0.5855	-0.8350	-0.0746	-1.2450	0.3044	-2.0133	0.4463	-0.4480	-2.1975	-0.2758	-0.4332	-2.0187	-0.4828	0.9421	-0.6573	-1.2292	-1.1298	0.0653	0.5840	-1.1469	-1.0352	0.2158	-0.3053	-0.3007	-0.2213	-0.5373	-0.7983	-0.1764	
