Arquivo: c:\arq\medidas\BBA_2703_070421\BBA_AMP06A_V.dat
Data: 2703	 Hora:  0737
Comentário: 
NomeParametro	 ValorParametro
Nmedias	5
PausaCorretora	3000
PausaShunt	2000
PausaLeitura	500
NumCiclos	3
 NPassosCor	7
DeltaShunt	3.00
TetaIni	-0.10
TetaFim	0.10
I[mA]	  91.0
ACV07A	DeltaPos^2	AMP06A	AMP01B_0	AMP02A_0	AMP02B_0	AMP03A_0	AMP03B_0	AMP03C_0	AMP04A_0	AMP04B_0	AMP05A_0	AMP05B_0	AMP06A_0	AMP06B_0	AMP07A_0	AMP07B_0	AMP08A_0	AMP08B_0	AMP09A_0	AMP09B_0	AMP10A_0	AMP10B_0	AMU11A_0	AMU11B_0	AMP12A_0	AMP12B_0	AMP01A_0	AMP01B_1	AMP02A_1	AMP02B_1	AMP03A_1	AMP03B_1	AMP03C_1	AMP04A_1	AMP04B_1	AMP05A_1	AMP05B_1	AMP06A_1	AMP06B_1	AMP07A_1	AMP07B_1	AMP08A_1	AMP08B_1	AMP09A_1	AMP09B_1	AMP10A_1	AMP10B_1	AMU11A_1	AMU11B_1	AMP12A_1	AMP12B_1	AMP01A_1	
-0.1000	 4.14203405130402E-0004	0.5012	0.7223	0.7667	0.8757	0.7796	1.3176	-0.9854	0.1003	0.2200	1.9044	0.5196	0.5012	-1.6648	-1.0980	1.0339	1.6970	0.6546	0.7045	-1.0815	-0.0585	0.7624	1.5187	1.6943	0.7557	-0.1414	-0.9378	0.7473	0.7782	0.8654	0.7548	1.3218	-0.9653	0.1135	0.2418	1.9303	0.4888	0.4804	-1.6873	-1.1244	1.0693	1.7186	0.6554	0.6936	-1.0926	-0.0569	0.7848	1.5461	1.6746	0.7319	-0.1575	-0.9486	
-0.0667	 2.12976178369177E-0004	0.6890	0.3973	0.5177	0.7428	0.7140	1.5499	-0.5443	0.2100	0.0569	1.5844	0.6602	0.6890	-1.4023	-0.7565	0.8224	1.4915	0.4432	0.4921	-0.7354	0.1379	0.7194	1.3515	1.6442	0.8294	0.1001	-0.6040	0.4157	0.5261	0.7357	0.6961	1.5527	-0.5306	0.2191	0.0725	1.6031	0.6383	0.6736	-1.4184	-0.7755	0.8477	1.5066	0.4439	0.4841	-0.7437	0.1390	0.7354	1.3712	1.6302	0.8124	0.0883	-0.6118	
-0.0333	 7.85789382224593E-0005	0.8793	0.0680	0.2641	0.6078	0.6465	1.7859	-0.0950	0.3217	-0.1083	1.2591	0.8020	0.8793	-1.1349	-0.4085	0.6067	1.2814	0.2280	0.2760	-0.3827	0.3373	0.6757	1.1816	1.5926	0.9043	0.3451	-0.2644	0.0789	0.2696	0.6037	0.6362	1.7870	-0.0877	0.3267	-0.0988	1.2706	0.7888	0.8699	-1.1452	-0.4203	0.6222	1.2912	0.2288	0.2716	-0.3883	0.3378	0.6854	1.1939	1.5842	0.8943	0.3379	-0.2693	
0.0000	 9.39903956428067E-0006	1.0697	-0.2635	0.0086	0.4716	0.5782	2.0227	0.3565	0.4343	-0.2740	0.9314	0.9428	1.0697	-0.8658	-0.0584	0.3901	1.0701	0.0112	0.0583	-0.0285	0.5375	0.6322	1.0104	1.5409	0.9797	0.5914	0.0762	-0.2600	0.0109	0.4708	0.5752	2.0225	0.3577	0.4351	-0.2708	0.9356	0.9386	1.0664	-0.8696	-0.0626	0.3951	1.0738	0.0118	0.0572	-0.0308	0.5376	0.6361	1.0151	1.5379	0.9757	0.5887	0.0743	
0.0333	 9.66786295289503E-0006	1.2646	-0.6060	-0.2542	0.3311	0.5071	2.2660	0.8215	0.5503	-0.4445	0.5950	1.0875	1.2646	-0.5885	0.3015	0.1672	0.8523	-0.2122	-0.1664	0.3373	0.7447	0.5890	0.8346	1.4862	1.0562	0.8444	0.4272	-0.6099	-0.2552	0.3338	0.5117	2.2641	0.8162	0.5481	-0.4476	0.5916	1.0926	1.2678	-0.5858	0.3050	0.1621	0.8499	-0.2116	-0.1636	0.3378	0.7443	0.5858	0.8316	1.4893	1.0593	0.8462	0.4282	
0.0667	 7.97577037167797E-0005	1.4607	-0.9513	-0.5197	0.1888	0.4354	2.5110	1.2908	0.6684	-0.6159	0.2548	1.2331	1.4607	-0.3088	0.6648	-0.0569	0.6328	-0.4383	-0.3943	0.7069	0.9544	0.5456	0.6576	1.4299	1.1327	1.0994	0.7826	-0.9626	-0.5241	0.1948	0.4474	2.5074	1.2788	0.6612	-0.6252	0.2442	1.2473	1.4697	-0.2998	0.6756	-0.0720	0.6242	-0.4378	-0.3882	0.7097	0.9536	0.5360	0.6469	1.4388	1.1421	1.1058	0.7863	
0.1000	 2.21149643449550E-0004	1.6564	-1.2954	-0.7850	0.0458	0.3631	2.7546	1.7575	0.7864	-0.7865	-0.0850	1.3777	1.6564	-0.0295	1.0267	-0.2798	0.4141	-0.6648	-0.6234	1.0761	1.1646	0.5034	0.4811	1.3726	1.2079	1.3539	1.1371	-1.3137	-0.7925	0.0555	0.3833	2.7492	1.7386	0.7755	-0.8024	-0.1032	1.4009	1.6715	-0.0144	1.0445	-0.3051	0.3995	-0.6640	-0.6135	1.0821	1.1631	0.4874	0.4627	1.3874	1.2244	1.3647	1.1438	
