Arquivo: c:\arq\medidas\BBA_2703_070421\BBA_AMP01B_H.dat
Data: 2703	 Hora:  0704
Comentário: 
NomeParametro	 ValorParametro
Nmedias	5
PausaCorretora	3000
PausaShunt	2000
PausaLeitura	500
NumCiclos	3
 NPassosCor	7
DeltaShunt	3.00
TetaIni	-0.10
TetaFim	0.10
I[mA]	 143.2
ACH07B	DeltaPos^2	AMP01B	AMP01B_0	AMP02A_0	AMP02B_0	AMP03A_0	AMP03B_0	AMP03C_0	AMP04A_0	AMP04B_0	AMP05A_0	AMP05B_0	AMP06A_0	AMP06B_0	AMP07A_0	AMP07B_0	AMP08A_0	AMP08B_0	AMP09A_0	AMP09B_0	AMP10A_0	AMP10B_0	AMU11A_0	AMU11B_0	AMP12A_0	AMP12B_0	AMP01A_0	AMP01B_1	AMP02A_1	AMP02B_1	AMP03A_1	AMP03B_1	AMP03C_1	AMP04A_1	AMP04B_1	AMP05A_1	AMP05B_1	AMP06A_1	AMP06B_1	AMP07A_1	AMP07B_1	AMP08A_1	AMP08B_1	AMP09A_1	AMP09B_1	AMP10A_1	AMP10B_1	AMU11A_1	AMU11B_1	AMP12A_1	AMP12B_1	AMP01A_1	
-0.1000	 4.31454697492966E-0003	0.1401	0.1401	0.2532	-2.4627	0.1230	-0.3053	-2.0692	-0.1143	-0.4279	-2.4374	-0.7631	1.2408	-0.4325	-1.8828	-1.7907	-0.2197	0.7143	-0.1138	-0.3860	-0.4610	-0.7440	1.2892	1.3634	-1.1546	-1.5082	0.9073	0.0459	0.2536	-2.4331	0.1525	-0.3071	-2.0834	-0.1565	-0.4413	-2.3310	-0.6753	1.1797	-0.4843	-1.7553	-1.6587	-0.2653	0.6538	-0.0454	-0.2888	-0.4626	-0.7776	1.2609	1.3611	-1.1123	-1.4945	0.7971	
-0.0667	 1.63478458372554E-0003	-0.2756	-0.2756	0.3816	-2.2858	-0.0654	-0.5870	-2.2121	-0.1421	-0.3409	-2.2716	-0.7136	1.0683	-0.5131	-1.4555	-1.4161	-0.2742	0.5697	-0.1136	-0.2713	-0.3634	-0.7494	0.9989	1.1320	-0.9676	-1.3723	0.5023	-0.3339	0.3823	-2.2671	-0.0468	-0.5879	-2.2207	-0.1678	-0.3488	-2.2054	-0.6593	1.0311	-0.5448	-1.3769	-1.3348	-0.3015	0.5330	-0.0715	-0.2120	-0.3641	-0.7698	0.9812	1.1299	-0.9410	-1.3633	0.4348	
-0.0333	 2.03222396125466E-0004	-0.6986	-0.6986	0.5126	-2.1045	-0.2569	-0.8730	-2.3573	-0.1699	-0.2518	-2.1023	-0.6635	0.8943	-0.5946	-1.0207	-1.0370	-0.3283	0.4238	-0.1139	-0.1564	-0.2636	-0.7535	0.7020	0.8943	-0.7768	-1.2330	0.0901	-0.7188	0.5128	-2.0980	-0.2501	-0.8729	-2.3596	-0.1787	-0.2548	-2.0790	-0.6442	0.8813	-0.6056	-0.9931	-1.0077	-0.3380	0.4110	-0.0988	-0.1350	-0.2637	-0.7608	0.6959	0.8937	-0.7672	-1.2298	0.0670	
0.0000	 1.50536760214988E-0004	-1.1244	-1.1244	0.6445	-1.9220	-0.4495	-1.1597	-2.5021	-0.1971	-0.1623	-1.9324	-0.6136	0.7189	-0.6759	-0.5823	-0.6543	-0.3824	0.2770	-0.1147	-0.0408	-0.1631	-0.7577	0.4023	0.6546	-0.5841	-1.0932	-0.3249	-1.1061	0.6439	-1.9277	-0.4539	-1.1586	-2.4983	-0.1894	-0.1601	-1.9523	-0.6290	0.7302	-0.6664	-0.6066	-0.6793	-0.3742	0.2884	-0.1268	-0.0582	-0.1632	-0.7515	0.4083	0.6556	-0.5920	-1.0959	-0.3039	
0.0333	 1.52246957392353E-0003	-1.5513	-1.5513	0.7765	-1.7385	-0.6432	-1.4471	-2.6479	-0.2247	-0.0726	-1.7615	-0.5633	0.5427	-0.7578	-0.1426	-0.2709	-0.4362	0.1301	-0.1166	0.0739	-0.0617	-0.7607	0.0999	0.4119	-0.3905	-0.9518	-0.7435	-1.4936	0.7751	-1.7567	-0.6584	-1.4444	-2.6377	-0.2004	-0.0657	-1.8249	-0.6141	0.5789	-0.7276	-0.2190	-0.3495	-0.4100	0.1654	-0.1561	0.0174	-0.0622	-0.7418	0.1182	0.4145	-0.4162	-0.9607	-0.6768	
0.0667	 4.31877837940818E-0003	-1.9776	-1.9776	0.9084	-1.5542	-0.8360	-1.7335	-2.7930	-0.2524	0.0167	-1.5894	-0.5131	0.3663	-0.8396	0.2959	0.1116	-0.4892	-0.0172	-0.1216	0.1869	0.0404	-0.7630	-0.2043	0.1665	-0.1969	-0.8098	-1.1629	-1.8812	0.9059	-1.5855	-0.8628	-1.7296	-2.7764	-0.2115	0.0287	-1.6969	-0.5988	0.4271	-0.7887	0.1677	-0.0207	-0.4447	0.0429	-0.1882	0.0918	0.0404	-0.7307	-0.1736	0.1712	-0.2398	-0.8245	-1.0505	
0.1000	 8.53299822403411E-0003	-2.4027	-2.4027	1.0407	-1.3696	-1.0302	-2.0202	-2.9379	-0.2798	0.1068	-1.4179	-0.4635	0.1896	-0.9212	0.7351	0.4937	-0.5419	-0.1641	-0.1276	0.2982	0.1437	-0.7647	-0.5109	-0.0809	-0.0022	-0.6667	-1.5821	-2.2690	1.0378	-1.4127	-1.0685	-2.0153	-2.9154	-0.2217	0.1243	-1.5697	-0.5847	0.2757	-0.8492	0.5548	0.3081	-0.4788	-0.0791	-0.2208	0.1642	0.1438	-0.7194	-0.4676	-0.0743	-0.0624	-0.6874	-1.4248	
