Arquivo: c:\arq\medidas\BBA_2703_070421\BBA_AMP12B_H.dat
Data: 2703	 Hora:  0815
Comentário: 
NomeParametro	 ValorParametro
Nmedias	5
PausaCorretora	3000
PausaShunt	2000
PausaLeitura	500
NumCiclos	3
 NPassosCor	7
DeltaShunt	3.00
TetaIni	-0.10
TetaFim	0.10
I[mA]	  37.1
ACH07B	DeltaPos^2	AMP12B	AMP01B_0	AMP02A_0	AMP02B_0	AMP03A_0	AMP03B_0	AMP03C_0	AMP04A_0	AMP04B_0	AMP05A_0	AMP05B_0	AMP06A_0	AMP06B_0	AMP07A_0	AMP07B_0	AMP08A_0	AMP08B_0	AMP09A_0	AMP09B_0	AMP10A_0	AMP10B_0	AMU11A_0	AMU11B_0	AMP12A_0	AMP12B_0	AMP01A_0	AMP01B_1	AMP02A_1	AMP02B_1	AMP03A_1	AMP03B_1	AMP03C_1	AMP04A_1	AMP04B_1	AMP05A_1	AMP05B_1	AMP06A_1	AMP06B_1	AMP07A_1	AMP07B_1	AMP08A_1	AMP08B_1	AMP09A_1	AMP09B_1	AMP10A_1	AMP10B_1	AMU11A_1	AMU11B_1	AMP12A_1	AMP12B_1	AMP01A_1	
-0.1000	 5.96879647115614E-0004	-1.5632	0.1361	0.2327	-2.4964	0.1118	-0.3403	-2.1041	-0.2088	-0.4628	-2.2582	-0.6565	1.0787	-0.5490	-1.5386	-1.4557	-0.3627	0.5336	0.0474	-0.1477	-0.5180	-0.8680	1.2998	1.4087	-1.1844	-1.5632	0.8664	0.1275	0.2106	-2.5064	0.1474	-0.3127	-2.0984	-0.2388	-0.4886	-2.2147	-0.6130	1.0513	-0.5794	-1.5055	-1.4159	-0.3790	0.5085	0.0506	-0.1327	-0.5182	-0.8792	1.2730	1.3887	-1.1751	-1.5578	0.8708	
-0.0667	 2.61564946177258E-0004	-1.4393	-0.2372	0.3509	-2.3360	-0.0631	-0.5949	-2.2324	-0.2236	-0.3788	-2.1328	-0.6339	0.9365	-0.6089	-1.1769	-1.1498	-0.3976	0.4185	0.0268	-0.0710	-0.4258	-0.8623	1.0397	1.1982	-1.0153	-1.4393	0.5036	-0.2508	0.3357	-2.3436	-0.0417	-0.5788	-2.2367	-0.2457	-0.3972	-2.1079	-0.6078	0.9184	-0.6310	-1.1636	-1.1286	-0.4078	0.4014	0.0233	-0.0660	-0.4242	-0.8697	1.0136	1.1766	-1.0059	-1.4341	0.5016	
-0.0333	 1.40243351132597E-0004	-1.3142	-0.6114	0.4693	-2.1731	-0.2367	-0.8495	-2.3570	-0.2394	-0.2955	-2.0003	-0.6064	0.7900	-0.6702	-0.8016	-0.8323	-0.4343	0.3003	0.0097	0.0109	-0.3338	-0.8576	0.7781	0.9877	-0.8441	-1.3142	0.1383	-0.6239	0.4587	-2.1784	-0.2223	-0.8389	-2.3622	-0.2554	-0.3085	-1.9831	-0.5884	0.7770	-0.6864	-0.7924	-0.8172	-0.4418	0.2878	0.0058	0.0136	-0.3320	-0.8627	0.7576	0.9701	-0.8368	-1.3101	0.1349	
0.0000	 7.85873121748286E-0005	-1.1879	-0.9905	0.5892	-2.0091	-0.4129	-1.1062	-2.4837	-0.2551	-0.2111	-1.8692	-0.5808	0.6437	-0.7311	-0.4281	-0.5165	-0.4699	0.1821	-0.0102	0.0909	-0.2401	-0.8516	0.5124	0.7728	-0.6712	-1.1879	-0.2308	-0.9943	0.5813	-2.0125	-0.4000	-1.0963	-2.4827	-0.2662	-0.2205	-1.8534	-0.5654	0.6338	-0.7422	-0.4170	-0.5026	-0.4754	0.1732	-0.0105	0.0953	-0.2394	-0.8551	0.5011	0.7638	-0.6670	-1.1853	-0.2298	
0.0333	 1.46617024526005E-0005	-1.0608	-1.3705	0.7093	-1.8439	-0.5897	-1.3635	-2.6112	-0.2706	-0.1265	-1.7376	-0.5555	0.4969	-0.7924	-0.0537	-0.2003	-0.5055	0.0639	-0.0314	0.1696	-0.1458	-0.8449	0.2444	0.5554	-0.4976	-1.0608	-0.6032	-1.3718	0.7059	-1.8451	-0.5840	-1.3590	-2.6105	-0.2752	-0.1305	-1.7308	-0.5488	0.4928	-0.7967	-0.0490	-0.1944	-0.5073	0.0603	-0.0322	0.1710	-0.1449	-0.8462	0.2390	0.5511	-0.4955	-1.0594	-0.6022	
0.0667	 2.96532401592817E-0006	-0.9330	-1.7505	0.8296	-1.6781	-0.7672	-1.6209	-2.7385	-0.2862	-0.0415	-1.6063	-0.5307	0.3499	-0.8534	0.3202	0.1152	-0.5400	-0.0539	-0.0538	0.2474	-0.0511	-0.8379	-0.0248	0.3363	-0.3234	-0.9330	-0.9770	-1.7499	0.8307	-1.6774	-0.7687	-1.6222	-2.7390	-0.2843	-0.0403	-1.6091	-0.5330	0.3517	-0.8511	0.3171	0.1123	-0.5381	-0.0519	-0.0558	0.2450	-0.0497	-0.8362	-0.0245	0.3359	-0.3232	-0.9324	-0.9763	
0.1000	 4.89548031148749E-0005	-0.8038	-2.1304	0.9500	-1.5117	-0.9452	-1.8784	-2.8658	-0.3014	0.0436	-1.4750	-0.5059	0.2023	-0.9143	0.6938	0.4308	-0.5743	-0.1717	-0.0777	0.3236	0.0444	-0.8302	-0.2957	0.1156	-0.1487	-0.8038	-1.3505	-2.1275	0.9561	-1.5085	-0.9544	-1.8854	-2.8676	-0.2928	0.0507	-1.4876	-0.5181	0.2105	-0.9052	0.6839	0.4187	-0.5689	-0.1639	-0.0807	0.3177	0.0460	-0.8259	-0.2900	0.1192	-0.1505	-0.8045	-1.3508	
