Arquivo: c:\arq\medidas\BBA_2703_070421\BBA_AMP03C_V.dat
Data: 2703	 Hora:  0721
Comentário: 
NomeParametro	 ValorParametro
Nmedias	5
PausaCorretora	3000
PausaShunt	2000
PausaLeitura	500
NumCiclos	3
 NPassosCor	7
DeltaShunt	3.00
TetaIni	-0.10
TetaFim	0.10
I[mA]	 141.2
ACV09B	DeltaPos^2	AMP03C	AMP01B_0	AMP02A_0	AMP02B_0	AMP03A_0	AMP03B_0	AMP03C_0	AMP04A_0	AMP04B_0	AMP05A_0	AMP05B_0	AMP06A_0	AMP06B_0	AMP07A_0	AMP07B_0	AMP08A_0	AMP08B_0	AMP09A_0	AMP09B_0	AMP10A_0	AMP10B_0	AMU11A_0	AMU11B_0	AMP12A_0	AMP12B_0	AMP01A_0	AMP01B_1	AMP02A_1	AMP02B_1	AMP03A_1	AMP03B_1	AMP03C_1	AMP04A_1	AMP04B_1	AMP05A_1	AMP05B_1	AMP06A_1	AMP06B_1	AMP07A_1	AMP07B_1	AMP08A_1	AMP08B_1	AMP09A_1	AMP09B_1	AMP10A_1	AMP10B_1	AMU11A_1	AMU11B_1	AMP12A_1	AMP12B_1	AMP01A_1	
-0.1000	 1.43908797086892E-0002	-1.3131	0.2107	0.5268	1.0618	1.2352	1.2551	-1.3131	-0.1360	-0.1995	1.3831	1.0724	0.9025	-1.5258	-1.0518	1.2510	1.7403	0.4311	0.3171	-0.8316	-0.0336	0.3320	0.9687	2.0403	1.1893	0.1808	-0.6952	0.0708	0.4047	0.9681	1.1555	1.3939	-1.0197	-0.0129	-0.1339	1.4128	0.9428	0.8481	-1.4554	-0.9014	1.1909	1.6603	0.3127	0.1765	-0.6526	0.0814	0.3455	0.9179	1.9784	1.1920	0.2908	-0.5238	
-0.0667	 6.02742980070555E-0003	-0.7523	0.0707	0.3628	0.8608	1.0044	1.5101	-0.7523	0.0598	-0.2131	1.2460	1.0044	0.9417	-1.3126	-0.7224	0.9813	1.5221	0.2802	0.2098	-0.5526	0.1668	0.4397	0.9848	1.8621	1.1067	0.3065	-0.4484	-0.0196	0.2841	0.8006	0.9526	1.5991	-0.5618	0.1392	-0.1704	1.2653	0.9208	0.9064	-1.2672	-0.6252	0.9417	1.4700	0.2034	0.1187	-0.4366	0.2412	0.4487	0.9521	1.8215	1.1079	0.3773	-0.3376	
-0.0333	 1.16070116744143E-0003	-0.1804	-0.0725	0.1958	0.6563	0.7687	1.7687	-0.1804	0.2585	-0.2271	1.1070	0.9346	0.9803	-1.0965	-0.3871	0.7053	1.2999	0.1257	0.0993	-0.2685	0.3708	0.5486	1.0010	1.6798	1.0227	0.4342	-0.1970	-0.1118	0.1614	0.6297	0.7460	1.8075	-0.0966	0.2936	-0.2081	1.1158	0.8981	0.9650	-1.0766	-0.3445	0.6885	1.2774	0.0924	0.0589	-0.2173	0.4034	0.5529	0.9863	1.6621	1.0231	0.4654	-0.1482	
0.0000	 1.06965951807280E-0004	0.3980	-0.2181	0.0260	0.4489	0.5296	2.0304	0.3980	0.4604	-0.2402	0.9666	0.8635	1.0195	-0.8770	-0.0479	0.4270	1.0743	-0.0309	-0.0130	0.0192	0.5771	0.6587	1.0166	1.4957	0.9377	0.5639	0.0578	-0.2058	0.0368	0.4576	0.5368	2.0175	0.3732	0.4499	-0.2454	0.9647	0.8749	1.0242	-0.8832	-0.0610	0.4328	1.0817	-0.0206	-0.0013	0.0041	0.5675	0.6579	1.0207	1.5010	0.9372	0.5543	0.0436	
0.0333	 3.03385323923113E-0003	0.9794	-0.3655	-0.1448	0.2402	0.2885	2.2928	0.9794	0.6634	-0.2532	0.8259	0.7910	1.0585	-0.6565	0.2925	0.1472	0.8472	-0.1888	-0.1261	0.3097	0.7851	0.7698	1.0320	1.3099	0.8521	0.6943	0.3144	-0.3004	-0.0883	0.2840	0.3258	2.2283	0.8452	0.6071	-0.2828	0.8129	0.8512	1.0834	-0.6889	0.2232	0.1750	0.8847	-0.1343	-0.0619	0.2282	0.7326	0.7635	1.0547	1.3379	0.8510	0.6441	0.2366	
0.0667	 9.92642164695594E-0003	1.5596	-0.5131	-0.3160	0.0302	0.0463	2.5544	1.5596	0.8670	-0.2653	0.6856	0.7179	1.0965	-0.4357	0.6334	-0.1331	0.6203	-0.3471	-0.2399	0.6004	0.9933	0.8812	1.0480	1.1229	0.7664	0.8247	0.5719	-0.3954	-0.2139	0.1098	0.1141	2.4389	1.3178	0.7654	-0.3195	0.6617	0.8271	1.1420	-0.4943	0.5085	-0.0829	0.6876	-0.2481	-0.1232	0.4521	0.8984	0.8696	1.0890	1.1748	0.7644	0.7338	0.4302	
0.1000	 2.08331285802260E-0002	2.1379	-0.6610	-0.4877	-0.1805	-0.1966	2.8151	2.1379	1.0715	-0.2767	0.5461	0.6436	1.1342	-0.2144	0.9746	-0.4142	0.3921	-0.5056	-0.3547	0.8922	1.2023	0.9932	1.0642	0.9346	0.6801	0.9562	0.8300	-0.4910	-0.3397	-0.0656	-0.0984	2.6486	1.7890	0.9235	-0.3560	0.5104	0.8023	1.2007	-0.2995	0.7942	-0.3415	0.4898	-0.3622	-0.1851	0.6767	1.0644	0.9762	1.1237	1.0106	0.6773	0.8241	0.6248	
