Arquivo: c:\arq\medidas\BBA_2703_070421\BBA_AMP08A_V.dat
Data: 2703	 Hora:  0749
Comentário: 
NomeParametro	 ValorParametro
Nmedias	5
PausaCorretora	3000
PausaShunt	2000
PausaLeitura	500
NumCiclos	3
 NPassosCor	7
DeltaShunt	3.00
TetaIni	-0.10
TetaFim	0.10
I[mA]	  44.4
ACV03B	DeltaPos^2	AMP08A	AMP01B_0	AMP02A_0	AMP02B_0	AMP03A_0	AMP03B_0	AMP03C_0	AMP04A_0	AMP04B_0	AMP05A_0	AMP05B_0	AMP06A_0	AMP06B_0	AMP07A_0	AMP07B_0	AMP08A_0	AMP08B_0	AMP09A_0	AMP09B_0	AMP10A_0	AMP10B_0	AMU11A_0	AMU11B_0	AMP12A_0	AMP12B_0	AMP01A_0	AMP01B_1	AMP02A_1	AMP02B_1	AMP03A_1	AMP03B_1	AMP03C_1	AMP04A_1	AMP04B_1	AMP05A_1	AMP05B_1	AMP06A_1	AMP06B_1	AMP07A_1	AMP07B_1	AMP08A_1	AMP08B_1	AMP09A_1	AMP09B_1	AMP10A_1	AMP10B_1	AMU11A_1	AMU11B_1	AMP12A_1	AMP12B_1	AMP01A_1	
-0.1000	 7.65465579749111E-0004	1.4864	0.4580	0.6374	0.9529	0.9820	1.3058	-1.1676	-0.2021	-0.6062	0.7891	1.6043	1.3523	-1.2134	-0.7965	0.7137	1.4864	0.6137	0.7737	-0.9415	-0.0458	0.5657	1.2751	1.8553	0.9648	0.0303	-0.7953	0.4979	0.6668	0.9654	0.9843	1.2821	-1.2109	-0.2115	-0.5847	0.8286	1.5838	1.3280	-1.2427	-0.8309	0.7591	1.5143	0.6366	0.7952	-0.9813	-0.0670	0.5740	1.2983	1.8579	0.9531	0.0015	-0.8335	
-0.0667	 4.91598708281860E-0004	1.3485	0.2165	0.4279	0.7918	0.8439	1.5468	-0.6556	0.0077	-0.5034	0.8258	1.3936	1.2672	-1.0918	-0.5412	0.6104	1.3485	0.4108	0.5320	-0.6350	0.1501	0.5888	1.1891	1.7492	0.9697	0.2187	-0.5016	0.2484	0.4514	0.8021	0.8458	1.5280	-0.6907	0.0003	-0.4864	0.8574	1.3772	1.2479	-1.1153	-0.5687	0.6466	1.3712	0.4291	0.5493	-0.6669	0.1333	0.5959	1.2078	1.7513	0.9606	0.1957	-0.5324	
-0.0333	 2.77164149636584E-0004	1.2094	-0.0262	0.2171	0.6294	0.7044	1.7889	-0.1390	0.2198	-0.4006	0.8622	1.1815	1.1821	-0.9690	-0.2836	0.5057	1.2094	0.2063	0.2892	-0.3257	0.3472	0.6124	1.1025	1.6417	0.9746	0.4083	-0.2066	-0.0021	0.2346	0.6368	0.7058	1.7748	-0.1654	0.2140	-0.3876	0.8859	1.1689	1.1674	-0.9867	-0.3044	0.5330	1.2261	0.2201	0.3019	-0.3496	0.3346	0.6173	1.1165	1.6434	0.9674	0.3909	-0.2295	
0.0000	 1.19350305735077E-0004	1.0691	-0.2710	0.0039	0.4656	0.5636	2.0320	0.3805	0.4332	-0.2967	0.8993	0.9667	1.0956	-0.8453	-0.0246	0.4005	1.0691	-0.0001	0.0435	-0.0142	0.5457	0.6365	1.0156	1.5329	0.9786	0.5988	0.0902	-0.2552	0.0156	0.4705	0.5647	2.0231	0.3631	0.4296	-0.2880	0.9151	0.9583	1.0862	-0.8570	-0.0377	0.4184	1.0801	0.0090	0.0522	-0.0300	0.5374	0.6394	1.0250	1.5343	0.9742	0.5876	0.0752	
0.0333	 2.45730342799810E-0005	0.9255	-0.5216	-0.2129	0.2981	0.4189	2.2793	0.9107	0.6512	-0.1893	0.9386	0.7466	1.0073	-0.7192	0.2399	0.2934	0.9255	-0.2111	-0.2074	0.3046	0.7493	0.6615	0.9274	1.4209	0.9825	0.7927	0.3935	-0.5144	-0.2077	0.3003	0.4193	2.2759	0.9033	0.6497	-0.1852	0.9460	0.7427	1.0026	-0.7242	0.2341	0.3021	0.9307	-0.2069	-0.2037	0.2970	0.7458	0.6628	0.9317	1.4219	0.9808	0.7879	0.3870	
0.0667	 8.28860495866712E-0007	0.7806	-0.7749	-0.4323	0.1287	0.2728	2.5283	1.4442	0.8711	-0.0805	0.9788	0.5240	0.9172	-0.5915	0.5073	0.1856	0.7806	-0.4245	-0.4621	0.6262	0.9555	0.6876	0.8382	1.3081	0.9861	0.9890	0.7005	-0.7761	-0.4331	0.1283	0.2726	2.5294	1.4459	0.8724	-0.0808	0.9781	0.5243	0.9180	-0.5906	0.5089	0.1842	0.7797	-0.4249	-0.4626	0.6274	0.9555	0.6873	0.8378	1.3084	0.9866	0.9898	0.7017	
0.1000	 4.30542949627442E-0005	0.6344	-1.0300	-0.6537	-0.0429	0.1251	2.7782	1.9798	1.0941	0.0296	1.0203	0.2978	0.8258	-0.4633	0.7770	0.0769	0.6344	-0.6397	-0.7189	0.9512	1.1627	0.7140	0.7487	1.1929	0.9894	1.1867	1.0102	-1.0397	-0.6605	-0.0460	0.1244	2.7841	1.9905	1.0961	0.0251	1.0115	0.3023	0.8318	-0.4562	0.7854	0.0663	0.6278	-0.6449	-0.7238	0.9605	1.1678	0.7120	0.7437	1.1929	0.9925	1.1937	1.0196	
