Arquivo: c:\arq\medidas\BBA_2703_070421\BBA_AMP05A_V.dat
Data: 2703	 Hora:  0730
Comentário: 
NomeParametro	 ValorParametro
Nmedias	5
PausaCorretora	3000
PausaShunt	2000
PausaLeitura	500
NumCiclos	3
 NPassosCor	7
DeltaShunt	3.00
TetaIni	-0.10
TetaFim	0.10
I[mA]	 133.1
ACV11B	DeltaPos^2	AMP05A	AMP01B_0	AMP02A_0	AMP02B_0	AMP03A_0	AMP03B_0	AMP03C_0	AMP04A_0	AMP04B_0	AMP05A_0	AMP05B_0	AMP06A_0	AMP06B_0	AMP07A_0	AMP07B_0	AMP08A_0	AMP08B_0	AMP09A_0	AMP09B_0	AMP10A_0	AMP10B_0	AMU11A_0	AMU11B_0	AMP12A_0	AMP12B_0	AMP01A_0	AMP01B_1	AMP02A_1	AMP02B_1	AMP03A_1	AMP03B_1	AMP03C_1	AMP04A_1	AMP04B_1	AMP05A_1	AMP05B_1	AMP06A_1	AMP06B_1	AMP07A_1	AMP07B_1	AMP08A_1	AMP08B_1	AMP09A_1	AMP09B_1	AMP10A_1	AMP10B_1	AMU11A_1	AMU11B_1	AMP12A_1	AMP12B_1	AMP01A_1	
-0.1000	 4.26190968426513E-0003	1.8275	0.6183	0.3994	0.0906	-0.2957	2.1840	1.0679	0.9004	0.4714	1.8275	-0.1240	0.3253	-1.0814	0.0413	0.9739	1.2038	-0.5549	-0.9336	0.5939	1.1505	1.2558	1.4226	0.7382	0.1864	0.0434	-0.3024	0.7106	0.4456	0.0629	-0.3698	2.1872	1.1097	0.9364	0.5450	1.9244	-0.1660	0.2690	-1.1606	-0.0546	1.0938	1.2801	-0.5412	-0.9585	0.5443	1.1468	1.3263	1.5121	0.6795	0.1122	-0.0164	-0.3512	
-0.0667	 2.09349830968455E-0003	1.5586	0.3524	0.2789	0.1982	-0.0425	2.1424	0.8707	0.7671	0.2493	1.5586	0.1918	0.5448	-1.0218	0.0049	0.8079	1.1685	-0.3848	-0.6383	0.4046	0.9671	1.0745	1.3043	0.9746	0.4203	0.2095	-0.1836	0.4175	0.3116	0.1796	-0.0941	2.1444	0.8994	0.7921	0.3008	1.6268	0.1620	0.5054	-1.0774	-0.0622	0.8919	1.2222	-0.3750	-0.6557	0.3698	0.9642	1.1233	1.3671	0.9336	0.3684	0.1674	-0.2180	
-0.0333	 6.65121931650775E-0004	1.2854	0.0836	0.1569	0.3075	0.2146	2.0998	0.6703	0.6322	0.0236	1.2854	0.5115	0.7673	-0.9616	-0.0322	0.6381	1.1324	-0.2122	-0.3390	0.2130	0.7806	0.8902	1.1844	1.2137	0.6572	0.3777	-0.0637	0.1201	0.1754	0.2972	0.1861	2.1006	0.6861	0.6457	0.0526	1.3241	0.4944	0.7450	-0.9928	-0.0701	0.6853	1.1628	-0.2066	-0.3482	0.1936	0.7790	0.9178	1.2201	1.1900	0.6277	0.3536	-0.0830	
0.0000	 2.94391954401808E-0005	1.0085	-0.1883	0.0327	0.4177	0.4743	2.0570	0.4686	0.4952	-0.2042	1.0085	0.8338	0.9923	-0.9004	-0.0696	0.4667	1.0962	-0.0377	-0.0367	0.0186	0.5920	0.7033	1.0639	1.4547	0.8970	0.5477	0.0578	-0.1810	0.0368	0.4162	0.4691	2.0564	0.4702	0.4975	-0.1984	1.0166	0.8299	0.9881	-0.9070	-0.0773	0.4770	1.1030	-0.0360	-0.0378	0.0141	0.5914	0.7095	1.0717	1.4496	0.8903	0.5425	0.0534	
0.0333	 2.58158435602746E-0004	0.7192	-0.4733	-0.0969	0.5329	0.7454	2.0126	0.2582	0.3527	-0.4426	0.7192	1.1704	1.2277	-0.8359	-0.1080	0.2871	1.0581	0.1446	0.2796	-0.1836	0.3947	0.5082	0.9374	1.7073	1.1468	0.7257	0.1847	-0.4970	-0.1080	0.5404	0.7649	2.0108	0.2454	0.3434	-0.4609	0.6953	1.1808	1.2418	-0.8168	-0.0845	0.2585	1.0398	0.1423	0.2879	-0.1725	0.3955	0.4910	0.9158	1.7204	1.1648	0.7403	0.1963	
0.0667	 1.41542685273415E-0003	0.4246	-0.7633	-0.2288	0.6492	1.0193	1.9678	0.0453	0.2082	-0.6837	0.4246	1.5115	1.4652	-0.7705	-0.1466	0.1050	1.0186	0.3289	0.6000	-0.3893	0.1952	0.3109	0.8086	1.9614	1.3998	0.9066	0.3141	-0.8175	-0.2552	0.6659	1.0638	1.9644	0.0177	0.1864	-0.7265	0.3683	1.5360	1.4983	-0.7254	-0.0921	0.0367	0.9760	0.3227	0.6168	-0.3621	0.1966	0.2704	0.7575	1.9937	1.4417	0.9405	0.3423	
0.1000	 3.49744762336943E-0003	0.1277	-1.0549	-0.3618	0.7661	1.2943	1.9226	-0.1682	0.0632	-0.9267	0.1277	1.8536	1.7044	-0.7046	-0.1858	-0.0782	0.9795	0.5145	0.9226	-0.5963	-0.0058	0.1123	0.6794	2.2163	1.6534	1.0884	0.4452	-1.1400	-0.4033	0.7921	1.3633	1.9176	-0.2113	0.0288	-0.9937	0.0387	1.8918	1.7560	-0.6337	-0.0999	-0.1855	0.9117	0.5040	0.9479	-0.5534	-0.0031	0.0486	0.5988	2.2677	1.7196	1.1420	0.4888	
