Arquivo: c:\arq\medidas\BBA_2703_070421\BBA_AMP08A_H.dat
Data: 2703	 Hora:  0747
Comentário: 
NomeParametro	 ValorParametro
Nmedias	5
PausaCorretora	3000
PausaShunt	2000
PausaLeitura	500
NumCiclos	3
 NPassosCor	7
DeltaShunt	3.00
TetaIni	-0.10
TetaFim	0.10
I[mA]	  47.0
ACH01A	DeltaPos^2	AMP08A	AMP01B_0	AMP02A_0	AMP02B_0	AMP03A_0	AMP03B_0	AMP03C_0	AMP04A_0	AMP04B_0	AMP05A_0	AMP05B_0	AMP06A_0	AMP06B_0	AMP07A_0	AMP07B_0	AMP08A_0	AMP08B_0	AMP09A_0	AMP09B_0	AMP10A_0	AMP10B_0	AMU11A_0	AMU11B_0	AMP12A_0	AMP12B_0	AMP01A_0	AMP01B_1	AMP02A_1	AMP02B_1	AMP03A_1	AMP03B_1	AMP03C_1	AMP04A_1	AMP04B_1	AMP05A_1	AMP05B_1	AMP06A_1	AMP06B_1	AMP07A_1	AMP07B_1	AMP08A_1	AMP08B_1	AMP09A_1	AMP09B_1	AMP10A_1	AMP10B_1	AMU11A_1	AMU11B_1	AMP12A_1	AMP12B_1	AMP01A_1	
-0.1000	 7.76733716750949E-0004	-1.0021	-2.0669	0.7455	-1.6010	-0.4397	-1.4317	-2.7439	-0.5478	-0.1916	-0.9954	0.0370	0.0746	-1.1445	0.8372	0.7001	-1.0021	-0.4127	0.9189	1.2312	-0.3988	-1.2867	0.5473	1.0790	-0.3515	-1.1820	-1.1557	-2.0234	0.7129	-1.6313	-0.3939	-1.3805	-2.7230	-0.5681	-0.2218	-0.9838	0.0624	0.0728	-1.1590	0.8109	0.6867	-0.9891	-0.3942	0.8903	1.1889	-0.4089	-1.2814	0.5629	1.0827	-0.3807	-1.1979	-1.1050	
-0.0667	 3.83023444251207E-0004	-0.8262	-1.7557	0.7052	-1.7157	-0.4412	-1.3442	-2.6717	-0.4566	-0.1923	-1.2612	-0.1475	0.2546	-1.0178	0.4362	0.3188	-0.8262	-0.2218	0.6088	0.8587	-0.3351	-1.1382	0.5059	0.9526	-0.4357	-1.1654	-0.8891	-1.7255	0.6822	-1.7368	-0.4088	-1.3078	-2.6570	-0.4706	-0.2139	-1.2529	-0.1294	0.2534	-1.0281	0.4175	0.3094	-0.8173	-0.2087	0.5883	0.8291	-0.3424	-1.1347	0.5167	0.9551	-0.4563	-1.1764	-0.8541	
-0.0333	 1.24397001896723E-0004	-0.6487	-1.4430	0.6653	-1.8310	-0.4440	-1.2571	-2.5996	-0.3643	-0.1923	-1.5291	-0.3340	0.4362	-0.8901	0.0310	-0.0662	-0.6487	-0.0294	0.2947	0.4822	-0.2703	-0.9879	0.4620	0.8232	-0.5190	-1.1473	-0.6222	-1.4261	0.6520	-1.8423	-0.4254	-1.2368	-2.5911	-0.3725	-0.2046	-1.5236	-0.3228	0.4354	-0.8959	0.0209	-0.0709	-0.6431	-0.0216	0.2825	0.4646	-0.2743	-0.9856	0.4677	0.8239	-0.5306	-1.1532	-0.6027	
0.0000	 8.16537380783176E-0006	-0.4715	-1.1307	0.6257	-1.9456	-0.4479	-1.1717	-2.5279	-0.2718	-0.1919	-1.7962	-0.5210	0.6174	-0.7620	-0.3738	-0.4515	-0.4715	0.1624	-0.0204	0.1051	-0.2047	-0.8378	0.4163	0.6917	-0.6020	-1.1285	-0.3565	-1.1268	0.6219	-1.9480	-0.4429	-1.1666	-2.5255	-0.2737	-0.1953	-1.7945	-0.5176	0.6170	-0.7634	-0.3763	-0.4520	-0.4697	0.1648	-0.0235	0.1003	-0.2061	-0.8368	0.4178	0.6920	-0.6047	-1.1298	-0.3522	
0.0333	 2.82252330663228E-0005	-0.2942	-0.8191	0.5870	-2.0592	-0.4531	-1.0879	-2.4567	-0.1790	-0.1907	-2.0627	-0.7085	0.7975	-0.6335	-0.7783	-0.8359	-0.2942	0.3539	-0.3355	-0.2721	-0.1383	-0.6871	0.3689	0.5588	-0.6832	-1.1084	-0.0935	-0.8288	0.5926	-2.0522	-0.4609	-1.0971	-2.4602	-0.1756	-0.1852	-2.0636	-0.7120	0.7978	-0.6311	-0.7728	-0.8323	-0.2960	0.3510	-0.3307	-0.2648	-0.1367	-0.6875	0.3653	0.5573	-0.6777	-1.1046	-0.1044	
0.0667	 1.87899880142768E-0004	-0.1174	-0.5097	0.5490	-2.1713	-0.4590	-1.0048	-2.3863	-0.0864	-0.1888	-2.3276	-0.8958	0.9768	-0.5055	-1.1802	-1.2187	-0.1174	0.5442	-0.6509	-0.6480	-0.0715	-0.5368	0.3197	0.4245	-0.7640	-1.0881	0.1659	-0.5328	0.5642	-2.1550	-0.4806	-1.0299	-2.3960	-0.0770	-0.1745	-2.3317	-0.9061	0.9774	-0.4988	-1.1660	-1.2103	-0.1225	0.5366	-0.6370	-0.6282	-0.0667	-0.5385	0.3113	0.4220	-0.7491	-1.0793	0.1399	
0.1000	 5.18046187099696E-0004	0.0590	-0.2030	0.5118	-2.2822	-0.4665	-0.9238	-2.3164	0.0064	-0.1862	-2.5911	-1.0835	1.1555	-0.3774	-1.5794	-1.6000	0.0590	0.7339	-0.9655	-1.0234	-0.0041	-0.3865	0.2688	0.2891	-0.8429	-1.0663	0.4235	-0.2417	0.5374	-2.2561	-0.5020	-0.9652	-2.3328	0.0214	-0.1628	-2.5965	-1.1000	1.1561	-0.3666	-1.5557	-1.5854	0.0505	0.7209	-0.9436	-0.9905	0.0044	-0.3891	0.2535	0.2837	-0.8180	-1.0515	0.3797	
