Arquivo: c:\arq\medidas\BBA_2703_070421\BBA_AMP04A_V.dat
Data: 2703	 Hora:  0724
Comentário: 
NomeParametro	 ValorParametro
Nmedias	5
PausaCorretora	3000
PausaShunt	2000
PausaLeitura	500
NumCiclos	3
 NPassosCor	7
DeltaShunt	3.00
TetaIni	-0.10
TetaFim	0.10
I[mA]	 140.9
ACV11A	DeltaPos^2	AMP04A	AMP01B_0	AMP02A_0	AMP02B_0	AMP03A_0	AMP03B_0	AMP03C_0	AMP04A_0	AMP04B_0	AMP05A_0	AMP05B_0	AMP06A_0	AMP06B_0	AMP07A_0	AMP07B_0	AMP08A_0	AMP08B_0	AMP09A_0	AMP09B_0	AMP10A_0	AMP10B_0	AMU11A_0	AMU11B_0	AMP12A_0	AMP12B_0	AMP01A_0	AMP01B_1	AMP02A_1	AMP02B_1	AMP03A_1	AMP03B_1	AMP03C_1	AMP04A_1	AMP04B_1	AMP05A_1	AMP05B_1	AMP06A_1	AMP06B_1	AMP07A_1	AMP07B_1	AMP08A_1	AMP08B_1	AMP09A_1	AMP09B_1	AMP10A_1	AMP10B_1	AMU11A_1	AMU11B_1	AMP12A_1	AMP12B_1	AMP01A_1	
-0.1000	 4.55577934982011E-0006	0.3848	-1.2957	-0.6384	0.4343	0.9153	2.3408	0.7592	0.3848	-0.9542	-0.1092	1.7381	1.7697	-0.3403	0.3752	-0.5422	0.6040	0.2560	0.7376	-0.1193	0.2170	-0.0733	0.1946	1.7942	1.5214	1.3008	0.8595	-1.2928	-0.6365	0.4358	0.9164	2.3390	0.7547	0.3831	-0.9552	-0.1112	1.7416	1.7711	-0.3404	0.3751	-0.5438	0.6040	0.2576	0.7399	-0.1215	0.2151	-0.0753	0.1935	1.7976	1.5236	1.3000	0.8563	
-0.0667	 9.92647442849253E-0007	0.4138	-0.9518	-0.4278	0.4343	0.7849	2.2468	0.6558	0.4138	-0.7236	0.2367	1.4538	1.5281	-0.5090	0.2464	-0.2348	0.7513	0.1590	0.4918	-0.0672	0.3384	0.1654	0.4604	1.6942	1.3314	1.0663	0.6059	-0.9499	-0.4271	0.4344	0.7845	2.2468	0.6550	0.4148	-0.7235	0.2360	1.4551	1.5287	-0.5087	0.2474	-0.2361	0.7505	0.1593	0.4918	-0.0675	0.3386	0.1643	0.4594	1.6963	1.3333	1.0662	0.6043	
-0.0333	 1.51346021715094E-0006	0.4433	-0.6012	-0.2136	0.4343	0.6530	2.1508	0.5503	0.4433	-0.4891	0.5876	1.1648	1.2826	-0.6806	0.1147	0.0772	0.9008	0.0611	0.2425	-0.0153	0.4612	0.4081	0.7305	1.5924	1.1383	0.8274	0.3486	-0.6000	-0.2138	0.4332	0.6510	2.1522	0.5533	0.4441	-0.4877	0.5884	1.1640	1.2815	-0.6801	0.1164	0.0768	0.9000	0.0601	0.2404	-0.0138	0.4624	0.4080	0.7297	1.5930	1.1392	0.8277	0.3484	
0.0000	 7.53487428151812E-0006	0.4724	-0.2470	0.0029	0.4347	0.5201	2.0531	0.4429	0.4724	-0.2520	0.9401	0.8728	1.0343	-0.8540	-0.0189	0.3930	1.0523	-0.0369	-0.0089	0.0362	0.5847	0.6531	1.0026	1.4893	0.9427	0.5858	0.0885	-0.2467	0.0015	0.4321	0.5161	2.0564	0.4501	0.4750	-0.2497	0.9428	0.8690	1.0316	-0.8535	-0.0161	0.3933	1.0512	-0.0395	-0.0132	0.0398	0.5872	0.6541	1.0023	1.4881	0.9428	0.5870	0.0901	
0.0333	 1.76060133235171E-0005	0.5015	0.1074	0.2207	0.4355	0.3867	1.9548	0.3344	0.5015	-0.0146	1.2948	0.5800	0.7842	-1.0285	-0.1541	0.7104	1.2047	-0.1352	-0.2603	0.0876	0.7081	0.8996	1.2752	1.3852	0.7456	0.3429	-0.1723	0.1067	0.2181	0.4316	0.3810	1.9597	0.3453	0.5052	-0.0111	1.2991	0.5742	0.7806	-1.0276	-0.1502	0.7112	1.2031	-0.1393	-0.2669	0.0931	0.7125	0.9015	1.2753	1.3829	0.7451	0.3447	-0.1691	
0.0667	 3.36186436115270E-0005	0.5302	0.4628	0.4380	0.4367	0.2537	1.8554	0.2245	0.5302	0.2228	1.6490	0.2860	0.5342	-1.2028	-0.2895	1.0278	1.3569	-0.2334	-0.5124	0.1381	0.8320	1.1454	1.5484	1.2820	0.5482	0.0994	-0.4349	0.4610	0.4344	0.4313	0.2461	1.8622	0.2396	0.5355	0.2278	1.6544	0.2776	0.5290	-1.2018	-0.2844	1.0292	1.3551	-0.2388	-0.5211	0.1460	0.8378	1.1484	1.5487	1.2785	0.5470	0.1019	-0.4299	
0.1000	 5.39712490000992E-0005	0.5586	0.8198	0.6569	0.4382	0.1201	1.7550	0.1135	0.5586	0.4613	2.0038	-0.0099	0.2826	-1.3785	-0.4259	1.3464	1.5100	-0.3320	-0.7657	0.1889	0.9561	1.3925	1.8230	1.1783	0.3502	-0.1455	-0.6993	0.8173	0.6523	0.4312	0.1106	1.7632	0.1324	0.5655	0.4677	2.0109	-0.0207	0.2762	-1.3771	-0.4197	1.3481	1.5083	-0.3390	-0.7767	0.1985	0.9636	1.3967	1.8237	1.1731	0.3476	-0.1427	-0.6933	
