Arquivo: c:\arq\medidas\BBA_2703_070421\BBA_AMP06B_V.dat
Data: 2703	 Hora:  0740
Comentário: 
NomeParametro	 ValorParametro
Nmedias	5
PausaCorretora	3000
PausaShunt	2000
PausaLeitura	500
NumCiclos	3
 NPassosCor	7
DeltaShunt	3.00
TetaIni	-0.10
TetaFim	0.10
I[mA]	  90.8
ACV09B	DeltaPos^2	AMP06B	AMP01B_0	AMP02A_0	AMP02B_0	AMP03A_0	AMP03B_0	AMP03C_0	AMP04A_0	AMP04B_0	AMP05A_0	AMP05B_0	AMP06A_0	AMP06B_0	AMP07A_0	AMP07B_0	AMP08A_0	AMP08B_0	AMP09A_0	AMP09B_0	AMP10A_0	AMP10B_0	AMU11A_0	AMU11B_0	AMP12A_0	AMP12B_0	AMP01A_0	AMP01B_1	AMP02A_1	AMP02B_1	AMP03A_1	AMP03B_1	AMP03C_1	AMP04A_1	AMP04B_1	AMP05A_1	AMP05B_1	AMP06A_1	AMP06B_1	AMP07A_1	AMP07B_1	AMP08A_1	AMP08B_1	AMP09A_1	AMP09B_1	AMP10A_1	AMP10B_1	AMU11A_1	AMU11B_1	AMP12A_1	AMP12B_1	AMP01A_1	
-0.1000	 3.51327263303737E-0004	-1.4867	0.1266	0.4815	1.0758	1.2867	1.2671	-1.3221	-0.1560	-0.2589	1.3052	1.1850	0.9842	-1.4867	-1.0330	1.1977	1.7185	0.4538	0.3694	-0.8485	-0.0585	0.2912	0.9368	2.0930	1.2488	0.2375	-0.6416	0.1562	0.5012	1.0799	1.2809	1.2551	-1.3404	-0.1574	-0.2406	1.3347	1.1658	0.9648	-1.5059	-1.0624	1.2241	1.7388	0.4667	0.3780	-0.8733	-0.0698	0.3019	0.9568	2.0897	1.2367	0.2170	-0.6666	
-0.0667	 1.44041657289705E-0004	-1.2702	-0.0188	0.3144	0.8742	1.0573	1.5242	-0.7581	0.0392	-0.2753	1.1637	1.1182	1.0248	-1.2702	-0.6977	0.9216	1.4963	0.3005	0.2602	-0.5646	0.1438	0.3969	0.9495	1.9153	1.1686	0.3663	-0.3910	0.0000	0.3270	0.8769	1.0534	1.5171	-0.7695	0.0384	-0.2636	1.1830	1.1056	1.0127	-1.2823	-0.7167	0.9392	1.5095	0.3084	0.2650	-0.5807	0.1368	0.4037	0.9624	1.9131	1.1609	0.3534	-0.4068	
-0.0333	 2.41461601943092E-0005	-1.0505	-0.1673	0.1442	0.6693	0.8227	1.7853	-0.1828	0.2381	-0.2915	1.0201	1.0492	1.0655	-1.0505	-0.3574	0.6419	1.2705	0.1438	0.1484	-0.2760	0.3494	0.5041	0.9621	1.7347	1.0868	0.4977	-0.1355	-0.1593	0.1495	0.6703	0.8209	1.7829	-0.1872	0.2380	-0.2867	1.0280	1.0444	1.0602	-1.0554	-0.3646	0.6496	1.2759	0.1471	0.1503	-0.2823	0.3464	0.5068	0.9673	1.7342	1.0839	0.4924	-0.1423	
0.0000	 5.95003846148154E-0006	-0.8280	-0.3181	-0.0287	0.4618	0.5853	2.0486	0.3983	0.4396	-0.3075	0.8757	0.9788	1.1060	-0.8280	-0.0128	0.3593	1.0419	-0.0149	0.0340	0.0162	0.5578	0.6125	0.9745	1.5505	1.0043	0.6305	0.1231	-0.3212	-0.0309	0.4610	0.5848	2.0512	0.4020	0.4402	-0.3092	0.8727	0.9814	1.1078	-0.8255	-0.0082	0.3566	1.0392	-0.0170	0.0324	0.0197	0.5595	0.6114	0.9723	1.5512	1.0063	0.6333	0.1257	
0.0333	 9.22730712637349E-0005	-0.6043	-0.4706	-0.2025	0.2526	0.3451	2.3130	0.9825	0.6431	-0.3229	0.7311	0.9075	1.1461	-0.6043	0.3332	0.0751	0.8113	-0.1751	-0.0813	0.3111	0.7677	0.7213	0.9869	1.3651	0.9210	0.7642	0.3837	-0.4847	-0.2121	0.2501	0.3467	2.3204	0.9938	0.6441	-0.3316	0.7170	0.9175	1.1553	-0.5940	0.3490	0.0623	0.8010	-0.1822	-0.0861	0.3247	0.7740	0.7165	0.9771	1.3675	0.9279	0.7749	0.3961	
0.0667	 2.74021998295694E-0004	-0.3801	-0.6236	-0.3769	0.0420	0.1043	2.5770	1.5666	0.8466	-0.3375	0.5870	0.8347	1.1859	-0.3801	0.6799	-0.2096	0.5805	-0.3358	-0.1973	0.6065	0.9781	0.8311	0.9993	1.1788	0.8372	0.8984	0.6456	-0.6487	-0.3939	0.0377	0.1077	2.5884	1.5846	0.8484	-0.3527	0.5618	0.8519	1.2023	-0.3626	0.7068	-0.2319	0.5623	-0.3479	-0.2057	0.6295	0.9888	0.8222	0.9822	1.1821	0.8485	0.9168	0.6668	
0.1000	 5.72550564727240E-0004	-0.1567	-0.7759	-0.5509	-0.1685	-0.1373	2.8394	2.1468	1.0506	-0.3512	0.4437	0.7608	1.2246	-0.1567	1.0255	-0.4937	0.3497	-0.4963	-0.3138	0.9020	1.1888	0.9414	1.0124	0.9913	0.7533	1.0324	0.9073	-0.8122	-0.5757	-0.1748	-0.1321	2.8561	2.1723	1.0533	-0.3732	0.4072	0.7852	1.2483	-0.1314	1.0652	-0.5264	0.3237	-0.5136	-0.3258	0.9348	1.2044	0.9292	0.9876	0.9959	0.7694	1.0587	0.9381	
