Arquivo: c:\arq\medidas\BBA_2703_070421\BBA_AMP02A_V.dat
Data: 2703	 Hora:  0709
Comentário: 
NomeParametro	 ValorParametro
Nmedias	5
PausaCorretora	3000
PausaShunt	2000
PausaLeitura	500
NumCiclos	3
 NPassosCor	7
DeltaShunt	3.00
TetaIni	-0.10
TetaFim	0.10
I[mA]	 142.7
ACV07B	DeltaPos^2	AMP02A	AMP01B_0	AMP02A_0	AMP02B_0	AMP03A_0	AMP03B_0	AMP03C_0	AMP04A_0	AMP04B_0	AMP05A_0	AMP05B_0	AMP06A_0	AMP06B_0	AMP07A_0	AMP07B_0	AMP08A_0	AMP08B_0	AMP09A_0	AMP09B_0	AMP10A_0	AMP10B_0	AMU11A_0	AMU11B_0	AMP12A_0	AMP12B_0	AMP01A_0	AMP01B_1	AMP02A_1	AMP02B_1	AMP03A_1	AMP03B_1	AMP03C_1	AMP04A_1	AMP04B_1	AMP05A_1	AMP05B_1	AMP06A_1	AMP06B_1	AMP07A_1	AMP07B_1	AMP08A_1	AMP08B_1	AMP09A_1	AMP09B_1	AMP10A_1	AMP10B_1	AMU11A_1	AMU11B_1	AMP12A_1	AMP12B_1	AMP01A_1	
-0.1000	 5.44175247446171E-0004	-0.7373	-1.3462	-0.7373	0.2583	0.6783	2.5207	1.1883	0.5608	-0.8689	-0.0789	1.5621	1.7003	-0.2337	0.5929	-0.6391	0.2627	-0.5829	-0.4013	1.0122	1.0414	0.2734	0.2629	1.6183	1.4105	1.3595	1.0208	-1.3798	-0.7580	0.2386	0.6589	2.5490	1.2439	0.5799	-0.8741	-0.0984	1.5604	1.7086	-0.2101	0.6266	-0.6702	0.2390	-0.5959	-0.4071	1.0383	1.0520	0.2595	0.2390	1.6257	1.4271	1.3827	1.0472	
-0.0667	 2.73012675666361E-0004	-0.5054	-0.9944	-0.5054	0.2997	0.6036	2.3819	0.9778	0.5472	-0.6547	0.2661	1.3160	1.4713	-0.4322	0.4070	-0.3016	0.5121	-0.4277	-0.3057	0.7147	0.9099	0.4091	0.5089	1.5613	1.2499	1.1139	0.7321	-1.0184	-0.5207	0.2859	0.5905	2.4024	1.0168	0.5602	-0.6588	0.2519	1.3153	1.4774	-0.4154	0.4306	-0.3238	0.4954	-0.4368	-0.3095	0.7333	0.9176	0.3991	0.4920	1.5670	1.2616	1.1305	0.7507	
-0.0333	 8.36352278951638E-0005	-0.2695	-0.6352	-0.2695	0.3422	0.5279	2.2401	0.7624	0.5328	-0.4372	0.6165	1.0653	1.2379	-0.6345	0.2168	0.0419	0.7664	-0.2696	-0.2083	0.4124	0.7765	0.5468	0.7589	1.5036	1.0859	0.8634	0.4384	-0.6487	-0.2784	0.3347	0.5215	2.2519	0.7836	0.5399	-0.4402	0.6079	1.0654	1.2425	-0.6250	0.2295	0.0298	0.7572	-0.2744	-0.2092	0.4220	0.7800	0.5413	0.7495	1.5071	1.0928	0.8730	0.4486	
0.0000	 3.61473981081662E-0006	-0.0323	-0.2738	-0.0323	0.3852	0.4526	2.0964	0.5453	0.5177	-0.2181	0.9675	0.8131	1.0029	-0.8383	0.0246	0.3879	1.0222	-0.1106	-0.1109	0.1083	0.6422	0.6862	1.0103	1.4453	0.9204	0.6113	0.1425	-0.2765	-0.0345	0.3839	0.4526	2.0999	0.5482	0.5184	-0.2200	0.9650	0.8146	1.0049	-0.8363	0.0263	0.3858	1.0204	-0.1108	-0.1098	0.1092	0.6422	0.6848	1.0083	1.4462	0.9225	0.6135	0.1451	
0.0333	 3.62589352223711E-0005	0.2105	0.0940	0.2105	0.4291	0.3757	1.9491	0.3225	0.5025	0.0053	1.3266	0.5562	0.7627	-1.0465	-0.1720	0.7412	1.2831	0.0518	-0.0120	-0.2028	0.5055	0.8280	1.2661	1.3851	0.7511	0.3531	-0.1587	0.1021	0.2150	0.4343	0.3826	1.9439	0.3071	0.4970	0.0048	1.3294	0.5589	0.7623	-1.0521	-0.1813	0.7493	1.2891	0.0558	-0.0083	-0.2102	0.5021	0.8315	1.2717	1.3842	0.7477	0.3479	-0.1648	
0.0667	 1.89157607097677E-0004	0.4572	0.4698	0.4572	0.4746	0.2976	1.7984	0.0947	0.4865	0.2334	1.6917	0.2929	0.5171	-1.2585	-0.3732	1.1019	1.5490	0.2178	0.0902	-0.5202	0.3656	0.9732	1.5270	1.3245	0.5781	0.0897	-0.4677	0.4884	0.4686	0.4860	0.3111	1.7843	0.0603	0.4748	0.2340	1.7008	0.2968	0.5149	-1.2717	-0.3941	1.1197	1.5631	0.2268	0.0966	-0.5369	0.3582	0.9814	1.5408	1.3213	0.5693	0.0764	-0.4823	
0.1000	 4.52589103949106E-0004	0.7047	0.8462	0.7047	0.5198	0.2188	1.6467	-0.1342	0.4706	0.4613	2.0562	0.0287	0.2714	-1.4710	-0.5743	1.4623	1.8151	0.3843	0.1925	-0.8389	0.2248	1.1183	1.7886	1.2640	0.4045	-0.1748	-0.7776	0.8755	0.7226	0.5379	0.2397	1.6238	-0.1871	0.4525	0.4631	2.0713	0.0337	0.2667	-1.4915	-0.6063	1.4895	1.8369	0.3977	0.2014	-0.8643	0.2133	1.1309	1.8096	1.2584	0.3907	-0.1948	-0.8003	
