Arquivo: c:\arq\medidas\BBA_2703_070421\BBA_AMP07A_H.dat
Data: 2703	 Hora:  0741
Comentário: 
NomeParametro	 ValorParametro
Nmedias	5
PausaCorretora	3000
PausaShunt	2000
PausaLeitura	500
NumCiclos	3
 NPassosCor	7
DeltaShunt	3.00
TetaIni	-0.10
TetaFim	0.10
I[mA]	  87.2
ACH01B	DeltaPos^2	AMP07A	AMP01B_0	AMP02A_0	AMP02B_0	AMP03A_0	AMP03B_0	AMP03C_0	AMP04A_0	AMP04B_0	AMP05A_0	AMP05B_0	AMP06A_0	AMP06B_0	AMP07A_0	AMP07B_0	AMP08A_0	AMP08B_0	AMP09A_0	AMP09B_0	AMP10A_0	AMP10B_0	AMU11A_0	AMU11B_0	AMP12A_0	AMP12B_0	AMP01A_0	AMP01B_1	AMP02A_1	AMP02B_1	AMP03A_1	AMP03B_1	AMP03C_1	AMP04A_1	AMP04B_1	AMP05A_1	AMP05B_1	AMP06A_1	AMP06B_1	AMP07A_1	AMP07B_1	AMP08A_1	AMP08B_1	AMP09A_1	AMP09B_1	AMP10A_1	AMP10B_1	AMU11A_1	AMU11B_1	AMP12A_1	AMP12B_1	AMP01A_1	
-0.1000	 5.55194008838688E-0003	0.7425	-1.9697	0.6193	-1.6670	-0.1120	-1.1222	-2.6274	-0.6312	-0.3204	-0.8514	0.2531	0.0912	-1.2031	0.7425	0.6951	-0.8601	-0.3513	0.5915	0.9567	-0.2091	-1.1175	0.1723	0.6794	-0.2145	-0.9939	-1.3333	-1.8311	0.5665	-1.7297	-0.0232	-1.0079	-2.5755	-0.6375	-0.3616	-0.8756	0.2693	0.1366	-1.1919	0.6158	0.5492	-0.8286	-0.2915	0.5618	0.8877	-0.2328	-1.1030	0.2541	0.7362	-0.2773	-1.0328	-1.1893	
-0.0667	 2.49894674924474E-0003	0.3402	-1.6990	0.6160	-1.7558	-0.1958	-1.1151	-2.5830	-0.5085	-0.2826	-1.1708	0.0013	0.2806	-1.0511	0.3402	0.2921	-0.7090	-0.1613	0.3516	0.6353	-0.1894	-1.0022	0.2268	0.6509	-0.3341	-1.0212	-1.0084	-1.6057	0.5811	-1.7972	-0.1365	-1.0390	-2.5484	-0.5126	-0.3105	-1.1867	0.0123	0.3111	-1.0434	0.2544	0.1929	-0.6875	-0.1208	0.3308	0.5885	-0.2044	-0.9918	0.2806	0.6878	-0.3757	-1.0467	-0.9121	
-0.0333	 6.43476881273022E-0004	-0.0663	-1.4258	0.6137	-1.8444	-0.2813	-1.1093	-2.5384	-0.3850	-0.2442	-1.4926	-0.2538	0.4713	-0.8975	-0.0663	-0.1156	-0.5560	0.0300	0.1083	0.3096	-0.1683	-0.8849	0.2803	0.6203	-0.4543	-1.0478	-0.6803	-1.3793	0.5960	-1.8649	-0.2510	-1.0708	-2.5210	-0.3866	-0.2582	-1.5001	-0.2477	0.4871	-0.8933	-0.1107	-0.1671	-0.5443	0.0513	0.0961	0.2839	-0.1750	-0.8788	0.3058	0.6371	-0.4749	-1.0600	-0.6322	
0.0000	 5.20384278233651E-0006	-0.4763	-1.1520	0.6118	-1.9330	-0.3690	-1.1049	-2.4940	-0.2596	-0.2048	-1.8166	-0.5114	0.6631	-0.7423	-0.4763	-0.5270	-0.4019	0.2230	-0.1385	-0.0198	-0.1462	-0.7662	0.3319	0.5876	-0.5748	-1.0740	-0.3513	-1.1531	0.6129	-1.9310	-0.3690	-1.1060	-2.4948	-0.2586	-0.2040	-1.8156	-0.5109	0.6640	-0.7411	-0.4778	-0.5303	-0.3997	0.2249	-0.1421	-0.0234	-0.1442	-0.7640	0.3271	0.5828	-0.5727	-1.0717	-0.3534	
0.0333	 7.31618775984694E-0004	-0.8883	-0.8777	0.6106	-2.0211	-0.4589	-1.1028	-2.4506	-0.1338	-0.1644	-2.1414	-0.7710	0.8551	-0.5864	-0.8883	-0.9396	-0.2466	0.4162	-0.3861	-0.3496	-0.1235	-0.6473	0.3825	0.5536	-0.6951	-1.0995	-0.0226	-0.9296	0.6306	-1.9956	-0.4893	-1.1440	-2.4695	-0.1303	-0.1490	-2.1303	-0.7751	0.8405	-0.5882	-0.8447	-0.8937	-0.2548	0.3983	-0.3810	-0.3304	-0.1120	-0.6489	0.3458	0.5261	-0.6698	-1.0821	-0.0773	
0.0667	 3.11676090691054E-0003	-1.2984	-0.6043	0.6105	-2.1088	-0.5499	-1.1017	-2.4078	-0.0075	-0.1238	-2.4653	-1.0314	1.0466	-0.4302	-1.2984	-1.3521	-0.0918	0.6089	-0.6349	-0.6808	-0.1005	-0.5279	0.4318	0.5180	-0.8152	-1.1247	0.3047	-0.7110	0.6505	-2.0578	-0.6112	-1.1857	-2.4461	-0.0015	-0.0925	-2.4408	-1.0380	1.0163	-0.4350	-1.2066	-1.2527	-0.1096	0.5712	-0.6215	-0.6374	-0.0782	-0.5323	0.3590	0.4646	-0.7637	-1.0900	0.1913	
0.1000	 7.06859537538107E-0003	-1.7063	-0.3322	0.6096	-2.1965	-0.6410	-1.1017	-2.3656	0.1182	-0.0832	-2.7873	-1.2914	1.2374	-0.2747	-1.7063	-1.7618	0.0626	0.7998	-0.8844	-1.0112	-0.0775	-0.4089	0.4798	0.4816	-0.9353	-1.1499	0.6307	-0.4936	0.6691	-2.1209	-0.7327	-1.2274	-2.4229	0.1264	-0.0369	-2.7490	-1.2994	1.1906	-0.2836	-1.5665	-1.6094	0.0348	0.7423	-0.8600	-0.9421	-0.0454	-0.4171	0.3739	0.4048	-0.8588	-1.0988	0.4604	
