Arquivo: c:\arq\medidas\BBA_2703_070421\BBA_AMP09A_V.dat
Data: 2703	 Hora:  0755
Comentário: 
NomeParametro	 ValorParametro
Nmedias	5
PausaCorretora	3000
PausaShunt	2000
PausaLeitura	500
NumCiclos	3
 NPassosCor	7
DeltaShunt	3.00
TetaIni	-0.10
TetaFim	0.10
I[mA]	  38.2
ACV07A	DeltaPos^2	AMP09A	AMP01B_0	AMP02A_0	AMP02B_0	AMP03A_0	AMP03B_0	AMP03C_0	AMP04A_0	AMP04B_0	AMP05A_0	AMP05B_0	AMP06A_0	AMP06B_0	AMP07A_0	AMP07B_0	AMP08A_0	AMP08B_0	AMP09A_0	AMP09B_0	AMP10A_0	AMP10B_0	AMU11A_0	AMU11B_0	AMP12A_0	AMP12B_0	AMP01A_0	AMP01B_1	AMP02A_1	AMP02B_1	AMP03A_1	AMP03B_1	AMP03C_1	AMP04A_1	AMP04B_1	AMP05A_1	AMP05B_1	AMP06A_1	AMP06B_1	AMP07A_1	AMP07B_1	AMP08A_1	AMP08B_1	AMP09A_1	AMP09B_1	AMP10A_1	AMP10B_1	AMU11A_1	AMU11B_1	AMP12A_1	AMP12B_1	AMP01A_1	
-0.1000	 1.61320043212778E-0003	0.7681	0.7780	0.8194	0.9207	0.8137	1.2528	-1.1133	0.0573	0.2389	1.9648	0.5118	0.4803	-1.7257	-1.1743	1.1313	1.7710	0.7150	0.7681	-1.1610	-0.1106	0.7515	1.5446	1.7260	0.7628	-0.1827	-1.0074	0.7686	0.8296	0.9615	0.8755	1.2117	-1.2160	0.0145	0.2155	1.9540	0.5574	0.5001	-1.7488	-1.2248	1.1497	1.7974	0.7570	0.8222	-1.1852	-0.1415	0.7104	1.5121	1.7749	0.8012	-0.1819	-1.0294	
-0.0667	 5.43589709493699E-0004	0.5367	0.4313	0.5528	0.7767	0.7399	1.5041	-0.6347	0.1771	0.0654	1.6225	0.6599	0.6798	-1.4435	-0.8057	0.8971	1.5460	0.4856	0.5367	-0.7886	0.1008	0.7075	1.3670	1.6690	0.8395	0.0750	-0.6486	0.4254	0.5583	0.8003	0.7759	1.4809	-0.6943	0.1522	0.0518	1.6163	0.6864	0.6913	-1.4567	-0.8349	0.9074	1.5611	0.5099	0.5686	-0.8027	0.0828	0.6838	1.3482	1.6977	0.8622	0.0757	-0.6614	
-0.0333	 3.48576423958965E-0005	0.3005	0.0777	0.2806	0.6291	0.6634	1.7605	-0.1450	0.2996	-0.1100	1.2735	0.8089	0.8817	-1.1557	-0.4285	0.6578	1.3162	0.2513	0.3005	-0.4077	0.3165	0.6642	1.1866	1.6106	0.9171	0.3377	-0.2822	0.0760	0.2818	0.6349	0.6725	1.7554	-0.1596	0.2944	-0.1140	1.2717	0.8161	0.8853	-1.1585	-0.4357	0.6598	1.3194	0.2574	0.3091	-0.4110	0.3120	0.6576	1.1817	1.6186	0.9237	0.3385	-0.2850	
0.0000	 1.39624538724557E-0004	0.0620	-0.2796	0.0051	0.4800	0.5856	2.0192	0.3494	0.4233	-0.2870	0.9204	0.9582	1.0857	-0.8645	-0.0479	0.4161	1.0836	0.0145	0.0620	-0.0235	0.5342	0.6203	1.0041	1.5507	0.9951	0.6029	0.0867	-0.2773	0.0016	0.4680	0.5679	2.0320	0.3803	0.4362	-0.2810	0.9228	0.9448	1.0804	-0.8570	-0.0318	0.4097	1.0754	0.0021	0.0466	-0.0156	0.5430	0.6316	1.0132	1.5376	0.9849	0.6037	0.0938	
0.0333	 8.84225679753852E-0004	-0.1781	-0.6386	-0.2709	0.3302	0.5070	2.2776	0.8451	0.5483	-0.4641	0.5676	1.1071	1.2885	-0.5724	0.3332	0.1741	0.8495	-0.2236	-0.1781	0.3630	0.7536	0.5775	0.8216	1.4898	1.0724	0.8681	0.4576	-0.6327	-0.2790	0.2996	0.4616	2.3084	0.9220	0.5803	-0.4477	0.5747	1.0739	1.2748	-0.5545	0.3723	0.1596	0.8291	-0.2549	-0.2172	0.3823	0.7763	0.6069	0.8451	1.4553	1.0455	0.8687	0.4751	
0.0667	 2.25900022236307E-0003	-0.4197	-0.9976	-0.5472	0.1798	0.4278	2.5351	1.3404	0.6740	-0.6401	0.2142	1.2556	1.4902	-0.2806	0.7147	-0.0671	0.6164	-0.4624	-0.4197	0.7496	0.9732	0.5358	0.6394	1.4275	1.1486	1.1330	0.8291	-0.9879	-0.5601	0.1309	0.3548	2.5833	1.4625	0.7249	-0.6132	0.2260	1.2016	1.4677	-0.2523	0.7760	-0.0901	0.5841	-0.5121	-0.4828	0.7802	1.0098	0.5831	0.6775	1.3715	1.1049	1.1335	0.8565	
0.1000	 4.27948783710880E-0003	-0.6615	-1.3541	-0.8225	0.0292	0.3489	2.7907	1.8323	0.7995	-0.8154	-0.1385	1.4026	1.6914	0.0102	1.0942	-0.3066	0.3843	-0.7005	-0.6615	1.1358	1.1931	0.4948	0.4585	1.3645	1.2242	1.3965	1.1993	-1.3409	-0.8404	-0.0383	0.2480	2.8575	1.9995	0.8695	-0.7783	-0.1215	1.3281	1.6599	0.0487	1.1781	-0.3375	0.3400	-0.7690	-0.7488	1.1774	1.2432	0.5603	0.5111	1.2869	1.1634	1.3972	1.2371	
