Arquivo: c:\arq\medidas\BBA_2703_070421\BBA_AMP06A_H.dat
Data: 2703	 Hora:  0735
Comentário: 
NomeParametro	 ValorParametro
Nmedias	5
PausaCorretora	3000
PausaShunt	2000
PausaLeitura	500
NumCiclos	3
 NPassosCor	7
DeltaShunt	3.00
TetaIni	-0.10
TetaFim	0.10
I[mA]	  91.0
ACH11A	DeltaPos^2	AMP06A	AMP01B_0	AMP02A_0	AMP02B_0	AMP03A_0	AMP03B_0	AMP03C_0	AMP04A_0	AMP04B_0	AMP05A_0	AMP05B_0	AMP06A_0	AMP06B_0	AMP07A_0	AMP07B_0	AMP08A_0	AMP08B_0	AMP09A_0	AMP09B_0	AMP10A_0	AMP10B_0	AMU11A_0	AMU11B_0	AMP12A_0	AMP12B_0	AMP01A_0	AMP01B_1	AMP02A_1	AMP02B_1	AMP03A_1	AMP03B_1	AMP03C_1	AMP04A_1	AMP04B_1	AMP05A_1	AMP05B_1	AMP06A_1	AMP06B_1	AMP07A_1	AMP07B_1	AMP08A_1	AMP08B_1	AMP09A_1	AMP09B_1	AMP10A_1	AMP10B_1	AMU11A_1	AMU11B_1	AMP12A_1	AMP12B_1	AMP01A_1	
-0.1000	 1.25363553245767E-0004	0.2137	-1.4063	0.3483	-1.9444	0.3931	-0.5354	-2.3838	-0.7348	-0.5564	-0.7905	0.4830	0.2137	-1.2366	0.3356	0.4468	-0.5719	-0.1656	-0.0635	0.3400	0.0659	-0.8146	-0.3829	-0.2783	-0.4709	-0.7560	-0.3257	-1.3847	0.3380	-1.9565	0.4024	-0.5211	-2.3764	-0.7370	-0.5646	-0.7984	0.4815	0.2198	-1.2312	0.3219	0.4287	-0.5736	-0.1625	-0.0613	0.3358	0.0562	-0.8189	-0.3663	-0.2645	-0.4846	-0.7673	-0.3052	
-0.0667	 2.16596384396962E-0005	0.3553	-1.3303	0.4359	-1.9376	0.1438	-0.7242	-2.4210	-0.5812	-0.4404	-1.1200	0.1627	0.3553	-1.0786	0.0814	0.1387	-0.5218	-0.0440	-0.0769	0.2351	-0.0070	-0.8040	-0.1442	0.0126	-0.5036	-0.8614	-0.3383	-1.3214	0.4312	-1.9424	0.1479	-0.7178	-2.4177	-0.5828	-0.4443	-1.1225	0.1631	0.3584	-1.0764	0.0755	0.1312	-0.5223	-0.0423	-0.0764	0.2326	-0.0116	-0.8056	-0.1378	0.0176	-0.5094	-0.8658	-0.3301	
-0.0333	 6.30704006559729E-0006	0.4985	-1.2550	0.5247	-1.9304	-0.1089	-0.9155	-2.4588	-0.4266	-0.3236	-1.4525	-0.1613	0.4985	-0.9185	-0.1766	-0.1729	-0.4706	0.0792	-0.0918	0.1278	-0.0807	-0.7933	0.0956	0.3051	-0.5365	-0.9675	-0.3521	-1.2601	0.5267	-1.9270	-0.1107	-0.9179	-2.4599	-0.4265	-0.3224	-1.4499	-0.1595	0.4988	-0.9193	-0.1742	-0.1705	-0.4697	0.0794	-0.0929	0.1273	-0.0789	-0.7915	0.0915	0.3013	-0.5336	-0.9645	-0.3571	
0.0000	 7.63783602372583E-0005	0.6418	-1.1810	0.6146	-1.9223	-0.3629	-1.1084	-2.4975	-0.2711	-0.2059	-1.7853	-0.4868	0.6418	-0.7576	-0.4353	-0.4862	-0.4188	0.2025	-0.1075	0.0195	-0.1537	-0.7816	0.3352	0.5974	-0.5686	-1.0731	-0.3677	-1.1984	0.6217	-1.9119	-0.3694	-1.1182	-2.5027	-0.2700	-0.2006	-1.7774	-0.4828	0.6392	-0.7623	-0.4250	-0.4733	-0.4170	0.2010	-0.1097	0.0210	-0.1467	-0.7776	0.3216	0.5855	-0.5579	-1.0639	-0.3842	
0.0333	 2.39440336773992E-0004	0.7855	-1.1076	0.7045	-1.9140	-0.6177	-1.3015	-2.5367	-0.1155	-0.0879	-2.1179	-0.8123	0.7855	-0.5964	-0.6954	-0.8004	-0.3668	0.3263	-0.1242	-0.0895	-0.2266	-0.7693	0.5744	0.8892	-0.6002	-1.1785	-0.3836	-1.1382	0.7175	-1.8956	-0.6293	-1.3196	-2.5458	-0.1133	-0.0785	-2.1051	-0.8065	0.7798	-0.6044	-0.6774	-0.7775	-0.3634	0.3236	-0.1284	-0.0863	-0.2137	-0.7624	0.5504	0.8685	-0.5814	-1.1624	-0.4131	
0.0667	 4.92236150046646E-0004	0.9289	-1.0342	0.7948	-1.9052	-0.8733	-1.4965	-2.5762	0.0401	0.0302	-2.4498	-1.1384	0.9289	-0.4351	-0.9553	-1.1153	-0.3144	0.4505	-0.1416	-0.1992	-0.2994	-0.7570	0.8131	1.1803	-0.6317	-1.2841	-0.4008	-1.0783	0.8137	-1.8793	-0.8898	-1.5223	-2.5899	0.0439	0.0448	-2.4315	-1.1309	0.9202	-0.4467	-0.9300	-1.0818	-0.3098	0.4462	-0.1475	-0.1943	-0.2806	-0.7471	0.7791	1.1509	-0.6047	-1.2606	-0.4428	
0.1000	 8.27035825169089E-0004	1.0720	-0.9640	0.8858	-1.8952	-1.1291	-1.6915	-2.6165	0.1963	0.1493	-2.7802	-1.4635	1.0720	-0.2739	-1.2154	-1.4286	-0.2616	0.5743	-0.1602	-0.3099	-0.3711	-0.7439	1.0493	1.4680	-0.6619	-1.3884	-0.4198	-1.0210	0.9105	-1.8616	-1.1506	-1.7252	-2.6342	0.2010	0.1680	-2.7567	-1.4540	1.0606	-0.2888	-1.1816	-1.3855	-0.2553	0.5688	-0.1678	-0.3032	-0.3466	-0.7311	1.0052	1.4302	-0.6269	-1.3580	-0.4740	
