Arquivo: c:\arq\medidas\BBA_2703_070421\BBA_AMP12B_V.dat
Data: 2703	 Hora:  0817
Comentário: 
NomeParametro	 ValorParametro
Nmedias	5
PausaCorretora	3000
PausaShunt	2000
PausaLeitura	500
NumCiclos	3
 NPassosCor	7
DeltaShunt	3.00
TetaIni	-0.10
TetaFim	0.10
I[mA]	  37.1
ACV11B	DeltaPos^2	AMP12B	AMP01B_0	AMP02A_0	AMP02B_0	AMP03A_0	AMP03B_0	AMP03C_0	AMP04A_0	AMP04B_0	AMP05A_0	AMP05B_0	AMP06A_0	AMP06B_0	AMP07A_0	AMP07B_0	AMP08A_0	AMP08B_0	AMP09A_0	AMP09B_0	AMP10A_0	AMP10B_0	AMU11A_0	AMU11B_0	AMP12A_0	AMP12B_0	AMP01A_0	AMP01B_1	AMP02A_1	AMP02B_1	AMP03A_1	AMP03B_1	AMP03C_1	AMP04A_1	AMP04B_1	AMP05A_1	AMP05B_1	AMP06A_1	AMP06B_1	AMP07A_1	AMP07B_1	AMP08A_1	AMP08B_1	AMP09A_1	AMP09B_1	AMP10A_1	AMP10B_1	AMU11A_1	AMU11B_1	AMP12A_1	AMP12B_1	AMP01A_1	
-0.1000	 2.56657404871881E-0004	0.0562	0.6149	0.3846	0.0557	-0.3559	2.2287	1.1776	0.9361	0.4855	1.8321	-0.1636	0.3218	-1.0443	0.1262	0.9794	1.1851	-0.5999	-0.9972	0.6540	1.1981	1.3053	1.4817	0.7026	0.1663	0.0562	-0.2668	0.6359	0.4010	0.0647	-0.3505	2.2132	1.1468	0.9292	0.4961	1.8526	-0.1726	0.3097	-1.0619	0.1044	1.0051	1.2020	-0.5954	-1.0007	0.6408	1.1953	1.3194	1.5008	0.6916	0.1513	0.0405	-0.2891	
-0.0667	 7.15041097083197E-0005	0.2397	0.3175	0.2540	0.1860	-0.0580	2.1719	0.9320	0.7777	0.2330	1.5298	0.1995	0.5725	-0.9756	0.0851	0.7868	1.1425	-0.4099	-0.6634	0.4491	0.9925	1.0874	1.3291	0.9772	0.4359	0.2397	-0.1408	0.3283	0.2626	0.1907	-0.0550	2.1632	0.9149	0.7736	0.2387	1.5402	0.1945	0.5658	-0.9849	0.0735	0.7998	1.1514	-0.4079	-0.6649	0.4425	0.9913	1.0948	1.3384	0.9708	0.4277	0.2314	-0.1522	
-0.0333	 9.40415499529566E-0007	0.4268	0.0150	0.1207	0.3175	0.2452	2.1139	0.6825	0.6164	-0.0242	1.2210	0.5692	0.8283	-0.9055	0.0443	0.5908	1.0990	-0.2168	-0.3230	0.2413	0.7834	0.8652	1.1732	1.2558	0.7102	0.4268	-0.0126	0.0160	0.1217	0.3180	0.2455	2.1130	0.6799	0.6159	-0.0235	1.2221	0.5680	0.8274	-0.9064	0.0430	0.5913	1.0995	-0.2167	-0.3233	0.2410	0.7833	0.8664	1.1737	1.2543	0.7090	0.4260	-0.0135	
0.0000	 4.36875106293132E-0005	0.6159	-0.2905	-0.0142	0.4503	0.5507	2.0556	0.4313	0.4533	-0.2840	0.9085	0.9405	1.0861	-0.8344	0.0030	0.3920	1.0546	-0.0219	0.0193	0.0315	0.5725	0.6413	1.0167	1.5363	0.9870	0.6159	0.1167	-0.2995	-0.0209	0.4467	0.5491	2.0623	0.4433	0.4565	-0.2883	0.8998	0.9436	1.0907	-0.8271	0.0122	0.3809	1.0476	-0.0239	0.0208	0.0370	0.5737	0.6358	1.0086	1.5404	0.9930	0.6225	0.1259	
0.0333	 2.20253653459132E-0004	0.8057	-0.5985	-0.1497	0.5833	0.8569	1.9972	0.1791	0.2902	-0.5443	0.5952	1.3142	1.3440	-0.7628	-0.0378	0.1926	1.0098	0.1733	0.3638	-0.1790	0.3608	0.4164	0.8585	1.8176	1.2642	0.8057	0.2473	-0.6187	-0.1649	0.5753	0.8530	2.0121	0.2062	0.2968	-0.5541	0.5753	1.3222	1.3555	-0.7465	-0.0177	0.1681	0.9943	0.1697	0.3673	-0.1672	0.3630	0.4030	0.8407	1.8276	1.2782	0.8204	0.2677	
0.0667	 5.10054321981160E-0004	0.9951	-0.9059	-0.2850	0.7162	1.1616	1.9390	-0.0720	0.1274	-0.8040	0.2809	1.6852	1.6014	-0.6914	-0.0788	-0.0065	0.9656	0.3683	0.7071	-0.3895	0.1497	0.1922	0.7012	2.0965	1.5398	0.9951	0.3780	-0.9366	-0.3083	0.7038	1.1558	1.9613	-0.0310	0.1377	-0.8190	0.2508	1.6977	1.6187	-0.6667	-0.0483	-0.0434	0.9415	0.3629	0.7126	-0.3718	0.1527	0.1719	0.6737	2.1118	1.5609	1.0175	0.4093	
0.1000	 9.09874435967878E-0004	1.1844	-1.2125	-0.4206	0.8486	1.4643	1.8809	-0.3227	-0.0350	-1.0629	-0.0332	2.0545	1.8576	-0.6207	-0.1204	-0.2049	0.9220	0.5630	1.0500	-0.6003	-0.0618	-0.0308	0.5444	2.3739	1.8139	1.1844	0.5094	-1.2531	-0.4515	0.8319	1.4564	1.9105	-0.2675	-0.0214	-1.0833	-0.0736	2.0716	1.8808	-0.5876	-0.0795	-0.2538	0.8893	0.5555	1.0570	-0.5767	-0.0575	-0.0579	0.5079	2.3940	1.8425	1.2144	0.5508	
