Arquivo: c:\arq\medidas\BBA_2703_070421\BBA_AMP02A_H.dat
Data: 2703	 Hora:  0707
Comentário: 
NomeParametro	 ValorParametro
Nmedias	5
PausaCorretora	3000
PausaShunt	2000
PausaLeitura	500
NumCiclos	3
 NPassosCor	7
DeltaShunt	3.00
TetaIni	-0.10
TetaFim	0.10
I[mA]	 142.8
ACH09B	DeltaPos^2	AMP02A	AMP01B_0	AMP02A_0	AMP02B_0	AMP03A_0	AMP03B_0	AMP03C_0	AMP04A_0	AMP04B_0	AMP05A_0	AMP05B_0	AMP06A_0	AMP06B_0	AMP07A_0	AMP07B_0	AMP08A_0	AMP08B_0	AMP09A_0	AMP09B_0	AMP10A_0	AMP10B_0	AMU11A_0	AMU11B_0	AMP12A_0	AMP12B_0	AMP01A_0	AMP01B_1	AMP02A_1	AMP02B_1	AMP03A_1	AMP03B_1	AMP03C_1	AMP04A_1	AMP04B_1	AMP05A_1	AMP05B_1	AMP06A_1	AMP06B_1	AMP07A_1	AMP07B_1	AMP08A_1	AMP08B_1	AMP09A_1	AMP09B_1	AMP10A_1	AMP10B_1	AMU11A_1	AMU11B_1	AMP12A_1	AMP12B_1	AMP01A_1	
-0.1000	 3.76013173950326E-0006	0.0602	-0.1796	0.0602	-2.4285	0.7271	0.1220	-2.0011	-0.5095	-0.7040	-1.5717	0.0782	0.8748	-0.8463	-1.2206	-0.9683	0.1501	0.5723	-1.3722	-1.1955	-0.0924	-0.3465	0.5846	0.5419	-1.0098	-1.1885	0.8251	-0.1776	0.0599	-2.4306	0.7295	0.1249	-1.9999	-0.5086	-0.7037	-1.5725	0.0778	0.8757	-0.8447	-1.2240	-0.9716	0.1513	0.5737	-1.3755	-1.1992	-0.0913	-0.3447	0.5833	0.5402	-1.0099	-1.1879	0.8274	
-0.0667	 1.00549556171620E-0004	0.2465	-0.4843	0.2465	-2.2671	0.3549	-0.2850	-2.1610	-0.4109	-0.5316	-1.6832	-0.1391	0.8239	-0.7933	-1.0149	-0.8651	-0.0178	0.4779	-0.9763	-0.8306	-0.1129	-0.4751	0.5231	0.5745	-0.8719	-1.1559	0.4563	-0.4807	0.2436	-2.2726	0.3642	-0.2723	-2.1545	-0.4071	-0.5317	-1.6891	-0.1403	0.8330	-0.7870	-1.0321	-0.8802	-0.0063	0.4888	-0.9945	-0.8499	-0.1045	-0.4637	0.5148	0.5629	-0.8692	-1.1489	0.4640	
-0.0333	 3.41130197974427E-0004	0.4342	-0.7925	0.4342	-2.1035	-0.0223	-0.6966	-2.3222	-0.3114	-0.3570	-1.7968	-0.3589	0.7727	-0.7394	-0.8061	-0.7611	-0.1872	0.3829	-0.5749	-0.4610	-0.1335	-0.6051	0.4603	0.6067	-0.7321	-1.1223	0.0829	-0.7872	0.4285	-2.1128	-0.0052	-0.6732	-2.3110	-0.3046	-0.3585	-1.8068	-0.3606	0.7899	-0.7282	-0.8381	-0.7881	-0.1657	0.4028	-0.6086	-0.4968	-0.1174	-0.5840	0.4444	0.5844	-0.7272	-1.1093	0.0959	
0.0000	 7.02503118812123E-0004	0.6227	-1.1032	0.6227	-1.9384	-0.4014	-1.1092	-2.4834	-0.2111	-0.1819	-1.9108	-0.5796	0.7218	-0.6849	-0.5987	-0.6580	-0.3565	0.2882	-0.1747	-0.0925	-0.1528	-0.7343	0.3951	0.6367	-0.5906	-1.0873	-0.2927	-1.0967	0.6139	-1.9516	-0.3761	-1.0751	-2.4667	-0.2018	-0.1846	-1.9247	-0.5808	0.7467	-0.6696	-0.6442	-0.6962	-0.3250	0.3169	-0.2228	-0.1437	-0.1298	-0.7042	0.3718	0.6041	-0.5845	-1.0691	-0.2740	
0.0333	 1.20290919130964E-0003	0.8118	-1.4157	0.8118	-1.7722	-0.7809	-1.5222	-2.6450	-0.1108	-0.0068	-2.0255	-0.8008	0.6711	-0.6300	-0.3907	-0.5550	-0.5259	0.1931	0.2258	0.2762	-0.1709	-0.8636	0.3273	0.6647	-0.4479	-1.0510	-0.6715	-1.4064	0.7998	-1.7899	-0.7477	-1.4769	-2.6230	-0.0993	-0.0107	-2.0436	-0.8018	0.7038	-0.6104	-0.4504	-0.6052	-0.4848	0.2309	0.1629	0.2091	-0.1413	-0.8240	0.2977	0.6226	-0.4409	-1.0278	-0.6466	
0.0667	 1.82743562290695E-0003	1.0001	-1.7278	1.0001	-1.6057	-1.1602	-1.9336	-2.8062	-0.0102	0.1683	-2.1412	-1.0221	0.6209	-0.5747	-0.1839	-0.4540	-0.6953	0.0986	0.6246	0.6430	-0.1887	-0.9920	0.2583	0.6912	-0.3055	-1.0144	-1.0503	-1.7168	0.9858	-1.6275	-1.1196	-1.8782	-2.7792	0.0041	0.1636	-2.1637	-1.0237	0.6615	-0.5507	-0.2579	-0.5155	-0.6439	0.1454	0.5475	0.5608	-0.1517	-0.9430	0.2218	0.6392	-0.2963	-0.9853	-1.0199	
0.1000	 2.56094087663033E-0003	1.1888	-2.0403	1.1888	-1.4386	-1.5397	-2.3444	-2.9671	0.0915	0.3437	-2.2580	-1.2445	0.5715	-0.5187	0.0214	-0.3538	-0.8642	0.0046	1.0219	1.0091	-0.2059	-1.1197	0.1876	0.7160	-0.1623	-0.9768	-1.4293	-2.0268	1.1713	-1.4644	-1.4917	-2.2789	-2.9349	0.1082	0.3377	-2.2850	-1.2464	0.6196	-0.4902	-0.0660	-0.4265	-0.8032	0.0606	0.9312	0.9115	-0.1617	-1.0613	0.1452	0.6549	-0.1513	-0.9425	-1.3928	
