Arquivo: c:\arq\medidas\BBA_2703_070421\BBA_AMP10A_H.dat
Data: 2703	 Hora:  0800
Comentário: 
NomeParametro	 ValorParametro
Nmedias	5
PausaCorretora	3000
PausaShunt	2000
PausaLeitura	500
NumCiclos	3
 NPassosCor	7
DeltaShunt	3.00
TetaIni	-0.10
TetaFim	0.10
I[mA]	  37.3
ACH03A	DeltaPos^2	AMP10A	AMP01B_0	AMP02A_0	AMP02B_0	AMP03A_0	AMP03B_0	AMP03C_0	AMP04A_0	AMP04B_0	AMP05A_0	AMP05B_0	AMP06A_0	AMP06B_0	AMP07A_0	AMP07B_0	AMP08A_0	AMP08B_0	AMP09A_0	AMP09B_0	AMP10A_0	AMP10B_0	AMU11A_0	AMU11B_0	AMP12A_0	AMP12B_0	AMP01A_0	AMP01B_1	AMP02A_1	AMP02B_1	AMP03A_1	AMP03B_1	AMP03C_1	AMP04A_1	AMP04B_1	AMP05A_1	AMP05B_1	AMP06A_1	AMP06B_1	AMP07A_1	AMP07B_1	AMP08A_1	AMP08B_1	AMP09A_1	AMP09B_1	AMP10A_1	AMP10B_1	AMU11A_1	AMU11B_1	AMP12A_1	AMP12B_1	AMP01A_1	
-0.1000	 2.15732298004713E-0004	-0.6706	-0.7314	0.8500	-2.0040	-1.1891	-2.0343	-2.8943	-0.1473	0.1466	-1.8248	-0.8138	0.3802	-0.7481	0.3325	0.0267	-0.9466	-0.1679	1.0180	1.0918	-0.6706	-1.3375	1.2834	1.7008	-0.7928	-1.5349	-0.2530	-0.7299	0.8345	-2.0120	-1.1638	-2.0127	-2.8881	-0.1646	0.1295	-1.8004	-0.7878	0.3669	-0.7643	0.3426	0.0428	-0.9505	-0.1787	1.0055	1.0872	-0.6652	-1.3290	1.2669	1.6784	-0.7986	-1.5333	-0.2452	
-0.0667	 8.93257091383433E-0005	-0.5238	-0.8439	0.7722	-1.9933	-0.9449	-1.7474	-2.7702	-0.1860	0.0340	-1.8246	-0.7250	0.4598	-0.7490	0.0972	-0.1359	-0.7913	-0.0585	0.6788	0.7668	-0.5238	-1.1766	1.0127	1.3822	-0.7396	-1.4097	-0.2720	-0.8474	0.7644	-1.9955	-0.9304	-1.7363	-2.7676	-0.1957	0.0251	-1.8090	-0.7094	0.4511	-0.7583	0.1037	-0.1264	-0.7928	-0.0650	0.6682	0.7616	-0.5186	-1.1703	0.9971	1.3635	-0.7405	-1.4061	-0.2721	
-0.0333	 5.50100058952608E-0005	-0.3760	-0.9580	0.6946	-1.9822	-0.6995	-1.4584	-2.6452	-0.2241	-0.0787	-1.8258	-0.6367	0.5400	-0.7495	-0.1406	-0.3005	-0.6349	0.0520	0.3371	0.4388	-0.3760	-1.0151	0.7393	1.0609	-0.6854	-1.2836	-0.2918	-0.9690	0.6954	-1.9766	-0.6985	-1.4613	-2.6474	-0.2262	-0.0789	-1.8185	-0.6319	0.5359	-0.7512	-0.1359	-0.2969	-0.6338	0.0495	0.3272	0.4334	-0.3700	-1.0099	0.7213	1.0431	-0.6792	-1.2765	-0.3039	
0.0000	 7.40995341378401E-0005	-0.2274	-1.0748	0.6178	-1.9697	-0.4548	-1.1698	-2.5206	-0.2619	-0.1908	-1.8268	-0.5489	0.6204	-0.7494	-0.3782	-0.4651	-0.4782	0.1627	-0.0062	0.1102	-0.2274	-0.8526	0.4626	0.7360	-0.6296	-1.1563	-0.3148	-1.0890	0.6260	-1.9585	-0.4665	-1.1851	-2.5262	-0.2565	-0.1831	-1.8288	-0.5551	0.6208	-0.7444	-0.3759	-0.4669	-0.4754	0.1642	-0.0112	0.1073	-0.2225	-0.8502	0.4491	0.7254	-0.6194	-1.1483	-0.3336	
0.0333	 1.13033232148441E-0004	-0.0782	-1.1931	0.5422	-1.9555	-0.2115	-0.8830	-2.3968	-0.2990	-0.3022	-1.8288	-0.4622	0.7006	-0.7489	-0.6151	-0.6301	-0.3215	0.2732	-0.3490	-0.2188	-0.0782	-0.6896	0.1842	0.4092	-0.5725	-1.0280	-0.3400	-1.2052	0.5551	-1.9434	-0.2318	-0.9043	-2.4037	-0.2873	-0.2891	-1.8407	-0.4780	0.7068	-0.7380	-0.6172	-0.6379	-0.3174	0.2789	-0.3474	-0.2184	-0.0767	-0.6908	0.1813	0.4107	-0.5623	-1.0222	-0.3581	
0.0667	 2.00302894572383E-0004	0.0711	-1.3133	0.4669	-1.9412	0.0306	-0.5963	-2.2723	-0.3354	-0.4136	-1.8311	-0.3759	0.7813	-0.7482	-0.8520	-0.7959	-0.1643	0.3842	-0.6931	-0.5478	0.0711	-0.5264	-0.0957	0.0808	-0.5146	-0.8984	-0.3671	-1.3217	0.4833	-1.9288	0.0045	-0.6208	-2.2799	-0.3187	-0.3960	-1.8530	-0.4006	0.7926	-0.7321	-0.8609	-0.8102	-0.1599	0.3936	-0.6850	-0.5454	0.0685	-0.5325	-0.0865	0.0953	-0.5058	-0.8968	-0.3820	
0.1000	 3.49301936483665E-0004	0.2203	-1.4336	0.3922	-1.9261	0.2720	-0.3102	-2.1478	-0.3720	-0.5244	-1.8350	-0.2908	0.8625	-0.7469	-1.0888	-0.9616	-0.0073	0.4952	-1.0363	-0.8766	0.2203	-0.3636	-0.3749	-0.2466	-0.4570	-0.7698	-0.3949	-1.4410	0.4129	-1.9123	0.2393	-0.3394	-2.1566	-0.3491	-0.5019	-1.8655	-0.3239	0.8784	-0.7256	-1.1031	-0.9828	-0.0023	0.5082	-1.0242	-0.8734	0.2151	-0.3731	-0.3579	-0.2229	-0.4474	-0.7696	-0.4100	
