Arquivo: c:\arq\medidas\BBA_2703_070421\BBA_AMP04B_V.dat
Data: 2703	 Hora:  0727
Comentário: 
NomeParametro	 ValorParametro
Nmedias	5
PausaCorretora	3000
PausaShunt	2000
PausaLeitura	500
NumCiclos	3
 NPassosCor	7
DeltaShunt	3.00
TetaIni	-0.10
TetaFim	0.10
I[mA]	 140.6
ACV11A	DeltaPos^2	AMP04B	AMP01B_0	AMP02A_0	AMP02B_0	AMP03A_0	AMP03B_0	AMP03C_0	AMP04A_0	AMP04B_0	AMP05A_0	AMP05B_0	AMP06A_0	AMP06B_0	AMP07A_0	AMP07B_0	AMP08A_0	AMP08B_0	AMP09A_0	AMP09B_0	AMP10A_0	AMP10B_0	AMU11A_0	AMU11B_0	AMP12A_0	AMP12B_0	AMP01A_0	AMP01B_1	AMP02A_1	AMP02B_1	AMP03A_1	AMP03B_1	AMP03C_1	AMP04A_1	AMP04B_1	AMP05A_1	AMP05B_1	AMP06A_1	AMP06B_1	AMP07A_1	AMP07B_1	AMP08A_1	AMP08B_1	AMP09A_1	AMP09B_1	AMP10A_1	AMP10B_1	AMU11A_1	AMU11B_1	AMP12A_1	AMP12B_1	AMP01A_1	
-0.1000	 2.23796161167914E-0004	-0.9484	-1.2934	-0.6386	0.4282	0.9059	2.3470	0.7733	0.3913	-0.9484	-0.1013	1.7293	1.7636	-0.3424	0.3763	-0.5378	0.6053	0.2515	0.7297	-0.1144	0.2227	-0.0665	0.2012	1.7876	1.5152	1.2992	0.8610	-1.3074	-0.6423	0.4398	0.9283	2.3398	0.7474	0.3784	-0.9634	-0.1258	1.7463	1.7804	-0.3284	0.3891	-0.5611	0.5931	0.2558	0.7448	-0.1145	0.2164	-0.0825	0.1848	1.8042	1.5315	1.3069	0.8627	
-0.0667	 8.89967793931403E-0005	-0.7161	-0.9474	-0.4271	0.4273	0.7739	2.2535	0.6718	0.4213	-0.7161	0.2471	1.4433	1.5206	-0.5125	0.2458	-0.2276	0.7538	0.1545	0.4830	-0.0628	0.3441	0.1738	0.4687	1.6862	1.3242	1.0635	0.6069	-0.9571	-0.4301	0.4343	0.7880	2.2499	0.6562	0.4133	-0.7259	0.2315	1.4546	1.5314	-0.5036	0.2535	-0.2423	0.7460	0.1573	0.4926	-0.0628	0.3402	0.1638	0.4584	1.6966	1.3341	1.0688	0.6089	
-0.0333	 1.39979343753005E-0005	-0.4798	-0.5949	-0.2123	0.4265	0.6395	2.1583	0.5680	0.4519	-0.4798	0.6006	1.1524	1.2733	-0.6857	0.1125	0.0870	0.9049	0.0561	0.2323	-0.0112	0.4673	0.4182	0.7407	1.5828	1.1286	0.8236	0.3489	-0.5997	-0.2142	0.4289	0.6456	2.1581	0.5632	0.4491	-0.4844	0.5942	1.1569	1.2779	-0.6820	0.1156	0.0818	0.9019	0.0576	0.2363	-0.0112	0.4659	0.4147	0.7369	1.5862	1.1328	0.8265	0.3506	
0.0000	 5.43575130005378E-0006	-0.2418	-0.2393	0.0044	0.4257	0.5047	2.0613	0.4634	0.4830	-0.2418	0.9554	0.8585	1.0233	-0.8605	-0.0222	0.4055	1.0579	-0.0422	-0.0209	0.0401	0.5910	0.6649	1.0145	1.4779	0.9313	0.5814	0.0887	-0.2392	0.0037	0.4236	0.5020	2.0646	0.4688	0.4847	-0.2403	0.9585	0.8568	1.0218	-0.8622	-0.0246	0.4089	1.0596	-0.0427	-0.0223	0.0399	0.5922	0.6683	1.0176	1.4751	0.9288	0.5812	0.0901	
0.0333	 6.49845579594036E-0005	-0.0028	0.1161	0.2225	0.4253	0.3694	1.9637	0.3572	0.5135	-0.0028	1.3127	0.5646	0.7722	-1.0362	-0.1585	0.7244	1.2108	-0.1411	-0.2738	0.0916	0.7152	0.9132	1.2890	1.3720	0.7328	0.3376	-0.1722	0.1216	0.2229	0.4184	0.3582	1.9711	0.3731	0.5205	0.0041	1.3245	0.5559	0.7642	-1.0430	-0.1656	0.7372	1.2179	-0.1432	-0.2807	0.0913	0.7189	0.9228	1.2984	1.3625	0.7237	0.3348	-0.1712	
0.0667	 1.93859717291500E-0004	0.2361	0.4727	0.4400	0.4252	0.2339	1.8655	0.2506	0.5429	0.2361	1.6683	0.2689	0.5207	-1.2114	-0.2947	1.0441	1.3643	-0.2397	-0.5269	0.1423	0.8397	1.1611	1.5635	1.2674	0.5341	0.0938	-0.4347	0.4832	0.4417	0.4137	0.2146	1.8761	0.2766	0.5556	0.2486	1.6898	0.2537	0.5065	-1.2241	-0.3077	1.0661	1.3765	-0.2430	-0.5392	0.1416	0.8453	1.1770	1.5799	1.2513	0.5183	0.0880	-0.4343	
0.1000	 3.87132882668718E-0004	0.4741	0.8286	0.6575	0.4253	0.0992	1.7670	0.1428	0.5728	0.4741	2.0225	-0.0265	0.2695	-1.3868	-0.4310	1.3620	1.5174	-0.3382	-0.7801	0.1933	0.9635	1.4076	1.8375	1.1623	0.3354	-0.1501	-0.6972	0.8439	0.6600	0.4090	0.0708	1.7812	0.1804	0.5909	0.4923	2.0528	-0.0484	0.2493	-1.4044	-0.4482	1.3922	1.5338	-0.3435	-0.7978	0.1929	0.9717	1.4301	1.8604	1.1398	0.3133	-0.1583	-0.6967	
