Arquivo: c:\arq\medidas\BBA_2703_070421\BBA_AMP09B_V.dat
Data: 2703	 Hora:  0758
Comentário: 
NomeParametro	 ValorParametro
Nmedias	5
PausaCorretora	3000
PausaShunt	2000
PausaLeitura	500
NumCiclos	3
 NPassosCor	7
DeltaShunt	3.00
TetaIni	-0.10
TetaFim	0.10
I[mA]	  37.4
ACV09B	DeltaPos^2	AMP09B	AMP01B_0	AMP02A_0	AMP02B_0	AMP03A_0	AMP03B_0	AMP03C_0	AMP04A_0	AMP04B_0	AMP05A_0	AMP05B_0	AMP06A_0	AMP06B_0	AMP07A_0	AMP07B_0	AMP08A_0	AMP08B_0	AMP09A_0	AMP09B_0	AMP10A_0	AMP10B_0	AMU11A_0	AMU11B_0	AMP12A_0	AMP12B_0	AMP01A_0	AMP01B_1	AMP02A_1	AMP02B_1	AMP03A_1	AMP03B_1	AMP03C_1	AMP04A_1	AMP04B_1	AMP05A_1	AMP05B_1	AMP06A_1	AMP06B_1	AMP07A_1	AMP07B_1	AMP08A_1	AMP08B_1	AMP09A_1	AMP09B_1	AMP10A_1	AMP10B_1	AMU11A_1	AMU11B_1	AMP12A_1	AMP12B_1	AMP01A_1	
-0.1000	 1.39720250624306E-0002	-0.9706	0.2320	0.5698	1.1323	1.3204	1.1751	-1.4961	-0.2071	-0.2119	1.4140	1.1501	0.9315	-1.5828	-1.1503	1.3356	1.8235	0.5330	0.4424	-0.9706	-0.1308	0.2964	0.9921	2.1206	1.2357	0.1599	-0.7568	0.3225	0.6666	1.2390	1.4370	1.0341	-1.7991	-0.3100	-0.1939	1.5035	1.1740	0.9002	-1.7051	-1.3345	1.4912	1.9473	0.6177	0.5021	-1.1263	-0.2425	0.2460	0.9943	2.2120	1.2720	0.0825	-0.8998	
-0.0667	 9.04862864998314E-0003	-0.6537	0.0583	0.3801	0.9161	1.0793	1.4571	-0.8834	0.0014	-0.2403	1.2450	1.0908	0.9867	-1.3418	-0.7822	1.0300	1.5766	0.3589	0.3140	-0.6537	0.0911	0.4016	0.9928	1.9338	1.1587	0.3100	-0.4733	0.1314	0.4578	1.0020	1.1731	1.3446	-1.1285	-0.0809	-0.2268	1.3161	1.1110	0.9621	-1.4395	-0.9302	1.1548	1.6764	0.4273	0.3630	-0.7791	0.0016	0.3613	0.9953	2.0078	1.1882	0.2479	-0.5885	
-0.0333	 4.86050417369057E-0003	-0.3292	-0.1194	0.1863	0.6956	0.8324	1.7443	-0.2570	0.2144	-0.2689	1.0729	1.0302	1.0424	-1.0963	-0.4062	0.7183	1.3251	0.1809	0.1823	-0.3292	0.3175	0.5087	0.9932	1.7431	1.0806	0.4634	-0.1847	-0.0655	0.2432	0.7584	0.9020	1.6620	-0.4368	0.1539	-0.2593	1.1250	1.0450	1.0247	-1.1678	-0.5143	0.8096	1.3979	0.2310	0.2180	-0.4213	0.2518	0.4793	0.9950	1.7972	1.1018	0.4178	-0.2693	
0.0000	 1.88224387443727E-0003	-0.0009	-0.3002	-0.0108	0.4723	0.5823	2.0342	0.3769	0.4299	-0.2977	0.8996	0.9682	1.0977	-0.8474	-0.0253	0.4028	1.0700	0.0003	0.0475	-0.0009	0.5470	0.6170	0.9930	1.5492	1.0011	0.6186	0.1077	-0.2661	0.0248	0.5112	0.6254	1.9828	0.2653	0.3921	-0.2917	0.9319	0.9769	1.0867	-0.8919	-0.0925	0.4596	1.1152	0.0313	0.0697	-0.0581	0.5058	0.5982	0.9939	1.5832	1.0150	0.5903	0.0552	
0.0333	 2.80144774409391E-0004	0.3307	-0.4829	-0.2089	0.2468	0.3293	2.3251	1.0151	0.6473	-0.3256	0.7260	0.9041	1.1531	-0.5971	0.3570	0.0857	0.8129	-0.1822	-0.0885	0.3307	0.7783	0.7259	0.9930	1.3532	0.9212	0.7749	0.4033	-0.4696	-0.1951	0.2617	0.3457	2.3051	0.9720	0.6331	-0.3232	0.7387	0.9070	1.1486	-0.6141	0.3315	0.1076	0.8306	-0.1703	-0.0799	0.3086	0.7623	0.7186	0.9930	1.3665	0.9267	0.7638	0.3825	
0.0667	 1.00801959808158E-0004	0.6626	-0.6666	-0.4077	0.0197	0.0749	2.6150	1.6518	0.8657	-0.3528	0.5528	0.8389	1.2080	-0.3459	0.7401	-0.2322	0.5554	-0.3652	-0.2254	0.6626	1.0102	0.8358	0.9928	1.1566	0.8408	0.9319	0.6998	-0.6736	-0.4158	0.0105	0.0645	2.6258	1.6775	0.8749	-0.3537	0.5460	0.8355	1.2100	-0.3356	0.7564	-0.2454	0.5448	-0.3729	-0.2311	0.6765	1.0195	0.8401	0.9922	1.1487	0.8378	0.9381	0.7113	
0.1000	 1.33078990494668E-0003	0.9951	-0.8492	-0.6063	-0.2069	-0.1799	2.9038	2.2840	1.0847	-0.3787	0.3807	0.7724	1.2613	-0.0958	1.1230	-0.5494	0.2985	-0.5479	-0.3626	0.9951	1.2423	0.9463	0.9940	0.9584	0.7600	1.0882	0.9963	-0.8767	-0.6362	-0.2407	-0.2171	2.9451	2.3770	1.1166	-0.3831	0.3546	0.7625	1.2696	-0.0579	1.1799	-0.5971	0.2598	-0.5749	-0.3824	1.0439	1.2768	0.9621	0.9928	0.9293	0.7486	1.1121	1.0401	
