Arquivo: c:\arq\medidas\BBA_2703_070421\BBA_AMP06B_H.dat
Data: 2703	 Hora:  0738
Comentário: 
NomeParametro	 ValorParametro
Nmedias	5
PausaCorretora	3000
PausaShunt	2000
PausaLeitura	500
NumCiclos	3
 NPassosCor	7
DeltaShunt	3.00
TetaIni	-0.10
TetaFim	0.10
I[mA]	  91.0
ACH01A	DeltaPos^2	AMP06B	AMP01B_0	AMP02A_0	AMP02B_0	AMP03A_0	AMP03B_0	AMP03C_0	AMP04A_0	AMP04B_0	AMP05A_0	AMP05B_0	AMP06A_0	AMP06B_0	AMP07A_0	AMP07B_0	AMP08A_0	AMP08B_0	AMP09A_0	AMP09B_0	AMP10A_0	AMP10B_0	AMU11A_0	AMU11B_0	AMP12A_0	AMP12B_0	AMP01A_0	AMP01B_1	AMP02A_1	AMP02B_1	AMP03A_1	AMP03B_1	AMP03C_1	AMP04A_1	AMP04B_1	AMP05A_1	AMP05B_1	AMP06A_1	AMP06B_1	AMP07A_1	AMP07B_1	AMP08A_1	AMP08B_1	AMP09A_1	AMP09B_1	AMP10A_1	AMP10B_1	AMU11A_1	AMU11B_1	AMP12A_1	AMP12B_1	AMP01A_1	
-0.1000	 7.42449696425905E-0004	-1.1352	-2.1963	0.7710	-1.5391	-0.4193	-1.4451	-2.7475	-0.5337	-0.1748	-0.9869	0.0452	0.0834	-1.1352	0.8384	0.7219	-0.9532	-0.3925	0.8267	1.1608	-0.3242	-1.2244	0.4095	0.9404	-0.2795	-1.0998	-1.2521	-2.1466	0.7555	-1.5656	-0.4191	-1.4302	-2.7355	-0.5281	-0.1842	-1.0283	0.0170	0.1030	-1.1230	0.8245	0.6950	-0.9682	-0.3941	0.8524	1.1736	-0.3540	-1.2444	0.4588	0.9874	-0.3111	-1.1311	-1.2104	
-0.0667	 4.37786873547634E-0004	-1.0055	-1.8533	0.7189	-1.6686	-0.4030	-1.3332	-2.6638	-0.4432	-0.1843	-1.2609	-0.1382	0.2746	-1.0055	0.4054	0.3113	-0.7725	-0.1897	0.5126	0.7754	-0.2678	-1.0754	0.3893	0.8299	-0.3783	-1.0931	-0.9529	-1.8151	0.7071	-1.6888	-0.4032	-1.3219	-2.6545	-0.4386	-0.1915	-1.2931	-0.1600	0.2903	-0.9958	0.3949	0.2898	-0.7838	-0.1906	0.5323	0.7848	-0.2906	-1.0905	0.4271	0.8658	-0.4023	-1.1172	-0.9211	
-0.0333	 2.15795692563583E-0004	-0.8749	-1.5086	0.6671	-1.7979	-0.3878	-1.2218	-2.5799	-0.3522	-0.1935	-1.5361	-0.3230	0.4661	-0.8749	-0.0288	-0.1025	-0.5905	0.0137	0.1959	0.3870	-0.2103	-0.9247	0.3670	0.7169	-0.4769	-1.0859	-0.6530	-1.4821	0.6596	-1.8116	-0.3884	-1.2144	-2.5736	-0.3476	-0.1979	-1.5596	-0.3390	0.4783	-0.8673	-0.0369	-0.1184	-0.5985	0.0138	0.2098	0.3934	-0.2265	-0.9350	0.3933	0.7418	-0.4934	-1.1022	-0.6315	
0.0000	 7.54421731739707E-0005	-0.7430	-1.1620	0.6160	-1.9275	-0.3733	-1.1112	-2.4959	-0.2594	-0.2017	-1.8131	-0.5099	0.6591	-0.7430	-0.4672	-0.5204	-0.4071	0.2191	-0.1246	-0.0056	-0.1517	-0.7723	0.3424	0.6010	-0.5746	-1.0772	-0.3532	-1.1464	0.6119	-1.9348	-0.3748	-1.1073	-2.4922	-0.2562	-0.2037	-1.8278	-0.5202	0.6675	-0.7379	-0.4723	-0.5301	-0.4114	0.2196	-0.1165	-0.0021	-0.1613	-0.7782	0.3576	0.6152	-0.5844	-1.0865	-0.3409	
0.0333	 7.52106476335625E-0006	-0.6101	-0.8131	0.5648	-2.0573	-0.3599	-1.0005	-2.4121	-0.1661	-0.2094	-2.0914	-0.6988	0.8531	-0.6101	-0.9097	-0.9416	-0.2217	0.4258	-0.4491	-0.4019	-0.0915	-0.6182	0.3151	0.4814	-0.6726	-1.0671	-0.0529	-0.8097	0.5653	-2.0573	-0.3624	-1.0009	-2.4113	-0.1632	-0.2088	-2.0978	-0.7037	0.8580	-0.6069	-0.9114	-0.9455	-0.2223	0.4274	-0.4467	-0.4015	-0.0937	-0.6188	0.3186	0.4847	-0.6740	-1.0685	-0.0509	
0.0667	 1.70109681887178E-0005	-0.4768	-0.4664	0.5147	-2.1856	-0.3485	-0.8919	-2.3286	-0.0725	-0.2166	-2.3691	-0.8885	1.0458	-0.4768	-1.3484	-1.3606	-0.0371	0.6308	-0.7727	-0.7963	-0.0310	-0.4644	0.2866	0.3615	-0.7689	-1.0564	0.2438	-0.4739	0.5186	-2.1797	-0.3513	-0.8957	-2.3305	-0.0707	-0.2137	-2.3665	-0.8871	1.0467	-0.4765	-1.3463	-1.3585	-0.0345	0.6328	-0.7757	-0.7984	-0.0269	-0.4610	0.2795	0.3544	-0.7636	-1.0511	0.2365	
0.1000	 9.83154575324404E-0005	-0.3436	-0.1215	0.4655	-2.3126	-0.3387	-0.7849	-2.2457	0.0216	-0.2225	-2.6454	-1.0787	1.2385	-0.3436	-1.7850	-1.7785	0.1476	0.8358	-1.0973	-1.1914	0.0310	-0.3097	0.2553	0.2387	-0.8638	-1.0442	0.5384	-0.1402	0.4728	-2.3010	-0.3413	-0.7920	-2.2501	0.0220	-0.2179	-2.6335	-1.0711	1.2354	-0.3459	-1.7807	-1.7701	0.1535	0.8378	-1.1062	-1.1962	0.0415	-0.3018	0.2371	0.2212	-0.8515	-1.0321	0.5220	
