Arquivo: c:\arq\medidas\BBA_2703_070421\BBA_AMU11A_H.dat
Data: 2703	 Hora:  0806
Comentário: 
NomeParametro	 ValorParametro
Nmedias	5
PausaCorretora	3000
PausaShunt	2000
PausaLeitura	500
NumCiclos	3
 NPassosCor	7
DeltaShunt	3.00
TetaIni	-0.10
TetaFim	0.10
I[mA]	  37.2
ACH05A	DeltaPos^2	AMU11A	AMP01B_0	AMP02A_0	AMP02B_0	AMP03A_0	AMP03B_0	AMP03C_0	AMP04A_0	AMP04B_0	AMP05A_0	AMP05B_0	AMP06A_0	AMP06B_0	AMP07A_0	AMP07B_0	AMP08A_0	AMP08B_0	AMP09A_0	AMP09B_0	AMP10A_0	AMP10B_0	AMU11A_0	AMU11B_0	AMP12A_0	AMP12B_0	AMP01A_0	AMP01B_1	AMP02A_1	AMP02B_1	AMP03A_1	AMP03B_1	AMP03C_1	AMP04A_1	AMP04B_1	AMP05A_1	AMP05B_1	AMP06A_1	AMP06B_1	AMP07A_1	AMP07B_1	AMP08A_1	AMP08B_1	AMP09A_1	AMP09B_1	AMP10A_1	AMP10B_1	AMU11A_1	AMU11B_1	AMP12A_1	AMP12B_1	AMP01A_1	
-0.1000	 2.83060555140355E-0003	1.4309	-0.0854	0.4695	-2.3400	-0.4216	-0.8556	-2.2746	0.0095	-0.2135	-2.6342	-1.4987	0.8147	-0.3561	-0.5590	-0.9079	-0.6251	0.2597	0.5283	0.4108	-0.6403	-1.0962	1.4309	1.6597	-1.0825	-1.6115	0.5124	-0.0775	0.4307	-2.3585	-0.3271	-0.7716	-2.2535	-0.0423	-0.2590	-2.5415	-1.4011	0.7739	-0.4085	-0.4898	-0.8201	-0.6435	0.2231	0.5466	0.4510	-0.6270	-1.1051	1.3850	1.5923	-1.0883	-1.5902	0.5530	
-0.0667	 1.27711325402091E-0003	1.1226	-0.3948	0.5115	-2.2261	-0.4233	-0.9456	-2.3479	-0.0788	-0.2111	-2.3794	-1.1971	0.7525	-0.4816	-0.5031	-0.7697	-0.5778	0.2292	0.3546	0.3113	-0.5074	-1.0171	1.1226	1.3639	-0.9414	-1.4674	0.2557	-0.3919	0.4841	-2.2407	-0.3593	-0.8875	-2.3379	-0.1155	-0.2433	-2.3195	-1.1326	0.7256	-0.5187	-0.4612	-0.7126	-0.5904	0.2038	0.3660	0.3378	-0.4984	-1.0240	1.0902	1.3157	-0.9463	-1.4537	0.2839	
-0.0333	 3.13762971157084E-0004	0.8093	-0.7088	0.5544	-2.1100	-0.4256	-1.0370	-2.4220	-0.1685	-0.2087	-2.1192	-0.8910	0.6891	-0.6090	-0.4463	-0.6289	-0.5296	0.1977	0.1780	0.2107	-0.3736	-0.9376	0.8093	1.0645	-0.7975	-1.3211	-0.0052	-0.7146	0.5395	-2.1203	-0.3945	-1.0074	-2.4251	-0.1892	-0.2264	-2.0945	-0.8611	0.6768	-0.6301	-0.4329	-0.6041	-0.5359	0.1851	0.1825	0.2227	-0.3682	-0.9420	0.7894	1.0334	-0.8013	-1.3142	0.0076	
0.0000	 2.34745909566073E-0005	0.4933	-1.0257	0.5978	-1.9930	-0.4290	-1.1301	-2.4968	-0.2582	-0.2056	-1.8576	-0.5829	0.6255	-0.7365	-0.3893	-0.4878	-0.4818	0.1660	0.0009	0.1102	-0.2394	-0.8582	0.4933	0.7619	-0.6532	-1.1742	-0.2696	-1.0304	0.5924	-1.9999	-0.4218	-1.1209	-2.5039	-0.2648	-0.2115	-1.8579	-0.5788	0.6246	-0.7437	-0.3940	-0.4860	-0.4836	0.1632	0.0022	0.1120	-0.2394	-0.8610	0.4914	0.7546	-0.6574	-1.1755	-0.2643	
0.0333	 1.30428130055499E-0004	0.1746	-1.3447	0.6420	-1.8745	-0.4333	-1.2242	-2.5723	-0.3482	-0.2020	-1.5935	-0.2731	0.5617	-0.8644	-0.3324	-0.3455	-0.4336	0.1344	-0.1768	0.0081	-0.1042	-0.7779	0.1746	0.4563	-0.5075	-1.0265	-0.5372	-1.3401	0.6448	-1.8795	-0.4461	-1.2313	-2.5774	-0.3414	-0.1974	-1.6162	-0.2921	0.5708	-0.8579	-0.3513	-0.3639	-0.4323	0.1412	-0.1750	0.0037	-0.1112	-0.7802	0.1953	0.4780	-0.5140	-1.0371	-0.5328	
0.0667	 6.59254537847109E-0004	-0.1455	-1.6645	0.6866	-1.7558	-0.4375	-1.3188	-2.6480	-0.4383	-0.1980	-1.3283	0.0379	0.4976	-0.9928	-0.2747	-0.2024	-0.3852	0.1028	-0.3551	-0.0938	0.0305	-0.6978	-0.1455	0.1494	-0.3614	-0.8784	-0.8063	-1.6517	0.6976	-1.7584	-0.4727	-1.3439	-2.6534	-0.4173	-0.1827	-1.3764	-0.0067	0.5177	-0.9716	-0.3116	-0.2448	-0.3796	0.1194	-0.3537	-0.1064	0.0176	-0.6985	-0.1031	0.1987	-0.3698	-0.8978	-0.8041	
0.1000	 1.71456980214429E-0003	-0.4662	-1.9844	0.7311	-1.6366	-0.4424	-1.4145	-2.7236	-0.5287	-0.1944	-1.0619	0.3501	0.4331	-1.1215	-0.2173	-0.0591	-0.3370	0.0707	-0.5339	-0.1960	0.1655	-0.6178	-0.4662	-0.1580	-0.2151	-0.7301	-1.0770	-1.9673	0.7517	-1.6368	-0.5025	-1.4594	-2.7327	-0.4925	-0.1669	-1.1398	0.2755	0.4661	-1.0849	-0.2756	-0.1287	-0.3263	0.0985	-0.5353	-0.2187	0.1474	-0.6164	-0.4044	-0.0833	-0.2250	-0.7584	-1.0799	
