# ARAUCARIA2 KICKMAP 
# Author: Ximenes R. Resende @ LNLS, Date: 08-Jan-2013 21:50:19
# ID Length [m]
3.0000
# Number of Horizontal Points
81 
# Number of Vertical Points
17 
# Horizontal KickTable in T2m2
START
            -0.03000000 -0.02925000 -0.02850000 -0.02775000 -0.02700000 -0.02625000 -0.02550000 -0.02475000 -0.02400000 -0.02325000 -0.02250000 -0.02175000 -0.02100000 -0.02025000 -0.01950000 -0.01875000 -0.01800000 -0.01725000 -0.01650000 -0.01575000 -0.01500000 -0.01425000 -0.01350000 -0.01275000 -0.01200000 -0.01125000 -0.01050000 -0.00975000 -0.00900000 -0.00825000 -0.00750000 -0.00675000 -0.00600000 -0.00525000 -0.00450000 -0.00375000 -0.00300000 -0.00225000 -0.00150000 -0.00075000 +0.00000000 +0.00075000 +0.00150000 +0.00225000 +0.00300000 +0.00375000 +0.00450000 +0.00525000 +0.00600000 +0.00675000 +0.00750000 +0.00825000 +0.00900000 +0.00975000 +0.01050000 +0.01125000 +0.01200000 +0.01275000 +0.01350000 +0.01425000 +0.01500000 +0.01575000 +0.01650000 +0.01725000 +0.01800000 +0.01875000 +0.01950000 +0.02025000 +0.02100000 +0.02175000 +0.02250000 +0.02325000 +0.02400000 +0.02475000 +0.02550000 +0.02625000 +0.02700000 +0.02775000 +0.02850000 +0.02925000 +0.03000000 
+0.00490000 -4.561E-003 -4.355E-003 -4.131E-003 -3.914E-003 -3.704E-003 -3.503E-003 -3.311E-003 -3.128E-003 -2.955E-003 -2.789E-003 -2.632E-003 -2.483E-003 -2.342E-003 -2.207E-003 -2.079E-003 -1.957E-003 -1.841E-003 -1.730E-003 -1.624E-003 -1.523E-003 -1.426E-003 -1.333E-003 -1.244E-003 -1.158E-003 -1.075E-003 -9.944E-004 -9.170E-004 -8.419E-004 -7.689E-004 -6.980E-004 -6.288E-004 -5.613E-004 -4.951E-004 -4.301E-004 -3.662E-004 -3.031E-004 -2.405E-004 -1.780E-004 -1.109E-004 +1.890E-004 +0.000E+000 -1.890E-004 +1.109E-004 +1.780E-004 +2.405E-004 +3.031E-004 +3.662E-004 +4.301E-004 +4.951E-004 +5.613E-004 +6.288E-004 +6.980E-004 +7.689E-004 +8.419E-004 +9.170E-004 +9.944E-004 +1.075E-003 +1.158E-003 +1.244E-003 +1.333E-003 +1.426E-003 +1.523E-003 +1.624E-003 +1.730E-003 +1.841E-003 +1.957E-003 +2.079E-003 +2.207E-003 +2.342E-003 +2.483E-003 +2.632E-003 +2.789E-003 +2.955E-003 +3.128E-003 +3.311E-003 +3.503E-003 +3.704E-003 +3.914E-003 +4.131E-003 +4.355E-003 +4.561E-003 
+0.00428750 -4.842E-003 -4.594E-003 -4.329E-003 -4.078E-003 -3.841E-003 -3.617E-003 -3.407E-003 -3.209E-003 -3.022E-003 -2.846E-003 -2.681E-003 -2.524E-003 -2.377E-003 -2.237E-003 -2.104E-003 -1.979E-003 -1.859E-003 -1.746E-003 -1.638E-003 -1.534E-003 -1.436E-003 -1.341E-003 -1.250E-003 -1.163E-003 -1.079E-003 -9.986E-004 -9.204E-004 -8.448E-004 -7.713E-004 -7.000E-004 -6.304E-004 -5.625E-004 -4.959E-004 -4.306E-004 -3.662E-004 -3.023E-004 -2.384E-004 -1.728E-004 -9.051E-005 -9.017E-007 +0.000E+000 +9.017E-007 +9.051E-005 +1.728E-004 +2.384E-004 +3.023E-004 +3.662E-004 +4.306E-004 +4.959E-004 +5.625E-004 +6.304E-004 +7.000E-004 +7.713E-004 +8.448E-004 +9.204E-004 +9.986E-004 +1.079E-003 +1.163E-003 +1.250E-003 +1.341E-003 +1.436E-003 +1.534E-003 +1.638E-003 +1.746E-003 +1.859E-003 +1.979E-003 +2.104E-003 +2.237E-003 +2.377E-003 +2.524E-003 +2.681E-003 +2.846E-003 +3.022E-003 +3.209E-003 +3.407E-003 +3.617E-003 +3.841E-003 +4.078E-003 +4.329E-003 +4.594E-003 +4.842E-003 
+0.00367500 -5.146E-003 -4.855E-003 -4.548E-003 -4.263E-003 -3.998E-003 -3.752E-003 -3.522E-003 -3.308E-003 -3.108E-003 -2.921E-003 -2.746E-003 -2.581E-003 -2.427E-003 -2.281E-003 -2.143E-003 -2.013E-003 -1.890E-003 -1.773E-003 -1.662E-003 -1.556E-003 -1.455E-003 -1.358E-003 -1.266E-003 -1.177E-003 -1.092E-003 -1.010E-003 -9.304E-004 -8.536E-004 -7.792E-004 -7.069E-004 -6.365E-004 -5.677E-004 -5.003E-004 -4.342E-004 -3.690E-004 -3.042E-004 -2.393E-004 -1.726E-004 -1.012E-004 -3.184E-005 +0.000E+000 +3.184E-005 +1.012E-004 +1.726E-004 +2.393E-004 +3.042E-004 +3.690E-004 +4.342E-004 +5.003E-004 +5.677E-004 +6.365E-004 +7.069E-004 +7.792E-004 +8.536E-004 +9.304E-004 +1.010E-003 +1.092E-003 +1.177E-003 +1.266E-003 +1.358E-003 +1.455E-003 +1.556E-003 +1.662E-003 +1.773E-003 +1.890E-003 +2.013E-003 +2.143E-003 +2.281E-003 +2.427E-003 +2.581E-003 +2.746E-003 +2.921E-003 +3.108E-003 +3.308E-003 +3.522E-003 +3.752E-003 +3.998E-003 +4.263E-003 +4.548E-003 +4.855E-003 +5.146E-003 
+0.00306250 -5.424E-003 -5.094E-003 -4.748E-003 -4.432E-003 -4.142E-003 -3.874E-003 -3.627E-003 -3.398E-003 -3.186E-003 -2.989E-003 -2.805E-003 -2.633E-003 -2.472E-003 -2.321E-003 -2.179E-003 -2.045E-003 -1.918E-003 -1.798E-003 -1.684E-003 -1.576E-003 -1.473E-003 -1.374E-003 -1.280E-003 -1.190E-003 -1.104E-003 -1.020E-003 -9.397E-004 -8.619E-004 -7.865E-004 -7.134E-004 -6.421E-004 -5.726E-004 -5.045E-004 -4.377E-004 -3.718E-004 -3.064E-004 -2.412E-004 -1.755E-004 -1.096E-004 -4.432E-005 +0.000E+000 +4.432E-005 +1.096E-004 +1.755E-004 +2.412E-004 +3.064E-004 +3.718E-004 +4.377E-004 +5.045E-004 +5.726E-004 +6.421E-004 +7.134E-004 +7.865E-004 +8.619E-004 +9.397E-004 +1.020E-003 +1.104E-003 +1.190E-003 +1.280E-003 +1.374E-003 +1.473E-003 +1.576E-003 +1.684E-003 +1.798E-003 +1.918E-003 +2.045E-003 +2.179E-003 +2.321E-003 +2.472E-003 +2.633E-003 +2.805E-003 +2.989E-003 +3.186E-003 +3.398E-003 +3.627E-003 +3.874E-003 +4.142E-003 +4.432E-003 +4.748E-003 +5.094E-003 +5.424E-003 
+0.00245000 -5.664E-003 -5.299E-003 -4.920E-003 -4.577E-003 -4.264E-003 -3.978E-003 -3.716E-003 -3.475E-003 -3.252E-003 -3.046E-003 -2.855E-003 -2.677E-003 -2.510E-003 -2.355E-003 -2.209E-003 -2.071E-003 -1.941E-003 -1.819E-003 -1.703E-003 -1.593E-003 -1.488E-003 -1.388E-003 -1.292E-003 -1.201E-003 -1.113E-003 -1.029E-003 -9.475E-004 -8.689E-004 -7.927E-004 -7.188E-004 -6.469E-004 -5.767E-004 -5.081E-004 -4.407E-004 -3.743E-004 -3.086E-004 -2.434E-004 -1.786E-004 -1.145E-004 -4.870E-005 +0.000E+000 +4.870E-005 +1.145E-004 +1.786E-004 +2.434E-004 +3.086E-004 +3.743E-004 +4.407E-004 +5.081E-004 +5.767E-004 +6.469E-004 +7.188E-004 +7.927E-004 +8.689E-004 +9.475E-004 +1.029E-003 +1.113E-003 +1.201E-003 +1.292E-003 +1.388E-003 +1.488E-003 +1.593E-003 +1.703E-003 +1.819E-003 +1.941E-003 +2.071E-003 +2.209E-003 +2.355E-003 +2.510E-003 +2.677E-003 +2.855E-003 +3.046E-003 +3.252E-003 +3.475E-003 +3.716E-003 +3.978E-003 +4.264E-003 +4.577E-003 +4.920E-003 +5.299E-003 +5.664E-003 
+0.00183750 -5.857E-003 -5.464E-003 -5.058E-003 -4.693E-003 -4.362E-003 -4.062E-003 -3.787E-003 -3.536E-003 -3.305E-003 -3.092E-003 -2.895E-003 -2.711E-003 -2.541E-003 -2.381E-003 -2.232E-003 -2.092E-003 -1.960E-003 -1.836E-003 -1.718E-003 -1.606E-003 -1.500E-003 -1.399E-003 -1.302E-003 -1.210E-003 -1.121E-003 -1.036E-003 -9.536E-004 -8.743E-004 -7.976E-004 -7.231E-004 -6.507E-004 -5.800E-004 -5.109E-004 -4.431E-004 -3.764E-004 -3.106E-004 -2.454E-004 -1.810E-004 -1.174E-004 -5.066E-005 +0.000E+000 +5.066E-005 +1.174E-004 +1.810E-004 +2.454E-004 +3.106E-004 +3.764E-004 +4.431E-004 +5.109E-004 +5.800E-004 +6.507E-004 +7.231E-004 +7.976E-004 +8.743E-004 +9.536E-004 +1.036E-003 +1.121E-003 +1.210E-003 +1.302E-003 +1.399E-003 +1.500E-003 +1.606E-003 +1.718E-003 +1.836E-003 +1.960E-003 +2.092E-003 +2.232E-003 +2.381E-003 +2.541E-003 +2.711E-003 +2.895E-003 +3.092E-003 +3.305E-003 +3.536E-003 +3.787E-003 +4.062E-003 +4.362E-003 +4.693E-003 +5.058E-003 +5.464E-003 +5.857E-003 
+0.00122500 -5.998E-003 -5.586E-003 -5.160E-003 -4.778E-003 -4.434E-003 -4.123E-003 -3.839E-003 -3.581E-003 -3.344E-003 -3.125E-003 -2.924E-003 -2.737E-003 -2.563E-003 -2.401E-003 -2.249E-003 -2.107E-003 -1.974E-003 -1.848E-003 -1.728E-003 -1.616E-003 -1.508E-003 -1.406E-003 -1.309E-003 -1.216E-003 -1.126E-003 -1.041E-003 -9.580E-004 -8.783E-004 -8.011E-004 -7.262E-004 -6.534E-004 -5.824E-004 -5.129E-004 -4.449E-004 -3.779E-004 -3.120E-004 -2.469E-004 -1.826E-004 -1.190E-004 -5.163E-005 +0.000E+000 +5.163E-005 +1.190E-004 +1.826E-004 +2.469E-004 +3.120E-004 +3.779E-004 +4.449E-004 +5.129E-004 +5.824E-004 +6.534E-004 +7.262E-004 +8.011E-004 +8.783E-004 +9.580E-004 +1.041E-003 +1.126E-003 +1.216E-003 +1.309E-003 +1.406E-003 +1.508E-003 +1.616E-003 +1.728E-003 +1.848E-003 +1.974E-003 +2.107E-003 +2.249E-003 +2.401E-003 +2.563E-003 +2.737E-003 +2.924E-003 +3.125E-003 +3.344E-003 +3.581E-003 +3.839E-003 +4.123E-003 +4.434E-003 +4.778E-003 +5.160E-003 +5.586E-003 +5.998E-003 
+0.00061250 -6.085E-003 -5.660E-003 -5.221E-003 -4.830E-003 -4.478E-003 -4.160E-003 -3.871E-003 -3.608E-003 -3.367E-003 -3.145E-003 -2.941E-003 -2.752E-003 -2.576E-003 -2.413E-003 -2.260E-003 -2.116E-003 -1.982E-003 -1.855E-003 -1.735E-003 -1.621E-003 -1.513E-003 -1.411E-003 -1.313E-003 -1.219E-003 -1.130E-003 -1.044E-003 -9.607E-004 -8.806E-004 -8.032E-004 -7.281E-004 -6.550E-004 -5.838E-004 -5.142E-004 -4.459E-004 -3.789E-004 -3.129E-004 -2.478E-004 -1.835E-004 -1.199E-004 -5.211E-005 +0.000E+000 +5.211E-005 +1.199E-004 +1.835E-004 +2.478E-004 +3.129E-004 +3.789E-004 +4.459E-004 +5.142E-004 +5.838E-004 +6.550E-004 +7.281E-004 +8.032E-004 +8.806E-004 +9.607E-004 +1.044E-003 +1.130E-003 +1.219E-003 +1.313E-003 +1.411E-003 +1.513E-003 +1.621E-003 +1.735E-003 +1.855E-003 +1.982E-003 +2.116E-003 +2.260E-003 +2.413E-003 +2.576E-003 +2.752E-003 +2.941E-003 +3.145E-003 +3.367E-003 +3.608E-003 +3.871E-003 +4.160E-003 +4.478E-003 +4.830E-003 +5.221E-003 +5.660E-003 +6.085E-003 
+0.00000000 -6.114E-003 -5.684E-003 -5.242E-003 -4.848E-003 -4.493E-003 -4.172E-003 -3.882E-003 -3.617E-003 -3.375E-003 -3.152E-003 -2.947E-003 -2.757E-003 -2.581E-003 -2.417E-003 -2.263E-003 -2.119E-003 -1.984E-003 -1.857E-003 -1.737E-003 -1.623E-003 -1.515E-003 -1.412E-003 -1.314E-003 -1.221E-003 -1.131E-003 -1.045E-003 -9.616E-004 -8.814E-004 -8.039E-004 -7.287E-004 -6.556E-004 -5.843E-004 -5.146E-004 -4.463E-004 -3.792E-004 -3.132E-004 -2.481E-004 -1.838E-004 -1.201E-004 -5.225E-005 +0.000E+000 +5.225E-005 +1.201E-004 +1.838E-004 +2.481E-004 +3.132E-004 +3.792E-004 +4.463E-004 +5.146E-004 +5.843E-004 +6.556E-004 +7.287E-004 +8.039E-004 +8.814E-004 +9.616E-004 +1.045E-003 +1.131E-003 +1.221E-003 +1.314E-003 +1.412E-003 +1.515E-003 +1.623E-003 +1.737E-003 +1.857E-003 +1.984E-003 +2.119E-003 +2.263E-003 +2.417E-003 +2.581E-003 +2.757E-003 +2.947E-003 +3.152E-003 +3.375E-003 +3.617E-003 +3.882E-003 +4.172E-003 +4.493E-003 +4.848E-003 +5.242E-003 +5.684E-003 +6.114E-003 
-0.00061250 -6.085E-003 -5.660E-003 -5.221E-003 -4.830E-003 -4.478E-003 -4.160E-003 -3.871E-003 -3.608E-003 -3.367E-003 -3.145E-003 -2.941E-003 -2.752E-003 -2.576E-003 -2.413E-003 -2.260E-003 -2.116E-003 -1.982E-003 -1.855E-003 -1.735E-003 -1.621E-003 -1.513E-003 -1.411E-003 -1.313E-003 -1.219E-003 -1.130E-003 -1.044E-003 -9.607E-004 -8.806E-004 -8.032E-004 -7.281E-004 -6.550E-004 -5.838E-004 -5.142E-004 -4.459E-004 -3.789E-004 -3.129E-004 -2.478E-004 -1.835E-004 -1.199E-004 -5.211E-005 +0.000E+000 +5.211E-005 +1.199E-004 +1.835E-004 +2.478E-004 +3.129E-004 +3.789E-004 +4.459E-004 +5.142E-004 +5.838E-004 +6.550E-004 +7.281E-004 +8.032E-004 +8.806E-004 +9.607E-004 +1.044E-003 +1.130E-003 +1.219E-003 +1.313E-003 +1.411E-003 +1.513E-003 +1.621E-003 +1.735E-003 +1.855E-003 +1.982E-003 +2.116E-003 +2.260E-003 +2.413E-003 +2.576E-003 +2.752E-003 +2.941E-003 +3.145E-003 +3.367E-003 +3.608E-003 +3.871E-003 +4.160E-003 +4.478E-003 +4.830E-003 +5.221E-003 +5.660E-003 +6.085E-003 
-0.00122500 -5.998E-003 -5.586E-003 -5.160E-003 -4.778E-003 -4.434E-003 -4.123E-003 -3.839E-003 -3.581E-003 -3.344E-003 -3.125E-003 -2.924E-003 -2.737E-003 -2.563E-003 -2.401E-003 -2.249E-003 -2.107E-003 -1.974E-003 -1.848E-003 -1.728E-003 -1.616E-003 -1.508E-003 -1.406E-003 -1.309E-003 -1.216E-003 -1.126E-003 -1.041E-003 -9.580E-004 -8.783E-004 -8.011E-004 -7.262E-004 -6.534E-004 -5.824E-004 -5.129E-004 -4.449E-004 -3.779E-004 -3.120E-004 -2.469E-004 -1.826E-004 -1.190E-004 -5.163E-005 +0.000E+000 +5.163E-005 +1.190E-004 +1.826E-004 +2.469E-004 +3.120E-004 +3.779E-004 +4.449E-004 +5.129E-004 +5.824E-004 +6.534E-004 +7.262E-004 +8.011E-004 +8.783E-004 +9.580E-004 +1.041E-003 +1.126E-003 +1.216E-003 +1.309E-003 +1.406E-003 +1.508E-003 +1.616E-003 +1.728E-003 +1.848E-003 +1.974E-003 +2.107E-003 +2.249E-003 +2.401E-003 +2.563E-003 +2.737E-003 +2.924E-003 +3.125E-003 +3.344E-003 +3.581E-003 +3.839E-003 +4.123E-003 +4.434E-003 +4.778E-003 +5.160E-003 +5.586E-003 +5.998E-003 
-0.00183750 -5.857E-003 -5.464E-003 -5.058E-003 -4.693E-003 -4.362E-003 -4.062E-003 -3.787E-003 -3.536E-003 -3.305E-003 -3.092E-003 -2.895E-003 -2.711E-003 -2.541E-003 -2.381E-003 -2.232E-003 -2.092E-003 -1.960E-003 -1.836E-003 -1.718E-003 -1.606E-003 -1.500E-003 -1.399E-003 -1.302E-003 -1.210E-003 -1.121E-003 -1.036E-003 -9.536E-004 -8.743E-004 -7.976E-004 -7.231E-004 -6.507E-004 -5.800E-004 -5.109E-004 -4.431E-004 -3.764E-004 -3.106E-004 -2.454E-004 -1.810E-004 -1.174E-004 -5.066E-005 +0.000E+000 +5.066E-005 +1.174E-004 +1.810E-004 +2.454E-004 +3.106E-004 +3.764E-004 +4.431E-004 +5.109E-004 +5.800E-004 +6.507E-004 +7.231E-004 +7.976E-004 +8.743E-004 +9.536E-004 +1.036E-003 +1.121E-003 +1.210E-003 +1.302E-003 +1.399E-003 +1.500E-003 +1.606E-003 +1.718E-003 +1.836E-003 +1.960E-003 +2.092E-003 +2.232E-003 +2.381E-003 +2.541E-003 +2.711E-003 +2.895E-003 +3.092E-003 +3.305E-003 +3.536E-003 +3.787E-003 +4.062E-003 +4.362E-003 +4.693E-003 +5.058E-003 +5.464E-003 +5.857E-003 
-0.00245000 -5.664E-003 -5.299E-003 -4.920E-003 -4.577E-003 -4.264E-003 -3.978E-003 -3.716E-003 -3.475E-003 -3.252E-003 -3.046E-003 -2.855E-003 -2.677E-003 -2.510E-003 -2.355E-003 -2.209E-003 -2.071E-003 -1.941E-003 -1.819E-003 -1.703E-003 -1.593E-003 -1.488E-003 -1.388E-003 -1.292E-003 -1.201E-003 -1.113E-003 -1.029E-003 -9.475E-004 -8.689E-004 -7.927E-004 -7.188E-004 -6.469E-004 -5.767E-004 -5.081E-004 -4.407E-004 -3.743E-004 -3.086E-004 -2.434E-004 -1.786E-004 -1.145E-004 -4.870E-005 +0.000E+000 +4.870E-005 +1.145E-004 +1.786E-004 +2.434E-004 +3.086E-004 +3.743E-004 +4.407E-004 +5.081E-004 +5.767E-004 +6.469E-004 +7.188E-004 +7.927E-004 +8.689E-004 +9.475E-004 +1.029E-003 +1.113E-003 +1.201E-003 +1.292E-003 +1.388E-003 +1.488E-003 +1.593E-003 +1.703E-003 +1.819E-003 +1.941E-003 +2.071E-003 +2.209E-003 +2.355E-003 +2.510E-003 +2.677E-003 +2.855E-003 +3.046E-003 +3.252E-003 +3.475E-003 +3.716E-003 +3.978E-003 +4.264E-003 +4.577E-003 +4.920E-003 +5.299E-003 +5.664E-003 
-0.00306250 -5.424E-003 -5.094E-003 -4.748E-003 -4.432E-003 -4.142E-003 -3.874E-003 -3.627E-003 -3.398E-003 -3.186E-003 -2.989E-003 -2.805E-003 -2.633E-003 -2.472E-003 -2.321E-003 -2.179E-003 -2.045E-003 -1.918E-003 -1.798E-003 -1.684E-003 -1.576E-003 -1.473E-003 -1.374E-003 -1.280E-003 -1.190E-003 -1.104E-003 -1.020E-003 -9.397E-004 -8.619E-004 -7.865E-004 -7.134E-004 -6.421E-004 -5.726E-004 -5.045E-004 -4.377E-004 -3.718E-004 -3.064E-004 -2.412E-004 -1.755E-004 -1.096E-004 -4.432E-005 +0.000E+000 +4.432E-005 +1.096E-004 +1.755E-004 +2.412E-004 +3.064E-004 +3.718E-004 +4.377E-004 +5.045E-004 +5.726E-004 +6.421E-004 +7.134E-004 +7.865E-004 +8.619E-004 +9.397E-004 +1.020E-003 +1.104E-003 +1.190E-003 +1.280E-003 +1.374E-003 +1.473E-003 +1.576E-003 +1.684E-003 +1.798E-003 +1.918E-003 +2.045E-003 +2.179E-003 +2.321E-003 +2.472E-003 +2.633E-003 +2.805E-003 +2.989E-003 +3.186E-003 +3.398E-003 +3.627E-003 +3.874E-003 +4.142E-003 +4.432E-003 +4.748E-003 +5.094E-003 +5.424E-003 
-0.00367500 -5.146E-003 -4.855E-003 -4.548E-003 -4.263E-003 -3.998E-003 -3.752E-003 -3.522E-003 -3.308E-003 -3.108E-003 -2.921E-003 -2.746E-003 -2.581E-003 -2.427E-003 -2.281E-003 -2.143E-003 -2.013E-003 -1.890E-003 -1.773E-003 -1.662E-003 -1.556E-003 -1.455E-003 -1.358E-003 -1.266E-003 -1.177E-003 -1.092E-003 -1.010E-003 -9.304E-004 -8.536E-004 -7.792E-004 -7.069E-004 -6.365E-004 -5.677E-004 -5.003E-004 -4.342E-004 -3.690E-004 -3.042E-004 -2.393E-004 -1.726E-004 -1.012E-004 -3.184E-005 +0.000E+000 +3.184E-005 +1.012E-004 +1.726E-004 +2.393E-004 +3.042E-004 +3.690E-004 +4.342E-004 +5.003E-004 +5.677E-004 +6.365E-004 +7.069E-004 +7.792E-004 +8.536E-004 +9.304E-004 +1.010E-003 +1.092E-003 +1.177E-003 +1.266E-003 +1.358E-003 +1.455E-003 +1.556E-003 +1.662E-003 +1.773E-003 +1.890E-003 +2.013E-003 +2.143E-003 +2.281E-003 +2.427E-003 +2.581E-003 +2.746E-003 +2.921E-003 +3.108E-003 +3.308E-003 +3.522E-003 +3.752E-003 +3.998E-003 +4.263E-003 +4.548E-003 +4.855E-003 +5.146E-003 
-0.00428750 -4.842E-003 -4.594E-003 -4.329E-003 -4.078E-003 -3.841E-003 -3.617E-003 -3.407E-003 -3.209E-003 -3.022E-003 -2.846E-003 -2.681E-003 -2.524E-003 -2.377E-003 -2.237E-003 -2.104E-003 -1.979E-003 -1.859E-003 -1.746E-003 -1.638E-003 -1.534E-003 -1.436E-003 -1.341E-003 -1.250E-003 -1.163E-003 -1.079E-003 -9.986E-004 -9.204E-004 -8.448E-004 -7.713E-004 -7.000E-004 -6.304E-004 -5.625E-004 -4.959E-004 -4.306E-004 -3.662E-004 -3.023E-004 -2.384E-004 -1.728E-004 -9.051E-005 -9.017E-007 +0.000E+000 +9.017E-007 +9.051E-005 +1.728E-004 +2.384E-004 +3.023E-004 +3.662E-004 +4.306E-004 +4.959E-004 +5.625E-004 +6.304E-004 +7.000E-004 +7.713E-004 +8.448E-004 +9.204E-004 +9.986E-004 +1.079E-003 +1.163E-003 +1.250E-003 +1.341E-003 +1.436E-003 +1.534E-003 +1.638E-003 +1.746E-003 +1.859E-003 +1.979E-003 +2.104E-003 +2.237E-003 +2.377E-003 +2.524E-003 +2.681E-003 +2.846E-003 +3.022E-003 +3.209E-003 +3.407E-003 +3.617E-003 +3.841E-003 +4.078E-003 +4.329E-003 +4.594E-003 +4.842E-003 
-0.00490000 -4.561E-003 -4.355E-003 -4.131E-003 -3.914E-003 -3.704E-003 -3.503E-003 -3.311E-003 -3.128E-003 -2.955E-003 -2.789E-003 -2.632E-003 -2.483E-003 -2.342E-003 -2.207E-003 -2.079E-003 -1.957E-003 -1.841E-003 -1.730E-003 -1.624E-003 -1.523E-003 -1.426E-003 -1.333E-003 -1.244E-003 -1.158E-003 -1.075E-003 -9.944E-004 -9.170E-004 -8.419E-004 -7.689E-004 -6.980E-004 -6.288E-004 -5.613E-004 -4.951E-004 -4.301E-004 -3.662E-004 -3.031E-004 -2.405E-004 -1.780E-004 -1.109E-004 +1.890E-004 +0.000E+000 -1.890E-004 +1.109E-004 +1.780E-004 +2.405E-004 +3.031E-004 +3.662E-004 +4.301E-004 +4.951E-004 +5.613E-004 +6.288E-004 +6.980E-004 +7.689E-004 +8.419E-004 +9.170E-004 +9.944E-004 +1.075E-003 +1.158E-003 +1.244E-003 +1.333E-003 +1.426E-003 +1.523E-003 +1.624E-003 +1.730E-003 +1.841E-003 +1.957E-003 +2.079E-003 +2.207E-003 +2.342E-003 +2.483E-003 +2.632E-003 +2.789E-003 +2.955E-003 +3.128E-003 +3.311E-003 +3.503E-003 +3.704E-003 +3.914E-003 +4.131E-003 +4.355E-003 +4.561E-003 
# Vertical KickTable in T2m2
START
            -0.03000000 -0.02925000 -0.02850000 -0.02775000 -0.02700000 -0.02625000 -0.02550000 -0.02475000 -0.02400000 -0.02325000 -0.02250000 -0.02175000 -0.02100000 -0.02025000 -0.01950000 -0.01875000 -0.01800000 -0.01725000 -0.01650000 -0.01575000 -0.01500000 -0.01425000 -0.01350000 -0.01275000 -0.01200000 -0.01125000 -0.01050000 -0.00975000 -0.00900000 -0.00825000 -0.00750000 -0.00675000 -0.00600000 -0.00525000 -0.00450000 -0.00375000 -0.00300000 -0.00225000 -0.00150000 -0.00075000 +0.00000000 +0.00075000 +0.00150000 +0.00225000 +0.00300000 +0.00375000 +0.00450000 +0.00525000 +0.00600000 +0.00675000 +0.00750000 +0.00825000 +0.00900000 +0.00975000 +0.01050000 +0.01125000 +0.01200000 +0.01275000 +0.01350000 +0.01425000 +0.01500000 +0.01575000 +0.01650000 +0.01725000 +0.01800000 +0.01875000 +0.01950000 +0.02025000 +0.02100000 +0.02175000 +0.02250000 +0.02325000 +0.02400000 +0.02475000 +0.02550000 +0.02625000 +0.02700000 +0.02775000 +0.02850000 +0.02925000 +0.03000000 
+0.00490000 -1.443E-002 -1.413E-002 -1.388E-002 -1.368E-002 -1.352E-002 -1.338E-002 -1.327E-002 -1.318E-002 -1.310E-002 -1.304E-002 -1.299E-002 -1.295E-002 -1.292E-002 -1.289E-002 -1.286E-002 -1.285E-002 -1.283E-002 -1.282E-002 -1.281E-002 -1.280E-002 -1.280E-002 -1.279E-002 -1.279E-002 -1.279E-002 -1.279E-002 -1.279E-002 -1.279E-002 -1.279E-002 -1.279E-002 -1.279E-002 -1.279E-002 -1.279E-002 -1.279E-002 -1.279E-002 -1.279E-002 -1.280E-002 -1.280E-002 -1.281E-002 -1.282E-002 -1.287E-002 -1.156E-002 -1.287E-002 -1.282E-002 -1.281E-002 -1.280E-002 -1.280E-002 -1.279E-002 -1.279E-002 -1.279E-002 -1.279E-002 -1.279E-002 -1.279E-002 -1.279E-002 -1.279E-002 -1.279E-002 -1.279E-002 -1.279E-002 -1.279E-002 -1.279E-002 -1.279E-002 -1.280E-002 -1.280E-002 -1.281E-002 -1.282E-002 -1.283E-002 -1.285E-002 -1.286E-002 -1.289E-002 -1.292E-002 -1.295E-002 -1.299E-002 -1.304E-002 -1.310E-002 -1.318E-002 -1.327E-002 -1.338E-002 -1.352E-002 -1.368E-002 -1.388E-002 -1.413E-002 -1.443E-002 
+0.00428750 -7.205E-003 -6.824E-003 -6.502E-003 -6.229E-003 -5.997E-003 -5.799E-003 -5.629E-003 -5.482E-003 -5.355E-003 -5.245E-003 -5.149E-003 -5.065E-003 -4.992E-003 -4.928E-003 -4.871E-003 -4.820E-003 -4.776E-003 -4.737E-003 -4.702E-003 -4.670E-003 -4.642E-003 -4.618E-003 -4.595E-003 -4.576E-003 -4.558E-003 -4.542E-003 -4.528E-003 -4.515E-003 -4.504E-003 -4.495E-003 -4.486E-003 -4.479E-003 -4.472E-003 -4.467E-003 -4.463E-003 -4.460E-003 -4.459E-003 -4.459E-003 -4.460E-003 -4.446E-003 -4.209E-003 -4.446E-003 -4.460E-003 -4.459E-003 -4.459E-003 -4.460E-003 -4.463E-003 -4.467E-003 -4.472E-003 -4.479E-003 -4.486E-003 -4.495E-003 -4.504E-003 -4.515E-003 -4.528E-003 -4.542E-003 -4.558E-003 -4.576E-003 -4.595E-003 -4.618E-003 -4.642E-003 -4.670E-003 -4.702E-003 -4.737E-003 -4.776E-003 -4.820E-003 -4.871E-003 -4.928E-003 -4.992E-003 -5.065E-003 -5.149E-003 -5.245E-003 -5.355E-003 -5.482E-003 -5.629E-003 -5.799E-003 -5.997E-003 -6.229E-003 -6.502E-003 -6.824E-003 -7.205E-003 
+0.00367500 -4.163E-003 -3.829E-003 -3.550E-003 -3.314E-003 -3.115E-003 -2.945E-003 -2.800E-003 -2.675E-003 -2.568E-003 -2.474E-003 -2.393E-003 -2.322E-003 -2.260E-003 -2.205E-003 -2.156E-003 -2.113E-003 -2.075E-003 -2.041E-003 -2.011E-003 -1.984E-003 -1.960E-003 -1.938E-003 -1.918E-003 -1.901E-003 -1.885E-003 -1.871E-003 -1.858E-003 -1.847E-003 -1.837E-003 -1.828E-003 -1.820E-003 -1.814E-003 -1.808E-003 -1.803E-003 -1.799E-003 -1.796E-003 -1.794E-003 -1.792E-003 -1.788E-003 -1.773E-003 -1.752E-003 -1.773E-003 -1.788E-003 -1.792E-003 -1.794E-003 -1.796E-003 -1.799E-003 -1.803E-003 -1.808E-003 -1.814E-003 -1.820E-003 -1.828E-003 -1.837E-003 -1.847E-003 -1.858E-003 -1.871E-003 -1.885E-003 -1.901E-003 -1.918E-003 -1.938E-003 -1.960E-003 -1.984E-003 -2.011E-003 -2.041E-003 -2.075E-003 -2.113E-003 -2.156E-003 -2.205E-003 -2.260E-003 -2.322E-003 -2.393E-003 -2.474E-003 -2.568E-003 -2.675E-003 -2.800E-003 -2.945E-003 -3.115E-003 -3.314E-003 -3.550E-003 -3.829E-003 -4.163E-003 
+0.00306250 -3.332E-003 -3.035E-003 -2.786E-003 -2.577E-003 -2.401E-003 -2.251E-003 -2.122E-003 -2.012E-003 -1.917E-003 -1.835E-003 -1.764E-003 -1.701E-003 -1.646E-003 -1.598E-003 -1.556E-003 -1.518E-003 -1.485E-003 -1.455E-003 -1.428E-003 -1.405E-003 -1.383E-003 -1.364E-003 -1.347E-003 -1.332E-003 -1.318E-003 -1.306E-003 -1.295E-003 -1.285E-003 -1.276E-003 -1.268E-003 -1.261E-003 -1.255E-003 -1.250E-003 -1.246E-003 -1.242E-003 -1.239E-003 -1.237E-003 -1.234E-003 -1.229E-003 -1.220E-003 -1.214E-003 -1.220E-003 -1.229E-003 -1.234E-003 -1.237E-003 -1.239E-003 -1.242E-003 -1.246E-003 -1.250E-003 -1.255E-003 -1.261E-003 -1.268E-003 -1.276E-003 -1.285E-003 -1.295E-003 -1.306E-003 -1.318E-003 -1.332E-003 -1.347E-003 -1.364E-003 -1.383E-003 -1.405E-003 -1.428E-003 -1.455E-003 -1.485E-003 -1.518E-003 -1.556E-003 -1.598E-003 -1.646E-003 -1.701E-003 -1.764E-003 -1.835E-003 -1.917E-003 -2.012E-003 -2.122E-003 -2.251E-003 -2.401E-003 -2.577E-003 -2.786E-003 -3.035E-003 -3.332E-003 
+0.00245000 -2.660E-003 -2.413E-003 -2.206E-003 -2.033E-003 -1.886E-003 -1.762E-003 -1.656E-003 -1.565E-003 -1.487E-003 -1.419E-003 -1.361E-003 -1.309E-003 -1.265E-003 -1.225E-003 -1.190E-003 -1.160E-003 -1.132E-003 -1.108E-003 -1.086E-003 -1.067E-003 -1.050E-003 -1.034E-003 -1.020E-003 -1.008E-003 -9.966E-004 -9.866E-004 -9.776E-004 -9.696E-004 -9.624E-004 -9.561E-004 -9.505E-004 -9.456E-004 -9.414E-004 -9.378E-004 -9.348E-004 -9.321E-004 -9.296E-004 -9.268E-004 -9.231E-004 -9.186E-004 -9.163E-004 -9.186E-004 -9.231E-004 -9.268E-004 -9.296E-004 -9.321E-004 -9.348E-004 -9.378E-004 -9.414E-004 -9.456E-004 -9.505E-004 -9.561E-004 -9.624E-004 -9.696E-004 -9.776E-004 -9.866E-004 -9.966E-004 -1.008E-003 -1.020E-003 -1.034E-003 -1.050E-003 -1.067E-003 -1.086E-003 -1.108E-003 -1.132E-003 -1.160E-003 -1.190E-003 -1.225E-003 -1.265E-003 -1.309E-003 -1.361E-003 -1.419E-003 -1.487E-003 -1.565E-003 -1.656E-003 -1.762E-003 -1.886E-003 -2.033E-003 -2.206E-003 -2.413E-003 -2.660E-003 
+0.00183750 -2.007E-003 -1.817E-003 -1.658E-003 -1.524E-003 -1.412E-003 -1.317E-003 -1.236E-003 -1.166E-003 -1.107E-003 -1.055E-003 -1.011E-003 -9.719E-004 -9.379E-004 -9.081E-004 -8.817E-004 -8.585E-004 -8.378E-004 -8.195E-004 -8.032E-004 -7.886E-004 -7.755E-004 -7.638E-004 -7.533E-004 -7.439E-004 -7.355E-004 -7.279E-004 -7.212E-004 -7.151E-004 -7.098E-004 -7.050E-004 -7.008E-004 -6.971E-004 -6.940E-004 -6.912E-004 -6.888E-004 -6.867E-004 -6.847E-004 -6.825E-004 -6.800E-004 -6.776E-004 -6.766E-004 -6.776E-004 -6.800E-004 -6.825E-004 -6.847E-004 -6.867E-004 -6.888E-004 -6.912E-004 -6.940E-004 -6.971E-004 -7.008E-004 -7.050E-004 -7.098E-004 -7.151E-004 -7.212E-004 -7.279E-004 -7.355E-004 -7.439E-004 -7.533E-004 -7.638E-004 -7.755E-004 -7.886E-004 -8.032E-004 -8.195E-004 -8.378E-004 -8.585E-004 -8.817E-004 -9.081E-004 -9.379E-004 -9.719E-004 -1.011E-003 -1.055E-003 -1.107E-003 -1.166E-003 -1.236E-003 -1.317E-003 -1.412E-003 -1.524E-003 -1.658E-003 -1.817E-003 -2.007E-003 
+0.00122500 -1.334E-003 -1.206E-003 -1.099E-003 -1.010E-003 -9.347E-004 -8.710E-004 -8.168E-004 -7.705E-004 -7.308E-004 -6.965E-004 -6.668E-004 -6.409E-004 -6.183E-004 -5.985E-004 -5.810E-004 -5.656E-004 -5.519E-004 -5.397E-004 -5.289E-004 -5.193E-004 -5.106E-004 -5.029E-004 -4.960E-004 -4.898E-004 -4.842E-004 -4.792E-004 -4.747E-004 -4.707E-004 -4.672E-004 -4.641E-004 -4.613E-004 -4.589E-004 -4.568E-004 -4.549E-004 -4.533E-004 -4.519E-004 -4.505E-004 -4.491E-004 -4.476E-004 -4.463E-004 -4.458E-004 -4.463E-004 -4.476E-004 -4.491E-004 -4.505E-004 -4.519E-004 -4.533E-004 -4.549E-004 -4.568E-004 -4.589E-004 -4.613E-004 -4.641E-004 -4.672E-004 -4.707E-004 -4.747E-004 -4.792E-004 -4.842E-004 -4.898E-004 -4.960E-004 -5.029E-004 -5.106E-004 -5.193E-004 -5.289E-004 -5.397E-004 -5.519E-004 -5.656E-004 -5.810E-004 -5.985E-004 -6.183E-004 -6.409E-004 -6.668E-004 -6.965E-004 -7.308E-004 -7.705E-004 -8.168E-004 -8.710E-004 -9.347E-004 -1.010E-003 -1.099E-003 -1.206E-003 -1.334E-003 
+0.00061250 -5.868E-004 -5.302E-004 -4.830E-004 -4.435E-004 -4.103E-004 -3.821E-004 -3.583E-004 -3.379E-004 -3.204E-004 -3.053E-004 -2.922E-004 -2.808E-004 -2.709E-004 -2.622E-004 -2.545E-004 -2.477E-004 -2.417E-004 -2.364E-004 -2.317E-004 -2.274E-004 -2.236E-004 -2.203E-004 -2.172E-004 -2.145E-004 -2.121E-004 -2.099E-004 -2.079E-004 -2.062E-004 -2.046E-004 -2.033E-004 -2.021E-004 -2.010E-004 -2.001E-004 -1.993E-004 -1.986E-004 -1.979E-004 -1.973E-004 -1.967E-004 -1.961E-004 -1.956E-004 -1.954E-004 -1.956E-004 -1.961E-004 -1.967E-004 -1.973E-004 -1.979E-004 -1.986E-004 -1.993E-004 -2.001E-004 -2.010E-004 -2.021E-004 -2.033E-004 -2.046E-004 -2.062E-004 -2.079E-004 -2.099E-004 -2.121E-004 -2.145E-004 -2.172E-004 -2.203E-004 -2.236E-004 -2.274E-004 -2.317E-004 -2.364E-004 -2.417E-004 -2.477E-004 -2.545E-004 -2.622E-004 -2.709E-004 -2.808E-004 -2.922E-004 -3.053E-004 -3.204E-004 -3.379E-004 -3.583E-004 -3.821E-004 -4.103E-004 -4.435E-004 -4.830E-004 -5.302E-004 -5.868E-004 
+0.00000000 +0.000E+000 +0.000E+000 +0.000E+000 +0.000E+000 +0.000E+000 +0.000E+000 +0.000E+000 +0.000E+000 +0.000E+000 +0.000E+000 +0.000E+000 +0.000E+000 +0.000E+000 +0.000E+000 +0.000E+000 +0.000E+000 +0.000E+000 +0.000E+000 +0.000E+000 +0.000E+000 +0.000E+000 +0.000E+000 +0.000E+000 +0.000E+000 +0.000E+000 +0.000E+000 +0.000E+000 +0.000E+000 +0.000E+000 +0.000E+000 +0.000E+000 +0.000E+000 +0.000E+000 +0.000E+000 +0.000E+000 +0.000E+000 +0.000E+000 +0.000E+000 +0.000E+000 +0.000E+000 +0.000E+000 +0.000E+000 +0.000E+000 +0.000E+000 +0.000E+000 +0.000E+000 +0.000E+000 +0.000E+000 +0.000E+000 +0.000E+000 +0.000E+000 +0.000E+000 +0.000E+000 +0.000E+000 +0.000E+000 +0.000E+000 +0.000E+000 +0.000E+000 +0.000E+000 +0.000E+000 +0.000E+000 +0.000E+000 +0.000E+000 +0.000E+000 +0.000E+000 +0.000E+000 +0.000E+000 +0.000E+000 +0.000E+000 +0.000E+000 +0.000E+000 +0.000E+000 +0.000E+000 +0.000E+000 +0.000E+000 +0.000E+000 +0.000E+000 +0.000E+000 +0.000E+000 +0.000E+000 +0.000E+000 
-0.00061250 +5.868E-004 +5.302E-004 +4.830E-004 +4.435E-004 +4.103E-004 +3.821E-004 +3.583E-004 +3.379E-004 +3.204E-004 +3.053E-004 +2.922E-004 +2.808E-004 +2.709E-004 +2.622E-004 +2.545E-004 +2.477E-004 +2.417E-004 +2.364E-004 +2.317E-004 +2.274E-004 +2.236E-004 +2.203E-004 +2.172E-004 +2.145E-004 +2.121E-004 +2.099E-004 +2.079E-004 +2.062E-004 +2.046E-004 +2.033E-004 +2.021E-004 +2.010E-004 +2.001E-004 +1.993E-004 +1.986E-004 +1.979E-004 +1.973E-004 +1.967E-004 +1.961E-004 +1.956E-004 +1.954E-004 +1.956E-004 +1.961E-004 +1.967E-004 +1.973E-004 +1.979E-004 +1.986E-004 +1.993E-004 +2.001E-004 +2.010E-004 +2.021E-004 +2.033E-004 +2.046E-004 +2.062E-004 +2.079E-004 +2.099E-004 +2.121E-004 +2.145E-004 +2.172E-004 +2.203E-004 +2.236E-004 +2.274E-004 +2.317E-004 +2.364E-004 +2.417E-004 +2.477E-004 +2.545E-004 +2.622E-004 +2.709E-004 +2.808E-004 +2.922E-004 +3.053E-004 +3.204E-004 +3.379E-004 +3.583E-004 +3.821E-004 +4.103E-004 +4.435E-004 +4.830E-004 +5.302E-004 +5.868E-004 
-0.00122500 +1.334E-003 +1.206E-003 +1.099E-003 +1.010E-003 +9.347E-004 +8.710E-004 +8.168E-004 +7.705E-004 +7.308E-004 +6.965E-004 +6.668E-004 +6.409E-004 +6.183E-004 +5.985E-004 +5.810E-004 +5.656E-004 +5.519E-004 +5.397E-004 +5.289E-004 +5.193E-004 +5.106E-004 +5.029E-004 +4.960E-004 +4.898E-004 +4.842E-004 +4.792E-004 +4.747E-004 +4.707E-004 +4.672E-004 +4.641E-004 +4.613E-004 +4.589E-004 +4.568E-004 +4.549E-004 +4.533E-004 +4.519E-004 +4.505E-004 +4.491E-004 +4.476E-004 +4.463E-004 +4.458E-004 +4.463E-004 +4.476E-004 +4.491E-004 +4.505E-004 +4.519E-004 +4.533E-004 +4.549E-004 +4.568E-004 +4.589E-004 +4.613E-004 +4.641E-004 +4.672E-004 +4.707E-004 +4.747E-004 +4.792E-004 +4.842E-004 +4.898E-004 +4.960E-004 +5.029E-004 +5.106E-004 +5.193E-004 +5.289E-004 +5.397E-004 +5.519E-004 +5.656E-004 +5.810E-004 +5.985E-004 +6.183E-004 +6.409E-004 +6.668E-004 +6.965E-004 +7.308E-004 +7.705E-004 +8.168E-004 +8.710E-004 +9.347E-004 +1.010E-003 +1.099E-003 +1.206E-003 +1.334E-003 
-0.00183750 +2.007E-003 +1.817E-003 +1.658E-003 +1.524E-003 +1.412E-003 +1.317E-003 +1.236E-003 +1.166E-003 +1.107E-003 +1.055E-003 +1.011E-003 +9.719E-004 +9.379E-004 +9.081E-004 +8.817E-004 +8.585E-004 +8.378E-004 +8.195E-004 +8.032E-004 +7.886E-004 +7.755E-004 +7.638E-004 +7.533E-004 +7.439E-004 +7.355E-004 +7.279E-004 +7.212E-004 +7.151E-004 +7.098E-004 +7.050E-004 +7.008E-004 +6.971E-004 +6.940E-004 +6.912E-004 +6.888E-004 +6.867E-004 +6.847E-004 +6.825E-004 +6.800E-004 +6.776E-004 +6.766E-004 +6.776E-004 +6.800E-004 +6.825E-004 +6.847E-004 +6.867E-004 +6.888E-004 +6.912E-004 +6.940E-004 +6.971E-004 +7.008E-004 +7.050E-004 +7.098E-004 +7.151E-004 +7.212E-004 +7.279E-004 +7.355E-004 +7.439E-004 +7.533E-004 +7.638E-004 +7.755E-004 +7.886E-004 +8.032E-004 +8.195E-004 +8.378E-004 +8.585E-004 +8.817E-004 +9.081E-004 +9.379E-004 +9.719E-004 +1.011E-003 +1.055E-003 +1.107E-003 +1.166E-003 +1.236E-003 +1.317E-003 +1.412E-003 +1.524E-003 +1.658E-003 +1.817E-003 +2.007E-003 
-0.00245000 +2.660E-003 +2.413E-003 +2.206E-003 +2.033E-003 +1.886E-003 +1.762E-003 +1.656E-003 +1.565E-003 +1.487E-003 +1.419E-003 +1.361E-003 +1.309E-003 +1.265E-003 +1.225E-003 +1.190E-003 +1.160E-003 +1.132E-003 +1.108E-003 +1.086E-003 +1.067E-003 +1.050E-003 +1.034E-003 +1.020E-003 +1.008E-003 +9.966E-004 +9.866E-004 +9.776E-004 +9.696E-004 +9.624E-004 +9.561E-004 +9.505E-004 +9.456E-004 +9.414E-004 +9.378E-004 +9.348E-004 +9.321E-004 +9.296E-004 +9.268E-004 +9.231E-004 +9.186E-004 +9.163E-004 +9.186E-004 +9.231E-004 +9.268E-004 +9.296E-004 +9.321E-004 +9.348E-004 +9.378E-004 +9.414E-004 +9.456E-004 +9.505E-004 +9.561E-004 +9.624E-004 +9.696E-004 +9.776E-004 +9.866E-004 +9.966E-004 +1.008E-003 +1.020E-003 +1.034E-003 +1.050E-003 +1.067E-003 +1.086E-003 +1.108E-003 +1.132E-003 +1.160E-003 +1.190E-003 +1.225E-003 +1.265E-003 +1.309E-003 +1.361E-003 +1.419E-003 +1.487E-003 +1.565E-003 +1.656E-003 +1.762E-003 +1.886E-003 +2.033E-003 +2.206E-003 +2.413E-003 +2.660E-003 
-0.00306250 +3.332E-003 +3.035E-003 +2.786E-003 +2.577E-003 +2.401E-003 +2.251E-003 +2.122E-003 +2.012E-003 +1.917E-003 +1.835E-003 +1.764E-003 +1.701E-003 +1.646E-003 +1.598E-003 +1.556E-003 +1.518E-003 +1.485E-003 +1.455E-003 +1.428E-003 +1.405E-003 +1.383E-003 +1.364E-003 +1.347E-003 +1.332E-003 +1.318E-003 +1.306E-003 +1.295E-003 +1.285E-003 +1.276E-003 +1.268E-003 +1.261E-003 +1.255E-003 +1.250E-003 +1.246E-003 +1.242E-003 +1.239E-003 +1.237E-003 +1.234E-003 +1.229E-003 +1.220E-003 +1.214E-003 +1.220E-003 +1.229E-003 +1.234E-003 +1.237E-003 +1.239E-003 +1.242E-003 +1.246E-003 +1.250E-003 +1.255E-003 +1.261E-003 +1.268E-003 +1.276E-003 +1.285E-003 +1.295E-003 +1.306E-003 +1.318E-003 +1.332E-003 +1.347E-003 +1.364E-003 +1.383E-003 +1.405E-003 +1.428E-003 +1.455E-003 +1.485E-003 +1.518E-003 +1.556E-003 +1.598E-003 +1.646E-003 +1.701E-003 +1.764E-003 +1.835E-003 +1.917E-003 +2.012E-003 +2.122E-003 +2.251E-003 +2.401E-003 +2.577E-003 +2.786E-003 +3.035E-003 +3.332E-003 
-0.00367500 +4.163E-003 +3.829E-003 +3.550E-003 +3.314E-003 +3.115E-003 +2.945E-003 +2.800E-003 +2.675E-003 +2.568E-003 +2.474E-003 +2.393E-003 +2.322E-003 +2.260E-003 +2.205E-003 +2.156E-003 +2.113E-003 +2.075E-003 +2.041E-003 +2.011E-003 +1.984E-003 +1.960E-003 +1.938E-003 +1.918E-003 +1.901E-003 +1.885E-003 +1.871E-003 +1.858E-003 +1.847E-003 +1.837E-003 +1.828E-003 +1.820E-003 +1.814E-003 +1.808E-003 +1.803E-003 +1.799E-003 +1.796E-003 +1.794E-003 +1.792E-003 +1.788E-003 +1.773E-003 +1.752E-003 +1.773E-003 +1.788E-003 +1.792E-003 +1.794E-003 +1.796E-003 +1.799E-003 +1.803E-003 +1.808E-003 +1.814E-003 +1.820E-003 +1.828E-003 +1.837E-003 +1.847E-003 +1.858E-003 +1.871E-003 +1.885E-003 +1.901E-003 +1.918E-003 +1.938E-003 +1.960E-003 +1.984E-003 +2.011E-003 +2.041E-003 +2.075E-003 +2.113E-003 +2.156E-003 +2.205E-003 +2.260E-003 +2.322E-003 +2.393E-003 +2.474E-003 +2.568E-003 +2.675E-003 +2.800E-003 +2.945E-003 +3.115E-003 +3.314E-003 +3.550E-003 +3.829E-003 +4.163E-003 
-0.00428750 +7.205E-003 +6.824E-003 +6.502E-003 +6.229E-003 +5.997E-003 +5.799E-003 +5.629E-003 +5.482E-003 +5.355E-003 +5.245E-003 +5.149E-003 +5.065E-003 +4.992E-003 +4.928E-003 +4.871E-003 +4.820E-003 +4.776E-003 +4.737E-003 +4.702E-003 +4.670E-003 +4.642E-003 +4.618E-003 +4.595E-003 +4.576E-003 +4.558E-003 +4.542E-003 +4.528E-003 +4.515E-003 +4.504E-003 +4.495E-003 +4.486E-003 +4.479E-003 +4.472E-003 +4.467E-003 +4.463E-003 +4.460E-003 +4.459E-003 +4.459E-003 +4.460E-003 +4.446E-003 +4.209E-003 +4.446E-003 +4.460E-003 +4.459E-003 +4.459E-003 +4.460E-003 +4.463E-003 +4.467E-003 +4.472E-003 +4.479E-003 +4.486E-003 +4.495E-003 +4.504E-003 +4.515E-003 +4.528E-003 +4.542E-003 +4.558E-003 +4.576E-003 +4.595E-003 +4.618E-003 +4.642E-003 +4.670E-003 +4.702E-003 +4.737E-003 +4.776E-003 +4.820E-003 +4.871E-003 +4.928E-003 +4.992E-003 +5.065E-003 +5.149E-003 +5.245E-003 +5.355E-003 +5.482E-003 +5.629E-003 +5.799E-003 +5.997E-003 +6.229E-003 +6.502E-003 +6.824E-003 +7.205E-003 
-0.00490000 +1.443E-002 +1.413E-002 +1.388E-002 +1.368E-002 +1.352E-002 +1.338E-002 +1.327E-002 +1.318E-002 +1.310E-002 +1.304E-002 +1.299E-002 +1.295E-002 +1.292E-002 +1.289E-002 +1.286E-002 +1.285E-002 +1.283E-002 +1.282E-002 +1.281E-002 +1.280E-002 +1.280E-002 +1.279E-002 +1.279E-002 +1.279E-002 +1.279E-002 +1.279E-002 +1.279E-002 +1.279E-002 +1.279E-002 +1.279E-002 +1.279E-002 +1.279E-002 +1.279E-002 +1.279E-002 +1.279E-002 +1.280E-002 +1.280E-002 +1.281E-002 +1.282E-002 +1.287E-002 +1.156E-002 +1.287E-002 +1.282E-002 +1.281E-002 +1.280E-002 +1.280E-002 +1.279E-002 +1.279E-002 +1.279E-002 +1.279E-002 +1.279E-002 +1.279E-002 +1.279E-002 +1.279E-002 +1.279E-002 +1.279E-002 +1.279E-002 +1.279E-002 +1.279E-002 +1.279E-002 +1.280E-002 +1.280E-002 +1.281E-002 +1.282E-002 +1.283E-002 +1.285E-002 +1.286E-002 +1.289E-002 +1.292E-002 +1.295E-002 +1.299E-002 +1.304E-002 +1.310E-002 +1.318E-002 +1.327E-002 +1.338E-002 +1.352E-002 +1.368E-002 +1.388E-002 +1.413E-002 +1.443E-002 
