# multipoles are divided by excitation current and units are [T], [m] and [A]
# harmonics (dipole n=0): 00 01 02 03 04 05 06 07 08 09 10 11 
# MAG_LABEL   CURRENT[A]   <NORMAL_MULTIPOLES/CURRENT>[T/m^(n-1)/A]   <SKEW_MULTIPOLES/CURRENT>[T/m^(n-1)/A]
BC-001   +9.978119e+00   +3.327948e-04 +6.375540e-05 +3.272825e-03 +1.233966e-02 -7.665424e+00 +1.233991e+02 -4.735135e+04 -7.106113e+04 -3.906720e+06 -4.438228e+08 +6.550154e+10 +3.210348e+11   -3.671558e-07 +1.226991e-06 +1.707740e-04 -7.952303e-03 -1.495252e+00 +3.433577e+01 +4.324281e+03 +2.867161e+04 -2.145061e+06 +3.134102e+05 +5.981616e+08 +3.370497e+11   
BC-002   +9.978390e+00   +3.331864e-04 +4.653756e-05 +3.610842e-03 +1.140491e-02 -7.682367e+00 +1.050232e+02 -4.754731e+04 -5.462713e+04 -3.064684e+06 -3.215133e+08 +6.257022e+10 +3.895135e+11   -3.062257e-07 -6.323422e-06 +2.684976e-04 +8.256532e-03 -1.391618e+00 +4.737259e+01 +4.084863e+03 +2.632004e+03 -3.844096e+06 -1.347655e+08 +1.680774e+09 -7.867922e+10   
BC-003   +9.979013e+00   +3.333016e-04 +5.482982e-05 +3.530231e-03 +1.692990e-02 -7.572919e+00 +1.264543e+02 -4.798284e+04 -2.391914e+04 -5.773244e+06 -3.895939e+08 +6.423004e+10 +3.115405e+11   -5.368298e-07 +8.698860e-06 -1.730434e-04 -8.846576e-03 -1.639149e+00 +2.241206e+01 +4.061636e+03 -5.069588e+04 -1.555002e+06 -1.958097e+08 -1.171574e+09 -1.432445e+11   
BC-004   +9.979021e+00   +3.325307e-04 +5.081750e-05 +3.245956e-03 +1.235969e-02 -7.182645e+00 +1.637937e+02 -4.752599e+04 +3.770850e+04 -5.249899e+06 -1.401980e+08 +8.504577e+10 +9.500977e+11   -3.177860e-07 +2.610276e-06 +2.081163e-04 -9.658335e-03 -8.417603e-01 +4.097657e+01 +6.719204e+03 +9.523000e+04 -5.721692e+06 +1.755873e+08 -3.726725e+10 +4.096458e+11   
BC-005   +9.979013e+00   +3.332608e-04 +4.377481e-05 +3.474422e-03 +1.048592e-02 -8.031220e+00 +1.125630e+02 -4.694602e+04 -3.954670e+04 -2.029029e+06 -3.838879e+08 +6.339776e+10 -4.980864e+11   -2.428704e-08 +1.243520e-05 +4.857159e-04 +9.498249e-03 -1.610190e+00 +8.301557e+01 +1.767335e+03 -5.496949e+04 -5.504039e+06 -3.020336e+08 +7.074656e+09 -1.211034e+12   
BC-006   +9.980459e+00   +3.332358e-04 +3.236300e-05 +3.623300e-03 +4.442060e-03 -7.147029e+00 +1.380857e+02 -4.778442e+04 +7.769716e+04 -6.804738e+06 -1.346687e+08 +7.179057e+10 +1.368649e+11   -4.631381e-07 +1.125771e-05 -6.724767e-05 -7.593368e-03 -1.425874e+00 +3.769171e+01 +4.278122e+03 -7.568710e+03 -2.958979e+06 +3.232706e+07 -1.728352e+10 +2.460870e+11   
BC-007   +9.980252e+00   +3.331317e-04 +4.044913e-05 +3.187790e-03 +6.621428e-03 -8.439817e+00 +1.532031e+02 -4.772414e+04 +4.108074e+04 +6.404786e+06 +1.424477e+08 +6.102210e+10 -9.460809e+10   -2.658392e-07 +1.074469e-05 +4.599059e-04 +8.071376e-03 -1.022249e+00 +9.060436e+01 +7.361543e+03 +3.253548e+04 +1.735843e+06 +3.484886e+08 -4.792695e+10 +2.076242e+12   
BC-008   +9.979971e+00   +3.330823e-04 +4.337200e-05 +3.481403e-03 +5.885798e-03 -7.583857e+00 +9.487609e+01 -4.571644e+04 -1.017946e+05 -4.590759e+06 -5.620164e+08 +5.131916e+10 -2.775266e+11   -1.899215e-07 +1.409041e-05 +3.497054e-04 +6.338328e-03 -5.563443e-01 +3.356745e+01 +3.869592e+03 -1.302444e+04 +4.500762e+06 -5.722215e+08 +5.716643e+09 -4.295136e+11   
BC-009   +9.981422e+00   +3.386980e-04 +4.001643e-05 +2.567833e-03 +2.173640e-02 -7.611988e+00 +9.153613e+01 -4.855780e+04 -2.184407e+05 -1.870322e+07 -8.089134e+08 +1.625801e+10 -2.466637e+11   -4.029393e-07 -3.738045e-06 +1.153516e-05 -7.025344e-03 -1.526561e+00 +8.516418e+01 +7.971607e+03 -2.961228e+04 +1.206242e+07 -1.779869e+08 +1.587412e+10 -1.864391e+11   
BC-010   +9.978156e+00   +3.400064e-04 +3.214474e-05 +2.248105e-03 +4.987219e-03 -7.489028e+00 +1.257866e+02 -4.826563e+04 -1.744991e+04 -5.704246e+06 -3.440346e+08 +5.990574e+10 +3.990387e+11   -3.855438e-07 +5.543277e-06 +2.138796e-04 +5.789374e-03 -1.198556e+00 +4.823778e+01 +4.512623e+03 -3.952206e+04 -2.414479e+06 -3.085112e+07 -3.388515e+09 +9.925445e+10   
BC-011   +9.978577e+00   +3.407820e-04 +3.208397e-05 +1.978501e-03 +8.483158e-03 -7.567794e+00 +1.258018e+02 -4.784429e+04 -6.214962e+04 +5.015885e+05 -3.665465e+08 +6.966696e+10 +9.615296e+09   -1.658290e-07 +1.217467e-05 +2.126075e-04 +5.553272e-04 -8.219412e-01 +5.155503e+01 +4.684309e+03 +1.071821e+03 -1.035149e+06 +8.140063e+07 +1.975439e+09 -1.077419e+12   
BC-012   +9.977641e+00   +3.401393e-04 +4.158804e-05 +1.932262e-03 +4.475742e-03 -7.667312e+00 +9.514454e+01 -4.899945e+04 -1.249064e+04 -7.207742e+06 -3.673026e+08 +7.802688e+10 -7.496298e+11   +1.184554e-07 +1.048715e-05 +2.351508e-04 +4.520155e-03 -5.425329e-01 +8.828881e+01 +1.805629e+03 +1.822954e+05 -3.890132e+06 +5.026474e+08 +1.025914e+10 -3.373405e+11   
BC-013   +9.979136e+00   +3.406988e-04 +4.842572e-05 +2.078701e-03 +1.576932e-02 -9.056063e+00 +1.143371e+02 -5.467539e+04 -1.282161e+05 -1.127057e+07 -1.039525e+09 +5.537290e+10 -5.619763e+11   -4.260865e-07 +1.636888e-05 +1.285610e-04 -4.282906e-03 -9.884570e-01 +5.572528e+01 +4.935713e+03 +1.335549e+05 -4.767125e+05 +1.250330e+08 +3.470723e+10 -7.609032e+11   
BC-014   +9.978484e+00   +3.403392e-04 +3.694461e-05 +2.270186e-03 -1.525971e-03 -7.717074e+00 +1.256222e+02 -4.732512e+04 -3.503744e+04 -5.210788e+06 -2.498178e+08 +6.551754e+10 +4.881143e+11   +3.690324e-08 +1.878343e-05 +4.809313e-04 -3.248354e-03 -1.016978e+00 +5.713582e+01 +3.643165e+03 +1.732150e+04 -1.250976e+06 -2.548325e+08 -9.205288e+09 +1.333240e+11   
BC-015   +9.978621e+00   +3.392496e-04 +4.295361e-05 +2.599162e-03 +5.855685e-03 -7.795319e+00 +1.169063e+02 -4.756564e+04 -6.430345e+04 -5.175284e+06 -3.755910e+08 +7.039230e+10 +3.989504e+11   -3.473019e-07 +1.348580e-05 +2.376319e-04 -2.008505e-03 -1.116372e+00 +3.886403e+01 +3.883692e+03 -1.328022e+04 -3.965917e+06 -1.924812e+08 -2.626738e+09 -6.153302e+09   
BC-016   +9.978124e+00   +3.392295e-04 +4.238519e-05 +2.253021e-03 +9.322587e-03 -7.971768e+00 +1.140887e+02 -4.769135e+04 -5.426317e+04 -6.502378e+06 -2.696895e+08 +6.966761e+10 +3.949057e+11   -5.675017e-07 +2.354621e-06 +1.130620e-04 -1.148172e-03 -9.919240e-01 +4.106765e+01 +4.818036e+03 +4.083724e+04 -1.634219e+06 +4.399571e+06 -6.271759e+08 -2.894497e+10   
BC-017   +9.978319e+00   +3.408653e-04 +5.536508e-05 +1.675440e-03 +7.694796e-03 -8.377014e+00 +1.576506e+02 -4.918638e+04 +1.892635e+04 -4.908654e+06 -2.303992e+08 +9.037392e+10 +1.648007e+12   -2.416929e-07 +9.265244e-06 +1.701747e-04 -2.420263e-03 -1.361986e+00 +9.161911e+00 +6.809036e+03 +3.564913e+04 +2.560105e+06 +5.086556e+08 +1.170138e+10 +1.788329e+12   
BC-018   +9.977757e+00   +3.401989e-04 +5.259912e-05 +1.896165e-03 +1.457894e-02 -7.542721e+00 +1.514465e+02 -4.805243e+04 -7.056402e+04 -4.832151e+06 -4.262064e+08 +5.323705e+10 +1.026147e+12   -4.605030e-07 +6.592242e-06 -3.583479e-05 -1.030909e-04 -1.753754e+00 +2.918657e+01 +2.021726e+03 -5.975039e+04 -1.064032e+07 +1.544089e+08 -2.165964e+10 +5.835862e+11   
BC-019   +9.979619e+00   +3.391903e-04 +4.893049e-05 +2.353990e-03 -1.122328e-03 -7.865207e+00 +8.587391e+01 -4.820928e+04 -8.676361e+04 -5.494253e+06 -3.150042e+08 +7.621679e+10 +1.413194e+12   -6.067851e-07 +1.074426e-05 +3.194213e-04 +4.208404e-03 -1.268467e+00 +6.878451e+01 +5.330876e+03 +5.381337e+04 +1.238362e+05 +2.375151e+08 +1.226106e+10 +1.471606e+12   
BC-020   +9.978466e+00   +3.404944e-04 +4.966853e-05 +2.418718e-03 +3.263701e-03 -8.002905e+00 +1.293626e+02 -4.853290e+04 -7.431757e+04 -7.572848e+06 -5.050653e+08 +5.487671e+10 -2.266802e+11   -4.827658e-08 +2.165603e-05 +3.632870e-04 +2.895957e-03 -1.351254e+00 +3.237504e+01 +3.150280e+03 -2.232728e+04 +4.100012e+05 -1.905769e+07 +7.657040e+09 +6.012394e+11   
BC-021   +9.977720e+00   +3.404465e-04 +4.989002e-05 +2.195209e-03 +1.140674e-02 -8.037375e+00 +1.472441e+02 -4.621939e+04 +7.849545e+04 -6.791888e+06 +4.275633e+05 +5.665277e+10 -1.169285e+11   -3.483925e-07 +1.693406e-05 +2.924767e-04 +1.102926e-02 -1.740656e+00 +1.014071e+02 +1.645307e+03 +1.048505e+05 -7.328249e+06 -7.770240e+07 -1.296071e+10 -6.022581e+11   
BC-022   +9.979230e+00   +3.394033e-04 +4.867437e-05 +2.186857e-03 +2.087138e-03 -6.989803e+00 +1.316123e+02 -4.522070e+04 -9.136717e+04 -1.677349e+06 +1.366812e+08 +7.404473e+10 +1.445437e+12   -9.772991e-08 +3.047300e-05 +5.082565e-04 -7.833243e-03 -1.037132e+00 +5.354200e+01 +3.104591e+03 -3.673154e+04 -6.435659e+06 -1.203441e+08 -1.817413e+09 +9.287379e+11   
BC-023   +9.978543e+00   +3.393641e-04 +4.544014e-05 +2.265800e-03 -2.235268e-02 -7.989407e+00 +9.602135e+01 -4.626498e+04 -1.944687e+04 +3.914295e+06 -2.565699e+08 +4.084735e+10 -1.850096e+12   -2.215575e-07 +1.642224e-05 +3.943505e-04 +6.095975e-03 -2.050121e+00 +8.119411e-01 +9.061690e+02 -4.545597e+04 -9.735744e+06 -9.115433e+07 -2.704774e+10 +4.716008e+10   
BC-024   +9.980405e+00   +3.399162e-04 +4.776037e-05 +2.364696e-03 +7.389082e-03 -8.087721e+00 +1.498747e+02 -4.710567e+04 -1.454948e+04 -3.483267e+06 -4.880724e+08 +5.599837e+10 +6.961070e+11   -4.560852e-07 +2.843724e-06 +2.523223e-04 +6.482681e-03 -1.283612e+00 +5.186140e+01 +3.752422e+03 +3.341206e+04 +1.924197e+05 +8.951839e+07 +5.906237e+09 +2.665746e+10   
BC-025   +9.979924e+00   +3.401440e-04 +4.893471e-05 +2.128020e-03 +7.309339e-03 -8.134557e+00 +1.558424e+02 -4.774348e+04 -6.983100e+04 -4.064676e+06 -4.130815e+08 +6.727014e+10 -9.803677e+10   +6.941997e-08 +2.239797e-05 +5.747187e-04 +1.862168e-03 -1.213561e+00 +3.205877e+01 +4.209754e+03 -7.170964e+04 -8.102408e+05 +3.088098e+07 -3.830600e+08 -4.282329e+11   
BC-026   +9.979326e+00   +3.392911e-04 +4.827163e-05 +2.424513e-03 +6.188311e-03 -7.808442e+00 +1.499612e+02 -4.887159e+04 +2.930796e+04 -1.443000e+07 +1.417400e+08 +5.735580e+10 +1.076591e+12   -9.504988e-08 +2.983890e-05 +5.468621e-04 -2.061294e-03 -7.870981e-01 +1.682106e+01 +2.793524e+03 +6.066885e+03 -8.221029e+06 +2.732793e+08 -1.304691e+09 +9.451159e+11   
BC-027   +9.979065e+00   +3.396079e-04 +5.145893e-05 +2.366030e-03 +7.988115e-03 -7.975840e+00 +1.289836e+02 -4.705076e+04 -4.443878e+04 +2.091163e+06 -4.528851e+08 +7.743248e+10 +1.392490e+12   -2.973960e-07 +1.987781e-05 +2.738584e-04 -1.334309e-02 -1.217695e+00 +4.095538e+01 +4.691408e+03 +1.746506e+04 +6.724050e+05 -4.008644e+08 -1.725038e+10 -1.874753e+11   
BC-028   +9.979104e+00   +3.397731e-04 +4.450702e-05 +2.010644e-03 +4.529005e-03 -7.785034e+00 +1.441119e+02 -4.868354e+04 -6.777199e+04 -1.416878e+06 -4.710604e+08 +6.476824e+10 +2.995033e+11   -5.541169e-07 +3.035910e-06 +2.644690e-04 +5.603465e-03 -9.706333e-01 +3.549819e+01 +3.571079e+03 +3.135165e+03 -4.287097e+06 -6.527527e+07 +1.449738e+09 -3.125417e+11   
BC-029   +9.979252e+00   +3.402837e-04 +4.305562e-05 +1.962714e-03 -1.158956e-03 -7.946484e+00 +1.050573e+02 -4.778195e+04 -1.209920e+05 +1.325032e+06 -7.451175e+08 +7.172358e+10 -8.264163e+10   -3.077311e-07 +1.474428e-05 +9.447949e-05 -3.405952e-03 -1.149690e+00 +4.665994e+01 +7.303212e+03 +4.533106e+04 +6.861530e+05 -1.693826e+08 +1.342451e+10 -7.741877e+10   
BC-030   +9.978880e+00   +3.392229e-04 +5.503933e-05 +1.956688e-03 +1.186762e-02 -7.899038e+00 +1.495298e+02 -4.745881e+04 -6.558522e+04 -5.935277e+06 -7.537915e+08 +5.800376e+10 +7.028918e+11   -7.048899e-07 +9.978112e-06 +1.746290e-04 +1.155436e-03 -9.626247e-01 +4.412187e+01 +4.131221e+03 +7.716926e+04 -9.078567e+05 +1.213717e+08 +6.320099e+09 +3.837408e+11   
BC-031   +9.979555e+00   +3.398339e-04 +5.026069e-05 +2.435323e-03 +5.753145e-03 -8.028036e+00 +1.347411e+02 -4.481982e+04 -2.137423e+05 +1.240770e+06 -6.908682e+08 +5.924335e+10 +6.070742e+11   -1.009089e-07 +9.532605e-06 +1.881432e-04 -9.781681e-03 -1.145190e+00 -9.244217e+00 +3.292746e+03 -2.448141e+04 -3.443221e+06 +7.631621e+07 -1.123560e+10 -1.695203e+12   
BC-032   +9.980703e+00   +3.388535e-04 +4.107101e-05 +2.383775e-03 +6.362806e-03 -8.122643e+00 +1.365229e+02 -4.641342e+04 -1.002685e+04 -2.802712e+06 -3.638006e+08 +4.533856e+10 +2.253969e+11   -5.483675e-07 +1.154937e-05 +5.064270e-05 -4.504695e-03 -1.130372e+00 +3.228691e+01 +3.979593e+03 -3.573899e+04 -4.699999e+06 -4.305001e+07 -5.300813e+09 +1.910843e+11   
BC-033   +9.979328e+00   +3.401794e-04 +2.916907e-05 +2.238414e-03 +1.119141e-02 -7.889993e+00 +1.605475e+02 -4.872241e+04 +2.278570e+04 +1.306112e+06 -3.403691e+08 +6.231548e+10 +5.210208e+11   -2.435269e-07 -2.140148e-06 +3.180679e-04 -5.704787e-03 -2.434827e-01 +9.484268e+00 -1.065101e+02 +5.022661e+04 +2.861342e+05 +2.083508e+08 -1.340610e+09 -1.420142e+11   
BC-034   +9.978104e+00   +3.391570e-04 +3.335673e-05 +2.342025e-03 +8.837456e-03 -7.170468e+00 +1.939252e+02 -4.561778e+04 +1.324508e+05 +4.393202e+06 +2.018951e+07 +5.596816e+10 +7.049000e+11   -5.439576e-07 +6.255762e-06 +4.909849e-04 -3.833054e-03 +2.646176e-01 -4.813735e+01 -1.538557e+02 -1.245140e+05 +5.527966e+06 +3.364906e+08 +8.552967e+09 -2.688963e+11   
BC-035   +9.976011e+00   +3.396615e-04 +3.086778e-05 +2.400611e-03 +8.562246e-03 -7.511877e+00 +1.230249e+02 -4.885503e+04 -1.519789e+05 -3.209573e+05 -6.397548e+08 +9.550360e+10 -8.496074e+11   -2.024360e-07 +7.566648e-06 +4.090121e-04 -3.350534e-03 +4.157960e-01 +1.553594e+01 -1.920516e+02 -2.502567e+04 -9.569394e+06 -2.110511e+08 -2.346591e+10 -1.892231e+12   
BC-036   +9.977062e+00   +3.396847e-04 +2.551933e-05 +1.989187e-03 +1.818597e-02 -7.764131e+00 +1.316063e+02 -5.182002e+04 -3.675666e+05 -8.874868e+06 -9.060376e+08 +9.638801e+10 +2.805814e+11   -1.713854e-07 -3.345808e-06 +4.958437e-04 +6.557041e-03 +5.249908e-02 -1.336288e+01 -3.494842e+02 +1.315524e+04 -7.861414e+06 -2.421490e+07 -2.039180e+10 -1.129125e+12   
BC-037   +9.976791e+00   +3.387472e-04 +3.641788e-05 +2.285076e-03 +6.795732e-03 -7.462272e+00 +1.737720e+02 -5.011913e+04 +3.367632e+04 -1.088221e+07 -3.860942e+08 +4.962675e+10 +1.353435e+12   -2.417224e-07 +3.289381e-06 +2.389955e-04 -9.996692e-03 -4.506104e-01 +1.369452e+01 -1.207775e+03 +8.640007e+04 -2.955471e+04 +1.373675e+08 +9.720148e+09 +3.620843e+11   
BC-038   +9.979045e+00   +3.397752e-04 +2.643353e-05 +2.129885e-03 +2.269594e-02 -8.431492e+00 +2.172465e+02 -4.810518e+04 -9.250909e+04 +1.368924e+06 -7.319068e+08 +7.862956e+10 +7.917008e+11   -6.633105e-07 -3.016068e-06 +1.141552e-04 +4.396500e-03 -9.837589e-01 +3.236433e+01 -1.910722e+03 +8.082658e+04 -8.990670e+06 +1.645345e+08 -1.717866e+10 -1.521581e+11   
BC-039   +9.976929e+00   +3.391486e-04 +3.604172e-05 +2.135812e-03 +1.613955e-02 -8.496854e+00 +1.455753e+02 -4.980158e+04 -4.307579e+04 -1.147824e+06 -4.258213e+08 +6.265693e+10 -2.468483e+11   -2.285690e-07 +1.490796e-06 +9.324776e-05 -6.868818e-03 -4.197877e-01 +4.771306e+01 -1.464431e+03 +1.493281e+05 +4.121125e+06 +1.295969e+08 +4.277961e+09 +9.909379e+11   
BC-040   +9.975966e+00   +3.409792e-04 +3.419686e-05 +2.160723e-03 +2.757978e-03 -7.327689e+00 +2.112549e+02 -4.900977e+04 +1.232716e+05 +3.339177e+06 -2.975242e+08 +6.897945e+10 -1.360925e+11   +4.794677e-08 +7.705715e-06 +4.408122e-04 -5.025356e-03 -4.545099e-01 +3.459996e+00 -2.711622e+02 +1.243189e+05 +1.017960e+06 +1.153128e+07 -9.878351e+08 -4.351453e+11   
BC-041   +9.977942e+00   +3.398593e-04 +4.271226e-05 +2.103724e-03 +4.246141e-03 -7.442095e+00 +1.352946e+02 -4.904894e+04 -1.233299e+05 +4.406480e+06 -1.779449e+08 +7.690350e+10 +9.519859e+11   -1.656788e-07 +1.419214e-05 +4.985425e-04 +1.100574e-04 -1.729331e-01 +6.336446e+00 -7.682384e+02 -2.688582e+04 +1.118784e+06 -3.893415e+07 +1.498569e+09 -3.143090e+11   
BC-042   +9.978405e+00   +3.386068e-04 +4.407374e-05 +2.323960e-03 +1.981208e-02 -8.216944e+00 +1.603620e+02 -4.787690e+04 -2.264019e+04 +1.550737e+06 -5.095957e+08 +6.258925e+10 -6.212857e+10   -2.617790e-07 +2.712082e-06 +1.556637e-04 -5.387654e-03 +2.168981e-02 +1.712888e+00 +2.715863e+03 +2.760692e+04 -1.017425e+04 -2.457201e+08 -4.017897e+09 -5.825289e+11   
BC-043   +9.978513e+00   +3.401885e-04 +4.069993e-05 +2.133957e-03 +7.283122e-03 -7.515518e+00 +1.987393e+02 -4.949515e+04 +1.899273e+05 +2.207681e+06 -2.497954e+08 +6.583088e+10 +9.058315e+11   -3.396208e-07 +5.383717e-07 +2.821530e-04 -6.073757e-04 -6.303591e-01 -2.980550e+01 +5.057183e+02 -9.306111e+04 +2.619426e+06 -1.420437e+08 +5.937613e+09 +7.526355e+11   
BC-044   +9.977567e+00   +3.393069e-04 +2.739358e-05 +2.334573e-03 -1.331684e-03 -8.110308e+00 +1.504341e+02 -4.735977e+04 +9.691602e+02 +3.724766e+06 +9.651886e+06 +7.290366e+10 +1.577234e+12   -2.089349e-07 +1.156148e-05 +4.510843e-04 -7.875094e-03 -1.851703e-01 -1.026478e+01 -1.289804e+02 +1.029358e+05 -4.943489e+05 -2.664790e+07 -6.302715e+09 -1.424693e+11   
BC-045   +9.979777e+00   +3.389078e-04 +3.762177e-05 +2.341830e-03 +5.349559e-03 -7.806245e+00 +1.613425e+02 -4.743680e+04 -1.217204e+04 +6.096280e+05 -5.246889e+08 +6.633805e+10 +5.789547e+10   -3.791932e-07 -1.649357e-06 +3.749858e-04 -2.872170e-03 +1.569552e-01 -9.539302e+00 -4.158791e+02 -2.854695e+04 +2.853491e+06 -2.417475e+08 +8.683745e+09 -4.070636e+11   
BC-046   +9.977363e+00   +3.391021e-04 +4.009374e-05 +2.186775e-03 -1.233295e-03 -8.931401e+00 +1.842344e+02 -4.830464e+04 +6.494662e+04 +2.447486e+06 -4.566889e+07 +5.031749e+10 +2.874507e+12   -4.086851e-07 -5.182326e-06 +3.512235e-04 -1.597936e-02 +1.030314e-01 -1.533168e-01 +2.120067e+03 -1.049855e+04 +6.951801e+06 -5.400300e+08 +1.064896e+10 -1.448546e+12   
BC-047   +9.978683e+00   +3.389139e-04 +3.984212e-05 +2.241661e-03 +1.403422e-02 -7.119320e+00 +1.790923e+02 -4.628187e+04 -3.930225e+04 +6.119573e+06 -5.366966e+08 +6.195264e+10 -1.342125e+12   -5.933708e-07 -8.126948e-06 +4.027117e-04 +5.473092e-06 -1.857224e-01 -1.077596e+01 +8.176916e+02 +4.239243e+04 +4.406453e+06 +1.944458e+08 -1.329914e+10 +6.607908e+11   
BC-048   +9.978378e+00   +3.391872e-04 +3.464901e-05 +2.230807e-03 -1.691426e-03 -8.501772e+00 +1.607867e+02 -4.948436e+04 +5.931972e+04 +3.510981e+06 +4.864426e+07 +6.455418e+10 +1.465981e+12   +5.327811e-08 -1.233794e-05 +8.391142e-05 -1.670031e-02 -1.886927e-01 -1.938924e+01 +2.944380e+03 -1.303500e+04 -2.013380e+06 +1.696237e+07 -1.846936e+10 -2.092069e+11   
BC-049   +9.977328e+00   +3.392478e-04 +3.082205e-05 +2.225410e-03 +1.543646e-02 -8.040366e+00 +2.252699e+02 -4.654198e+04 +5.915160e+04 -3.651847e+05 -3.733135e+08 +4.846860e+10 -5.398790e+11   +1.253376e-07 -2.954043e-07 +4.244647e-04 +8.454214e-03 -3.782314e-01 +1.786699e+01 +6.223838e+02 -4.803846e+03 -2.387599e+06 -1.068257e+08 -3.401156e+09 -6.290829e+11   
BC-050   +9.977336e+00   +3.397542e-04 +3.101498e-05 +1.891381e-03 +3.778243e-03 -8.038716e+00 +1.592116e+02 -4.852219e+04 -3.872527e+04 +2.716975e+06 -3.637307e+08 +6.161231e+10 +2.921212e+11   -2.262447e-07 +9.105720e-06 +4.157818e-04 -6.051799e-03 -2.492489e-01 +5.785912e+00 +5.829585e+01 +4.358877e+04 -3.326150e+06 -5.756522e+07 -1.322675e+10 +5.487834e+11   
BC-051   +9.978782e+00   +3.391886e-04 +4.167172e-05 +2.324011e-03 +1.165830e-02 -7.705453e+00 +1.552571e+02 -4.888137e+04 -9.917260e+03 +1.575108e+05 -3.165133e+08 +6.600098e+10 +5.887836e+10   -3.296473e-07 +5.853928e-06 +3.139169e-04 -3.407753e-03 -3.063086e-01 -1.841233e+01 -6.769059e+02 +3.091977e+04 +4.187217e+05 +1.111023e+08 -1.272605e+09 -1.926016e+10   
BC-052   +9.980469e+00   +3.397667e-04 +3.177761e-05 +2.366766e-03 -3.017283e-03 -7.713325e+00 +1.718817e+02 -4.742743e+04 +1.898077e+04 -2.699423e+06 -2.401029e+08 +6.381386e+10 -2.469871e+11   +9.319749e-08 +8.068976e-06 +3.170558e-04 -7.838069e-03 +6.967322e-02 -5.725202e+00 +7.402485e+02 +2.182094e+04 +7.839273e+04 +1.624606e+07 +4.142475e+09 +9.394373e+10   
BC-053   +9.976210e+00   +3.391557e-04 +4.378612e-05 +2.304921e-03 +6.883690e-03 -7.790711e+00 +1.415894e+02 -4.861199e+04 -3.107283e+04 +8.405601e+05 -3.157616e+08 +6.066567e+10 +1.533010e+11   +3.028966e-08 +1.403986e-05 +4.870544e-04 +1.361335e-03 -1.033673e-01 +1.476335e+01 -7.396487e+02 +6.643997e+04 -3.753632e+05 -8.999026e+05 -7.611859e+09 +4.036530e+11   
BC-054   +9.978080e+00   +3.400588e-04 +4.706243e-05 +2.173457e-03 +4.137076e-03 -8.103428e+00 +1.857348e+02 -4.891364e+04 -2.110713e+04 -1.729744e+05 -3.130869e+08 +6.898191e+10 +4.532403e+11   -3.671964e-07 +8.405947e-06 +4.924674e-04 -3.595352e-03 -4.581643e-01 -9.496977e+00 +3.977956e+02 +4.162833e+02 -4.751351e+05 +1.704849e+07 +1.147639e+09 +1.222139e+11   
BC-055   +9.978289e+00   +3.383828e-04 +3.778096e-05 +2.099329e-03 -4.564059e-03 -7.930653e+00 +1.470810e+02 -4.789238e+04 -2.956961e+04 -2.486387e+05 -3.625688e+08 +6.797449e+10 +2.480915e+11   -9.836023e-07 -3.829229e-06 +1.924131e-04 -6.475256e-03 -4.950220e-01 +6.945219e+00 -3.164358e+02 +3.156497e+04 +9.269332e+03 -2.867891e+07 -5.636029e+09 +1.872153e+11   
BC-056   +9.978392e+00   +3.389965e-04 +2.962244e-05 +2.031160e-03 +6.052368e-03 -7.821786e+00 +1.567084e+02 -4.794766e+04 -2.774181e+03 +8.392002e+05 -3.465523e+08 +5.575037e+10 +1.184939e+11   -8.915412e-07 -1.829313e-08 +1.373763e-04 -7.491569e-03 -3.291273e-01 -1.066440e+01 -1.031542e+02 +3.484423e+04 -1.380242e+06 -2.143157e+07 -2.091841e+09 +3.361520e+11   
BC-057   +9.978346e+00   +3.395057e-04 +3.586004e-05 +1.974182e-03 -4.577994e-04 -7.935689e+00 +1.490369e+02 -4.851170e+04 -1.699670e+04 -1.672642e+05 -3.624275e+08 +6.810450e+10 +4.026887e+11   -5.305665e-07 +8.244566e-06 +1.714463e-04 -1.036324e-02 -2.834453e-01 +9.702496e+00 -3.952138e+02 +3.609785e+04 -2.304711e+05 +4.299704e+06 -3.933065e+09 +1.014390e+11   
BC-058   +9.980585e+00   +3.392817e-04 +5.537380e-05 +2.272983e-03 +1.241066e-02 -8.015642e+00 +1.511995e+02 -4.863782e+04 +1.454069e+04 -4.713882e+04 -4.414944e+08 +6.946460e+10 +3.281346e+11   -3.478861e-07 -8.774749e-08 +2.459891e-04 -3.012456e-03 -1.346435e-01 +6.252745e+00 +1.668413e+02 +1.010090e+04 -5.048287e+05 -4.651648e+07 -8.538293e+09 -5.805905e+10   
BC-059   +9.977119e+00   +3.387837e-04 +2.586904e-05 +2.487842e-03 +2.077926e-03 -7.970317e+00 +1.776671e+02 -4.765196e+04 -1.246272e+04 +2.250556e+05 -2.556733e+08 +6.333158e+10 +2.063676e+11   -3.583435e-07 +3.119273e-06 +3.444296e-04 -2.218053e-03 -2.585555e-01 -7.072728e+00 -5.000536e+02 +3.426852e+04 -2.067824e+06 -4.251739e+07 -2.430884e+09 +6.205460e+09   
BC-060   +9.980895e+00   +3.393147e-04 +3.730465e-05 +2.335720e-03 +6.115805e-03 -7.441362e+00 +1.458989e+02 -4.860227e+04 +5.342825e+03 -2.213536e+06 -5.084614e+08 +6.959937e+10 -1.251794e+11   -5.707945e-07 -5.824949e-06 +2.009310e-04 -2.679204e-03 -2.001580e-01 -5.512982e+00 -1.890049e+02 +2.266542e+03 -5.630736e+05 +1.118709e+08 -4.077493e+09 +2.260880e+11   
BC-061   +9.978484e+00   +3.397486e-04 +3.918069e-05 +2.061469e-03 +1.006130e-02 -7.879917e+00 +1.678770e+02 -4.862858e+04 -2.347603e+04 -2.369290e+05 -2.964587e+08 +6.879577e+10 -1.478111e+09   -7.677094e-07 +7.550628e-06 +1.720798e-04 -5.485227e-03 -1.198433e-01 -5.837841e+00 -7.342296e+02 +4.934254e+04 -1.925263e+06 -1.371620e+07 +3.636411e+09 -2.185917e+11   
BC-062   +9.978156e+00   +3.388418e-04 +3.777469e-05 +2.006865e-03 +3.625172e-03 -7.781226e+00 +1.592694e+02 -4.859552e+04 -9.471824e+03 -1.106482e+06 -3.739373e+08 +6.426381e+10 +3.212995e+11   -1.544168e-07 +4.346310e-06 +3.487190e-04 -3.581027e-03 -1.560818e-01 +9.796922e+00 -5.619443e+01 +4.338688e+04 +6.685101e+05 -1.660230e+08 -3.926114e+09 +3.552899e+11   
BC-063   +9.979282e+00   +3.384873e-04 +4.553428e-06 +2.989463e-03 +5.733975e-03 -7.200414e+00 +1.423757e+02 -4.775394e+04 +2.783071e+04 -1.590214e+06 -4.547979e+08 +5.364644e+10 -9.578237e+10   -2.604911e-07 -1.049596e-05 -3.062743e-05 -6.360154e-04 +8.311857e-02 -1.863417e+01 -3.720458e+02 -1.299711e+04 +2.220791e+06 +2.658324e+07 -4.813640e+09 -4.805349e+11   
BC-064   +9.979276e+00   +3.393290e-04 -1.081347e-06 +2.947810e-03 +6.668413e-03 -7.740062e+00 +1.355157e+02 -4.813796e+04 -3.013909e+04 -2.663233e+06 -1.777331e+08 +5.439950e+10 +1.646755e+12   -1.654748e-07 -1.106833e-05 -3.689447e-05 -6.778145e-03 -2.055444e-01 -1.243144e+01 -6.427881e+02 +9.475635e+03 +2.752941e+06 -5.728652e+07 -2.851220e+09 +4.815342e+10   
BC-065   +9.978633e+00   +3.389942e-04 +7.112656e-06 +2.898529e-03 +8.946047e-03 -7.969627e+00 +1.402773e+02 -4.806034e+04 -2.953245e+04 +8.671366e+05 -2.302387e+08 +5.986411e+10 +3.000343e+11   -6.785103e-08 -1.301385e-05 +2.767229e-05 +1.760257e-03 +2.538761e-01 -5.840587e+00 -4.162840e+02 +7.689101e+03 +1.506209e+04 -2.404103e+07 -6.031511e+08 +1.141447e+11   
BC-066   +9.978584e+00   +3.386655e-04 +3.155379e-06 +2.927467e-03 +7.311709e-03 -7.932675e+00 +1.365286e+02 -4.842994e+04 -1.002205e+04 +8.261487e+05 -2.689659e+08 +6.161628e+10 +1.488931e+11   -1.764142e-07 -5.265507e-06 -7.000569e-06 -4.528618e-04 +1.910420e-01 -7.312128e+00 -1.517509e+02 -6.968747e+03 -3.326598e+05 +1.469791e+07 -3.869525e+09 +7.478263e+10   
BC-067   +9.979323e+00   +3.396111e-04 -2.572910e-06 +3.025052e-03 +2.856488e-03 -7.875228e+00 +1.235422e+02 -4.835306e+04 -3.376316e+03 +4.604169e+05 -2.614382e+08 +6.198680e+10 +1.072741e+11   -3.677140e-08 -9.029743e-06 -2.517391e-07 -2.713264e-03 +1.309102e-01 -3.599471e+00 -2.740115e+02 +9.910952e+03 +6.569928e+05 +1.701372e+06 -8.461923e+07 -3.569459e+10   
BC-068   +9.980075e+00   +3.387608e-04 +8.234427e-06 +2.884462e-03 +6.362731e-03 -7.871493e+00 +1.355580e+02 -4.838111e+04 +3.900837e+04 +2.810569e+06 -2.521014e+08 +6.816845e+10 +1.063103e+11   -3.699375e-07 -1.105476e-05 -5.115320e-05 +2.888208e-03 -5.285332e-02 +3.712736e+00 -1.063662e+03 -9.173201e+04 -2.712351e+06 -2.031923e+08 -9.079111e+09 -3.299065e+11   
BC-069   +9.978589e+00   +3.390220e-04 +9.541441e-06 +2.896207e-03 -2.585363e-03 -7.629480e+00 +9.770213e+01 -4.740417e+04 -2.790397e+04 +2.782408e+06 -2.579523e+08 +5.250713e+10 +2.506088e+11   -1.849763e-07 -5.033776e-06 +9.440139e-05 +8.943276e-04 +1.742758e-01 -1.373064e+01 -8.044050e+01 -8.504910e+03 +8.740935e+06 +5.210005e+07 +4.116247e+10 +1.281863e+12   
BC-070   +9.980212e+00   +3.387800e-04 +7.162958e-07 +2.864862e-03 +7.799062e-03 -7.956698e+00 +1.238817e+02 -4.822101e+04 -7.992644e+03 +3.969453e+05 -3.023620e+08 +6.561690e+10 +2.238771e+11   +4.377214e-08 -4.243843e-06 +7.660480e-05 -9.017156e-04 +9.712981e-02 -9.892711e+00 -6.893999e+02 +3.794594e+03 -6.432435e+05 +3.275379e+05 +2.670291e+08 +1.237656e+11   
BC-071   +9.978521e+00   +3.387073e-04 +3.770564e-07 +2.915856e-03 +1.023200e-02 -7.955598e+00 +1.476169e+02 -4.810118e+04 -8.493228e+03 +3.426401e+05 -3.582797e+08 +6.088554e+10 +8.562329e+10   -8.574349e-08 -1.358844e-05 -6.899256e-05 -7.630291e-04 +1.534253e-01 -6.039898e+00 -5.010978e+02 +4.743447e+03 -6.187852e+05 -2.417636e+07 -2.005514e+08 -5.955030e+10   
BC-072   +9.982120e+00   +3.391565e-04 +2.814549e-06 +3.014578e-03 +4.602819e-03 -7.528573e+00 +1.151203e+02 -4.851333e+04 +1.621419e+04 -1.148280e+05 -5.153020e+08 +6.046581e+10 -2.803466e+11   -2.439588e-07 -1.247628e-05 +4.022999e-05 -8.444090e-03 +2.974122e-01 -3.317576e+01 -6.808205e+02 +3.916297e+03 +2.181363e+06 -2.794205e+08 -7.720151e+09 +5.937452e+11   
BC-073   +9.979890e+00   +3.385790e-04 -3.776099e-07 +2.900980e-03 +6.620025e-03 -7.847583e+00 +1.272112e+02 -4.816121e+04 +1.113911e+04 +2.397158e+05 -2.531160e+08 +6.253893e+10 +1.836491e+11   -1.841375e-07 -7.724546e-06 +4.063136e-05 -1.430574e-04 +3.069489e-02 -2.546030e+00 -3.246482e+02 -1.260130e+04 +4.181918e+05 -2.642279e+07 -2.447668e+09 -5.259430e+10   
BC-074   +9.976427e+00   +3.390790e-04 -5.947576e-07 +2.866152e-03 +5.200537e-03 -8.391669e+00 +1.402898e+02 -4.915444e+04 +7.856939e+04 -1.861325e+06 -1.092354e+08 +5.840277e+10 -6.529654e+10   -1.415241e-07 -6.079901e-06 +7.170686e-05 -6.203703e-03 +2.465949e-01 -2.558794e+01 -8.060071e+01 -2.729980e+03 -9.289913e+05 +8.603260e+07 +1.481787e+09 -7.773580e+10   
BC-075   +9.979999e+00   +3.383266e-04 -3.578855e-07 +2.918613e-03 +9.397186e-03 -8.308179e+00 +1.357760e+02 -4.883011e+04 +8.413427e+04 +1.288598e+06 -2.600025e+08 +8.097870e+10 -1.458319e+12   -1.224285e-07 -8.601225e-06 +5.500719e-05 -1.748401e-03 +3.834864e-01 +1.634745e+00 +1.460783e+03 +1.678696e+05 +1.636002e+06 +3.248957e+07 -2.447140e+09 -8.073370e+11   
BC-076   +9.978311e+00   +3.390373e-04 +1.231630e-06 +2.958246e-03 +7.041663e-03 -7.848159e+00 +1.288543e+02 -4.817838e+04 -5.587503e+03 +5.232527e+05 -3.210387e+08 +6.171839e+10 +1.737334e+11   -2.630159e-07 -8.051097e-06 -1.329165e-05 +1.644000e-03 +9.662585e-02 +1.593747e+00 -9.326211e+01 +1.469013e+04 +6.175211e+04 -9.187903e+06 +1.646940e+09 -8.006451e+09   
BC-077   +9.978608e+00   +3.389137e-04 +3.751965e-06 +3.050006e-03 +3.758589e-03 -8.343421e+00 +1.224933e+02 -4.817945e+04 -1.103760e+05 +3.935643e+04 -5.170949e+08 +2.422992e+10 -1.986980e+11   +8.057271e-08 -9.470182e-06 +1.166266e-04 +3.805872e-03 +2.991339e-01 -8.851391e+00 +1.440311e+03 -1.277536e+05 -1.261227e+06 -4.625742e+08 -1.733343e+10 -2.027597e+11   
BC-078   +9.980454e+00   +3.393419e-04 +9.740621e-07 +2.925748e-03 +7.842355e-03 -7.820145e+00 +1.298974e+02 -4.748133e+04 -3.045842e+04 -1.273790e+06 -3.016878e+08 +6.498809e+10 +6.429480e+11   -1.561089e-07 -9.080828e-06 -3.936683e-05 -1.685247e-03 +2.483845e-01 -1.764562e+01 -6.186089e+02 +4.706215e+04 +2.122424e+06 +1.463547e+08 +2.378625e+09 -5.610874e+11   
BC-079   +9.978115e+00   +3.393905e-04 -5.494789e-07 +2.738869e-03 +9.199911e-03 -7.841867e+00 +1.264127e+02 -4.792517e+04 -5.602942e+03 -1.026303e+05 -3.003531e+08 +6.006811e+10 +1.367821e+11   -1.353289e-07 -9.160648e-06 +4.723275e-05 +1.299347e-03 +1.875093e-01 -4.102158e+00 -4.940718e+02 +7.588604e+03 +2.510471e+04 -4.231995e+07 -4.192539e+08 -7.012375e+10   
BC-080   +9.976315e+00   +3.389247e-04 +4.054836e-06 +2.932833e-03 +1.193277e-02 -7.587106e+00 +1.524625e+02 -4.694270e+04 -1.115032e+04 +3.825120e+06 -2.692893e+08 +6.747086e+10 +4.931639e+11   -9.994172e-08 -1.351258e-05 -7.978921e-05 -2.384406e-03 -9.831941e-02 -3.041738e+01 -4.223214e+02 -3.878421e+04 +4.096464e+06 +1.542269e+08 +8.213443e+09 -2.080925e+11   
BC-081   +9.979743e+00   +3.392878e-04 -4.002894e-06 +3.053412e-03 +9.564780e-03 -7.708172e+00 +1.099237e+02 -4.897769e+04 -8.665457e+04 +2.425661e+06 -9.778866e+07 +5.751197e+10 +8.741626e+11   -1.853340e-07 -1.365709e-05 +3.621008e-05 -4.592181e-03 -7.785347e-02 -2.961842e+01 -8.991644e+02 -1.753700e+04 +3.014594e+06 -7.674670e+07 -1.079939e+10 -2.334574e+11   
BC-082   +9.976669e+00   +3.414260e-04 -2.251220e-06 +3.076376e-03 +8.702007e-03 -8.004936e+00 +1.688268e+02 -4.806286e+04 +2.229107e+04 -8.975361e+05 -3.449857e+08 +6.393918e+10 +6.984834e+11   -9.711030e-08 -1.202330e-05 +2.685459e-05 +7.464070e-04 -9.107399e-02 -1.475583e+01 -2.171119e+02 -1.714967e+04 +1.531112e+05 -9.397691e+07 -5.193613e+09 +2.046376e+11   
BC-083   +9.977160e+00   +3.397527e-04 +1.187289e-06 +2.838901e-03 +5.718023e-03 -8.587578e+00 +1.440197e+02 -5.179211e+04 +5.059860e+04 -6.711126e+06 -5.540059e+08 +6.320056e+10 -9.795258e+11   -2.243319e-07 -6.250825e-06 +9.254150e-05 +3.897894e-03 +2.350214e-01 -4.067961e+01 -2.681812e+02 -6.914538e+04 -4.114290e+06 -1.495360e+08 +1.557920e+10 +8.978910e+11   
BC-084   +9.978731e+00   +3.396288e-04 -5.014676e-07 +2.983691e-03 +8.854980e-03 -8.034414e+00 +1.645920e+02 -4.819752e+04 -1.076693e+04 +9.786705e+05 -3.314374e+08 +6.060021e+10 +1.870434e+11   +2.340258e-07 -1.007728e-05 +9.207936e-05 +6.506931e-04 +1.049884e-01 +3.957189e+00 -4.127768e+02 +2.020743e+04 +4.182597e+04 +5.811918e+07 +2.279481e+09 +1.768343e+11   
