# multipoles are divided by excitation current and units are [T], [m] and [A]
# harmonics (dipole n=0): 00 01 02 03 04 05 06 07 08 09 10 11 
# MAG_LABEL   CURRENT[A]   <NORMAL_MULTIPOLES/CURRENT>[T/m^(n-1)/A]   <SKEW_MULTIPOLES/CURRENT>[T/m^(n-1)/A]
BC-001   -6.998983e+00   +3.352216e-04 -3.273076e-05 +4.278086e-03 +1.505187e-02 -7.795997e+00 +1.132179e+02 -4.900893e+04 -9.730464e+04 -1.766354e+06 -1.370671e+08 +6.698682e+10 +3.525168e+11   +9.547554e-07 -2.511568e-05 -4.592273e-04 +1.064711e-02 -2.652794e-01 +4.395862e+01 +3.994023e+03 -5.034801e+04 +5.965860e+05 +2.641367e+07 +5.968660e+09 -7.209746e+11   
BC-002   -6.999800e+00   +3.347750e-04 -1.855633e-05 +4.399210e-03 +1.790398e-02 -7.890513e+00 +8.501014e+01 -4.773904e+04 -1.403054e+03 -3.671271e+06 -3.551450e+08 +6.947623e+10 +2.633290e+11   +7.373625e-07 -3.176445e-05 -1.979591e-04 +1.299616e-02 -4.700257e-01 +5.591541e+01 +4.303532e+03 -6.893294e+04 -1.563980e+06 +8.019879e+07 +2.480859e+09 -1.512656e+11   
BC-003   -7.000138e+00   +3.353444e-04 -7.223140e-06 +4.025141e-03 +2.752287e-02 -7.849082e+00 +9.318488e+01 -4.719994e+04 -7.949059e+04 +2.028546e+06 -4.375544e+08 +7.939043e+10 -2.157492e+11   +6.291285e-07 -1.391339e-05 -4.800738e-04 +1.564719e-03 -5.925645e-01 +3.403736e+01 +5.054703e+03 -5.025374e+04 -4.079307e+06 +3.850771e+08 -1.597517e+10 +8.674332e+11   
BC-004   -7.000510e+00   +3.343184e-04 -3.197351e-05 +4.035170e-03 +1.557725e-02 -7.733832e+00 +1.045763e+02 -4.898573e+04 -4.609954e+04 -2.982776e+06 -4.513955e+08 +6.142024e+10 -8.453777e+11   +8.699130e-07 -1.887564e-05 -4.310920e-04 +1.220766e-02 -4.977744e-01 +4.072212e+01 +4.437928e+03 +2.786608e+04 +1.261474e+06 -6.436971e+07 +1.437668e+09 +9.299155e+10   
BC-005   -7.000620e+00   +3.355698e-04 -1.645737e-05 +4.318943e-03 +2.559232e-02 -7.491304e+00 +1.042725e+02 -4.818425e+04 -1.638362e+04 -3.215362e+06 -4.296131e+08 +6.917624e+10 +3.176230e+11   +1.226856e-06 -1.485711e-05 -1.632670e-04 +1.360483e-02 -3.063941e-01 +4.364255e+01 +3.340078e+03 -7.233586e+04 -4.437991e+06 +1.280927e+07 +4.543402e+09 +1.385101e+11   
BC-006   -7.002645e+00   +3.351454e-04 -3.747443e-05 +4.212365e-03 -8.284745e-03 -6.931167e+00 +1.746437e+02 -4.101862e+04 +3.957103e+05 +1.106949e+07 -1.117169e+09 +1.030473e+11 -1.455931e+12   +8.163718e-07 -9.499512e-06 -6.621745e-05 +2.482925e-02 +1.950731e+00 +9.547630e+01 -2.304826e+03 -1.982951e+05 -3.182456e+07 -1.616635e+09 -5.483625e+10 -2.626123e+12   
BC-007   -7.000423e+00   +3.358407e-04 -2.886836e-05 +4.359058e-03 +2.251158e-02 -6.834576e+00 +9.473912e+01 -4.321872e+04 +9.528630e+04 +6.540758e+06 -2.784883e+08 +8.526608e+10 +4.715912e+12   +9.315051e-07 -1.486613e-05 +2.377918e-04 +1.345010e-02 +1.634217e+00 -1.224454e+02 +2.140885e+03 -1.423962e+05 -1.145665e+07 +5.237526e+08 -6.286563e+10 -2.462311e+12   
BC-008   -7.000281e+00   +3.357160e-04 -3.173978e-05 +4.668960e-03 -1.774102e-02 -7.898814e+00 +5.828627e+01 -4.746092e+04 +7.755413e+04 -3.859566e+06 +2.319855e+08 +5.118459e+10 -3.801733e+11   +9.687364e-07 -1.305278e-05 -5.212055e-04 -4.994721e-03 -1.556268e-01 -5.107641e+01 +5.206011e+03 -5.117000e+05 -9.522292e+06 -8.223537e+08 -2.236750e+10 -7.403690e+11   
BC-009   -7.001002e+00   +3.409642e-04 -3.878659e-05 +3.087207e-03 -3.047732e-03 -7.769328e+00 +8.345778e+01 -4.789924e+04 -5.108060e+04 +7.052585e+06 -6.342466e+08 +6.024805e+10 -2.867247e+11   +1.012036e-06 -2.019402e-05 -3.486501e-04 +1.422224e-02 -1.053846e+00 +4.597149e+01 +2.357743e+03 -7.570228e+04 +4.576929e+05 +1.170847e+08 -2.488668e+10 -1.364942e+10   
BC-010   -7.000180e+00   +3.423562e-04 -4.406535e-05 +3.055733e-03 +1.323101e-02 -7.784380e+00 +9.080768e+01 -4.786764e+04 -3.891674e+04 -2.044073e+06 -3.232370e+08 +6.209652e+10 +4.275756e+11   +8.022155e-07 -2.028809e-05 -2.960692e-04 +1.918834e-02 -5.797505e-01 +7.385674e+01 +4.336226e+03 -6.820886e+04 -2.226587e+06 -1.621974e+08 -7.304649e+09 +6.693912e+09   
BC-011   -7.000529e+00   +3.428687e-04 -4.024640e-05 +2.730347e-03 +1.140407e-02 -7.611782e+00 +8.366603e+01 -4.718283e+04 -5.973969e+04 +1.721288e+06 -4.792618e+08 +5.893429e+10 -1.675636e+11   +1.209689e-06 -1.713175e-05 -4.613279e-04 +7.886110e-03 -8.099598e-01 +3.566675e+01 +4.864895e+03 -4.711780e+04 -3.743256e+06 -3.790724e+08 -8.184377e+09 +6.764633e+11   
BC-012   -7.003901e+00   +3.420084e-04 -3.842354e-05 +2.315829e-03 +5.604567e-02 -8.468503e+00 +1.448393e+02 -4.747626e+04 -1.238882e+05 +4.134263e+06 +5.704572e+07 +7.846033e+10 -2.679690e+11   +1.559652e-06 -9.922595e-06 +4.656131e-04 +8.448764e-03 +8.986662e-01 +5.685302e-01 +2.490835e+03 -3.324599e+05 +9.131198e+05 -1.194335e+09 -4.098132e+09 -1.537242e+12   
BC-013   -7.000204e+00   +3.424760e-04 -3.307812e-05 +2.738403e-03 +1.823561e-02 -7.621981e+00 +1.048330e+02 -4.878124e+04 +9.052068e+03 -3.901475e+06 -5.908438e+08 +6.971293e+10 +3.836861e+11   +9.065994e-07 -7.809460e-06 -5.212342e-04 +1.594181e-02 -4.608997e-01 +3.573073e+01 +4.792106e+03 -6.276409e+04 -3.195743e+06 -5.417291e+07 +8.838724e+09 -1.615850e+11   
BC-014   -7.000628e+00   +3.421030e-04 -4.193110e-05 +3.081348e-03 +2.169550e-02 -7.978518e+00 +9.312177e+01 -4.876114e+04 -1.533792e+04 -2.861389e+06 -4.534135e+08 +6.798747e+10 -7.465590e+10   +1.255675e-06 -9.146531e-06 -3.512818e-04 +1.065068e-02 -3.971211e-01 +4.936211e+01 +3.421656e+03 -1.251222e+05 -2.804733e+06 -1.874318e+07 +4.836153e+08 -4.241475e+11   
BC-015   -7.000463e+00   +3.409389e-04 -2.482114e-05 +3.384295e-03 +1.975952e-02 -7.949960e+00 +1.216350e+02 -4.883034e+04 -9.789050e+03 -3.763027e+06 -3.532248e+08 +7.075281e+10 +4.694277e+11   +8.565989e-07 -1.692141e-05 -3.398532e-04 +1.521231e-02 -2.003483e-01 +3.834111e+01 +3.382609e+03 -5.063811e+04 -8.143329e+05 -3.534106e+07 -6.371971e+09 -2.710241e+10   
BC-016   -7.000450e+00   +3.415353e-04 -3.099274e-05 +3.039786e-03 +2.006105e-02 -7.951195e+00 +8.500708e+01 -4.799069e+04 +5.532894e+03 -3.059286e+06 -5.612688e+08 +7.142825e+10 +5.639789e+11   +7.853211e-07 -2.534747e-05 -4.932371e-04 +1.127190e-02 -2.195803e-01 +4.785675e+01 +4.873014e+03 -5.452585e+04 -1.790838e+06 +7.712333e+05 -4.652517e+09 +3.729737e+10   
BC-017   -7.000140e+00   +3.425174e-04 -2.851394e-05 +2.692115e-03 +2.765475e-02 -7.803037e+00 +1.193959e+02 -4.920950e+04 +2.007331e+04 -8.927181e+04 -4.588868e+08 +6.589715e+10 +4.456918e+11   +1.007269e-06 -2.342400e-05 -4.873101e-04 +1.499639e-02 -5.925779e-01 +1.679486e+01 +3.703125e+03 -4.831038e+04 -3.197570e+06 -7.375792e+07 +5.297588e+09 -2.579464e+11   
BC-018   -6.998278e+00   +3.427239e-04 -3.620241e-05 +2.682418e-03 +2.344697e-02 -6.555474e+00 +1.086744e+02 -4.373074e+04 +1.191513e+05 +7.446632e+06 +1.381892e+08 +5.560348e+10 -1.654497e+12   +7.912212e-07 -2.781330e-05 -7.498810e-04 -1.043287e-02 -1.097634e+00 +1.185940e+02 +2.226229e+03 +3.630475e+05 +2.334093e+06 +3.636237e+08 +1.466056e+10 +1.176364e+12   
BC-019   -6.998544e+00   +3.411700e-04 -3.872657e-05 +3.464171e-03 -3.974474e-02 -8.020211e+00 -2.932294e+00 -4.933773e+04 -1.870992e+05 -1.710141e+07 +6.273985e+08 +2.426355e+10 +2.300991e+12   +8.763980e-07 -2.629600e-05 -6.462839e-04 +1.201175e-02 -9.867988e-01 -6.276450e+01 +2.249858e+03 -5.910285e+05 -1.750487e+07 -1.119889e+09 -2.214805e+10 -9.672876e+11   
BC-020   -7.000005e+00   +3.420155e-04 -3.463262e-05 +3.181412e-03 +3.395006e-02 -8.462735e+00 +7.133135e+01 -4.890349e+04 -5.533110e+04 +2.166924e+06 -1.373587e+08 +5.811764e+10 +1.094094e+12   +1.422559e-06 -5.235221e-06 +2.087956e-04 +5.144381e-03 +3.526206e-01 +3.477035e+01 +4.044906e+03 -6.260028e+04 -1.275701e+07 -6.622600e+08 -1.176847e+10 -1.644280e+11   
BC-021   -7.001224e+00   +3.418507e-04 -3.416817e-05 +2.856695e-03 +2.658884e-02 -7.663039e+00 +9.333464e+01 -4.762913e+04 -3.440373e+04 -5.114731e+05 -4.418537e+08 +7.958317e+10 -6.074245e+11   +8.961107e-07 -1.478194e-05 +6.034446e-06 +8.429118e-03 -1.163519e+00 +1.021252e+02 +3.688269e+03 -1.588072e+02 +1.626344e+06 -1.943179e+07 +6.371206e+08 -3.204730e+11   
BC-022   -6.999933e+00   +3.410633e-04 -4.943573e-05 +3.021180e-03 +1.519487e-02 -8.656171e+00 +1.301999e+02 -4.823009e+04 -1.182719e+04 +5.974246e+06 -3.459540e+08 +5.782678e+10 +3.443076e+11   +1.309745e-06 -4.356496e-06 -7.151314e-04 +8.297591e-03 -7.133977e-01 +2.609544e+01 +4.585480e+03 -9.483325e+04 +6.890123e+06 -6.275821e+07 -1.709736e+10 -2.380137e+11   
BC-023   -7.000246e+00   +3.406999e-04 -4.859742e-05 +2.772788e-03 +2.875466e-02 -9.641870e+00 +1.289698e+02 -5.190840e+04 -1.765391e+03 -2.006162e+06 -2.084798e+08 +4.562114e+10 +1.087565e+12   +1.287588e-06 -1.586401e-05 -5.869135e-04 +4.576713e-03 -3.713508e-02 +1.725012e+01 +5.760879e+03 +1.648936e+05 -7.833703e+06 +2.201985e+08 +8.768198e+09 +7.194127e+11   
BC-024   -7.000012e+00   +3.417820e-04 -3.678211e-05 +3.247926e-03 +1.862821e-02 -7.876391e+00 +1.093334e+02 -4.893623e+04 +3.150386e+04 -1.886848e+06 -4.325631e+08 +6.385942e+10 -3.608152e+11   +9.242347e-07 -3.209039e-05 -6.056007e-04 -2.396299e-03 -1.462335e-01 +3.208297e+01 +4.603011e+03 +2.667714e+04 -4.387221e+06 -1.836621e+08 -5.342632e+09 +3.065449e+11   
BC-025   -7.000019e+00   +3.412259e-04 -4.249487e-05 +2.972748e-03 +2.801612e-02 -7.588681e+00 +1.342678e+02 -4.793323e+04 -4.344554e+02 -3.479398e+06 -4.927394e+08 +7.319697e+10 +4.229309e+11   +1.469782e-06 -1.338686e-05 -3.124933e-04 +2.614643e-02 -5.773730e-01 +4.446121e+01 +3.789121e+03 -1.333250e+05 -5.193439e+06 -3.606986e+07 +4.699784e+09 -2.259010e+11   
BC-026   -6.999914e+00   +3.406253e-04 -4.415280e-05 +3.215541e-03 +1.636734e-02 -7.886161e+00 +1.106822e+02 -4.726467e+04 -8.032936e+04 +2.535530e+03 -3.815910e+08 +5.651717e+10 +7.126856e+10   +1.308289e-06 -9.117351e-06 -3.163190e-04 +1.052176e-02 -1.893669e-01 +5.833923e+01 +4.511855e+03 -1.524873e+04 -6.914356e+05 -5.025929e+07 -7.792007e+09 -2.935487e+11   
BC-027   -7.000446e+00   +3.417068e-04 -4.699778e-05 +3.210474e-03 +2.740331e-02 -7.658089e+00 +1.115253e+02 -4.824018e+04 -4.678885e+04 -2.374593e+06 -4.827227e+08 +6.460026e+10 +6.242268e+11   +9.874324e-07 -1.343903e-05 -4.938828e-04 +1.236297e-02 -1.598241e-01 +4.925016e+01 +3.972134e+03 -4.665790e+04 -2.922120e+06 +5.633411e+07 -3.949213e+09 +1.947300e+11   
BC-028   -7.000581e+00   +3.411623e-04 -4.511158e-05 +3.133398e-03 +2.548051e-02 -7.703578e+00 +1.189373e+02 -4.901966e+04 -5.926905e+04 -1.187415e+06 -3.442644e+08 +6.544301e+10 +2.829145e+10   +1.108648e-06 -3.352839e-05 -6.640632e-04 +1.617763e-02 -6.356037e-01 +3.659061e+01 +5.076784e+03 -1.203378e+05 +1.627158e+06 -1.762138e+08 +1.056468e+10 -5.893038e+11   
BC-029   -7.000643e+00   +3.415302e-04 -6.292018e-05 +2.933088e-03 +1.830726e-02 -8.016769e+00 +1.043215e+02 -4.807357e+04 +8.308628e+03 -3.308273e+06 -3.742075e+08 +5.185844e+10 -5.096016e+11   +1.001939e-06 -1.921926e-05 -3.598958e-04 +1.150724e-02 -5.022621e-01 +3.917166e+01 +3.827163e+03 -8.776450e+03 -3.108186e+05 -1.622602e+08 -7.343731e+09 -4.661339e+11   
BC-030   -6.999561e+00   +3.414480e-04 -3.518165e-05 +2.877249e-03 +2.638514e-02 -8.195694e+00 +1.364596e+02 -4.910367e+04 -2.010115e+04 -2.295773e+06 -4.599784e+08 +6.396165e+10 -2.352950e+11   +9.704259e-07 -2.071879e-05 -7.756394e-04 +1.196878e-02 -7.036877e-01 +2.622739e+01 +3.830972e+03 -1.014593e+05 -1.866304e+06 -1.612105e+07 -1.202521e+10 -3.360534e+11   
BC-031   -7.000960e+00   +3.410062e-04 -3.286475e-05 +3.172463e-03 +3.151601e-02 -7.882903e+00 +1.356349e+02 -4.810665e+04 +1.394360e+04 -2.658892e+06 -5.073624e+08 +6.818518e+10 +2.664496e+11   +1.121969e-06 -2.122082e-05 -4.934168e-04 +5.837259e-03 -4.355441e-01 +3.001733e+01 +3.644959e+03 -6.902263e+04 -3.067568e+06 -1.741026e+08 -4.137565e+08 -3.568813e+11   
BC-032   -7.001078e+00   +3.403663e-04 -3.159428e-05 +3.364326e-03 +1.998884e-02 -7.923644e+00 +1.217506e+02 -4.738205e+04 -7.911776e+04 -2.629088e+06 -3.864388e+08 +6.517168e+10 -1.815129e+11   +1.564670e-05 -2.149933e-05 -2.038773e-04 +7.942601e-03 -1.779260e+00 +8.033286e+01 -1.039081e+04 -9.587008e+03 -2.418713e+06 -8.322744e+06 +2.599113e+10 +2.132599e+11   
BC-033   -6.999387e+00   +3.424180e-04 -4.927520e-05 +3.091812e-03 -9.741683e-04 -6.519067e+00 +7.754765e+01 -4.813377e+04 +1.279983e+04 -2.033825e+07 -5.520422e+08 +5.786361e+10 +4.625871e+11   +9.940903e-07 -2.188054e-05 -1.614303e-04 +2.017755e-02 +9.993844e-01 +3.734670e+01 -1.590949e+03 +2.475688e+05 -7.371431e+06 +2.577683e+08 -5.568762e+09 -1.796286e+11   
BC-034   -7.000123e+00   +3.418089e-04 -2.889398e-05 +2.725549e-03 +2.154842e-02 -8.996408e+00 +1.654054e+02 -5.095032e+04 +3.283359e+05 +8.334178e+05 +4.481277e+08 +6.472789e+10 -7.030128e+11   +8.268569e-07 -1.912005e-05 -2.497769e-04 +9.056101e-03 -8.242249e-01 -6.738909e+01 -8.337231e+02 +2.730029e+04 +1.538709e+07 +9.045518e+08 +4.893563e+10 -3.643339e+12   
BC-035   -6.998813e+00   +3.416719e-04 -3.505650e-05 +2.720867e-03 +1.547385e-02 -8.644926e+00 +1.781599e+02 -5.062411e+04 +2.875332e+05 +3.014921e+06 -1.540454e+09 +9.726664e+10 -3.864775e+12   +1.336074e-06 -1.093128e-05 +3.712435e-04 +3.029144e-02 +9.646649e-01 -1.170813e+01 +3.874831e+02 +1.252760e+05 +6.275374e+06 +1.290191e+08 +2.001205e+10 -5.679739e+10   
BC-036   -6.998926e+00   +3.424845e-04 -4.505346e-05 +2.742815e-03 +2.162513e-02 -7.863704e+00 +2.594548e+02 -5.979843e+04 -4.597252e+04 -1.093056e+07 -1.132395e+09 +1.466284e+11 +1.057325e+12   +1.176775e-06 -3.082169e-05 +3.122872e-04 +3.695463e-02 +2.992396e+00 +7.123296e+01 -3.167645e+03 -2.559523e+05 -2.108332e+07 -2.019930e+07 -2.262347e+10 -2.568936e+12   
BC-037   -6.998690e+00   +3.410094e-04 -2.776348e-05 +2.765582e-03 +1.850051e-02 -8.374051e+00 +1.382396e+02 -5.052437e+04 -3.057872e+05 +1.046662e+07 -4.141452e+08 +1.377821e+11 +7.687580e+11   +1.085870e-06 -1.730009e-05 +7.811645e-05 +1.765133e-02 +1.094436e+00 +1.430322e+02 -8.370044e+02 +1.591312e+05 +8.921194e+06 +9.428769e+08 +3.189813e+10 -7.302641e+11   
BC-038   -7.001155e+00   +3.417718e-04 -4.535779e-05 +2.776315e-03 +2.068740e-02 -9.921883e+00 +2.624066e+02 -5.377254e+04 +3.216566e+05 +2.979997e+06 +1.881031e+07 +8.159261e+10 +1.214510e+12   +6.745077e-07 -2.212663e-05 -5.238764e-04 +2.064614e-02 +3.272367e-01 +1.957063e+01 +9.149956e+01 +1.016925e+05 +1.412663e+07 +7.443402e+08 +1.347818e+10 +1.928039e+12   
BC-039   -6.999768e+00   +3.416475e-04 -3.069193e-05 +2.863089e-03 +1.705957e-02 -7.671524e+00 +1.467663e+02 -4.929288e+04 -3.541162e+04 +4.543211e+06 -3.626382e+08 +6.659898e+10 -4.368370e+10   +8.930559e-07 -2.443462e-05 -4.526647e-04 +9.967173e-03 +5.635114e-01 +3.089808e+00 -9.759571e+02 +1.655112e+04 +1.956976e+06 +6.578087e+07 +5.929909e+08 -1.679389e+11   
BC-040   -6.999808e+00   +3.415999e-04 -4.530591e-05 +2.975322e-03 +1.057068e-02 -8.001287e+00 +1.631156e+02 -4.954640e+04 -3.127760e+04 +1.244554e+06 -6.000859e+08 +5.843907e+10 +4.501539e+11   +1.468456e-06 -1.928394e-05 -3.451465e-04 +1.418123e-02 +5.458838e-01 +1.867488e+01 -7.700978e+02 -2.490425e+04 +1.828524e+06 +3.405433e+07 +1.012512e+10 -3.127987e+10   
BC-041   -6.999997e+00   +3.420066e-04 -3.176829e-05 +2.849757e-03 +6.006577e-03 -7.905429e+00 +1.352042e+02 -4.858764e+04 -8.873390e+04 +2.108369e+06 -4.557173e+08 +7.349945e+10 -3.610093e+11   +1.169955e-06 -1.308602e-05 -3.244611e-04 +4.612016e-03 +4.266539e-01 -1.026370e+01 +2.503428e+01 -4.205026e+04 +4.314250e+06 +1.529856e+08 +1.028471e+10 -3.013461e+11   
BC-042   -7.000246e+00   +3.410664e-04 -2.042257e-05 +2.980600e-03 +1.662936e-02 -7.975693e+00 +1.658442e+02 -4.877784e+04 -1.426952e+04 +3.784451e+06 -3.625268e+08 +6.425761e+10 -1.513361e+11   +1.078916e-06 -2.699307e-05 -4.912395e-04 +1.353154e-02 +3.523688e-01 +2.586538e+00 -1.209283e+02 -4.264444e+04 +1.737522e+06 +2.271110e+06 -1.936198e+09 -3.653753e+11   
BC-043   -7.000290e+00   +3.419397e-04 -2.828874e-05 +2.905382e-03 +1.802248e-02 -7.986049e+00 +1.632667e+02 -4.926863e+04 +8.874682e+03 +1.582622e+06 -3.517480e+08 +6.012035e+10 +1.307733e+11   +1.145939e-06 -2.401079e-05 -2.415343e-04 +2.481590e-03 +4.745463e-01 +6.063189e+00 -5.256262e+02 -4.148091e+04 -2.091315e+06 +3.906178e+07 +2.565091e+09 +5.093963e+11   
BC-044   -6.999655e+00   +3.414564e-04 -3.294009e-05 +3.000306e-03 +1.547885e-02 -8.179927e+00 +1.616743e+02 -5.038425e+04 +4.563671e+04 -1.231109e+05 -4.069218e+08 +6.554587e+10 -6.043322e+11   +1.136339e-06 -1.360705e-05 -3.716077e-04 +2.611394e-03 +4.926573e-01 +1.282543e+00 -1.317886e+03 -6.069975e+04 +1.720849e+06 +2.108753e+08 +1.142967e+10 +8.102102e+11   
BC-045   -7.000697e+00   +3.410052e-04 -3.012122e-05 +2.874168e-03 +2.389078e-02 -8.118289e+00 +1.822661e+02 -4.922448e+04 +3.604938e+04 +2.392270e+06 -4.313146e+08 +6.041594e+10 +4.327095e+11   +1.190444e-06 -2.794275e-05 -1.572126e-04 +6.816421e-03 +6.250713e-01 +1.353413e+01 +6.013068e+02 -2.915138e+04 -1.713171e+06 -1.502689e+08 -7.699948e+09 -5.708369e+11   
BC-046   -6.999576e+00   +3.409819e-04 -2.439482e-05 +3.022272e-03 +1.767334e-02 -7.751261e+00 +1.505613e+02 -4.915502e+04 -8.571051e+02 +3.791475e+06 -3.368024e+08 +6.090553e+10 +3.650841e+10   +1.029115e-06 -2.351044e-05 -2.343495e-04 +7.030337e-03 +3.835861e-01 +6.981187e+00 +7.234567e+02 -2.660394e+04 +1.061398e+06 -2.991073e+07 -4.985202e+09 +1.892918e+11   
BC-047   -6.999808e+00   +3.412781e-04 -3.061564e-05 +2.801640e-03 +1.482129e-02 -7.967923e+00 +1.429406e+02 -5.150416e+04 -5.025872e+04 +7.823117e+04 -4.988743e+08 +5.369339e+10 -1.604795e+11   +8.872018e-07 -3.719799e-05 -2.273295e-04 +1.206072e-02 +5.018793e-01 -2.360790e+00 -4.111824e+02 -1.070613e+05 +9.474598e+05 -1.850681e+08 +6.184454e+09 +1.267986e+11   
BC-048   -7.000125e+00   +3.413115e-04 -3.701374e-05 +2.956770e-03 +2.037546e-02 -8.286568e+00 +1.572773e+02 -4.955606e+04 -6.562026e+04 +4.234874e+06 -6.166177e+08 +6.485647e+10 +6.970587e+10   +1.528441e-06 -2.894198e-05 -2.231412e-05 +1.851263e-02 +8.506874e-01 +1.699098e+01 +4.836506e+02 -8.911878e+04 +2.359806e+06 +9.930434e+07 -1.601693e+10 -3.959269e+11   
BC-049   -7.000266e+00   +3.415444e-04 -3.438749e-05 +2.920020e-03 +2.336467e-02 -8.026129e+00 +2.156835e+02 -4.974768e+04 +5.651625e+04 -7.403819e+06 -1.284392e+09 +5.445770e+10 -2.064407e+12   +1.555327e-06 -3.094234e-05 -2.795471e-04 +1.982532e-02 -5.784892e-01 +5.599734e+01 -1.920403e+03 +2.725354e+04 +7.487078e+06 +1.165220e+07 +2.493244e+10 +1.787005e+10   
BC-050   -6.999460e+00   +3.415321e-04 -4.402152e-05 +2.611911e-03 +9.842868e-03 -8.074319e+00 +1.593144e+02 -4.952308e+04 +2.090608e+04 +9.826311e+05 -4.977317e+08 +5.923301e+10 -7.846032e+11   +1.123528e-06 -1.928280e-05 -3.233532e-04 +1.296518e-02 +5.098042e-01 +3.484933e+01 -8.934684e+02 -1.855625e+04 -1.268202e+06 -5.988493e+07 -1.230708e+08 +1.171393e+09   
BC-051   -7.000037e+00   +3.405582e-04 -4.570177e-05 +3.169596e-03 +1.400812e-02 -8.086274e+00 +1.546845e+02 -4.849313e+04 +5.140991e+04 +1.718697e+06 -4.313719e+08 +7.087241e+10 +3.836743e+11   +1.163525e-06 -2.882473e-05 -3.405626e-04 +7.532707e-03 +8.635429e-01 +2.152616e+01 -6.619559e+02 -3.046267e+04 -8.560825e+05 +3.513673e+07 -8.928700e+08 -2.047355e+11   
BC-052   -6.999877e+00   +3.417260e-04 -5.728321e-05 +3.277703e-03 +1.190878e-02 -7.931637e+00 +1.280823e+02 -5.093205e+04 +8.331655e+04 -2.276397e+04 -3.022530e+08 +4.938431e+10 -8.872962e+11   +1.429825e-06 -2.304350e-05 -5.629642e-04 +1.095617e-02 +8.908801e-01 -2.185468e+01 +2.700870e+03 +1.276658e+05 -2.295712e+06 -1.190268e+08 -1.564205e+09 +1.882242e+11   
BC-053   -6.998847e+00   +3.409754e-04 -3.472240e-05 +3.233211e-03 +1.606260e-02 -7.712890e+00 +1.469536e+02 -5.011455e+04 -1.213944e+04 +2.026847e+06 -2.951113e+08 +6.766416e+10 +8.974138e+10   +1.534168e-06 -1.859092e-05 -8.068135e-05 +1.319966e-02 +5.291453e-01 +1.006921e+01 -5.537916e+02 -5.575458e+04 +5.275993e+05 -4.236496e+07 +5.848550e+09 -3.501698e+10   
BC-054   -7.000261e+00   +3.419777e-04 -4.458542e-05 +2.972429e-03 +1.670369e-02 -8.268380e+00 +1.599740e+02 -4.879687e+04 +6.575222e+04 +4.948764e+06 -3.770179e+08 +6.301051e+10 +3.612657e+11   +1.089325e-06 -2.435646e-05 -1.956250e-04 +2.347071e-03 +4.861612e-01 +1.946625e+01 -5.845082e+02 -3.856365e+04 +1.149235e+06 +2.420621e+07 -3.287250e+09 -4.465559e+11   
BC-055   -7.000266e+00   +3.406855e-04 -5.397673e-05 +3.011878e-03 +1.625451e-02 -7.996666e+00 +1.260875e+02 -4.971500e+04 -1.662853e+04 +4.144620e+06 -1.815375e+08 +6.828018e+10 -2.432840e+11   +6.011269e-07 -3.681162e-05 -6.143885e-04 +1.077318e-02 +1.721609e-01 +8.660445e+00 +5.676847e+01 -7.233332e+04 +3.829502e+06 +8.365354e+07 -6.121257e+08 -5.973199e+10   
BC-056   -7.000342e+00   +3.410378e-04 -4.964699e-05 +3.006865e-03 +1.474471e-02 -7.988471e+00 +1.481205e+02 -4.967584e+04 +1.925205e+04 +1.308361e+06 -2.827366e+08 +6.348363e+10 +3.708663e+11   +5.535877e-07 -3.164154e-05 -5.973812e-04 +1.152672e-02 +3.165585e-01 +4.473067e+00 -1.001550e+03 -1.040059e+04 +5.353486e+05 +1.024680e+07 +3.589763e+09 +1.500827e+11   
BC-057   -7.000401e+00   +3.413862e-04 -5.374131e-05 +2.881062e-03 +1.032499e-02 -8.243913e+00 +1.550747e+02 -4.964387e+04 +2.171473e+04 +3.247453e+06 -5.099171e+08 +6.881212e+10 -2.048374e+11   +8.610701e-07 -2.442557e-05 -3.763676e-04 -5.802909e-04 +3.988916e-01 -1.654931e+00 -2.391590e+02 -4.281582e+04 -3.170231e+05 +2.249860e+07 -3.338546e+09 +7.961183e+10   
BC-058   -7.000886e+00   +3.414338e-04 -2.658868e-05 +3.126273e-03 +3.378635e-02 -8.151503e+00 +1.425792e+02 -4.897034e+04 +7.721798e+03 -1.748240e+06 -3.896147e+08 +6.016983e+10 +3.823405e+11   +1.093426e-06 -3.119911e-05 -6.679895e-04 +7.871355e-03 +4.958755e-01 +1.211665e+01 -6.133014e+02 -4.271732e+04 +4.876673e+05 -9.022914e+07 -7.853122e+08 -1.838426e+11   
BC-059   -6.998660e+00   +3.409290e-04 -3.033554e-05 +2.873952e-03 +1.816619e-02 -7.352593e+00 +1.263886e+02 -4.857118e+04 +6.837135e+04 +1.890592e+06 -5.095907e+08 +5.528373e+10 +4.738610e+11   +1.202995e-06 -2.264654e-05 -4.513060e-04 +1.131710e-02 +6.911409e-01 -1.228915e+01 -1.165343e+03 -5.622148e+04 +2.696292e+06 -1.166109e+08 +9.016230e+09 -9.840512e+10   
BC-060   -7.000285e+00   +3.411688e-04 -2.557807e-05 +2.790351e-03 +1.387499e-02 -7.880015e+00 +1.459578e+02 -4.644122e+04 +4.393641e+04 +1.204359e+06 +2.259505e+07 +5.163668e+10 -2.786298e+11   +7.501625e-07 -3.645386e-05 -3.414017e-04 +9.852249e-03 -1.363966e-01 +2.546376e+01 +1.958840e+02 -1.633212e+05 -1.696825e+06 -2.649188e+08 -6.838409e+09 +4.206264e+11   
BC-061   -7.000187e+00   +3.418569e-04 -4.753927e-05 +2.885497e-03 +1.554926e-02 -7.704486e+00 +1.453553e+02 -4.942772e+04 -3.375498e+04 +4.459682e+06 -2.935526e+08 +5.797491e+10 -7.117397e+10   +7.923958e-07 -2.359701e-05 -4.518646e-04 +6.641741e-03 +1.948252e-01 +4.960802e+00 -3.440537e+02 -3.345051e+04 +1.217828e+06 -7.724478e+07 +1.353786e+10 -2.971603e+11   
BC-062   -7.000116e+00   +3.410341e-04 -4.872069e-05 +2.849257e-03 +1.886604e-02 -8.085203e+00 +1.542684e+02 -4.826749e+04 -5.335303e+04 +3.551688e+06 -4.461547e+08 +6.424606e+10 -1.050454e+11   +1.514398e-06 -2.863370e-05 -4.178692e-04 +1.668112e-02 +4.440998e-01 -1.798743e+00 -1.211290e+03 -4.301169e+04 +1.817546e+06 +2.065816e+08 +1.003249e+10 -2.447231e+11   
BC-063   -7.000962e+00   +3.412038e-04 +1.763442e-05 +2.975060e-03 +1.346357e-02 -7.666801e+00 +1.225679e+02 -4.824574e+04 +1.439905e+04 +2.864856e+06 -2.977992e+08 +6.327122e+10 -2.193837e+11   +7.105065e-07 -9.817729e-06 +1.437014e-04 +3.717068e-03 +2.683814e-01 -1.612448e+01 -5.658010e+02 -8.600789e+03 -3.401480e+06 -3.345175e+07 -2.668578e+09 -1.594099e+11   
BC-064   -7.000300e+00   +3.417036e-04 +1.185596e-05 +2.985781e-03 +9.271023e-03 -7.928733e+00 +1.376778e+02 -4.853752e+04 -1.917499e+02 +3.380578e+05 -2.356830e+08 +6.488086e+10 -7.148742e+10   +8.463474e-07 -5.623795e-06 +9.566144e-05 -1.895084e-03 +1.620773e-01 -1.747631e+01 -2.595322e+02 -1.168781e+04 -8.804916e+05 +7.057546e+07 -9.640461e+08 +3.664387e+10   
BC-065   -7.000019e+00   +3.414632e-04 +2.032656e-05 +2.907745e-03 +1.171185e-02 -7.943877e+00 +1.414030e+02 -4.830873e+04 +5.876747e+03 -8.140361e+04 -2.723141e+08 +6.398313e+10 +6.889274e+10   +9.010080e-07 -1.068331e-05 +1.404333e-04 +5.100703e-03 +1.364797e-01 -5.537515e+00 -1.090922e+02 -1.474030e+04 +3.706411e+05 +5.557058e+07 +3.631574e+09 +1.490390e+11   
BC-066   -7.000180e+00   +3.416329e-04 +1.629225e-05 +2.986592e-03 +9.426943e-03 -7.932145e+00 +1.366771e+02 -4.808433e+04 -1.801285e+03 +1.587323e+06 -3.070242e+08 +6.114713e+10 -9.230516e+10   +1.034877e-06 -3.201939e-06 +1.583328e-04 -1.057854e-03 +3.925153e-01 -1.795194e+01 -1.027143e+02 +1.885200e+04 -2.190311e+06 -2.827002e+07 -2.772157e+09 -4.082106e+11   
BC-067   -6.999839e+00   +3.420304e-04 +1.235137e-05 +3.059889e-03 +5.615093e-03 -7.928792e+00 +1.239345e+02 -4.860669e+04 +2.782094e+02 +1.857870e+05 -2.984936e+08 +6.577871e+10 +6.165135e+10   +9.209493e-07 -4.141820e-06 +1.249491e-04 +5.549246e-05 +1.831635e-01 -9.171928e+00 -8.332937e+02 +4.584277e+03 +3.503913e+05 -1.617464e+06 +2.110203e+09 -1.490353e+11   
BC-068   -6.999258e+00   +3.414728e-04 +2.139131e-05 +2.946558e-03 +9.011187e-03 -8.188908e+00 +1.199332e+02 -5.002490e+04 +3.779133e+03 +4.921942e+05 -1.420644e+08 +7.219508e+10 +5.315159e+10   +5.016087e-07 -7.505663e-06 +1.622369e-04 +5.243462e-03 +2.881155e-01 -6.983252e+00 +7.563652e+02 +1.405832e+04 +3.185696e+05 +4.103642e+07 -1.669085e+10 +8.164073e+10   
BC-069   -6.999852e+00   +3.416664e-04 +2.781456e-05 +2.847470e-03 +8.073309e-03 -8.018701e+00 +1.206035e+02 -4.835182e+04 -1.766800e+04 +5.886129e+05 -2.662991e+08 +6.123922e+10 +1.292795e+11   +7.103526e-07 -4.722890e-06 +1.222106e-04 +3.467486e-03 +3.102954e-01 +9.991593e-01 -6.624523e+01 -1.520996e+04 +9.774082e+05 -1.450452e+07 +2.079233e+09 +7.404502e+10   
BC-070   -7.000256e+00   +3.413001e-04 +1.823805e-05 +2.849127e-03 +9.592912e-03 -7.946497e+00 +1.207707e+02 -4.779498e+04 -1.456660e+04 +8.013178e+05 -2.052049e+08 +6.392395e+10 +1.567600e+11   +9.741268e-07 -5.446082e-07 +1.534997e-04 +3.541199e-03 +2.841385e-01 -4.547842e+00 -5.755131e+02 +7.607349e+03 +1.294412e+06 +5.339425e+07 -1.240803e+09 -1.209163e+11   
BC-071   -6.999340e+00   +3.419295e-04 +1.511755e-05 +2.965791e-03 +1.242454e-02 -8.036383e+00 +1.562483e+02 -4.796362e+04 -8.145162e+03 +6.988459e+05 -3.164716e+08 +5.979459e+10 +1.868809e+11   +1.017489e-06 -7.876790e-06 +8.784507e-05 +3.534758e-03 +1.829224e-01 -6.079157e+00 -2.369103e+02 +8.762929e+03 -2.972223e+03 -1.813812e+07 +1.928693e+09 +6.828644e+10   
BC-072   -6.999877e+00   +3.418349e-04 +1.621058e-05 +2.970301e-03 +7.257119e-03 -7.888260e+00 +1.250318e+02 -4.847502e+04 -3.716221e+03 +2.463276e+05 -3.275162e+08 +6.233464e+10 +2.182901e+10   +6.583473e-07 -8.537650e-06 +8.450156e-05 +7.054397e-04 +2.006042e-01 -1.722147e+01 -6.788565e+02 -3.898981e+03 +4.415966e+05 -1.309931e+07 +9.557394e+08 -1.601250e+11   
BC-073   -6.999861e+00   +3.413449e-04 +1.433688e-05 +2.916156e-03 +7.495313e-03 -7.894212e+00 +1.289182e+02 -4.819234e+04 -7.477708e+03 -3.661570e+05 -2.778657e+08 +6.421950e+10 +2.081680e+10   +8.292728e-07 -3.777122e-06 +2.813122e-05 +3.526134e-03 +2.847122e-01 -4.808815e+00 -3.487015e+02 -7.715639e+03 +2.694825e+05 +1.337665e+07 -2.494848e+08 -2.189268e+10   
BC-074   -6.999771e+00   +3.415807e-04 +1.362941e-05 +2.881120e-03 +1.317829e-02 -7.999260e+00 +1.508685e+02 -4.832234e+04 -3.969547e+03 +3.558264e+05 -3.377510e+08 +6.250716e+10 +1.479213e+11   +7.934154e-07 -3.773182e-06 +1.251626e-04 +1.745477e-03 +1.823111e-01 -4.218169e+00 -2.864604e+02 -2.301412e+03 -6.531602e+05 -2.082462e+07 -1.007943e+09 -1.088578e+11   
BC-075   -7.000221e+00   +3.412491e-04 +1.790363e-05 +2.955444e-03 +8.397349e-03 -7.945569e+00 +1.539357e+02 -4.850873e+04 -7.358172e+03 +7.698307e+05 -3.014892e+08 +5.985795e+10 +8.134789e+10   +8.822347e-07 -4.635876e-06 +1.521525e-04 +2.511581e-03 +8.043530e-02 +1.503571e+00 -5.202579e+02 +5.068303e+03 -4.424615e+05 -1.269253e+07 +3.507211e+08 -6.127914e+10   
BC-076   -6.999664e+00   +3.415904e-04 +1.547537e-05 +2.958991e-03 +9.638311e-03 -8.023749e+00 +1.302571e+02 -4.841321e+04 -1.386631e+04 +4.371333e+05 -3.016418e+08 +6.129351e+10 +2.188165e+11   +6.935863e-07 -5.383437e-06 +4.399188e-05 +1.886986e-03 +1.558963e-03 -7.163487e+00 -5.199975e+02 -1.297404e+04 -1.336015e+06 -3.080966e+07 +4.867286e+08 -2.871158e+11   
BC-077   -7.000043e+00   +3.417995e-04 +1.663645e-05 +3.021957e-03 +1.199650e-02 -8.040748e+00 +1.445450e+02 -4.837865e+04 +1.723702e+03 -2.421987e+05 -3.065487e+08 +6.409402e+10 +7.703544e+10   +1.023297e-06 -7.219177e-06 +1.130767e-04 +2.546456e-03 +9.095151e-02 -1.081603e+01 -3.919223e+02 -4.711215e+03 +3.815192e+04 +3.836645e+07 -7.531461e+08 +1.002889e+11   
BC-078   -7.000373e+00   +3.418556e-04 +1.778891e-05 +2.966903e-03 +9.930239e-03 -7.866991e+00 +1.353471e+02 -4.817738e+04 -5.798348e+03 +4.058679e+05 -2.575773e+08 +6.214075e+10 +6.678854e+09   +8.374319e-07 -7.588196e-06 +7.268543e-05 +4.514735e-03 +2.604031e-01 -1.255513e+01 -4.681652e+02 -1.136266e+02 +4.318583e+05 -2.579874e+07 +1.157991e+09 +5.398528e+10   
BC-079   -6.999623e+00   +3.419673e-04 +1.580231e-05 +2.803124e-03 +7.569382e-03 -8.021513e+00 +1.276136e+02 -4.824278e+04 -4.735544e+03 -1.756107e+04 -2.802995e+08 +6.045484e+10 +2.289713e+11   +8.107878e-07 -5.445540e-06 +1.128973e-04 +3.929916e-03 +1.487553e-01 -1.672150e+00 -2.812864e+02 +9.748292e+03 -1.223402e+06 -3.697682e+07 -2.476812e+09 -6.517294e+10   
BC-080   -6.999869e+00   +3.418720e-04 +1.634816e-05 +2.973246e-03 +1.262476e-02 -7.967211e+00 +1.504142e+02 -4.871100e+04 -5.149801e+03 -2.084819e+04 -3.427191e+08 +6.406961e+10 +2.200940e+11   +8.637550e-07 -9.274149e-06 +1.314613e-04 +2.647668e-03 +1.080927e-01 -1.063008e+01 -1.065399e+02 +4.419438e+03 -4.846674e+05 -2.700059e+07 +8.954680e+08 -6.818005e+10   
BC-081   -7.000507e+00   +3.417625e-04 +1.204944e-05 +2.856542e-03 +7.572696e-03 -8.039048e+00 +1.425582e+02 -4.861766e+04 +1.541881e+04 -5.224207e+05 -3.004144e+08 +5.962825e+10 +2.132823e+11   +7.033019e-07 -6.425173e-06 +5.402550e-05 +2.863034e-03 +2.311917e-01 -4.930524e+00 -1.701270e+02 +7.434886e+03 -6.748480e+05 +3.388612e+07 -1.779317e+09 -1.093527e+11   
BC-082   -7.000024e+00   +3.406704e-04 +1.168954e-05 +2.820922e-03 +1.712877e-02 -7.927100e+00 +1.513973e+02 -4.858775e+04 -2.175068e+04 -3.830087e+05 -4.860056e+08 +5.832950e+10 +5.337825e+10   +9.258087e-07 -1.012853e-05 +1.002028e-04 +3.895342e-04 +6.184703e-02 -1.747184e+01 -8.904357e+02 +4.711637e+03 -2.710466e+06 -5.043891e+07 +7.534154e+09 -2.685824e+11   
BC-083   -7.000111e+00   +3.425950e-04 +1.675731e-05 +3.080827e-03 +5.794882e-03 -7.872788e+00 +1.245661e+02 -4.869781e+04 -3.942396e+03 -4.289669e+05 -2.479019e+08 +6.449968e+10 +7.801283e+10   +7.273999e-07 -5.111738e-06 +5.441807e-05 +2.538665e-04 +7.384174e-02 -1.071297e+01 -2.783180e+02 +7.910073e+03 -3.236724e+05 -7.231378e+07 -2.196918e+09 -2.541688e+11   
BC-084   -6.999670e+00   +3.423326e-04 +1.796276e-05 +2.985856e-03 +1.141616e-02 -8.086847e+00 +1.569151e+02 -4.847391e+04 -2.899114e+03 +3.850669e+05 -3.946073e+08 +6.211349e+10 +1.482211e+11   +1.121171e-06 -7.324238e-06 +1.039823e-04 +3.930755e-03 +2.586123e-01 +6.861879e-01 -3.968320e+02 +7.242620e+03 +2.367567e+05 +1.125072e+07 +3.021360e+09 +9.618295e+10   
