# EPU80_PH KICKMAP 
# Author: Ximenes R. Resende @ LNLS, Date: 24-Jul-2015 12:22:59
# ID Length [m]
5.3600
# Number of Horizontal Points
81 
# Number of Vertical Points
17 
# Horizontal KickTable in T2m2
START
            -0.01200000 -0.01170000 -0.01140000 -0.01110000 -0.01080000 -0.01050000 -0.01020000 -0.00990000 -0.00960000 -0.00930000 -0.00900000 -0.00870000 -0.00840000 -0.00810000 -0.00780000 -0.00750000 -0.00720000 -0.00690000 -0.00660000 -0.00630000 -0.00600000 -0.00570000 -0.00540000 -0.00510000 -0.00480000 -0.00450000 -0.00420000 -0.00390000 -0.00360000 -0.00330000 -0.00300000 -0.00270000 -0.00240000 -0.00210000 -0.00180000 -0.00150000 -0.00120000 -0.00090000 -0.00060000 -0.00030000 +0.00000000 +0.00030000 +0.00060000 +0.00090000 +0.00120000 +0.00150000 +0.00180000 +0.00210000 +0.00240000 +0.00270000 +0.00300000 +0.00330000 +0.00360000 +0.00390000 +0.00420000 +0.00450000 +0.00480000 +0.00510000 +0.00540000 +0.00570000 +0.00600000 +0.00630000 +0.00660000 +0.00690000 +0.00720000 +0.00750000 +0.00780000 +0.00810000 +0.00840000 +0.00870000 +0.00900000 +0.00930000 +0.00960000 +0.00990000 +0.01020000 +0.01050000 +0.01080000 +0.01110000 +0.01140000 +0.01170000 +0.01200000 
+0.00650000 -8.092E-04 -7.838E-04 -7.563E-04 -7.293E-04 -7.029E-04 -6.771E-04 -6.519E-04 -6.272E-04 -6.030E-04 -5.793E-04 -5.561E-04 -5.333E-04 -5.110E-04 -4.891E-04 -4.676E-04 -4.465E-04 -4.257E-04 -4.053E-04 -3.852E-04 -3.653E-04 -3.458E-04 -3.266E-04 -3.076E-04 -2.888E-04 -2.702E-04 -2.517E-04 -2.334E-04 -2.153E-04 -1.971E-04 -1.790E-04 -1.608E-04 -1.425E-04 -1.240E-04 -1.051E-04 -8.585E-05 -6.633E-05 -4.700E-05 -2.906E-05 -1.453E-05 -4.722E-06 +0.000E+00 +4.722E-06 +1.453E-05 +2.906E-05 +4.700E-05 +6.633E-05 +8.585E-05 +1.051E-04 +1.240E-04 +1.425E-04 +1.608E-04 +1.790E-04 +1.971E-04 +2.153E-04 +2.334E-04 +2.517E-04 +2.702E-04 +2.888E-04 +3.076E-04 +3.266E-04 +3.458E-04 +3.653E-04 +3.852E-04 +4.053E-04 +4.257E-04 +4.465E-04 +4.676E-04 +4.891E-04 +5.110E-04 +5.333E-04 +5.561E-04 +5.793E-04 +6.030E-04 +6.272E-04 +6.519E-04 +6.771E-04 +7.029E-04 +7.293E-04 +7.563E-04 +7.838E-04 +8.092E-04 
+0.00568750 -8.080E-04 -7.826E-04 -7.548E-04 -7.277E-04 -7.012E-04 -6.753E-04 -6.500E-04 -6.252E-04 -6.010E-04 -5.772E-04 -5.540E-04 -5.312E-04 -5.088E-04 -4.869E-04 -4.654E-04 -4.443E-04 -4.235E-04 -4.031E-04 -3.831E-04 -3.633E-04 -3.438E-04 -3.246E-04 -3.057E-04 -2.869E-04 -2.684E-04 -2.501E-04 -2.319E-04 -2.139E-04 -1.960E-04 -1.782E-04 -1.605E-04 -1.428E-04 -1.252E-04 -1.077E-04 -9.037E-05 -7.338E-05 -5.691E-05 -4.118E-05 -2.631E-05 -1.126E-05 +0.000E+00 +1.126E-05 +2.631E-05 +4.118E-05 +5.691E-05 +7.338E-05 +9.037E-05 +1.077E-04 +1.252E-04 +1.428E-04 +1.605E-04 +1.782E-04 +1.960E-04 +2.139E-04 +2.319E-04 +2.501E-04 +2.684E-04 +2.869E-04 +3.057E-04 +3.246E-04 +3.438E-04 +3.633E-04 +3.831E-04 +4.031E-04 +4.235E-04 +4.443E-04 +4.654E-04 +4.869E-04 +5.088E-04 +5.312E-04 +5.540E-04 +5.772E-04 +6.010E-04 +6.252E-04 +6.500E-04 +6.753E-04 +7.012E-04 +7.277E-04 +7.548E-04 +7.826E-04 +8.080E-04 
+0.00487500 -8.068E-04 -7.812E-04 -7.533E-04 -7.260E-04 -6.995E-04 -6.735E-04 -6.481E-04 -6.232E-04 -5.990E-04 -5.752E-04 -5.519E-04 -5.291E-04 -5.068E-04 -4.849E-04 -4.634E-04 -4.423E-04 -4.216E-04 -4.012E-04 -3.812E-04 -3.615E-04 -3.421E-04 -3.229E-04 -3.041E-04 -2.855E-04 -2.671E-04 -2.489E-04 -2.309E-04 -2.131E-04 -1.955E-04 -1.780E-04 -1.607E-04 -1.435E-04 -1.265E-04 -1.097E-04 -9.308E-05 -7.673E-05 -6.065E-05 -4.485E-05 -2.927E-05 -1.272E-05 +0.000E+00 +1.272E-05 +2.927E-05 +4.485E-05 +6.065E-05 +7.673E-05 +9.308E-05 +1.097E-04 +1.265E-04 +1.435E-04 +1.607E-04 +1.780E-04 +1.955E-04 +2.131E-04 +2.309E-04 +2.489E-04 +2.671E-04 +2.855E-04 +3.041E-04 +3.229E-04 +3.421E-04 +3.615E-04 +3.812E-04 +4.012E-04 +4.216E-04 +4.423E-04 +4.634E-04 +4.849E-04 +5.068E-04 +5.291E-04 +5.519E-04 +5.752E-04 +5.990E-04 +6.232E-04 +6.481E-04 +6.735E-04 +6.995E-04 +7.260E-04 +7.533E-04 +7.812E-04 +8.068E-04 
+0.00406250 -8.055E-04 -7.798E-04 -7.518E-04 -7.245E-04 -6.978E-04 -6.717E-04 -6.463E-04 -6.214E-04 -5.971E-04 -5.733E-04 -5.500E-04 -5.272E-04 -5.049E-04 -4.830E-04 -4.616E-04 -4.405E-04 -4.198E-04 -3.995E-04 -3.795E-04 -3.599E-04 -3.406E-04 -3.215E-04 -3.028E-04 -2.843E-04 -2.660E-04 -2.480E-04 -2.302E-04 -2.126E-04 -1.952E-04 -1.779E-04 -1.609E-04 -1.440E-04 -1.273E-04 -1.107E-04 -9.434E-05 -7.814E-05 -6.208E-05 -4.614E-05 -3.024E-05 -1.318E-05 +0.000E+00 +1.318E-05 +3.024E-05 +4.614E-05 +6.208E-05 +7.814E-05 +9.434E-05 +1.107E-04 +1.273E-04 +1.440E-04 +1.609E-04 +1.779E-04 +1.952E-04 +2.126E-04 +2.302E-04 +2.480E-04 +2.660E-04 +2.843E-04 +3.028E-04 +3.215E-04 +3.406E-04 +3.599E-04 +3.795E-04 +3.995E-04 +4.198E-04 +4.405E-04 +4.616E-04 +4.830E-04 +5.049E-04 +5.272E-04 +5.500E-04 +5.733E-04 +5.971E-04 +6.214E-04 +6.463E-04 +6.717E-04 +6.978E-04 +7.245E-04 +7.518E-04 +7.798E-04 +8.055E-04 
+0.00325000 -8.043E-04 -7.785E-04 -7.504E-04 -7.230E-04 -6.963E-04 -6.702E-04 -6.447E-04 -6.198E-04 -5.955E-04 -5.717E-04 -5.484E-04 -5.256E-04 -5.033E-04 -4.814E-04 -4.600E-04 -4.390E-04 -4.183E-04 -3.981E-04 -3.782E-04 -3.586E-04 -3.393E-04 -3.204E-04 -3.017E-04 -2.833E-04 -2.652E-04 -2.473E-04 -2.296E-04 -2.121E-04 -1.948E-04 -1.778E-04 -1.609E-04 -1.441E-04 -1.276E-04 -1.111E-04 -9.486E-05 -7.870E-05 -6.263E-05 -4.662E-05 -3.059E-05 -1.335E-05 +0.000E+00 +1.335E-05 +3.059E-05 +4.662E-05 +6.263E-05 +7.870E-05 +9.486E-05 +1.111E-04 +1.276E-04 +1.441E-04 +1.609E-04 +1.778E-04 +1.948E-04 +2.121E-04 +2.296E-04 +2.473E-04 +2.652E-04 +2.833E-04 +3.017E-04 +3.204E-04 +3.393E-04 +3.586E-04 +3.782E-04 +3.981E-04 +4.183E-04 +4.390E-04 +4.600E-04 +4.814E-04 +5.033E-04 +5.256E-04 +5.484E-04 +5.717E-04 +5.955E-04 +6.198E-04 +6.447E-04 +6.702E-04 +6.963E-04 +7.230E-04 +7.504E-04 +7.785E-04 +8.043E-04 
+0.00243750 -8.033E-04 -7.774E-04 -7.493E-04 -7.218E-04 -6.951E-04 -6.689E-04 -6.434E-04 -6.185E-04 -5.942E-04 -5.704E-04 -5.471E-04 -5.243E-04 -5.020E-04 -4.802E-04 -4.587E-04 -4.378E-04 -4.172E-04 -3.969E-04 -3.771E-04 -3.576E-04 -3.384E-04 -3.195E-04 -3.009E-04 -2.826E-04 -2.645E-04 -2.467E-04 -2.291E-04 -2.117E-04 -1.945E-04 -1.776E-04 -1.608E-04 -1.441E-04 -1.276E-04 -1.113E-04 -9.503E-05 -7.890E-05 -6.283E-05 -4.679E-05 -3.072E-05 -1.340E-05 +0.000E+00 +1.340E-05 +3.072E-05 +4.679E-05 +6.283E-05 +7.890E-05 +9.503E-05 +1.113E-04 +1.276E-04 +1.441E-04 +1.608E-04 +1.776E-04 +1.945E-04 +2.117E-04 +2.291E-04 +2.467E-04 +2.645E-04 +2.826E-04 +3.009E-04 +3.195E-04 +3.384E-04 +3.576E-04 +3.771E-04 +3.969E-04 +4.172E-04 +4.378E-04 +4.587E-04 +4.802E-04 +5.020E-04 +5.243E-04 +5.471E-04 +5.704E-04 +5.942E-04 +6.185E-04 +6.434E-04 +6.689E-04 +6.951E-04 +7.218E-04 +7.493E-04 +7.774E-04 +8.033E-04 
+0.00162500 -8.025E-04 -7.766E-04 -7.484E-04 -7.209E-04 -6.941E-04 -6.680E-04 -6.425E-04 -6.175E-04 -5.932E-04 -5.694E-04 -5.461E-04 -5.233E-04 -5.010E-04 -4.792E-04 -4.578E-04 -4.369E-04 -4.163E-04 -3.961E-04 -3.763E-04 -3.568E-04 -3.377E-04 -3.188E-04 -3.003E-04 -2.820E-04 -2.640E-04 -2.462E-04 -2.287E-04 -2.114E-04 -1.943E-04 -1.774E-04 -1.606E-04 -1.440E-04 -1.276E-04 -1.113E-04 -9.507E-05 -7.894E-05 -6.288E-05 -4.684E-05 -3.076E-05 -1.342E-05 +0.000E+00 +1.342E-05 +3.076E-05 +4.684E-05 +6.288E-05 +7.894E-05 +9.507E-05 +1.113E-04 +1.276E-04 +1.440E-04 +1.606E-04 +1.774E-04 +1.943E-04 +2.114E-04 +2.287E-04 +2.462E-04 +2.640E-04 +2.820E-04 +3.003E-04 +3.188E-04 +3.377E-04 +3.568E-04 +3.763E-04 +3.961E-04 +4.163E-04 +4.369E-04 +4.578E-04 +4.792E-04 +5.010E-04 +5.233E-04 +5.461E-04 +5.694E-04 +5.932E-04 +6.175E-04 +6.425E-04 +6.680E-04 +6.941E-04 +7.209E-04 +7.484E-04 +7.766E-04 +8.025E-04 
+0.00081250 -8.020E-04 -7.761E-04 -7.479E-04 -7.204E-04 -6.936E-04 -6.674E-04 -6.419E-04 -6.169E-04 -5.926E-04 -5.688E-04 -5.455E-04 -5.227E-04 -5.005E-04 -4.786E-04 -4.573E-04 -4.363E-04 -4.158E-04 -3.956E-04 -3.758E-04 -3.563E-04 -3.372E-04 -3.184E-04 -2.999E-04 -2.817E-04 -2.637E-04 -2.460E-04 -2.285E-04 -2.112E-04 -1.941E-04 -1.772E-04 -1.605E-04 -1.440E-04 -1.275E-04 -1.112E-04 -9.505E-05 -7.894E-05 -6.289E-05 -4.685E-05 -3.077E-05 -1.343E-05 +0.000E+00 +1.343E-05 +3.077E-05 +4.685E-05 +6.289E-05 +7.894E-05 +9.505E-05 +1.112E-04 +1.275E-04 +1.440E-04 +1.605E-04 +1.772E-04 +1.941E-04 +2.112E-04 +2.285E-04 +2.460E-04 +2.637E-04 +2.817E-04 +2.999E-04 +3.184E-04 +3.372E-04 +3.563E-04 +3.758E-04 +3.956E-04 +4.158E-04 +4.363E-04 +4.573E-04 +4.786E-04 +5.005E-04 +5.227E-04 +5.455E-04 +5.688E-04 +5.926E-04 +6.169E-04 +6.419E-04 +6.674E-04 +6.936E-04 +7.204E-04 +7.479E-04 +7.761E-04 +8.020E-04 
+0.00000000 -8.018E-04 -7.759E-04 -7.477E-04 -7.202E-04 -6.934E-04 -6.672E-04 -6.417E-04 -6.167E-04 -5.924E-04 -5.686E-04 -5.453E-04 -5.225E-04 -5.003E-04 -4.784E-04 -4.571E-04 -4.361E-04 -4.156E-04 -3.954E-04 -3.756E-04 -3.562E-04 -3.371E-04 -3.183E-04 -2.998E-04 -2.815E-04 -2.636E-04 -2.459E-04 -2.284E-04 -2.111E-04 -1.941E-04 -1.772E-04 -1.605E-04 -1.439E-04 -1.275E-04 -1.112E-04 -9.504E-05 -7.894E-05 -6.289E-05 -4.685E-05 -3.077E-05 -1.343E-05 +0.000E+00 +1.343E-05 +3.077E-05 +4.685E-05 +6.289E-05 +7.894E-05 +9.504E-05 +1.112E-04 +1.275E-04 +1.439E-04 +1.605E-04 +1.772E-04 +1.941E-04 +2.111E-04 +2.284E-04 +2.459E-04 +2.636E-04 +2.815E-04 +2.998E-04 +3.183E-04 +3.371E-04 +3.562E-04 +3.756E-04 +3.954E-04 +4.156E-04 +4.361E-04 +4.571E-04 +4.784E-04 +5.003E-04 +5.225E-04 +5.453E-04 +5.686E-04 +5.924E-04 +6.167E-04 +6.417E-04 +6.672E-04 +6.934E-04 +7.202E-04 +7.477E-04 +7.759E-04 +8.018E-04 
-0.00081250 -8.020E-04 -7.761E-04 -7.479E-04 -7.204E-04 -6.936E-04 -6.674E-04 -6.419E-04 -6.169E-04 -5.926E-04 -5.688E-04 -5.455E-04 -5.227E-04 -5.005E-04 -4.786E-04 -4.573E-04 -4.363E-04 -4.158E-04 -3.956E-04 -3.758E-04 -3.563E-04 -3.372E-04 -3.184E-04 -2.999E-04 -2.817E-04 -2.637E-04 -2.460E-04 -2.285E-04 -2.112E-04 -1.941E-04 -1.772E-04 -1.605E-04 -1.440E-04 -1.275E-04 -1.112E-04 -9.505E-05 -7.894E-05 -6.289E-05 -4.685E-05 -3.077E-05 -1.343E-05 +0.000E+00 +1.343E-05 +3.077E-05 +4.685E-05 +6.289E-05 +7.894E-05 +9.505E-05 +1.112E-04 +1.275E-04 +1.440E-04 +1.605E-04 +1.772E-04 +1.941E-04 +2.112E-04 +2.285E-04 +2.460E-04 +2.637E-04 +2.817E-04 +2.999E-04 +3.184E-04 +3.372E-04 +3.563E-04 +3.758E-04 +3.956E-04 +4.158E-04 +4.363E-04 +4.573E-04 +4.786E-04 +5.005E-04 +5.227E-04 +5.455E-04 +5.688E-04 +5.926E-04 +6.169E-04 +6.419E-04 +6.674E-04 +6.936E-04 +7.204E-04 +7.479E-04 +7.761E-04 +8.020E-04 
-0.00162500 -8.025E-04 -7.766E-04 -7.484E-04 -7.209E-04 -6.941E-04 -6.680E-04 -6.425E-04 -6.175E-04 -5.932E-04 -5.694E-04 -5.461E-04 -5.233E-04 -5.010E-04 -4.792E-04 -4.578E-04 -4.369E-04 -4.163E-04 -3.961E-04 -3.763E-04 -3.568E-04 -3.377E-04 -3.188E-04 -3.003E-04 -2.820E-04 -2.640E-04 -2.462E-04 -2.287E-04 -2.114E-04 -1.943E-04 -1.774E-04 -1.606E-04 -1.440E-04 -1.276E-04 -1.113E-04 -9.507E-05 -7.894E-05 -6.288E-05 -4.684E-05 -3.076E-05 -1.342E-05 +0.000E+00 +1.342E-05 +3.076E-05 +4.684E-05 +6.288E-05 +7.894E-05 +9.507E-05 +1.113E-04 +1.276E-04 +1.440E-04 +1.606E-04 +1.774E-04 +1.943E-04 +2.114E-04 +2.287E-04 +2.462E-04 +2.640E-04 +2.820E-04 +3.003E-04 +3.188E-04 +3.377E-04 +3.568E-04 +3.763E-04 +3.961E-04 +4.163E-04 +4.369E-04 +4.578E-04 +4.792E-04 +5.010E-04 +5.233E-04 +5.461E-04 +5.694E-04 +5.932E-04 +6.175E-04 +6.425E-04 +6.680E-04 +6.941E-04 +7.209E-04 +7.484E-04 +7.766E-04 +8.025E-04 
-0.00243750 -8.033E-04 -7.774E-04 -7.493E-04 -7.218E-04 -6.951E-04 -6.689E-04 -6.434E-04 -6.185E-04 -5.942E-04 -5.704E-04 -5.471E-04 -5.243E-04 -5.020E-04 -4.802E-04 -4.587E-04 -4.378E-04 -4.172E-04 -3.969E-04 -3.771E-04 -3.576E-04 -3.384E-04 -3.195E-04 -3.009E-04 -2.826E-04 -2.645E-04 -2.467E-04 -2.291E-04 -2.117E-04 -1.945E-04 -1.776E-04 -1.608E-04 -1.441E-04 -1.276E-04 -1.113E-04 -9.503E-05 -7.890E-05 -6.283E-05 -4.679E-05 -3.072E-05 -1.340E-05 +0.000E+00 +1.340E-05 +3.072E-05 +4.679E-05 +6.283E-05 +7.890E-05 +9.503E-05 +1.113E-04 +1.276E-04 +1.441E-04 +1.608E-04 +1.776E-04 +1.945E-04 +2.117E-04 +2.291E-04 +2.467E-04 +2.645E-04 +2.826E-04 +3.009E-04 +3.195E-04 +3.384E-04 +3.576E-04 +3.771E-04 +3.969E-04 +4.172E-04 +4.378E-04 +4.587E-04 +4.802E-04 +5.020E-04 +5.243E-04 +5.471E-04 +5.704E-04 +5.942E-04 +6.185E-04 +6.434E-04 +6.689E-04 +6.951E-04 +7.218E-04 +7.493E-04 +7.774E-04 +8.033E-04 
-0.00325000 -8.043E-04 -7.785E-04 -7.504E-04 -7.230E-04 -6.963E-04 -6.702E-04 -6.447E-04 -6.198E-04 -5.955E-04 -5.717E-04 -5.484E-04 -5.256E-04 -5.033E-04 -4.814E-04 -4.600E-04 -4.390E-04 -4.183E-04 -3.981E-04 -3.782E-04 -3.586E-04 -3.393E-04 -3.204E-04 -3.017E-04 -2.833E-04 -2.652E-04 -2.473E-04 -2.296E-04 -2.121E-04 -1.948E-04 -1.778E-04 -1.609E-04 -1.441E-04 -1.276E-04 -1.111E-04 -9.486E-05 -7.870E-05 -6.263E-05 -4.662E-05 -3.059E-05 -1.335E-05 +0.000E+00 +1.335E-05 +3.059E-05 +4.662E-05 +6.263E-05 +7.870E-05 +9.486E-05 +1.111E-04 +1.276E-04 +1.441E-04 +1.609E-04 +1.778E-04 +1.948E-04 +2.121E-04 +2.296E-04 +2.473E-04 +2.652E-04 +2.833E-04 +3.017E-04 +3.204E-04 +3.393E-04 +3.586E-04 +3.782E-04 +3.981E-04 +4.183E-04 +4.390E-04 +4.600E-04 +4.814E-04 +5.033E-04 +5.256E-04 +5.484E-04 +5.717E-04 +5.955E-04 +6.198E-04 +6.447E-04 +6.702E-04 +6.963E-04 +7.230E-04 +7.504E-04 +7.785E-04 +8.043E-04 
-0.00406250 -8.055E-04 -7.798E-04 -7.518E-04 -7.245E-04 -6.978E-04 -6.717E-04 -6.463E-04 -6.214E-04 -5.971E-04 -5.733E-04 -5.500E-04 -5.272E-04 -5.049E-04 -4.830E-04 -4.616E-04 -4.405E-04 -4.198E-04 -3.995E-04 -3.795E-04 -3.599E-04 -3.406E-04 -3.215E-04 -3.028E-04 -2.843E-04 -2.660E-04 -2.480E-04 -2.302E-04 -2.126E-04 -1.952E-04 -1.779E-04 -1.609E-04 -1.440E-04 -1.273E-04 -1.107E-04 -9.434E-05 -7.814E-05 -6.208E-05 -4.614E-05 -3.024E-05 -1.318E-05 +0.000E+00 +1.318E-05 +3.024E-05 +4.614E-05 +6.208E-05 +7.814E-05 +9.434E-05 +1.107E-04 +1.273E-04 +1.440E-04 +1.609E-04 +1.779E-04 +1.952E-04 +2.126E-04 +2.302E-04 +2.480E-04 +2.660E-04 +2.843E-04 +3.028E-04 +3.215E-04 +3.406E-04 +3.599E-04 +3.795E-04 +3.995E-04 +4.198E-04 +4.405E-04 +4.616E-04 +4.830E-04 +5.049E-04 +5.272E-04 +5.500E-04 +5.733E-04 +5.971E-04 +6.214E-04 +6.463E-04 +6.717E-04 +6.978E-04 +7.245E-04 +7.518E-04 +7.798E-04 +8.055E-04 
-0.00487500 -8.068E-04 -7.812E-04 -7.533E-04 -7.260E-04 -6.995E-04 -6.735E-04 -6.481E-04 -6.232E-04 -5.990E-04 -5.752E-04 -5.519E-04 -5.291E-04 -5.068E-04 -4.849E-04 -4.634E-04 -4.423E-04 -4.216E-04 -4.012E-04 -3.812E-04 -3.615E-04 -3.421E-04 -3.229E-04 -3.041E-04 -2.855E-04 -2.671E-04 -2.489E-04 -2.309E-04 -2.131E-04 -1.955E-04 -1.780E-04 -1.607E-04 -1.435E-04 -1.265E-04 -1.097E-04 -9.308E-05 -7.673E-05 -6.065E-05 -4.485E-05 -2.927E-05 -1.272E-05 +0.000E+00 +1.272E-05 +2.927E-05 +4.485E-05 +6.065E-05 +7.673E-05 +9.308E-05 +1.097E-04 +1.265E-04 +1.435E-04 +1.607E-04 +1.780E-04 +1.955E-04 +2.131E-04 +2.309E-04 +2.489E-04 +2.671E-04 +2.855E-04 +3.041E-04 +3.229E-04 +3.421E-04 +3.615E-04 +3.812E-04 +4.012E-04 +4.216E-04 +4.423E-04 +4.634E-04 +4.849E-04 +5.068E-04 +5.291E-04 +5.519E-04 +5.752E-04 +5.990E-04 +6.232E-04 +6.481E-04 +6.735E-04 +6.995E-04 +7.260E-04 +7.533E-04 +7.812E-04 +8.068E-04 
-0.00568750 -8.080E-04 -7.826E-04 -7.548E-04 -7.277E-04 -7.012E-04 -6.753E-04 -6.500E-04 -6.252E-04 -6.010E-04 -5.772E-04 -5.540E-04 -5.312E-04 -5.088E-04 -4.869E-04 -4.654E-04 -4.443E-04 -4.235E-04 -4.031E-04 -3.831E-04 -3.633E-04 -3.438E-04 -3.246E-04 -3.057E-04 -2.869E-04 -2.684E-04 -2.501E-04 -2.319E-04 -2.139E-04 -1.960E-04 -1.782E-04 -1.605E-04 -1.428E-04 -1.252E-04 -1.077E-04 -9.037E-05 -7.338E-05 -5.691E-05 -4.118E-05 -2.631E-05 -1.126E-05 +0.000E+00 +1.126E-05 +2.631E-05 +4.118E-05 +5.691E-05 +7.338E-05 +9.037E-05 +1.077E-04 +1.252E-04 +1.428E-04 +1.605E-04 +1.782E-04 +1.960E-04 +2.139E-04 +2.319E-04 +2.501E-04 +2.684E-04 +2.869E-04 +3.057E-04 +3.246E-04 +3.438E-04 +3.633E-04 +3.831E-04 +4.031E-04 +4.235E-04 +4.443E-04 +4.654E-04 +4.869E-04 +5.088E-04 +5.312E-04 +5.540E-04 +5.772E-04 +6.010E-04 +6.252E-04 +6.500E-04 +6.753E-04 +7.012E-04 +7.277E-04 +7.548E-04 +7.826E-04 +8.080E-04 
-0.00650000 -8.092E-04 -7.838E-04 -7.563E-04 -7.293E-04 -7.029E-04 -6.771E-04 -6.519E-04 -6.272E-04 -6.030E-04 -5.793E-04 -5.561E-04 -5.333E-04 -5.110E-04 -4.891E-04 -4.676E-04 -4.465E-04 -4.257E-04 -4.053E-04 -3.852E-04 -3.653E-04 -3.458E-04 -3.266E-04 -3.076E-04 -2.888E-04 -2.702E-04 -2.517E-04 -2.334E-04 -2.153E-04 -1.971E-04 -1.790E-04 -1.608E-04 -1.425E-04 -1.240E-04 -1.051E-04 -8.585E-05 -6.633E-05 -4.700E-05 -2.906E-05 -1.453E-05 -4.722E-06 +0.000E+00 +4.722E-06 +1.453E-05 +2.906E-05 +4.700E-05 +6.633E-05 +8.585E-05 +1.051E-04 +1.240E-04 +1.425E-04 +1.608E-04 +1.790E-04 +1.971E-04 +2.153E-04 +2.334E-04 +2.517E-04 +2.702E-04 +2.888E-04 +3.076E-04 +3.266E-04 +3.458E-04 +3.653E-04 +3.852E-04 +4.053E-04 +4.257E-04 +4.465E-04 +4.676E-04 +4.891E-04 +5.110E-04 +5.333E-04 +5.561E-04 +5.793E-04 +6.030E-04 +6.272E-04 +6.519E-04 +6.771E-04 +7.029E-04 +7.293E-04 +7.563E-04 +7.838E-04 +8.092E-04 
# Vertical KickTable in T2m2
START
            -0.01200000 -0.01170000 -0.01140000 -0.01110000 -0.01080000 -0.01050000 -0.01020000 -0.00990000 -0.00960000 -0.00930000 -0.00900000 -0.00870000 -0.00840000 -0.00810000 -0.00780000 -0.00750000 -0.00720000 -0.00690000 -0.00660000 -0.00630000 -0.00600000 -0.00570000 -0.00540000 -0.00510000 -0.00480000 -0.00450000 -0.00420000 -0.00390000 -0.00360000 -0.00330000 -0.00300000 -0.00270000 -0.00240000 -0.00210000 -0.00180000 -0.00150000 -0.00120000 -0.00090000 -0.00060000 -0.00030000 +0.00000000 +0.00030000 +0.00060000 +0.00090000 +0.00120000 +0.00150000 +0.00180000 +0.00210000 +0.00240000 +0.00270000 +0.00300000 +0.00330000 +0.00360000 +0.00390000 +0.00420000 +0.00450000 +0.00480000 +0.00510000 +0.00540000 +0.00570000 +0.00600000 +0.00630000 +0.00660000 +0.00690000 +0.00720000 +0.00750000 +0.00780000 +0.00810000 +0.00840000 +0.00870000 +0.00900000 +0.00930000 +0.00960000 +0.00990000 +0.01020000 +0.01050000 +0.01080000 +0.01110000 +0.01140000 +0.01170000 +0.01200000 
+0.00650000 -1.737E-02 -1.737E-02 -1.737E-02 -1.737E-02 -1.737E-02 -1.737E-02 -1.737E-02 -1.737E-02 -1.737E-02 -1.737E-02 -1.737E-02 -1.737E-02 -1.737E-02 -1.737E-02 -1.738E-02 -1.738E-02 -1.738E-02 -1.738E-02 -1.738E-02 -1.738E-02 -1.738E-02 -1.738E-02 -1.738E-02 -1.738E-02 -1.738E-02 -1.738E-02 -1.738E-02 -1.739E-02 -1.739E-02 -1.739E-02 -1.739E-02 -1.739E-02 -1.739E-02 -1.739E-02 -1.738E-02 -1.738E-02 -1.738E-02 -1.737E-02 -1.737E-02 -1.736E-02 -1.736E-02 -1.736E-02 -1.737E-02 -1.737E-02 -1.738E-02 -1.738E-02 -1.738E-02 -1.739E-02 -1.739E-02 -1.739E-02 -1.739E-02 -1.739E-02 -1.739E-02 -1.739E-02 -1.738E-02 -1.738E-02 -1.738E-02 -1.738E-02 -1.738E-02 -1.738E-02 -1.738E-02 -1.738E-02 -1.738E-02 -1.738E-02 -1.738E-02 -1.738E-02 -1.738E-02 -1.737E-02 -1.737E-02 -1.737E-02 -1.737E-02 -1.737E-02 -1.737E-02 -1.737E-02 -1.737E-02 -1.737E-02 -1.737E-02 -1.737E-02 -1.737E-02 -1.737E-02 -1.737E-02 
+0.00568750 -1.484E-02 -1.484E-02 -1.484E-02 -1.484E-02 -1.484E-02 -1.484E-02 -1.485E-02 -1.485E-02 -1.485E-02 -1.485E-02 -1.485E-02 -1.485E-02 -1.485E-02 -1.485E-02 -1.485E-02 -1.485E-02 -1.485E-02 -1.485E-02 -1.485E-02 -1.486E-02 -1.486E-02 -1.486E-02 -1.486E-02 -1.486E-02 -1.486E-02 -1.486E-02 -1.486E-02 -1.486E-02 -1.486E-02 -1.486E-02 -1.486E-02 -1.486E-02 -1.486E-02 -1.486E-02 -1.486E-02 -1.486E-02 -1.486E-02 -1.485E-02 -1.485E-02 -1.485E-02 -1.485E-02 -1.485E-02 -1.485E-02 -1.485E-02 -1.486E-02 -1.486E-02 -1.486E-02 -1.486E-02 -1.486E-02 -1.486E-02 -1.486E-02 -1.486E-02 -1.486E-02 -1.486E-02 -1.486E-02 -1.486E-02 -1.486E-02 -1.486E-02 -1.486E-02 -1.486E-02 -1.486E-02 -1.486E-02 -1.485E-02 -1.485E-02 -1.485E-02 -1.485E-02 -1.485E-02 -1.485E-02 -1.485E-02 -1.485E-02 -1.485E-02 -1.485E-02 -1.485E-02 -1.485E-02 -1.485E-02 -1.484E-02 -1.484E-02 -1.484E-02 -1.484E-02 -1.484E-02 -1.484E-02 
+0.00487500 -1.227E-02 -1.227E-02 -1.227E-02 -1.227E-02 -1.227E-02 -1.227E-02 -1.227E-02 -1.227E-02 -1.227E-02 -1.227E-02 -1.227E-02 -1.228E-02 -1.228E-02 -1.228E-02 -1.228E-02 -1.228E-02 -1.228E-02 -1.228E-02 -1.228E-02 -1.228E-02 -1.228E-02 -1.228E-02 -1.228E-02 -1.228E-02 -1.228E-02 -1.228E-02 -1.228E-02 -1.228E-02 -1.228E-02 -1.229E-02 -1.229E-02 -1.228E-02 -1.228E-02 -1.228E-02 -1.228E-02 -1.228E-02 -1.228E-02 -1.228E-02 -1.228E-02 -1.228E-02 -1.228E-02 -1.228E-02 -1.228E-02 -1.228E-02 -1.228E-02 -1.228E-02 -1.228E-02 -1.228E-02 -1.228E-02 -1.228E-02 -1.229E-02 -1.229E-02 -1.228E-02 -1.228E-02 -1.228E-02 -1.228E-02 -1.228E-02 -1.228E-02 -1.228E-02 -1.228E-02 -1.228E-02 -1.228E-02 -1.228E-02 -1.228E-02 -1.228E-02 -1.228E-02 -1.228E-02 -1.228E-02 -1.228E-02 -1.228E-02 -1.227E-02 -1.227E-02 -1.227E-02 -1.227E-02 -1.227E-02 -1.227E-02 -1.227E-02 -1.227E-02 -1.227E-02 -1.227E-02 -1.227E-02 
+0.00406250 -9.908E-03 -9.908E-03 -9.909E-03 -9.909E-03 -9.910E-03 -9.910E-03 -9.911E-03 -9.912E-03 -9.912E-03 -9.913E-03 -9.914E-03 -9.914E-03 -9.915E-03 -9.916E-03 -9.916E-03 -9.917E-03 -9.917E-03 -9.918E-03 -9.919E-03 -9.919E-03 -9.920E-03 -9.920E-03 -9.921E-03 -9.921E-03 -9.921E-03 -9.922E-03 -9.922E-03 -9.922E-03 -9.922E-03 -9.922E-03 -9.922E-03 -9.922E-03 -9.922E-03 -9.922E-03 -9.922E-03 -9.921E-03 -9.921E-03 -9.921E-03 -9.920E-03 -9.920E-03 -9.920E-03 -9.920E-03 -9.920E-03 -9.921E-03 -9.921E-03 -9.921E-03 -9.922E-03 -9.922E-03 -9.922E-03 -9.922E-03 -9.922E-03 -9.922E-03 -9.922E-03 -9.922E-03 -9.922E-03 -9.922E-03 -9.921E-03 -9.921E-03 -9.921E-03 -9.920E-03 -9.920E-03 -9.919E-03 -9.919E-03 -9.918E-03 -9.917E-03 -9.917E-03 -9.916E-03 -9.916E-03 -9.915E-03 -9.914E-03 -9.914E-03 -9.913E-03 -9.912E-03 -9.912E-03 -9.911E-03 -9.910E-03 -9.910E-03 -9.909E-03 -9.909E-03 -9.908E-03 -9.908E-03 
+0.00325000 -7.713E-03 -7.713E-03 -7.714E-03 -7.714E-03 -7.715E-03 -7.715E-03 -7.716E-03 -7.716E-03 -7.717E-03 -7.717E-03 -7.718E-03 -7.718E-03 -7.719E-03 -7.720E-03 -7.720E-03 -7.721E-03 -7.721E-03 -7.722E-03 -7.722E-03 -7.722E-03 -7.723E-03 -7.723E-03 -7.724E-03 -7.724E-03 -7.724E-03 -7.725E-03 -7.725E-03 -7.725E-03 -7.725E-03 -7.725E-03 -7.725E-03 -7.725E-03 -7.725E-03 -7.725E-03 -7.725E-03 -7.725E-03 -7.725E-03 -7.725E-03 -7.725E-03 -7.725E-03 -7.724E-03 -7.725E-03 -7.725E-03 -7.725E-03 -7.725E-03 -7.725E-03 -7.725E-03 -7.725E-03 -7.725E-03 -7.725E-03 -7.725E-03 -7.725E-03 -7.725E-03 -7.725E-03 -7.725E-03 -7.725E-03 -7.724E-03 -7.724E-03 -7.724E-03 -7.723E-03 -7.723E-03 -7.722E-03 -7.722E-03 -7.722E-03 -7.721E-03 -7.721E-03 -7.720E-03 -7.720E-03 -7.719E-03 -7.718E-03 -7.718E-03 -7.717E-03 -7.717E-03 -7.716E-03 -7.716E-03 -7.715E-03 -7.715E-03 -7.714E-03 -7.714E-03 -7.713E-03 -7.713E-03 
+0.00243750 -5.643E-03 -5.643E-03 -5.644E-03 -5.644E-03 -5.644E-03 -5.645E-03 -5.645E-03 -5.646E-03 -5.646E-03 -5.647E-03 -5.647E-03 -5.647E-03 -5.648E-03 -5.648E-03 -5.649E-03 -5.649E-03 -5.649E-03 -5.650E-03 -5.650E-03 -5.650E-03 -5.651E-03 -5.651E-03 -5.651E-03 -5.652E-03 -5.652E-03 -5.652E-03 -5.652E-03 -5.652E-03 -5.652E-03 -5.653E-03 -5.653E-03 -5.653E-03 -5.653E-03 -5.653E-03 -5.653E-03 -5.653E-03 -5.653E-03 -5.653E-03 -5.652E-03 -5.652E-03 -5.652E-03 -5.652E-03 -5.652E-03 -5.653E-03 -5.653E-03 -5.653E-03 -5.653E-03 -5.653E-03 -5.653E-03 -5.653E-03 -5.653E-03 -5.653E-03 -5.652E-03 -5.652E-03 -5.652E-03 -5.652E-03 -5.652E-03 -5.652E-03 -5.651E-03 -5.651E-03 -5.651E-03 -5.650E-03 -5.650E-03 -5.650E-03 -5.649E-03 -5.649E-03 -5.649E-03 -5.648E-03 -5.648E-03 -5.647E-03 -5.647E-03 -5.647E-03 -5.646E-03 -5.646E-03 -5.645E-03 -5.645E-03 -5.644E-03 -5.644E-03 -5.644E-03 -5.643E-03 -5.643E-03 
+0.00162500 -3.658E-03 -3.658E-03 -3.658E-03 -3.659E-03 -3.659E-03 -3.659E-03 -3.660E-03 -3.660E-03 -3.660E-03 -3.660E-03 -3.661E-03 -3.661E-03 -3.661E-03 -3.662E-03 -3.662E-03 -3.662E-03 -3.662E-03 -3.663E-03 -3.663E-03 -3.663E-03 -3.663E-03 -3.663E-03 -3.664E-03 -3.664E-03 -3.664E-03 -3.664E-03 -3.664E-03 -3.664E-03 -3.664E-03 -3.664E-03 -3.664E-03 -3.665E-03 -3.665E-03 -3.665E-03 -3.665E-03 -3.665E-03 -3.665E-03 -3.665E-03 -3.665E-03 -3.665E-03 -3.665E-03 -3.665E-03 -3.665E-03 -3.665E-03 -3.665E-03 -3.665E-03 -3.665E-03 -3.665E-03 -3.665E-03 -3.665E-03 -3.664E-03 -3.664E-03 -3.664E-03 -3.664E-03 -3.664E-03 -3.664E-03 -3.664E-03 -3.664E-03 -3.664E-03 -3.663E-03 -3.663E-03 -3.663E-03 -3.663E-03 -3.663E-03 -3.662E-03 -3.662E-03 -3.662E-03 -3.662E-03 -3.661E-03 -3.661E-03 -3.661E-03 -3.660E-03 -3.660E-03 -3.660E-03 -3.660E-03 -3.659E-03 -3.659E-03 -3.659E-03 -3.658E-03 -3.658E-03 -3.658E-03 
+0.00081250 -1.584E-03 -1.584E-03 -1.584E-03 -1.585E-03 -1.585E-03 -1.585E-03 -1.585E-03 -1.585E-03 -1.585E-03 -1.585E-03 -1.585E-03 -1.586E-03 -1.586E-03 -1.586E-03 -1.586E-03 -1.586E-03 -1.586E-03 -1.586E-03 -1.586E-03 -1.586E-03 -1.587E-03 -1.587E-03 -1.587E-03 -1.587E-03 -1.587E-03 -1.587E-03 -1.587E-03 -1.587E-03 -1.587E-03 -1.587E-03 -1.587E-03 -1.587E-03 -1.587E-03 -1.587E-03 -1.587E-03 -1.587E-03 -1.587E-03 -1.587E-03 -1.587E-03 -1.587E-03 -1.587E-03 -1.587E-03 -1.587E-03 -1.587E-03 -1.587E-03 -1.587E-03 -1.587E-03 -1.587E-03 -1.587E-03 -1.587E-03 -1.587E-03 -1.587E-03 -1.587E-03 -1.587E-03 -1.587E-03 -1.587E-03 -1.587E-03 -1.587E-03 -1.587E-03 -1.587E-03 -1.587E-03 -1.586E-03 -1.586E-03 -1.586E-03 -1.586E-03 -1.586E-03 -1.586E-03 -1.586E-03 -1.586E-03 -1.586E-03 -1.585E-03 -1.585E-03 -1.585E-03 -1.585E-03 -1.585E-03 -1.585E-03 -1.585E-03 -1.585E-03 -1.584E-03 -1.584E-03 -1.584E-03 
+0.00000000 +0.000E+00 +0.000E+00 +0.000E+00 +0.000E+00 +0.000E+00 +0.000E+00 +0.000E+00 +0.000E+00 +0.000E+00 +0.000E+00 +0.000E+00 +0.000E+00 +0.000E+00 +0.000E+00 +0.000E+00 +0.000E+00 +0.000E+00 +0.000E+00 +0.000E+00 +0.000E+00 +0.000E+00 +0.000E+00 +0.000E+00 +0.000E+00 +0.000E+00 +0.000E+00 +0.000E+00 +0.000E+00 +0.000E+00 +0.000E+00 +0.000E+00 +0.000E+00 +0.000E+00 +0.000E+00 +0.000E+00 +0.000E+00 +0.000E+00 +0.000E+00 +0.000E+00 +0.000E+00 +0.000E+00 +0.000E+00 +0.000E+00 +0.000E+00 +0.000E+00 +0.000E+00 +0.000E+00 +0.000E+00 +0.000E+00 +0.000E+00 +0.000E+00 +0.000E+00 +0.000E+00 +0.000E+00 +0.000E+00 +0.000E+00 +0.000E+00 +0.000E+00 +0.000E+00 +0.000E+00 +0.000E+00 +0.000E+00 +0.000E+00 +0.000E+00 +0.000E+00 +0.000E+00 +0.000E+00 +0.000E+00 +0.000E+00 +0.000E+00 +0.000E+00 +0.000E+00 +0.000E+00 +0.000E+00 +0.000E+00 +0.000E+00 +0.000E+00 +0.000E+00 +0.000E+00 +0.000E+00 +0.000E+00 
-0.00081250 +1.584E-03 +1.584E-03 +1.584E-03 +1.585E-03 +1.585E-03 +1.585E-03 +1.585E-03 +1.585E-03 +1.585E-03 +1.585E-03 +1.585E-03 +1.586E-03 +1.586E-03 +1.586E-03 +1.586E-03 +1.586E-03 +1.586E-03 +1.586E-03 +1.586E-03 +1.586E-03 +1.587E-03 +1.587E-03 +1.587E-03 +1.587E-03 +1.587E-03 +1.587E-03 +1.587E-03 +1.587E-03 +1.587E-03 +1.587E-03 +1.587E-03 +1.587E-03 +1.587E-03 +1.587E-03 +1.587E-03 +1.587E-03 +1.587E-03 +1.587E-03 +1.587E-03 +1.587E-03 +1.587E-03 +1.587E-03 +1.587E-03 +1.587E-03 +1.587E-03 +1.587E-03 +1.587E-03 +1.587E-03 +1.587E-03 +1.587E-03 +1.587E-03 +1.587E-03 +1.587E-03 +1.587E-03 +1.587E-03 +1.587E-03 +1.587E-03 +1.587E-03 +1.587E-03 +1.587E-03 +1.587E-03 +1.586E-03 +1.586E-03 +1.586E-03 +1.586E-03 +1.586E-03 +1.586E-03 +1.586E-03 +1.586E-03 +1.586E-03 +1.585E-03 +1.585E-03 +1.585E-03 +1.585E-03 +1.585E-03 +1.585E-03 +1.585E-03 +1.585E-03 +1.584E-03 +1.584E-03 +1.584E-03 
-0.00162500 +3.658E-03 +3.658E-03 +3.658E-03 +3.659E-03 +3.659E-03 +3.659E-03 +3.660E-03 +3.660E-03 +3.660E-03 +3.660E-03 +3.661E-03 +3.661E-03 +3.661E-03 +3.662E-03 +3.662E-03 +3.662E-03 +3.662E-03 +3.663E-03 +3.663E-03 +3.663E-03 +3.663E-03 +3.663E-03 +3.664E-03 +3.664E-03 +3.664E-03 +3.664E-03 +3.664E-03 +3.664E-03 +3.664E-03 +3.664E-03 +3.664E-03 +3.665E-03 +3.665E-03 +3.665E-03 +3.665E-03 +3.665E-03 +3.665E-03 +3.665E-03 +3.665E-03 +3.665E-03 +3.665E-03 +3.665E-03 +3.665E-03 +3.665E-03 +3.665E-03 +3.665E-03 +3.665E-03 +3.665E-03 +3.665E-03 +3.665E-03 +3.664E-03 +3.664E-03 +3.664E-03 +3.664E-03 +3.664E-03 +3.664E-03 +3.664E-03 +3.664E-03 +3.664E-03 +3.663E-03 +3.663E-03 +3.663E-03 +3.663E-03 +3.663E-03 +3.662E-03 +3.662E-03 +3.662E-03 +3.662E-03 +3.661E-03 +3.661E-03 +3.661E-03 +3.660E-03 +3.660E-03 +3.660E-03 +3.660E-03 +3.659E-03 +3.659E-03 +3.659E-03 +3.658E-03 +3.658E-03 +3.658E-03 
-0.00243750 +5.643E-03 +5.643E-03 +5.644E-03 +5.644E-03 +5.644E-03 +5.645E-03 +5.645E-03 +5.646E-03 +5.646E-03 +5.647E-03 +5.647E-03 +5.647E-03 +5.648E-03 +5.648E-03 +5.649E-03 +5.649E-03 +5.649E-03 +5.650E-03 +5.650E-03 +5.650E-03 +5.651E-03 +5.651E-03 +5.651E-03 +5.652E-03 +5.652E-03 +5.652E-03 +5.652E-03 +5.652E-03 +5.652E-03 +5.653E-03 +5.653E-03 +5.653E-03 +5.653E-03 +5.653E-03 +5.653E-03 +5.653E-03 +5.653E-03 +5.653E-03 +5.652E-03 +5.652E-03 +5.652E-03 +5.652E-03 +5.652E-03 +5.653E-03 +5.653E-03 +5.653E-03 +5.653E-03 +5.653E-03 +5.653E-03 +5.653E-03 +5.653E-03 +5.653E-03 +5.652E-03 +5.652E-03 +5.652E-03 +5.652E-03 +5.652E-03 +5.652E-03 +5.651E-03 +5.651E-03 +5.651E-03 +5.650E-03 +5.650E-03 +5.650E-03 +5.649E-03 +5.649E-03 +5.649E-03 +5.648E-03 +5.648E-03 +5.647E-03 +5.647E-03 +5.647E-03 +5.646E-03 +5.646E-03 +5.645E-03 +5.645E-03 +5.644E-03 +5.644E-03 +5.644E-03 +5.643E-03 +5.643E-03 
-0.00325000 +7.713E-03 +7.713E-03 +7.714E-03 +7.714E-03 +7.715E-03 +7.715E-03 +7.716E-03 +7.716E-03 +7.717E-03 +7.717E-03 +7.718E-03 +7.718E-03 +7.719E-03 +7.720E-03 +7.720E-03 +7.721E-03 +7.721E-03 +7.722E-03 +7.722E-03 +7.722E-03 +7.723E-03 +7.723E-03 +7.724E-03 +7.724E-03 +7.724E-03 +7.725E-03 +7.725E-03 +7.725E-03 +7.725E-03 +7.725E-03 +7.725E-03 +7.725E-03 +7.725E-03 +7.725E-03 +7.725E-03 +7.725E-03 +7.725E-03 +7.725E-03 +7.725E-03 +7.725E-03 +7.724E-03 +7.725E-03 +7.725E-03 +7.725E-03 +7.725E-03 +7.725E-03 +7.725E-03 +7.725E-03 +7.725E-03 +7.725E-03 +7.725E-03 +7.725E-03 +7.725E-03 +7.725E-03 +7.725E-03 +7.725E-03 +7.724E-03 +7.724E-03 +7.724E-03 +7.723E-03 +7.723E-03 +7.722E-03 +7.722E-03 +7.722E-03 +7.721E-03 +7.721E-03 +7.720E-03 +7.720E-03 +7.719E-03 +7.718E-03 +7.718E-03 +7.717E-03 +7.717E-03 +7.716E-03 +7.716E-03 +7.715E-03 +7.715E-03 +7.714E-03 +7.714E-03 +7.713E-03 +7.713E-03 
-0.00406250 +9.908E-03 +9.908E-03 +9.909E-03 +9.909E-03 +9.910E-03 +9.910E-03 +9.911E-03 +9.912E-03 +9.912E-03 +9.913E-03 +9.914E-03 +9.914E-03 +9.915E-03 +9.916E-03 +9.916E-03 +9.917E-03 +9.917E-03 +9.918E-03 +9.919E-03 +9.919E-03 +9.920E-03 +9.920E-03 +9.921E-03 +9.921E-03 +9.921E-03 +9.922E-03 +9.922E-03 +9.922E-03 +9.922E-03 +9.922E-03 +9.922E-03 +9.922E-03 +9.922E-03 +9.922E-03 +9.922E-03 +9.921E-03 +9.921E-03 +9.921E-03 +9.920E-03 +9.920E-03 +9.920E-03 +9.920E-03 +9.920E-03 +9.921E-03 +9.921E-03 +9.921E-03 +9.922E-03 +9.922E-03 +9.922E-03 +9.922E-03 +9.922E-03 +9.922E-03 +9.922E-03 +9.922E-03 +9.922E-03 +9.922E-03 +9.921E-03 +9.921E-03 +9.921E-03 +9.920E-03 +9.920E-03 +9.919E-03 +9.919E-03 +9.918E-03 +9.917E-03 +9.917E-03 +9.916E-03 +9.916E-03 +9.915E-03 +9.914E-03 +9.914E-03 +9.913E-03 +9.912E-03 +9.912E-03 +9.911E-03 +9.910E-03 +9.910E-03 +9.909E-03 +9.909E-03 +9.908E-03 +9.908E-03 
-0.00487500 +1.227E-02 +1.227E-02 +1.227E-02 +1.227E-02 +1.227E-02 +1.227E-02 +1.227E-02 +1.227E-02 +1.227E-02 +1.227E-02 +1.227E-02 +1.228E-02 +1.228E-02 +1.228E-02 +1.228E-02 +1.228E-02 +1.228E-02 +1.228E-02 +1.228E-02 +1.228E-02 +1.228E-02 +1.228E-02 +1.228E-02 +1.228E-02 +1.228E-02 +1.228E-02 +1.228E-02 +1.228E-02 +1.228E-02 +1.229E-02 +1.229E-02 +1.228E-02 +1.228E-02 +1.228E-02 +1.228E-02 +1.228E-02 +1.228E-02 +1.228E-02 +1.228E-02 +1.228E-02 +1.228E-02 +1.228E-02 +1.228E-02 +1.228E-02 +1.228E-02 +1.228E-02 +1.228E-02 +1.228E-02 +1.228E-02 +1.228E-02 +1.229E-02 +1.229E-02 +1.228E-02 +1.228E-02 +1.228E-02 +1.228E-02 +1.228E-02 +1.228E-02 +1.228E-02 +1.228E-02 +1.228E-02 +1.228E-02 +1.228E-02 +1.228E-02 +1.228E-02 +1.228E-02 +1.228E-02 +1.228E-02 +1.228E-02 +1.228E-02 +1.227E-02 +1.227E-02 +1.227E-02 +1.227E-02 +1.227E-02 +1.227E-02 +1.227E-02 +1.227E-02 +1.227E-02 +1.227E-02 +1.227E-02 
-0.00568750 +1.484E-02 +1.484E-02 +1.484E-02 +1.484E-02 +1.484E-02 +1.484E-02 +1.485E-02 +1.485E-02 +1.485E-02 +1.485E-02 +1.485E-02 +1.485E-02 +1.485E-02 +1.485E-02 +1.485E-02 +1.485E-02 +1.485E-02 +1.485E-02 +1.485E-02 +1.486E-02 +1.486E-02 +1.486E-02 +1.486E-02 +1.486E-02 +1.486E-02 +1.486E-02 +1.486E-02 +1.486E-02 +1.486E-02 +1.486E-02 +1.486E-02 +1.486E-02 +1.486E-02 +1.486E-02 +1.486E-02 +1.486E-02 +1.486E-02 +1.485E-02 +1.485E-02 +1.485E-02 +1.485E-02 +1.485E-02 +1.485E-02 +1.485E-02 +1.486E-02 +1.486E-02 +1.486E-02 +1.486E-02 +1.486E-02 +1.486E-02 +1.486E-02 +1.486E-02 +1.486E-02 +1.486E-02 +1.486E-02 +1.486E-02 +1.486E-02 +1.486E-02 +1.486E-02 +1.486E-02 +1.486E-02 +1.486E-02 +1.485E-02 +1.485E-02 +1.485E-02 +1.485E-02 +1.485E-02 +1.485E-02 +1.485E-02 +1.485E-02 +1.485E-02 +1.485E-02 +1.485E-02 +1.485E-02 +1.485E-02 +1.484E-02 +1.484E-02 +1.484E-02 +1.484E-02 +1.484E-02 +1.484E-02 
-0.00650000 +1.737E-02 +1.737E-02 +1.737E-02 +1.737E-02 +1.737E-02 +1.737E-02 +1.737E-02 +1.737E-02 +1.737E-02 +1.737E-02 +1.737E-02 +1.737E-02 +1.737E-02 +1.737E-02 +1.738E-02 +1.738E-02 +1.738E-02 +1.738E-02 +1.738E-02 +1.738E-02 +1.738E-02 +1.738E-02 +1.738E-02 +1.738E-02 +1.738E-02 +1.738E-02 +1.738E-02 +1.739E-02 +1.739E-02 +1.739E-02 +1.739E-02 +1.739E-02 +1.739E-02 +1.739E-02 +1.738E-02 +1.738E-02 +1.738E-02 +1.737E-02 +1.737E-02 +1.736E-02 +1.736E-02 +1.736E-02 +1.737E-02 +1.737E-02 +1.738E-02 +1.738E-02 +1.738E-02 +1.739E-02 +1.739E-02 +1.739E-02 +1.739E-02 +1.739E-02 +1.739E-02 +1.739E-02 +1.738E-02 +1.738E-02 +1.738E-02 +1.738E-02 +1.738E-02 +1.738E-02 +1.738E-02 +1.738E-02 +1.738E-02 +1.738E-02 +1.738E-02 +1.738E-02 +1.738E-02 +1.737E-02 +1.737E-02 +1.737E-02 +1.737E-02 +1.737E-02 +1.737E-02 +1.737E-02 +1.737E-02 +1.737E-02 +1.737E-02 +1.737E-02 +1.737E-02 +1.737E-02 +1.737E-02 
