# IVU24PPM KICKMAP 
# Author: Ximenes R. Resende @ LNLS, Date: 08-Jun-2012 00:51:58
# ID Length [m]
2.8080
# Number of Horizontal Points
81 
# Number of Vertical Points
17 
# Horizontal KickTable in T2m2
START
            -0.04000000 -0.03900000 -0.03800000 -0.03700000 -0.03600000 -0.03500000 -0.03400000 -0.03300000 -0.03200000 -0.03100000 -0.03000000 -0.02900000 -0.02800000 -0.02700000 -0.02600000 -0.02500000 -0.02400000 -0.02300000 -0.02200000 -0.02100000 -0.02000000 -0.01900000 -0.01800000 -0.01700000 -0.01600000 -0.01500000 -0.01400000 -0.01300000 -0.01200000 -0.01100000 -0.01000000 -0.00900000 -0.00800000 -0.00700000 -0.00600000 -0.00500000 -0.00400000 -0.00300000 -0.00200000 -0.00100000 +0.00000000 +0.00100000 +0.00200000 +0.00300000 +0.00400000 +0.00500000 +0.00600000 +0.00700000 +0.00800000 +0.00900000 +0.01000000 +0.01100000 +0.01200000 +0.01300000 +0.01400000 +0.01500000 +0.01600000 +0.01700000 +0.01800000 +0.01900000 +0.02000000 +0.02100000 +0.02200000 +0.02300000 +0.02400000 +0.02500000 +0.02600000 +0.02700000 +0.02800000 +0.02900000 +0.03000000 +0.03100000 +0.03200000 +0.03300000 +0.03400000 +0.03500000 +0.03600000 +0.03700000 +0.03800000 +0.03900000 +0.04000000 
+0.00430285 -8.240E-05 -1.817E-04 -3.677E-04 -8.073E-04 -4.323E-03 -2.202E-03 +6.856E-07 -3.679E-04 -4.729E-04 -4.136E-04 -3.394E-04 -2.692E-04 -2.094E-04 -1.607E-04 -1.223E-04 -9.252E-05 -6.968E-05 -5.231E-05 -3.920E-05 -2.932E-05 -2.192E-05 -1.637E-05 -1.222E-05 -9.122E-06 -6.807E-06 -5.079E-06 -3.789E-06 -2.824E-06 -2.102E-06 -1.560E-06 -1.151E-06 -8.409E-07 -6.019E-07 -4.132E-07 -2.573E-07 -1.051E-07 +4.084E-09 +1.589E-07 +4.770E-07 +1.336E-05 +0.000E+00 -1.336E-05 -4.770E-07 -1.589E-07 -4.084E-09 +1.051E-07 +2.573E-07 +4.132E-07 +6.019E-07 +8.409E-07 +1.151E-06 +1.560E-06 +2.102E-06 +2.824E-06 +3.789E-06 +5.079E-06 +6.807E-06 +9.122E-06 +1.222E-05 +1.637E-05 +2.192E-05 +2.932E-05 +3.920E-05 +5.231E-05 +6.968E-05 +9.252E-05 +1.223E-04 +1.607E-04 +2.094E-04 +2.692E-04 +3.394E-04 +4.136E-04 +4.729E-04 +3.679E-04 -6.856E-07 +2.202E-03 +4.323E-03 +8.073E-04 +3.677E-04 +1.817E-04 +8.240E-05 
+0.00376499 -7.532E-05 -1.662E-04 -3.362E-04 -7.489E-04 -2.031E-03 -2.963E-03 -1.426E-03 -7.496E-04 -5.759E-04 -4.534E-04 -3.537E-04 -2.728E-04 -2.084E-04 -1.580E-04 -1.192E-04 -8.950E-05 -6.702E-05 -5.009E-05 -3.738E-05 -2.787E-05 -2.077E-05 -1.548E-05 -1.153E-05 -8.591E-06 -6.400E-06 -4.768E-06 -3.552E-06 -2.644E-06 -1.965E-06 -1.456E-06 -1.073E-06 -7.817E-07 -5.568E-07 -3.779E-07 -2.278E-07 -6.202E-08 +1.758E-08 +2.525E-07 +8.095E-07 +3.171E-06 +0.000E+00 -3.171E-06 -8.095E-07 -2.525E-07 -1.758E-08 +6.202E-08 +2.278E-07 +3.779E-07 +5.568E-07 +7.817E-07 +1.073E-06 +1.456E-06 +1.965E-06 +2.644E-06 +3.552E-06 +4.768E-06 +6.400E-06 +8.591E-06 +1.153E-05 +1.548E-05 +2.077E-05 +2.787E-05 +3.738E-05 +5.009E-05 +6.702E-05 +8.950E-05 +1.192E-04 +1.580E-04 +2.084E-04 +2.728E-04 +3.537E-04 +4.534E-04 +5.759E-04 +7.496E-04 +1.426E-03 +2.963E-03 +2.031E-03 +7.489E-04 +3.362E-04 +1.662E-04 +7.532E-05 
+0.00322714 -6.843E-05 -1.487E-04 -2.964E-04 -6.257E-04 -1.326E-03 -1.880E-03 -1.398E-03 -8.810E-04 -6.290E-04 -4.736E-04 -3.599E-04 -2.730E-04 -2.060E-04 -1.548E-04 -1.159E-04 -8.655E-05 -6.450E-05 -4.801E-05 -3.571E-05 -2.656E-05 -1.974E-05 -1.468E-05 -1.092E-05 -8.119E-06 -6.040E-06 -4.494E-06 -3.343E-06 -2.486E-06 -1.846E-06 -1.366E-06 -1.005E-06 -7.306E-07 -5.183E-07 -3.486E-07 -2.053E-07 -3.438E-08 +2.302E-08 +2.746E-07 +7.493E-07 +1.454E-06 +0.000E+00 -1.454E-06 -7.493E-07 -2.746E-07 -2.302E-08 +3.438E-08 +2.053E-07 +3.486E-07 +5.183E-07 +7.306E-07 +1.005E-06 +1.366E-06 +1.846E-06 +2.486E-06 +3.343E-06 +4.494E-06 +6.040E-06 +8.119E-06 +1.092E-05 +1.468E-05 +1.974E-05 +2.656E-05 +3.571E-05 +4.801E-05 +6.450E-05 +8.655E-05 +1.159E-04 +1.548E-04 +2.060E-04 +2.730E-04 +3.599E-04 +4.736E-04 +6.290E-04 +8.810E-04 +1.398E-03 +1.880E-03 +1.326E-03 +6.257E-04 +2.964E-04 +1.487E-04 +6.843E-05 
+0.00268928 -6.186E-05 -1.310E-04 -2.548E-04 -5.033E-04 -9.274E-04 -1.274E-03 -1.158E-03 -8.592E-04 -6.335E-04 -4.757E-04 -3.587E-04 -2.699E-04 -2.023E-04 -1.511E-04 -1.125E-04 -8.363E-05 -6.208E-05 -4.606E-05 -3.417E-05 -2.534E-05 -1.880E-05 -1.396E-05 -1.036E-05 -7.696E-06 -5.719E-06 -4.250E-06 -3.159E-06 -2.346E-06 -1.740E-06 -1.287E-06 -9.456E-07 -6.861E-07 -4.852E-07 -3.243E-07 -1.881E-07 -2.345E-08 +2.244E-08 +2.441E-07 +5.427E-07 +6.806E-07 +0.000E+00 -6.806E-07 -5.427E-07 -2.441E-07 -2.244E-08 +2.345E-08 +1.881E-07 +3.243E-07 +4.852E-07 +6.861E-07 +9.456E-07 +1.287E-06 +1.740E-06 +2.346E-06 +3.159E-06 +4.250E-06 +5.719E-06 +7.696E-06 +1.036E-05 +1.396E-05 +1.880E-05 +2.534E-05 +3.417E-05 +4.606E-05 +6.208E-05 +8.363E-05 +1.125E-04 +1.511E-04 +2.023E-04 +2.699E-04 +3.587E-04 +4.757E-04 +6.335E-04 +8.592E-04 +1.158E-03 +1.274E-03 +9.274E-04 +5.033E-04 +2.548E-04 +1.310E-04 +6.186E-05 
+0.00215143 -5.583E-05 -1.149E-04 -2.175E-04 -4.055E-04 -6.878E-04 -9.302E-04 -9.399E-04 -7.833E-04 -6.100E-04 -4.662E-04 -3.529E-04 -2.651E-04 -1.980E-04 -1.473E-04 -1.093E-04 -8.093E-05 -5.990E-05 -4.433E-05 -3.280E-05 -2.429E-05 -1.799E-05 -1.333E-05 -9.885E-06 -7.334E-06 -5.444E-06 -4.042E-06 -3.002E-06 -2.228E-06 -1.651E-06 -1.220E-06 -8.956E-07 -6.490E-07 -4.579E-07 -3.048E-07 -1.754E-07 -2.497E-08 +1.869E-08 +1.938E-07 +3.611E-07 +3.435E-07 +0.000E+00 -3.435E-07 -3.611E-07 -1.938E-07 -1.869E-08 +2.497E-08 +1.754E-07 +3.048E-07 +4.579E-07 +6.490E-07 +8.956E-07 +1.220E-06 +1.651E-06 +2.228E-06 +3.002E-06 +4.042E-06 +5.444E-06 +7.334E-06 +9.885E-06 +1.333E-05 +1.799E-05 +2.429E-05 +3.280E-05 +4.433E-05 +5.990E-05 +8.093E-05 +1.093E-04 +1.473E-04 +1.980E-04 +2.651E-04 +3.529E-04 +4.662E-04 +6.100E-04 +7.833E-04 +9.399E-04 +9.302E-04 +6.878E-04 +4.055E-04 +2.175E-04 +1.149E-04 +5.583E-05 
+0.00161357 -5.066E-05 -1.016E-04 -1.876E-04 -3.352E-04 -5.413E-04 -7.274E-04 -7.815E-04 -7.048E-04 -5.775E-04 -4.519E-04 -3.451E-04 -2.597E-04 -1.938E-04 -1.438E-04 -1.064E-04 -7.865E-05 -5.808E-05 -4.289E-05 -3.169E-05 -2.342E-05 -1.733E-05 -1.283E-05 -9.501E-06 -7.043E-06 -5.224E-06 -3.876E-06 -2.876E-06 -2.134E-06 -1.580E-06 -1.167E-06 -8.560E-07 -6.196E-07 -4.365E-07 -2.900E-07 -1.666E-07 -3.183E-08 +1.403E-08 +1.461E-07 +2.388E-07 +1.901E-07 +0.000E+00 -1.901E-07 -2.388E-07 -1.461E-07 -1.403E-08 +3.183E-08 +1.666E-07 +2.900E-07 +4.365E-07 +6.196E-07 +8.560E-07 +1.167E-06 +1.580E-06 +2.134E-06 +2.876E-06 +3.876E-06 +5.224E-06 +7.043E-06 +9.501E-06 +1.283E-05 +1.733E-05 +2.342E-05 +3.169E-05 +4.289E-05 +5.808E-05 +7.865E-05 +1.064E-04 +1.438E-04 +1.938E-04 +2.597E-04 +3.451E-04 +4.519E-04 +5.775E-04 +7.048E-04 +7.815E-04 +7.274E-04 +5.413E-04 +3.352E-04 +1.876E-04 +1.016E-04 +5.066E-05 
+0.00107571 -4.670E-05 -9.174E-05 -1.664E-04 -2.889E-04 -4.537E-04 -6.088E-04 -6.785E-04 -6.438E-04 -5.483E-04 -4.382E-04 -3.378E-04 -2.550E-04 -1.903E-04 -1.411E-04 -1.043E-04 -7.691E-05 -5.671E-05 -4.182E-05 -3.086E-05 -2.278E-05 -1.684E-05 -1.245E-05 -9.219E-06 -6.829E-06 -5.062E-06 -3.755E-06 -2.785E-06 -2.065E-06 -1.529E-06 -1.128E-06 -8.273E-07 -5.984E-07 -4.212E-07 -2.795E-07 -1.609E-07 -3.883E-08 +9.936E-09 +1.106E-07 +1.658E-07 +1.176E-07 +0.000E+00 -1.176E-07 -1.658E-07 -1.106E-07 -9.936E-09 +3.883E-08 +1.609E-07 +2.795E-07 +4.212E-07 +5.984E-07 +8.273E-07 +1.128E-06 +1.529E-06 +2.065E-06 +2.785E-06 +3.755E-06 +5.062E-06 +6.829E-06 +9.219E-06 +1.245E-05 +1.684E-05 +2.278E-05 +3.086E-05 +4.182E-05 +5.671E-05 +7.691E-05 +1.043E-04 +1.411E-04 +1.903E-04 +2.550E-04 +3.378E-04 +4.382E-04 +5.483E-04 +6.438E-04 +6.785E-04 +6.088E-04 +4.537E-04 +2.889E-04 +1.664E-04 +9.174E-05 +4.670E-05 
+0.00053786 -4.421E-05 -8.576E-05 -1.538E-04 -2.628E-04 -4.070E-04 -5.463E-04 -6.211E-04 -6.065E-04 -5.289E-04 -4.287E-04 -3.327E-04 -2.519E-04 -1.881E-04 -1.394E-04 -1.029E-04 -7.583E-05 -5.586E-05 -4.116E-05 -3.035E-05 -2.239E-05 -1.654E-05 -1.223E-05 -9.047E-06 -6.699E-06 -4.964E-06 -3.681E-06 -2.729E-06 -2.023E-06 -1.498E-06 -1.105E-06 -8.099E-07 -5.856E-07 -4.120E-07 -2.734E-07 -1.577E-07 -4.353E-08 +7.241E-09 +8.957E-08 +1.279E-07 +8.468E-08 +0.000E+00 -8.468E-08 -1.279E-07 -8.957E-08 -7.241E-09 +4.353E-08 +1.577E-07 +2.734E-07 +4.120E-07 +5.856E-07 +8.099E-07 +1.105E-06 +1.498E-06 +2.023E-06 +2.729E-06 +3.681E-06 +4.964E-06 +6.699E-06 +9.047E-06 +1.223E-05 +1.654E-05 +2.239E-05 +3.035E-05 +4.116E-05 +5.586E-05 +7.583E-05 +1.029E-04 +1.394E-04 +1.881E-04 +2.519E-04 +3.327E-04 +4.287E-04 +5.289E-04 +6.065E-04 +6.211E-04 +5.463E-04 +4.070E-04 +2.628E-04 +1.538E-04 +8.576E-05 +4.421E-05 
+0.00000000 -4.337E-05 -8.375E-05 -1.497E-04 -2.544E-04 -3.923E-04 -5.268E-04 -6.027E-04 -5.941E-04 -5.221E-04 -4.253E-04 -3.309E-04 -2.508E-04 -1.873E-04 -1.388E-04 -1.024E-04 -7.546E-05 -5.557E-05 -4.093E-05 -3.017E-05 -2.226E-05 -1.644E-05 -1.215E-05 -8.989E-06 -6.656E-06 -4.931E-06 -3.656E-06 -2.711E-06 -2.009E-06 -1.487E-06 -1.097E-06 -8.041E-07 -5.813E-07 -4.089E-07 -2.713E-07 -1.567E-07 -4.516E-08 +6.310E-09 +8.265E-08 +1.163E-07 +7.516E-08 +0.000E+00 -7.516E-08 -1.163E-07 -8.265E-08 -6.310E-09 +4.516E-08 +1.567E-07 +2.713E-07 +4.089E-07 +5.813E-07 +8.041E-07 +1.097E-06 +1.487E-06 +2.009E-06 +2.711E-06 +3.656E-06 +4.931E-06 +6.656E-06 +8.989E-06 +1.215E-05 +1.644E-05 +2.226E-05 +3.017E-05 +4.093E-05 +5.557E-05 +7.546E-05 +1.024E-04 +1.388E-04 +1.873E-04 +2.508E-04 +3.309E-04 +4.253E-04 +5.221E-04 +5.941E-04 +6.027E-04 +5.268E-04 +3.923E-04 +2.544E-04 +1.497E-04 +8.375E-05 +4.337E-05 
-0.00053786 -4.421E-05 -8.576E-05 -1.538E-04 -2.628E-04 -4.070E-04 -5.463E-04 -6.211E-04 -6.065E-04 -5.289E-04 -4.287E-04 -3.327E-04 -2.519E-04 -1.881E-04 -1.394E-04 -1.029E-04 -7.583E-05 -5.586E-05 -4.116E-05 -3.035E-05 -2.239E-05 -1.654E-05 -1.223E-05 -9.047E-06 -6.699E-06 -4.964E-06 -3.681E-06 -2.729E-06 -2.023E-06 -1.498E-06 -1.105E-06 -8.099E-07 -5.856E-07 -4.120E-07 -2.734E-07 -1.577E-07 -4.353E-08 +7.241E-09 +8.957E-08 +1.279E-07 +8.468E-08 +0.000E+00 -8.468E-08 -1.279E-07 -8.957E-08 -7.241E-09 +4.353E-08 +1.577E-07 +2.734E-07 +4.120E-07 +5.856E-07 +8.099E-07 +1.105E-06 +1.498E-06 +2.023E-06 +2.729E-06 +3.681E-06 +4.964E-06 +6.699E-06 +9.047E-06 +1.223E-05 +1.654E-05 +2.239E-05 +3.035E-05 +4.116E-05 +5.586E-05 +7.583E-05 +1.029E-04 +1.394E-04 +1.881E-04 +2.519E-04 +3.327E-04 +4.287E-04 +5.289E-04 +6.065E-04 +6.211E-04 +5.463E-04 +4.070E-04 +2.628E-04 +1.538E-04 +8.576E-05 +4.421E-05 
-0.00107571 -4.670E-05 -9.174E-05 -1.664E-04 -2.889E-04 -4.537E-04 -6.088E-04 -6.785E-04 -6.438E-04 -5.483E-04 -4.382E-04 -3.378E-04 -2.550E-04 -1.903E-04 -1.411E-04 -1.043E-04 -7.691E-05 -5.671E-05 -4.182E-05 -3.086E-05 -2.278E-05 -1.684E-05 -1.245E-05 -9.219E-06 -6.829E-06 -5.062E-06 -3.755E-06 -2.785E-06 -2.065E-06 -1.529E-06 -1.128E-06 -8.273E-07 -5.984E-07 -4.212E-07 -2.795E-07 -1.609E-07 -3.883E-08 +9.936E-09 +1.106E-07 +1.658E-07 +1.176E-07 +0.000E+00 -1.176E-07 -1.658E-07 -1.106E-07 -9.936E-09 +3.883E-08 +1.609E-07 +2.795E-07 +4.212E-07 +5.984E-07 +8.273E-07 +1.128E-06 +1.529E-06 +2.065E-06 +2.785E-06 +3.755E-06 +5.062E-06 +6.829E-06 +9.219E-06 +1.245E-05 +1.684E-05 +2.278E-05 +3.086E-05 +4.182E-05 +5.671E-05 +7.691E-05 +1.043E-04 +1.411E-04 +1.903E-04 +2.550E-04 +3.378E-04 +4.382E-04 +5.483E-04 +6.438E-04 +6.785E-04 +6.088E-04 +4.537E-04 +2.889E-04 +1.664E-04 +9.174E-05 +4.670E-05 
-0.00161357 -5.066E-05 -1.016E-04 -1.876E-04 -3.352E-04 -5.413E-04 -7.274E-04 -7.815E-04 -7.048E-04 -5.775E-04 -4.519E-04 -3.451E-04 -2.597E-04 -1.938E-04 -1.438E-04 -1.064E-04 -7.865E-05 -5.808E-05 -4.289E-05 -3.169E-05 -2.342E-05 -1.733E-05 -1.283E-05 -9.501E-06 -7.043E-06 -5.224E-06 -3.876E-06 -2.876E-06 -2.134E-06 -1.580E-06 -1.167E-06 -8.560E-07 -6.196E-07 -4.365E-07 -2.900E-07 -1.666E-07 -3.183E-08 +1.403E-08 +1.461E-07 +2.388E-07 +1.901E-07 +0.000E+00 -1.901E-07 -2.388E-07 -1.461E-07 -1.403E-08 +3.183E-08 +1.666E-07 +2.900E-07 +4.365E-07 +6.196E-07 +8.560E-07 +1.167E-06 +1.580E-06 +2.134E-06 +2.876E-06 +3.876E-06 +5.224E-06 +7.043E-06 +9.501E-06 +1.283E-05 +1.733E-05 +2.342E-05 +3.169E-05 +4.289E-05 +5.808E-05 +7.865E-05 +1.064E-04 +1.438E-04 +1.938E-04 +2.597E-04 +3.451E-04 +4.519E-04 +5.775E-04 +7.048E-04 +7.815E-04 +7.274E-04 +5.413E-04 +3.352E-04 +1.876E-04 +1.016E-04 +5.066E-05 
-0.00215143 -5.583E-05 -1.149E-04 -2.175E-04 -4.055E-04 -6.878E-04 -9.302E-04 -9.399E-04 -7.833E-04 -6.100E-04 -4.662E-04 -3.529E-04 -2.651E-04 -1.980E-04 -1.473E-04 -1.093E-04 -8.093E-05 -5.990E-05 -4.433E-05 -3.280E-05 -2.429E-05 -1.799E-05 -1.333E-05 -9.885E-06 -7.334E-06 -5.444E-06 -4.042E-06 -3.002E-06 -2.228E-06 -1.651E-06 -1.220E-06 -8.956E-07 -6.490E-07 -4.579E-07 -3.048E-07 -1.754E-07 -2.497E-08 +1.869E-08 +1.938E-07 +3.611E-07 +3.435E-07 +0.000E+00 -3.435E-07 -3.611E-07 -1.938E-07 -1.869E-08 +2.497E-08 +1.754E-07 +3.048E-07 +4.579E-07 +6.490E-07 +8.956E-07 +1.220E-06 +1.651E-06 +2.228E-06 +3.002E-06 +4.042E-06 +5.444E-06 +7.334E-06 +9.885E-06 +1.333E-05 +1.799E-05 +2.429E-05 +3.280E-05 +4.433E-05 +5.990E-05 +8.093E-05 +1.093E-04 +1.473E-04 +1.980E-04 +2.651E-04 +3.529E-04 +4.662E-04 +6.100E-04 +7.833E-04 +9.399E-04 +9.302E-04 +6.878E-04 +4.055E-04 +2.175E-04 +1.149E-04 +5.583E-05 
-0.00268928 -6.186E-05 -1.310E-04 -2.548E-04 -5.033E-04 -9.274E-04 -1.274E-03 -1.158E-03 -8.592E-04 -6.335E-04 -4.757E-04 -3.587E-04 -2.699E-04 -2.023E-04 -1.511E-04 -1.125E-04 -8.363E-05 -6.208E-05 -4.606E-05 -3.417E-05 -2.534E-05 -1.880E-05 -1.396E-05 -1.036E-05 -7.696E-06 -5.719E-06 -4.250E-06 -3.159E-06 -2.346E-06 -1.740E-06 -1.287E-06 -9.456E-07 -6.861E-07 -4.852E-07 -3.243E-07 -1.881E-07 -2.345E-08 +2.244E-08 +2.441E-07 +5.427E-07 +6.806E-07 +0.000E+00 -6.806E-07 -5.427E-07 -2.441E-07 -2.244E-08 +2.345E-08 +1.881E-07 +3.243E-07 +4.852E-07 +6.861E-07 +9.456E-07 +1.287E-06 +1.740E-06 +2.346E-06 +3.159E-06 +4.250E-06 +5.719E-06 +7.696E-06 +1.036E-05 +1.396E-05 +1.880E-05 +2.534E-05 +3.417E-05 +4.606E-05 +6.208E-05 +8.363E-05 +1.125E-04 +1.511E-04 +2.023E-04 +2.699E-04 +3.587E-04 +4.757E-04 +6.335E-04 +8.592E-04 +1.158E-03 +1.274E-03 +9.274E-04 +5.033E-04 +2.548E-04 +1.310E-04 +6.186E-05 
-0.00322714 -6.843E-05 -1.487E-04 -2.964E-04 -6.257E-04 -1.326E-03 -1.880E-03 -1.398E-03 -8.810E-04 -6.290E-04 -4.736E-04 -3.599E-04 -2.730E-04 -2.060E-04 -1.548E-04 -1.159E-04 -8.655E-05 -6.450E-05 -4.801E-05 -3.571E-05 -2.656E-05 -1.974E-05 -1.468E-05 -1.092E-05 -8.119E-06 -6.040E-06 -4.494E-06 -3.343E-06 -2.486E-06 -1.846E-06 -1.366E-06 -1.005E-06 -7.306E-07 -5.183E-07 -3.486E-07 -2.053E-07 -3.438E-08 +2.302E-08 +2.746E-07 +7.493E-07 +1.454E-06 +0.000E+00 -1.454E-06 -7.493E-07 -2.746E-07 -2.302E-08 +3.438E-08 +2.053E-07 +3.486E-07 +5.183E-07 +7.306E-07 +1.005E-06 +1.366E-06 +1.846E-06 +2.486E-06 +3.343E-06 +4.494E-06 +6.040E-06 +8.119E-06 +1.092E-05 +1.468E-05 +1.974E-05 +2.656E-05 +3.571E-05 +4.801E-05 +6.450E-05 +8.655E-05 +1.159E-04 +1.548E-04 +2.060E-04 +2.730E-04 +3.599E-04 +4.736E-04 +6.290E-04 +8.810E-04 +1.398E-03 +1.880E-03 +1.326E-03 +6.257E-04 +2.964E-04 +1.487E-04 +6.843E-05 
-0.00376499 -7.532E-05 -1.662E-04 -3.362E-04 -7.489E-04 -2.031E-03 -2.963E-03 -1.426E-03 -7.496E-04 -5.759E-04 -4.534E-04 -3.537E-04 -2.728E-04 -2.084E-04 -1.580E-04 -1.192E-04 -8.950E-05 -6.702E-05 -5.009E-05 -3.738E-05 -2.787E-05 -2.077E-05 -1.548E-05 -1.153E-05 -8.591E-06 -6.400E-06 -4.768E-06 -3.552E-06 -2.644E-06 -1.965E-06 -1.456E-06 -1.073E-06 -7.817E-07 -5.568E-07 -3.779E-07 -2.278E-07 -6.202E-08 +1.758E-08 +2.525E-07 +8.095E-07 +3.171E-06 +0.000E+00 -3.171E-06 -8.095E-07 -2.525E-07 -1.758E-08 +6.202E-08 +2.278E-07 +3.779E-07 +5.568E-07 +7.817E-07 +1.073E-06 +1.456E-06 +1.965E-06 +2.644E-06 +3.552E-06 +4.768E-06 +6.400E-06 +8.591E-06 +1.153E-05 +1.548E-05 +2.077E-05 +2.787E-05 +3.738E-05 +5.009E-05 +6.702E-05 +8.950E-05 +1.192E-04 +1.580E-04 +2.084E-04 +2.728E-04 +3.537E-04 +4.534E-04 +5.759E-04 +7.496E-04 +1.426E-03 +2.963E-03 +2.031E-03 +7.489E-04 +3.362E-04 +1.662E-04 +7.532E-05 
-0.00430285 -8.240E-05 -1.817E-04 -3.677E-04 -8.073E-04 -4.323E-03 -2.202E-03 +6.856E-07 -3.679E-04 -4.729E-04 -4.136E-04 -3.394E-04 -2.692E-04 -2.094E-04 -1.607E-04 -1.223E-04 -9.252E-05 -6.968E-05 -5.231E-05 -3.920E-05 -2.932E-05 -2.192E-05 -1.637E-05 -1.222E-05 -9.122E-06 -6.807E-06 -5.079E-06 -3.789E-06 -2.824E-06 -2.102E-06 -1.560E-06 -1.151E-06 -8.409E-07 -6.019E-07 -4.132E-07 -2.573E-07 -1.051E-07 +4.084E-09 +1.589E-07 +4.770E-07 +1.336E-05 +0.000E+00 -1.336E-05 -4.770E-07 -1.589E-07 -4.084E-09 +1.051E-07 +2.573E-07 +4.132E-07 +6.019E-07 +8.409E-07 +1.151E-06 +1.560E-06 +2.102E-06 +2.824E-06 +3.789E-06 +5.079E-06 +6.807E-06 +9.122E-06 +1.222E-05 +1.637E-05 +2.192E-05 +2.932E-05 +3.920E-05 +5.231E-05 +6.968E-05 +9.252E-05 +1.223E-04 +1.607E-04 +2.094E-04 +2.692E-04 +3.394E-04 +4.136E-04 +4.729E-04 +3.679E-04 -6.856E-07 +2.202E-03 +4.323E-03 +8.073E-04 +3.677E-04 +1.817E-04 +8.240E-05 
# Vertical KickTable in T2m2
START
            -0.04000000 -0.03900000 -0.03800000 -0.03700000 -0.03600000 -0.03500000 -0.03400000 -0.03300000 -0.03200000 -0.03100000 -0.03000000 -0.02900000 -0.02800000 -0.02700000 -0.02600000 -0.02500000 -0.02400000 -0.02300000 -0.02200000 -0.02100000 -0.02000000 -0.01900000 -0.01800000 -0.01700000 -0.01600000 -0.01500000 -0.01400000 -0.01300000 -0.01200000 -0.01100000 -0.01000000 -0.00900000 -0.00800000 -0.00700000 -0.00600000 -0.00500000 -0.00400000 -0.00300000 -0.00200000 -0.00100000 +0.00000000 +0.00100000 +0.00200000 +0.00300000 +0.00400000 +0.00500000 +0.00600000 +0.00700000 +0.00800000 +0.00900000 +0.01000000 +0.01100000 +0.01200000 +0.01300000 +0.01400000 +0.01500000 +0.01600000 +0.01700000 +0.01800000 +0.01900000 +0.02000000 +0.02100000 +0.02200000 +0.02300000 +0.02400000 +0.02500000 +0.02600000 +0.02700000 +0.02800000 +0.02900000 +0.03000000 +0.03100000 +0.03200000 +0.03300000 +0.03400000 +0.03500000 +0.03600000 +0.03700000 +0.03800000 +0.03900000 +0.04000000 
+0.00430285 -2.409E-05 -4.434E-05 -8.318E-05 -1.642E-04 -4.444E-04 -1.574E-02 -8.396E-03 -6.767E-03 -6.341E-03 -6.192E-03 -6.136E-03 -6.117E-03 -6.114E-03 -6.117E-03 -6.122E-03 -6.128E-03 -6.133E-03 -6.138E-03 -6.142E-03 -6.145E-03 -6.147E-03 -6.149E-03 -6.151E-03 -6.152E-03 -6.153E-03 -6.154E-03 -6.154E-03 -6.155E-03 -6.155E-03 -6.155E-03 -6.155E-03 -6.155E-03 -6.155E-03 -6.156E-03 -6.156E-03 -6.156E-03 -6.156E-03 -6.156E-03 -6.156E-03 -6.158E-03 -6.052E-03 -6.158E-03 -6.156E-03 -6.156E-03 -6.156E-03 -6.156E-03 -6.156E-03 -6.156E-03 -6.155E-03 -6.155E-03 -6.155E-03 -6.155E-03 -6.155E-03 -6.155E-03 -6.154E-03 -6.154E-03 -6.153E-03 -6.152E-03 -6.151E-03 -6.149E-03 -6.147E-03 -6.145E-03 -6.142E-03 -6.138E-03 -6.133E-03 -6.128E-03 -6.122E-03 -6.117E-03 -6.114E-03 -6.117E-03 -6.136E-03 -6.192E-03 -6.341E-03 -6.767E-03 -8.396E-03 -1.574E-02 -4.444E-04 -1.642E-04 -8.318E-05 -4.434E-05 -2.409E-05 
+0.00376499 -2.434E-05 -4.636E-05 -9.255E-05 -2.064E-04 -6.423E-04 -5.901E-03 -5.643E-03 -4.984E-03 -4.750E-03 -4.662E-03 -4.630E-03 -4.621E-03 -4.621E-03 -4.626E-03 -4.632E-03 -4.638E-03 -4.643E-03 -4.648E-03 -4.651E-03 -4.654E-03 -4.657E-03 -4.658E-03 -4.660E-03 -4.661E-03 -4.662E-03 -4.662E-03 -4.663E-03 -4.663E-03 -4.663E-03 -4.664E-03 -4.664E-03 -4.664E-03 -4.664E-03 -4.664E-03 -4.664E-03 -4.664E-03 -4.664E-03 -4.664E-03 -4.664E-03 -4.664E-03 -4.632E-03 -4.664E-03 -4.664E-03 -4.664E-03 -4.664E-03 -4.664E-03 -4.664E-03 -4.664E-03 -4.664E-03 -4.664E-03 -4.664E-03 -4.664E-03 -4.663E-03 -4.663E-03 -4.663E-03 -4.662E-03 -4.662E-03 -4.661E-03 -4.660E-03 -4.658E-03 -4.657E-03 -4.654E-03 -4.651E-03 -4.648E-03 -4.643E-03 -4.638E-03 -4.632E-03 -4.626E-03 -4.621E-03 -4.621E-03 -4.630E-03 -4.662E-03 -4.750E-03 -4.984E-03 -5.643E-03 -5.901E-03 -6.423E-04 -2.064E-04 -9.255E-05 -4.636E-05 -2.434E-05 
+0.00322714 -2.395E-05 -4.696E-05 -9.827E-05 -2.348E-04 -7.268E-04 -2.364E-03 -3.457E-03 -3.455E-03 -3.396E-03 -3.366E-03 -3.356E-03 -3.357E-03 -3.362E-03 -3.368E-03 -3.375E-03 -3.381E-03 -3.386E-03 -3.390E-03 -3.393E-03 -3.396E-03 -3.398E-03 -3.400E-03 -3.401E-03 -3.402E-03 -3.403E-03 -3.403E-03 -3.404E-03 -3.404E-03 -3.404E-03 -3.404E-03 -3.404E-03 -3.405E-03 -3.405E-03 -3.405E-03 -3.405E-03 -3.405E-03 -3.405E-03 -3.405E-03 -3.405E-03 -3.404E-03 -3.402E-03 -3.404E-03 -3.405E-03 -3.405E-03 -3.405E-03 -3.405E-03 -3.405E-03 -3.405E-03 -3.405E-03 -3.405E-03 -3.404E-03 -3.404E-03 -3.404E-03 -3.404E-03 -3.404E-03 -3.403E-03 -3.403E-03 -3.402E-03 -3.401E-03 -3.400E-03 -3.398E-03 -3.396E-03 -3.393E-03 -3.390E-03 -3.386E-03 -3.381E-03 -3.375E-03 -3.368E-03 -3.362E-03 -3.357E-03 -3.356E-03 -3.366E-03 -3.396E-03 -3.455E-03 -3.457E-03 -2.364E-03 -7.268E-04 -2.348E-04 -9.827E-05 -4.696E-05 -2.395E-05 
+0.00268928 -2.215E-05 -4.406E-05 -9.342E-05 -2.202E-04 -5.861E-04 -1.412E-03 -2.138E-03 -2.368E-03 -2.420E-03 -2.434E-03 -2.442E-03 -2.450E-03 -2.458E-03 -2.465E-03 -2.472E-03 -2.478E-03 -2.483E-03 -2.486E-03 -2.490E-03 -2.492E-03 -2.494E-03 -2.495E-03 -2.496E-03 -2.497E-03 -2.498E-03 -2.498E-03 -2.499E-03 -2.499E-03 -2.499E-03 -2.499E-03 -2.500E-03 -2.500E-03 -2.500E-03 -2.500E-03 -2.500E-03 -2.500E-03 -2.500E-03 -2.500E-03 -2.500E-03 -2.499E-03 -2.498E-03 -2.499E-03 -2.500E-03 -2.500E-03 -2.500E-03 -2.500E-03 -2.500E-03 -2.500E-03 -2.500E-03 -2.500E-03 -2.500E-03 -2.499E-03 -2.499E-03 -2.499E-03 -2.499E-03 -2.498E-03 -2.498E-03 -2.497E-03 -2.496E-03 -2.495E-03 -2.494E-03 -2.492E-03 -2.490E-03 -2.486E-03 -2.483E-03 -2.478E-03 -2.472E-03 -2.465E-03 -2.458E-03 -2.450E-03 -2.442E-03 -2.434E-03 -2.420E-03 -2.368E-03 -2.138E-03 -1.412E-03 -5.861E-04 -2.202E-04 -9.342E-05 -4.406E-05 -2.215E-05 
+0.00215143 -1.913E-05 -3.819E-05 -8.055E-05 -1.825E-04 -4.297E-04 -8.895E-04 -1.347E-03 -1.587E-03 -1.679E-03 -1.716E-03 -1.733E-03 -1.744E-03 -1.753E-03 -1.761E-03 -1.767E-03 -1.772E-03 -1.776E-03 -1.780E-03 -1.782E-03 -1.784E-03 -1.786E-03 -1.787E-03 -1.788E-03 -1.789E-03 -1.789E-03 -1.790E-03 -1.790E-03 -1.790E-03 -1.790E-03 -1.791E-03 -1.791E-03 -1.791E-03 -1.791E-03 -1.791E-03 -1.791E-03 -1.791E-03 -1.791E-03 -1.791E-03 -1.791E-03 -1.790E-03 -1.790E-03 -1.790E-03 -1.791E-03 -1.791E-03 -1.791E-03 -1.791E-03 -1.791E-03 -1.791E-03 -1.791E-03 -1.791E-03 -1.791E-03 -1.791E-03 -1.790E-03 -1.790E-03 -1.790E-03 -1.790E-03 -1.789E-03 -1.789E-03 -1.788E-03 -1.787E-03 -1.786E-03 -1.784E-03 -1.782E-03 -1.780E-03 -1.776E-03 -1.772E-03 -1.767E-03 -1.761E-03 -1.753E-03 -1.744E-03 -1.733E-03 -1.716E-03 -1.679E-03 -1.587E-03 -1.347E-03 -8.895E-04 -4.297E-04 -1.825E-04 -8.055E-05 -3.819E-05 -1.913E-05 
+0.00161357 -1.509E-05 -3.007E-05 -6.260E-05 -1.361E-04 -2.944E-04 -5.602E-04 -8.416E-04 -1.026E-03 -1.115E-03 -1.155E-03 -1.175E-03 -1.186E-03 -1.194E-03 -1.201E-03 -1.206E-03 -1.210E-03 -1.214E-03 -1.216E-03 -1.218E-03 -1.220E-03 -1.221E-03 -1.222E-03 -1.223E-03 -1.223E-03 -1.224E-03 -1.224E-03 -1.224E-03 -1.224E-03 -1.224E-03 -1.225E-03 -1.225E-03 -1.225E-03 -1.225E-03 -1.225E-03 -1.225E-03 -1.225E-03 -1.225E-03 -1.225E-03 -1.225E-03 -1.224E-03 -1.224E-03 -1.224E-03 -1.225E-03 -1.225E-03 -1.225E-03 -1.225E-03 -1.225E-03 -1.225E-03 -1.225E-03 -1.225E-03 -1.225E-03 -1.225E-03 -1.224E-03 -1.224E-03 -1.224E-03 -1.224E-03 -1.224E-03 -1.223E-03 -1.223E-03 -1.222E-03 -1.221E-03 -1.220E-03 -1.218E-03 -1.216E-03 -1.214E-03 -1.210E-03 -1.206E-03 -1.201E-03 -1.194E-03 -1.186E-03 -1.175E-03 -1.155E-03 -1.115E-03 -1.026E-03 -8.416E-04 -5.602E-04 -2.944E-04 -1.361E-04 -6.260E-05 -3.007E-05 -1.509E-05 
+0.00107571 -1.029E-05 -2.043E-05 -4.195E-05 -8.829E-05 -1.809E-04 -3.280E-04 -4.886E-04 -6.067E-04 -6.717E-04 -7.032E-04 -7.189E-04 -7.280E-04 -7.341E-04 -7.388E-04 -7.424E-04 -7.453E-04 -7.476E-04 -7.494E-04 -7.508E-04 -7.519E-04 -7.527E-04 -7.534E-04 -7.538E-04 -7.542E-04 -7.545E-04 -7.547E-04 -7.548E-04 -7.550E-04 -7.550E-04 -7.551E-04 -7.552E-04 -7.552E-04 -7.552E-04 -7.552E-04 -7.552E-04 -7.553E-04 -7.552E-04 -7.552E-04 -7.551E-04 -7.550E-04 -7.550E-04 -7.550E-04 -7.551E-04 -7.552E-04 -7.552E-04 -7.553E-04 -7.552E-04 -7.552E-04 -7.552E-04 -7.552E-04 -7.552E-04 -7.551E-04 -7.550E-04 -7.550E-04 -7.548E-04 -7.547E-04 -7.545E-04 -7.542E-04 -7.538E-04 -7.534E-04 -7.527E-04 -7.519E-04 -7.508E-04 -7.494E-04 -7.476E-04 -7.453E-04 -7.424E-04 -7.388E-04 -7.341E-04 -7.280E-04 -7.189E-04 -7.032E-04 -6.717E-04 -6.067E-04 -4.886E-04 -3.280E-04 -1.809E-04 -8.829E-05 -4.195E-05 -2.043E-05 -1.029E-05 
+0.00053786 -4.585E-06 -9.072E-06 -1.846E-05 -3.809E-05 -7.576E-05 -1.339E-04 -1.985E-04 -2.487E-04 -2.782E-04 -2.931E-04 -3.007E-04 -3.050E-04 -3.079E-04 -3.100E-04 -3.117E-04 -3.130E-04 -3.140E-04 -3.148E-04 -3.154E-04 -3.159E-04 -3.163E-04 -3.166E-04 -3.168E-04 -3.169E-04 -3.170E-04 -3.171E-04 -3.172E-04 -3.173E-04 -3.173E-04 -3.173E-04 -3.173E-04 -3.174E-04 -3.174E-04 -3.174E-04 -3.174E-04 -3.174E-04 -3.174E-04 -3.174E-04 -3.173E-04 -3.173E-04 -3.173E-04 -3.173E-04 -3.173E-04 -3.174E-04 -3.174E-04 -3.174E-04 -3.174E-04 -3.174E-04 -3.174E-04 -3.174E-04 -3.173E-04 -3.173E-04 -3.173E-04 -3.173E-04 -3.172E-04 -3.171E-04 -3.170E-04 -3.169E-04 -3.168E-04 -3.166E-04 -3.163E-04 -3.159E-04 -3.154E-04 -3.148E-04 -3.140E-04 -3.130E-04 -3.117E-04 -3.100E-04 -3.079E-04 -3.050E-04 -3.007E-04 -2.931E-04 -2.782E-04 -2.487E-04 -1.985E-04 -1.339E-04 -7.576E-05 -3.809E-05 -1.846E-05 -9.072E-06 -4.585E-06 
+0.00000000 +0.000E+00 +0.000E+00 +0.000E+00 +0.000E+00 +0.000E+00 +0.000E+00 +0.000E+00 +0.000E+00 +0.000E+00 +0.000E+00 +0.000E+00 +0.000E+00 +0.000E+00 +0.000E+00 +0.000E+00 +0.000E+00 +0.000E+00 +0.000E+00 +0.000E+00 +0.000E+00 +0.000E+00 +0.000E+00 +0.000E+00 +0.000E+00 +0.000E+00 +0.000E+00 +0.000E+00 +0.000E+00 +0.000E+00 +0.000E+00 +0.000E+00 +0.000E+00 +0.000E+00 +0.000E+00 +0.000E+00 +0.000E+00 +0.000E+00 +0.000E+00 +0.000E+00 +0.000E+00 +0.000E+00 +0.000E+00 +0.000E+00 +0.000E+00 +0.000E+00 +0.000E+00 +0.000E+00 +0.000E+00 +0.000E+00 +0.000E+00 +0.000E+00 +0.000E+00 +0.000E+00 +0.000E+00 +0.000E+00 +0.000E+00 +0.000E+00 +0.000E+00 +0.000E+00 +0.000E+00 +0.000E+00 +0.000E+00 +0.000E+00 +0.000E+00 +0.000E+00 +0.000E+00 +0.000E+00 +0.000E+00 +0.000E+00 +0.000E+00 +0.000E+00 +0.000E+00 +0.000E+00 +0.000E+00 +0.000E+00 +0.000E+00 +0.000E+00 +0.000E+00 +0.000E+00 +0.000E+00 +0.000E+00 
-0.00053786 +4.585E-06 +9.072E-06 +1.846E-05 +3.809E-05 +7.576E-05 +1.339E-04 +1.985E-04 +2.487E-04 +2.782E-04 +2.931E-04 +3.007E-04 +3.050E-04 +3.079E-04 +3.100E-04 +3.117E-04 +3.130E-04 +3.140E-04 +3.148E-04 +3.154E-04 +3.159E-04 +3.163E-04 +3.166E-04 +3.168E-04 +3.169E-04 +3.170E-04 +3.171E-04 +3.172E-04 +3.173E-04 +3.173E-04 +3.173E-04 +3.173E-04 +3.174E-04 +3.174E-04 +3.174E-04 +3.174E-04 +3.174E-04 +3.174E-04 +3.174E-04 +3.173E-04 +3.173E-04 +3.173E-04 +3.173E-04 +3.173E-04 +3.174E-04 +3.174E-04 +3.174E-04 +3.174E-04 +3.174E-04 +3.174E-04 +3.174E-04 +3.173E-04 +3.173E-04 +3.173E-04 +3.173E-04 +3.172E-04 +3.171E-04 +3.170E-04 +3.169E-04 +3.168E-04 +3.166E-04 +3.163E-04 +3.159E-04 +3.154E-04 +3.148E-04 +3.140E-04 +3.130E-04 +3.117E-04 +3.100E-04 +3.079E-04 +3.050E-04 +3.007E-04 +2.931E-04 +2.782E-04 +2.487E-04 +1.985E-04 +1.339E-04 +7.576E-05 +3.809E-05 +1.846E-05 +9.072E-06 +4.585E-06 
-0.00107571 +1.029E-05 +2.043E-05 +4.195E-05 +8.829E-05 +1.809E-04 +3.280E-04 +4.886E-04 +6.067E-04 +6.717E-04 +7.032E-04 +7.189E-04 +7.280E-04 +7.341E-04 +7.388E-04 +7.424E-04 +7.453E-04 +7.476E-04 +7.494E-04 +7.508E-04 +7.519E-04 +7.527E-04 +7.534E-04 +7.538E-04 +7.542E-04 +7.545E-04 +7.547E-04 +7.548E-04 +7.550E-04 +7.550E-04 +7.551E-04 +7.552E-04 +7.552E-04 +7.552E-04 +7.552E-04 +7.552E-04 +7.553E-04 +7.552E-04 +7.552E-04 +7.551E-04 +7.550E-04 +7.550E-04 +7.550E-04 +7.551E-04 +7.552E-04 +7.552E-04 +7.553E-04 +7.552E-04 +7.552E-04 +7.552E-04 +7.552E-04 +7.552E-04 +7.551E-04 +7.550E-04 +7.550E-04 +7.548E-04 +7.547E-04 +7.545E-04 +7.542E-04 +7.538E-04 +7.534E-04 +7.527E-04 +7.519E-04 +7.508E-04 +7.494E-04 +7.476E-04 +7.453E-04 +7.424E-04 +7.388E-04 +7.341E-04 +7.280E-04 +7.189E-04 +7.032E-04 +6.717E-04 +6.067E-04 +4.886E-04 +3.280E-04 +1.809E-04 +8.829E-05 +4.195E-05 +2.043E-05 +1.029E-05 
-0.00161357 +1.509E-05 +3.007E-05 +6.260E-05 +1.361E-04 +2.944E-04 +5.602E-04 +8.416E-04 +1.026E-03 +1.115E-03 +1.155E-03 +1.175E-03 +1.186E-03 +1.194E-03 +1.201E-03 +1.206E-03 +1.210E-03 +1.214E-03 +1.216E-03 +1.218E-03 +1.220E-03 +1.221E-03 +1.222E-03 +1.223E-03 +1.223E-03 +1.224E-03 +1.224E-03 +1.224E-03 +1.224E-03 +1.224E-03 +1.225E-03 +1.225E-03 +1.225E-03 +1.225E-03 +1.225E-03 +1.225E-03 +1.225E-03 +1.225E-03 +1.225E-03 +1.225E-03 +1.224E-03 +1.224E-03 +1.224E-03 +1.225E-03 +1.225E-03 +1.225E-03 +1.225E-03 +1.225E-03 +1.225E-03 +1.225E-03 +1.225E-03 +1.225E-03 +1.225E-03 +1.224E-03 +1.224E-03 +1.224E-03 +1.224E-03 +1.224E-03 +1.223E-03 +1.223E-03 +1.222E-03 +1.221E-03 +1.220E-03 +1.218E-03 +1.216E-03 +1.214E-03 +1.210E-03 +1.206E-03 +1.201E-03 +1.194E-03 +1.186E-03 +1.175E-03 +1.155E-03 +1.115E-03 +1.026E-03 +8.416E-04 +5.602E-04 +2.944E-04 +1.361E-04 +6.260E-05 +3.007E-05 +1.509E-05 
-0.00215143 +1.913E-05 +3.819E-05 +8.055E-05 +1.825E-04 +4.297E-04 +8.895E-04 +1.347E-03 +1.587E-03 +1.679E-03 +1.716E-03 +1.733E-03 +1.744E-03 +1.753E-03 +1.761E-03 +1.767E-03 +1.772E-03 +1.776E-03 +1.780E-03 +1.782E-03 +1.784E-03 +1.786E-03 +1.787E-03 +1.788E-03 +1.789E-03 +1.789E-03 +1.790E-03 +1.790E-03 +1.790E-03 +1.790E-03 +1.791E-03 +1.791E-03 +1.791E-03 +1.791E-03 +1.791E-03 +1.791E-03 +1.791E-03 +1.791E-03 +1.791E-03 +1.791E-03 +1.790E-03 +1.790E-03 +1.790E-03 +1.791E-03 +1.791E-03 +1.791E-03 +1.791E-03 +1.791E-03 +1.791E-03 +1.791E-03 +1.791E-03 +1.791E-03 +1.791E-03 +1.790E-03 +1.790E-03 +1.790E-03 +1.790E-03 +1.789E-03 +1.789E-03 +1.788E-03 +1.787E-03 +1.786E-03 +1.784E-03 +1.782E-03 +1.780E-03 +1.776E-03 +1.772E-03 +1.767E-03 +1.761E-03 +1.753E-03 +1.744E-03 +1.733E-03 +1.716E-03 +1.679E-03 +1.587E-03 +1.347E-03 +8.895E-04 +4.297E-04 +1.825E-04 +8.055E-05 +3.819E-05 +1.913E-05 
-0.00268928 +2.215E-05 +4.406E-05 +9.342E-05 +2.202E-04 +5.861E-04 +1.412E-03 +2.138E-03 +2.368E-03 +2.420E-03 +2.434E-03 +2.442E-03 +2.450E-03 +2.458E-03 +2.465E-03 +2.472E-03 +2.478E-03 +2.483E-03 +2.486E-03 +2.490E-03 +2.492E-03 +2.494E-03 +2.495E-03 +2.496E-03 +2.497E-03 +2.498E-03 +2.498E-03 +2.499E-03 +2.499E-03 +2.499E-03 +2.499E-03 +2.500E-03 +2.500E-03 +2.500E-03 +2.500E-03 +2.500E-03 +2.500E-03 +2.500E-03 +2.500E-03 +2.500E-03 +2.499E-03 +2.498E-03 +2.499E-03 +2.500E-03 +2.500E-03 +2.500E-03 +2.500E-03 +2.500E-03 +2.500E-03 +2.500E-03 +2.500E-03 +2.500E-03 +2.499E-03 +2.499E-03 +2.499E-03 +2.499E-03 +2.498E-03 +2.498E-03 +2.497E-03 +2.496E-03 +2.495E-03 +2.494E-03 +2.492E-03 +2.490E-03 +2.486E-03 +2.483E-03 +2.478E-03 +2.472E-03 +2.465E-03 +2.458E-03 +2.450E-03 +2.442E-03 +2.434E-03 +2.420E-03 +2.368E-03 +2.138E-03 +1.412E-03 +5.861E-04 +2.202E-04 +9.342E-05 +4.406E-05 +2.215E-05 
-0.00322714 +2.395E-05 +4.696E-05 +9.827E-05 +2.348E-04 +7.268E-04 +2.364E-03 +3.457E-03 +3.455E-03 +3.396E-03 +3.366E-03 +3.356E-03 +3.357E-03 +3.362E-03 +3.368E-03 +3.375E-03 +3.381E-03 +3.386E-03 +3.390E-03 +3.393E-03 +3.396E-03 +3.398E-03 +3.400E-03 +3.401E-03 +3.402E-03 +3.403E-03 +3.403E-03 +3.404E-03 +3.404E-03 +3.404E-03 +3.404E-03 +3.404E-03 +3.405E-03 +3.405E-03 +3.405E-03 +3.405E-03 +3.405E-03 +3.405E-03 +3.405E-03 +3.405E-03 +3.404E-03 +3.402E-03 +3.404E-03 +3.405E-03 +3.405E-03 +3.405E-03 +3.405E-03 +3.405E-03 +3.405E-03 +3.405E-03 +3.405E-03 +3.404E-03 +3.404E-03 +3.404E-03 +3.404E-03 +3.404E-03 +3.403E-03 +3.403E-03 +3.402E-03 +3.401E-03 +3.400E-03 +3.398E-03 +3.396E-03 +3.393E-03 +3.390E-03 +3.386E-03 +3.381E-03 +3.375E-03 +3.368E-03 +3.362E-03 +3.357E-03 +3.356E-03 +3.366E-03 +3.396E-03 +3.455E-03 +3.457E-03 +2.364E-03 +7.268E-04 +2.348E-04 +9.827E-05 +4.696E-05 +2.395E-05 
-0.00376499 +2.434E-05 +4.636E-05 +9.255E-05 +2.064E-04 +6.423E-04 +5.901E-03 +5.643E-03 +4.984E-03 +4.750E-03 +4.662E-03 +4.630E-03 +4.621E-03 +4.621E-03 +4.626E-03 +4.632E-03 +4.638E-03 +4.643E-03 +4.648E-03 +4.651E-03 +4.654E-03 +4.657E-03 +4.658E-03 +4.660E-03 +4.661E-03 +4.662E-03 +4.662E-03 +4.663E-03 +4.663E-03 +4.663E-03 +4.664E-03 +4.664E-03 +4.664E-03 +4.664E-03 +4.664E-03 +4.664E-03 +4.664E-03 +4.664E-03 +4.664E-03 +4.664E-03 +4.664E-03 +4.632E-03 +4.664E-03 +4.664E-03 +4.664E-03 +4.664E-03 +4.664E-03 +4.664E-03 +4.664E-03 +4.664E-03 +4.664E-03 +4.664E-03 +4.664E-03 +4.663E-03 +4.663E-03 +4.663E-03 +4.662E-03 +4.662E-03 +4.661E-03 +4.660E-03 +4.658E-03 +4.657E-03 +4.654E-03 +4.651E-03 +4.648E-03 +4.643E-03 +4.638E-03 +4.632E-03 +4.626E-03 +4.621E-03 +4.621E-03 +4.630E-03 +4.662E-03 +4.750E-03 +4.984E-03 +5.643E-03 +5.901E-03 +6.423E-04 +2.064E-04 +9.255E-05 +4.636E-05 +2.434E-05 
-0.00430285 +2.409E-05 +4.434E-05 +8.318E-05 +1.642E-04 +4.444E-04 +1.574E-02 +8.396E-03 +6.767E-03 +6.341E-03 +6.192E-03 +6.136E-03 +6.117E-03 +6.114E-03 +6.117E-03 +6.122E-03 +6.128E-03 +6.133E-03 +6.138E-03 +6.142E-03 +6.145E-03 +6.147E-03 +6.149E-03 +6.151E-03 +6.152E-03 +6.153E-03 +6.154E-03 +6.154E-03 +6.155E-03 +6.155E-03 +6.155E-03 +6.155E-03 +6.155E-03 +6.155E-03 +6.156E-03 +6.156E-03 +6.156E-03 +6.156E-03 +6.156E-03 +6.156E-03 +6.158E-03 +6.052E-03 +6.158E-03 +6.156E-03 +6.156E-03 +6.156E-03 +6.156E-03 +6.156E-03 +6.156E-03 +6.155E-03 +6.155E-03 +6.155E-03 +6.155E-03 +6.155E-03 +6.155E-03 +6.154E-03 +6.154E-03 +6.153E-03 +6.152E-03 +6.151E-03 +6.149E-03 +6.147E-03 +6.145E-03 +6.142E-03 +6.138E-03 +6.133E-03 +6.128E-03 +6.122E-03 +6.117E-03 +6.114E-03 +6.117E-03 +6.136E-03 +6.192E-03 +6.341E-03 +6.767E-03 +8.396E-03 +1.574E-02 +4.444E-04 +1.642E-04 +8.318E-05 +4.434E-05 +2.409E-05 
