# Author : Radia User
# 
# Total Length of Longitudinal Interval [m]
1.6
# Number of Horizontal Points
27
# Number of Vertical Points
17
# Total Horizontal 2nd Order Kick [T2m2]
START
                -1.30000e-02  -1.20000e-02  -1.10000e-02  -1.00000e-02  -9.00000e-03  -8.00000e-03  -7.00000e-03  -6.00000e-03  -5.00000e-03  -4.00000e-03  -3.00000e-03  -2.00000e-03  -1.00000e-03   0.00000e+00   1.00000e-03   2.00000e-03   3.00000e-03   4.00000e-03   5.00000e-03   6.00000e-03   7.00000e-03   8.00000e-03   9.00000e-03   1.00000e-02   1.10000e-02   1.20000e-02   1.30000e-02
   3.60000e-03   4.68081e-05   3.24284e-05   1.24950e-05   4.63405e-06   1.34996e-06  -1.93163e-08  -5.38602e-07  -6.72419e-07  -6.34995e-07  -5.27337e-07  -3.96185e-07  -2.61384e-07  -1.29346e-07   0.00000e+00   1.29347e-07   2.61384e-07   3.96185e-07   5.27337e-07   6.34995e-07   6.72419e-07   5.38602e-07   1.93164e-08  -1.34996e-06  -4.63405e-06  -1.24950e-05  -3.24284e-05  -4.68081e-05
   3.15000e-03   1.18457e-05   8.53233e-06   3.35181e-06   6.17655e-07  -5.99195e-07  -1.04348e-06  -1.11213e-06  -1.00964e-06  -8.40053e-07  -6.54103e-07  -4.73859e-07  -3.06129e-07  -1.49823e-07   0.00000e+00   1.49823e-07   3.06129e-07   4.73859e-07   6.54103e-07   8.40053e-07   1.00964e-06   1.11214e-06   1.04348e-06   5.99194e-07  -6.17653e-07  -3.35181e-06  -8.53233e-06  -1.18457e-05
   2.70000e-03  -8.79130e-06  -5.89155e-06  -2.54777e-06  -2.04009e-06  -1.91563e-06  -1.75114e-06  -1.51790e-06  -1.25335e-06  -9.90794e-07  -7.48442e-07  -5.32130e-07  -3.39856e-07  -1.65293e-07   0.00000e+00   1.65293e-07   3.39856e-07   5.32130e-07   7.48442e-07   9.90794e-07   1.25335e-06   1.51790e-06   1.75114e-06   1.91563e-06   2.04009e-06   2.54777e-06   5.89155e-06   8.79130e-06
   2.25000e-03  -1.63966e-05  -1.15688e-05  -5.32860e-06  -3.41842e-06  -2.65422e-06  -2.17779e-06  -1.77805e-06  -1.41730e-06  -1.09582e-06  -8.15767e-07  -5.74367e-07  -3.64533e-07  -1.76668e-07   0.00000e+00   1.76668e-07   3.64533e-07   5.74368e-07   8.15768e-07   1.09582e-06   1.41730e-06   1.77805e-06   2.17779e-06   2.65422e-06   3.41842e-06   5.32860e-06   1.15688e-05   1.63966e-05
   1.80000e-03  -1.55881e-05  -1.13695e-05  -5.74631e-06  -3.79457e-06  -2.93733e-06  -2.38280e-06  -1.92315e-06  -1.51800e-06  -1.16440e-06  -8.61464e-07  -6.03725e-07  -3.81926e-07  -1.84744e-07   0.00000e+00   1.84744e-07   3.81926e-07   6.03725e-07   8.61464e-07   1.16440e-06   1.51800e-06   1.92315e-06   2.38280e-06   2.93733e-06   3.79457e-06   5.74631e-06   1.13695e-05   1.55881e-05
   1.35000e-03  -1.09514e-05  -8.31536e-06  -4.79626e-06  -3.54509e-06  -2.92360e-06  -2.43815e-06  -1.98782e-06  -1.57297e-06  -1.20587e-06  -8.90693e-07  -6.23116e-07  -3.93624e-07  -1.90225e-07   0.00000e+00   1.90226e-07   3.93624e-07   6.23116e-07   8.90693e-07   1.20587e-06   1.57297e-06   1.98782e-06   2.43815e-06   2.92360e-06   3.54509e-06   4.79626e-06   8.31536e-06   1.09514e-05
   9.00000e-04  -5.77013e-06  -4.71177e-06  -3.40954e-06  -3.04937e-06  -2.77441e-06  -2.41568e-06  -2.00555e-06  -1.59861e-06  -1.22865e-06  -9.07985e-07  -6.35034e-07  -4.00962e-07  -1.93699e-07   0.00000e+00   1.93699e-07   4.00962e-07   6.35034e-07   9.07985e-07   1.22865e-06   1.59861e-06   2.00555e-06   2.41568e-06   2.77441e-06   3.04937e-06   3.40954e-06   4.71177e-06   5.77012e-06
   4.50000e-04  -2.00924e-06  -2.03111e-06  -2.29274e-06  -2.61830e-06  -2.62523e-06  -2.37559e-06  -2.00402e-06  -1.60821e-06  -1.23945e-06  -9.16864e-07  -6.41385e-07  -4.04945e-07  -1.95601e-07   0.00000e+00   1.95602e-07   4.04946e-07   6.41385e-07   9.16864e-07   1.23945e-06   1.60821e-06   2.00402e-06   2.37559e-06   2.62523e-06   2.61830e-06   2.29274e-06   2.03111e-06   2.00925e-06
   0.00000e+00  -6.57125e-07  -1.05677e-06  -1.87324e-06  -2.45176e-06  -2.56518e-06  -2.35761e-06  -2.00141e-06  -1.61041e-06  -1.24255e-06  -9.19568e-07  -6.43366e-07  -4.06203e-07  -1.96205e-07   0.00000e+00   1.96205e-07   4.06203e-07   6.43365e-07   9.19569e-07   1.24255e-06   1.61041e-06   2.00141e-06   2.35761e-06   2.56518e-06   2.45176e-06   1.87324e-06   1.05678e-06   6.57128e-07
  -4.50000e-04  -2.00924e-06  -2.03111e-06  -2.29274e-06  -2.61830e-06  -2.62523e-06  -2.37559e-06  -2.00402e-06  -1.60821e-06  -1.23945e-06  -9.16864e-07  -6.41385e-07  -4.04945e-07  -1.95602e-07   0.00000e+00   1.95602e-07   4.04946e-07   6.41385e-07   9.16864e-07   1.23945e-06   1.60821e-06   2.00402e-06   2.37559e-06   2.62523e-06   2.61830e-06   2.29274e-06   2.03110e-06   2.00924e-06
  -9.00000e-04  -5.77012e-06  -4.71177e-06  -3.40954e-06  -3.04937e-06  -2.77441e-06  -2.41568e-06  -2.00555e-06  -1.59861e-06  -1.22865e-06  -9.07985e-07  -6.35034e-07  -4.00962e-07  -1.93699e-07   0.00000e+00   1.93699e-07   4.00962e-07   6.35034e-07   9.07985e-07   1.22865e-06   1.59861e-06   2.00555e-06   2.41568e-06   2.77441e-06   3.04937e-06   3.40954e-06   4.71177e-06   5.77012e-06
  -1.35000e-03  -1.09515e-05  -8.31536e-06  -4.79626e-06  -3.54509e-06  -2.92360e-06  -2.43815e-06  -1.98782e-06  -1.57297e-06  -1.20587e-06  -8.90693e-07  -6.23116e-07  -3.93624e-07  -1.90226e-07   0.00000e+00   1.90226e-07   3.93624e-07   6.23116e-07   8.90693e-07   1.20587e-06   1.57297e-06   1.98782e-06   2.43815e-06   2.92360e-06   3.54509e-06   4.79626e-06   8.31536e-06   1.09515e-05
  -1.80000e-03  -1.55881e-05  -1.13695e-05  -5.74631e-06  -3.79457e-06  -2.93733e-06  -2.38280e-06  -1.92315e-06  -1.51800e-06  -1.16440e-06  -8.61464e-07  -6.03725e-07  -3.81926e-07  -1.84744e-07   0.00000e+00   1.84744e-07   3.81926e-07   6.03725e-07   8.61464e-07   1.16440e-06   1.51800e-06   1.92315e-06   2.38280e-06   2.93733e-06   3.79457e-06   5.74631e-06   1.13695e-05   1.55881e-05
  -2.25000e-03  -1.63966e-05  -1.15688e-05  -5.32860e-06  -3.41842e-06  -2.65422e-06  -2.17779e-06  -1.77805e-06  -1.41730e-06  -1.09582e-06  -8.15767e-07  -5.74367e-07  -3.64533e-07  -1.76668e-07   0.00000e+00   1.76668e-07   3.64533e-07   5.74368e-07   8.15768e-07   1.09582e-06   1.41730e-06   1.77805e-06   2.17779e-06   2.65422e-06   3.41842e-06   5.32860e-06   1.15688e-05   1.63966e-05
  -2.70000e-03  -8.79131e-06  -5.89155e-06  -2.54777e-06  -2.04009e-06  -1.91563e-06  -1.75114e-06  -1.51790e-06  -1.25335e-06  -9.90794e-07  -7.48442e-07  -5.32130e-07  -3.39856e-07  -1.65293e-07   0.00000e+00   1.65293e-07   3.39857e-07   5.32130e-07   7.48442e-07   9.90794e-07   1.25335e-06   1.51790e-06   1.75114e-06   1.91563e-06   2.04009e-06   2.54777e-06   5.89155e-06   8.79130e-06
  -3.15000e-03   1.18457e-05   8.53231e-06   3.35180e-06   6.17647e-07  -5.99200e-07  -1.04348e-06  -1.11214e-06  -1.00964e-06  -8.40055e-07  -6.54105e-07  -4.73860e-07  -3.06130e-07  -1.49823e-07   0.00000e+00   1.49823e-07   3.06130e-07   4.73860e-07   6.54105e-07   8.40055e-07   1.00964e-06   1.11214e-06   1.04348e-06   5.99201e-07  -6.17647e-07  -3.35180e-06  -8.53231e-06  -1.18457e-05
  -3.60000e-03   4.68053e-05   3.24258e-05   1.24929e-05   4.63233e-06   1.34854e-06  -2.04775e-08  -5.39550e-07  -6.73185e-07  -6.35602e-07  -5.27803e-07  -3.96525e-07  -2.61605e-07  -1.29455e-07   0.00000e+00   1.29455e-07   2.61605e-07   3.96525e-07   5.27804e-07   6.35603e-07   6.73185e-07   5.39550e-07   2.04780e-08  -1.34854e-06  -4.63233e-06  -1.24929e-05  -3.24258e-05  -4.68052e-05
# Total Vertical 2nd Order Kick [T2m2]
START
                -1.30000e-02  -1.20000e-02  -1.10000e-02  -1.00000e-02  -9.00000e-03  -8.00000e-03  -7.00000e-03  -6.00000e-03  -5.00000e-03  -4.00000e-03  -3.00000e-03  -2.00000e-03  -1.00000e-03   0.00000e+00   1.00000e-03   2.00000e-03   3.00000e-03   4.00000e-03   5.00000e-03   6.00000e-03   7.00000e-03   8.00000e-03   9.00000e-03   1.00000e-02   1.10000e-02   1.20000e-02   1.30000e-02
   3.60000e-03  -2.02987e-03  -1.95218e-03  -1.92367e-03  -1.91154e-03  -1.90582e-03  -1.90288e-03  -1.90127e-03  -1.90033e-03  -1.89977e-03  -1.89942e-03  -1.89920e-03  -1.89907e-03  -1.89901e-03  -1.89898e-03  -1.89901e-03  -1.89907e-03  -1.89920e-03  -1.89942e-03  -1.89977e-03  -1.90033e-03  -1.90127e-03  -1.90288e-03  -1.90582e-03  -1.91154e-03  -1.92367e-03  -1.95218e-03  -2.02987e-03
   3.15000e-03  -1.77824e-03  -1.71647e-03  -1.69309e-03  -1.68304e-03  -1.67826e-03  -1.67578e-03  -1.67441e-03  -1.67361e-03  -1.67312e-03  -1.67282e-03  -1.67263e-03  -1.67251e-03  -1.67245e-03  -1.67243e-03  -1.67245e-03  -1.67251e-03  -1.67263e-03  -1.67282e-03  -1.67312e-03  -1.67361e-03  -1.67441e-03  -1.67578e-03  -1.67826e-03  -1.68304e-03  -1.69309e-03  -1.71647e-03  -1.77824e-03
   2.70000e-03  -1.32557e-03  -1.29418e-03  -1.28090e-03  -1.27490e-03  -1.27193e-03  -1.27033e-03  -1.26941e-03  -1.26885e-03  -1.26850e-03  -1.26828e-03  -1.26814e-03  -1.26806e-03  -1.26801e-03  -1.26800e-03  -1.26801e-03  -1.26806e-03  -1.26814e-03  -1.26828e-03  -1.26850e-03  -1.26885e-03  -1.26941e-03  -1.27033e-03  -1.27193e-03  -1.27490e-03  -1.28090e-03  -1.29418e-03  -1.32557e-03
   2.25000e-03  -9.67112e-04  -9.59560e-04  -9.54938e-04  -9.52452e-04  -9.51039e-04  -9.50181e-04  -9.49636e-04  -9.49281e-04  -9.49048e-04  -9.48895e-04  -9.48796e-04  -9.48736e-04  -9.48703e-04  -9.48693e-04  -9.48703e-04  -9.48736e-04  -9.48796e-04  -9.48895e-04  -9.49048e-04  -9.49281e-04  -9.49636e-04  -9.50181e-04  -9.51039e-04  -9.52452e-04  -9.54938e-04  -9.59560e-04  -9.67112e-04
   1.80000e-03  -6.86954e-04  -6.93005e-04  -6.94184e-04  -6.94188e-04  -6.93903e-04  -6.93589e-04  -6.93324e-04  -6.93123e-04  -6.92978e-04  -6.92878e-04  -6.92812e-04  -6.92770e-04  -6.92747e-04  -6.92740e-04  -6.92747e-04  -6.92770e-04  -6.92812e-04  -6.92878e-04  -6.92978e-04  -6.93123e-04  -6.93324e-04  -6.93589e-04  -6.93903e-04  -6.94188e-04  -6.94184e-04  -6.93005e-04  -6.86954e-04
   1.35000e-03  -4.66847e-04  -4.77756e-04  -4.81642e-04  -4.82948e-04  -4.83298e-04  -4.83310e-04  -4.83225e-04  -4.83127e-04  -4.83046e-04  -4.82985e-04  -4.82942e-04  -4.82915e-04  -4.82900e-04  -4.82895e-04  -4.82900e-04  -4.82915e-04  -4.82942e-04  -4.82985e-04  -4.83046e-04  -4.83127e-04  -4.83225e-04  -4.83310e-04  -4.83298e-04  -4.82948e-04  -4.81642e-04  -4.77756e-04  -4.66847e-04
   9.00000e-04  -2.89148e-04  -2.99084e-04  -3.03113e-04  -3.04648e-04  -3.05173e-04  -3.05311e-04  -3.05312e-04  -3.05275e-04  -3.05234e-04  -3.05200e-04  -3.05176e-04  -3.05159e-04  -3.05150e-04  -3.05148e-04  -3.05150e-04  -3.05159e-04  -3.05176e-04  -3.05200e-04  -3.05234e-04  -3.05275e-04  -3.05312e-04  -3.05311e-04  -3.05173e-04  -3.04648e-04  -3.03113e-04  -2.99084e-04  -2.89148e-04
   4.50000e-04  -1.38156e-04  -1.43837e-04  -1.46278e-04  -1.47251e-04  -1.47606e-04  -1.47716e-04  -1.47735e-04  -1.47725e-04  -1.47709e-04  -1.47694e-04  -1.47683e-04  -1.47676e-04  -1.47672e-04  -1.47670e-04  -1.47672e-04  -1.47676e-04  -1.47683e-04  -1.47694e-04  -1.47709e-04  -1.47725e-04  -1.47735e-04  -1.47716e-04  -1.47606e-04  -1.47251e-04  -1.46278e-04  -1.43837e-04  -1.38156e-04
   0.00000e+00   0.00000e+00   0.00000e+00   0.00000e+00   0.00000e+00   0.00000e+00   0.00000e+00   0.00000e+00   0.00000e+00   0.00000e+00   0.00000e+00   0.00000e+00   0.00000e+00   0.00000e+00   0.00000e+00   0.00000e+00   0.00000e+00   0.00000e+00   0.00000e+00   0.00000e+00   0.00000e+00   0.00000e+00   0.00000e+00   0.00000e+00   0.00000e+00   0.00000e+00   0.00000e+00   0.00000e+00
  -4.50000e-04   1.38156e-04   1.43837e-04   1.46278e-04   1.47251e-04   1.47606e-04   1.47716e-04   1.47735e-04   1.47725e-04   1.47709e-04   1.47694e-04   1.47683e-04   1.47676e-04   1.47672e-04   1.47670e-04   1.47672e-04   1.47676e-04   1.47683e-04   1.47694e-04   1.47709e-04   1.47725e-04   1.47735e-04   1.47716e-04   1.47606e-04   1.47251e-04   1.46278e-04   1.43837e-04   1.38156e-04
  -9.00000e-04   2.89148e-04   2.99084e-04   3.03113e-04   3.04648e-04   3.05173e-04   3.05311e-04   3.05312e-04   3.05275e-04   3.05234e-04   3.05200e-04   3.05176e-04   3.05159e-04   3.05150e-04   3.05148e-04   3.05150e-04   3.05159e-04   3.05176e-04   3.05200e-04   3.05234e-04   3.05275e-04   3.05312e-04   3.05311e-04   3.05173e-04   3.04648e-04   3.03113e-04   2.99084e-04   2.89148e-04
  -1.35000e-03   4.66847e-04   4.77756e-04   4.81642e-04   4.82948e-04   4.83298e-04   4.83310e-04   4.83225e-04   4.83127e-04   4.83046e-04   4.82985e-04   4.82942e-04   4.82915e-04   4.82900e-04   4.82895e-04   4.82900e-04   4.82915e-04   4.82942e-04   4.82985e-04   4.83046e-04   4.83127e-04   4.83225e-04   4.83310e-04   4.83298e-04   4.82948e-04   4.81642e-04   4.77756e-04   4.66847e-04
  -1.80000e-03   6.86954e-04   6.93005e-04   6.94184e-04   6.94188e-04   6.93903e-04   6.93589e-04   6.93324e-04   6.93123e-04   6.92978e-04   6.92878e-04   6.92812e-04   6.92770e-04   6.92747e-04   6.92740e-04   6.92747e-04   6.92770e-04   6.92812e-04   6.92878e-04   6.92978e-04   6.93123e-04   6.93324e-04   6.93589e-04   6.93903e-04   6.94188e-04   6.94184e-04   6.93005e-04   6.86954e-04
  -2.25000e-03   9.67112e-04   9.59560e-04   9.54938e-04   9.52452e-04   9.51039e-04   9.50181e-04   9.49636e-04   9.49281e-04   9.49048e-04   9.48895e-04   9.48796e-04   9.48736e-04   9.48703e-04   9.48693e-04   9.48703e-04   9.48736e-04   9.48796e-04   9.48895e-04   9.49048e-04   9.49281e-04   9.49636e-04   9.50181e-04   9.51039e-04   9.52452e-04   9.54938e-04   9.59560e-04   9.67112e-04
  -2.70000e-03   1.32557e-03   1.29419e-03   1.28090e-03   1.27490e-03   1.27193e-03   1.27033e-03   1.26941e-03   1.26885e-03   1.26850e-03   1.26828e-03   1.26814e-03   1.26806e-03   1.26801e-03   1.26800e-03   1.26801e-03   1.26806e-03   1.26814e-03   1.26828e-03   1.26850e-03   1.26885e-03   1.26941e-03   1.27033e-03   1.27193e-03   1.27490e-03   1.28090e-03   1.29419e-03   1.32557e-03
  -3.15000e-03   1.77883e-03   1.71705e-03   1.69368e-03   1.68363e-03   1.67885e-03   1.67637e-03   1.67500e-03   1.67420e-03   1.67371e-03   1.67341e-03   1.67322e-03   1.67311e-03   1.67305e-03   1.67303e-03   1.67305e-03   1.67311e-03   1.67322e-03   1.67341e-03   1.67371e-03   1.67420e-03   1.67500e-03   1.67637e-03   1.67885e-03   1.68363e-03   1.69368e-03   1.71705e-03   1.77883e-03
  -3.60000e-03   2.03103e-03   1.95335e-03   1.92484e-03   1.91272e-03   1.90700e-03   1.90406e-03   1.90245e-03   1.90152e-03   1.90096e-03   1.90061e-03   1.90039e-03   1.90026e-03   1.90020e-03   1.90017e-03   1.90020e-03   1.90026e-03   1.90039e-03   1.90061e-03   1.90096e-03   1.90152e-03   1.90245e-03   1.90406e-03   1.90700e-03   1.91272e-03   1.92484e-03   1.95335e-03   2.03103e-03
# Total Longitudinally Integrated Squared Transverse Magnetic Field [T2m]
START
                -1.30000e-02  -1.20000e-02  -1.10000e-02  -1.00000e-02  -9.00000e-03  -8.00000e-03  -7.00000e-03  -6.00000e-03  -5.00000e-03  -4.00000e-03  -3.00000e-03  -2.00000e-03  -1.00000e-03   0.00000e+00   1.00000e-03   2.00000e-03   3.00000e-03   4.00000e-03   5.00000e-03   6.00000e-03   7.00000e-03   8.00000e-03   9.00000e-03   1.00000e-02   1.10000e-02   1.20000e-02   1.30000e-02
   3.60000e-03   5.48650e-01   5.40969e-01   5.37983e-01   5.36812e-01   5.36400e-01   5.36311e-01   5.36354e-01   5.36443e-01   5.36538e-01   5.36622e-01   5.36688e-01   5.36735e-01   5.36763e-01   5.36772e-01   5.36763e-01   5.36735e-01   5.36688e-01   5.36622e-01   5.36538e-01   5.36443e-01   5.36354e-01   5.36311e-01   5.36400e-01   5.36812e-01   5.37983e-01   5.40969e-01   5.48650e-01
   3.15000e-03   3.91476e-01   3.89511e-01   3.88617e-01   3.88335e-01   3.88341e-01   3.88467e-01   3.88628e-01   3.88785e-01   3.88920e-01   3.89030e-01   3.89112e-01   3.89168e-01   3.89201e-01   3.89212e-01   3.89201e-01   3.89168e-01   3.89112e-01   3.89030e-01   3.88920e-01   3.88785e-01   3.88628e-01   3.88467e-01   3.88341e-01   3.88335e-01   3.88617e-01   3.89511e-01   3.91476e-01
   2.70000e-03   2.77104e-01   2.78496e-01   2.78937e-01   2.79237e-01   2.79523e-01   2.79795e-01   2.80038e-01   2.80244e-01   2.80410e-01   2.80538e-01   2.80631e-01   2.80695e-01   2.80732e-01   2.80744e-01   2.80732e-01   2.80695e-01   2.80631e-01   2.80538e-01   2.80410e-01   2.80244e-01   2.80038e-01   2.79795e-01   2.79523e-01   2.79237e-01   2.78937e-01   2.78496e-01   2.77104e-01
   2.25000e-03   1.93769e-01   1.96387e-01   1.97433e-01   1.98025e-01   1.98463e-01   1.98820e-01   1.99115e-01   1.99353e-01   1.99539e-01   1.99680e-01   1.99782e-01   1.99851e-01   1.99891e-01   1.99903e-01   1.99891e-01   1.99851e-01   1.99782e-01   1.99680e-01   1.99539e-01   1.99353e-01   1.99115e-01   1.98820e-01   1.98463e-01   1.98025e-01   1.97433e-01   1.96387e-01   1.93769e-01
   1.80000e-03   1.34011e-01   1.36482e-01   1.37588e-01   1.38246e-01   1.38735e-01   1.39130e-01   1.39452e-01   1.39709e-01   1.39909e-01   1.40058e-01   1.40166e-01   1.40239e-01   1.40280e-01   1.40294e-01   1.40280e-01   1.40239e-01   1.40166e-01   1.40058e-01   1.39909e-01   1.39709e-01   1.39452e-01   1.39130e-01   1.38735e-01   1.38246e-01   1.37588e-01   1.36482e-01   1.34011e-01
   1.35000e-03   9.24431e-02   9.41468e-02   9.50064e-02   9.55912e-02   9.60667e-02   9.64679e-02   9.68002e-02   9.70668e-02   9.72739e-02   9.74294e-02   9.75411e-02   9.76158e-02   9.76585e-02   9.76725e-02   9.76585e-02   9.76158e-02   9.75411e-02   9.74294e-02   9.72739e-02   9.70668e-02   9.68002e-02   9.64679e-02   9.60667e-02   9.55912e-02   9.50064e-02   9.41468e-02   9.24431e-02
   9.00000e-04   6.52428e-02   6.60930e-02   6.66173e-02   6.70776e-02   6.75118e-02   6.79033e-02   6.82367e-02   6.85073e-02   6.87184e-02   6.88770e-02   6.89910e-02   6.90672e-02   6.91108e-02   6.91250e-02   6.91108e-02   6.90672e-02   6.89910e-02   6.88770e-02   6.87184e-02   6.85073e-02   6.82367e-02   6.79033e-02   6.75118e-02   6.70776e-02   6.66173e-02   6.60930e-02   6.52428e-02
   4.50000e-04   4.98777e-02   5.01094e-02   5.03697e-02   5.07250e-02   5.11209e-02   5.15006e-02   5.18319e-02   5.21036e-02   5.23165e-02   5.24767e-02   5.25919e-02   5.26689e-02   5.27130e-02   5.27273e-02   5.27130e-02   5.26689e-02   5.25919e-02   5.24767e-02   5.23165e-02   5.21036e-02   5.18319e-02   5.15006e-02   5.11209e-02   5.07250e-02   5.03697e-02   5.01094e-02   4.98777e-02
   0.00000e+00   4.49109e-02   4.49205e-02   4.50824e-02   4.53976e-02   4.57784e-02   4.61532e-02   4.64833e-02   4.67552e-02   4.69685e-02   4.71292e-02   4.72448e-02   4.73221e-02   4.73663e-02   4.73806e-02   4.73663e-02   4.73221e-02   4.72448e-02   4.71292e-02   4.69685e-02   4.67552e-02   4.64833e-02   4.61532e-02   4.57784e-02   4.53976e-02   4.50824e-02   4.49205e-02   4.49109e-02
  -4.50000e-04   4.98777e-02   5.01094e-02   5.03697e-02   5.07250e-02   5.11209e-02   5.15006e-02   5.18319e-02   5.21036e-02   5.23165e-02   5.24767e-02   5.25919e-02   5.26689e-02   5.27130e-02   5.27273e-02   5.27130e-02   5.26689e-02   5.25919e-02   5.24767e-02   5.23165e-02   5.21036e-02   5.18319e-02   5.15006e-02   5.11209e-02   5.07250e-02   5.03697e-02   5.01094e-02   4.98777e-02
  -9.00000e-04   6.52428e-02   6.60930e-02   6.66173e-02   6.70776e-02   6.75118e-02   6.79033e-02   6.82367e-02   6.85073e-02   6.87184e-02   6.88770e-02   6.89910e-02   6.90672e-02   6.91108e-02   6.91250e-02   6.91108e-02   6.90672e-02   6.89910e-02   6.88770e-02   6.87184e-02   6.85073e-02   6.82367e-02   6.79033e-02   6.75118e-02   6.70776e-02   6.66173e-02   6.60930e-02   6.52428e-02
  -1.35000e-03   9.24431e-02   9.41468e-02   9.50064e-02   9.55912e-02   9.60667e-02   9.64679e-02   9.68002e-02   9.70668e-02   9.72739e-02   9.74294e-02   9.75411e-02   9.76158e-02   9.76585e-02   9.76725e-02   9.76585e-02   9.76158e-02   9.75411e-02   9.74294e-02   9.72739e-02   9.70668e-02   9.68002e-02   9.64679e-02   9.60667e-02   9.55912e-02   9.50064e-02   9.41468e-02   9.24431e-02
  -1.80000e-03   1.34011e-01   1.36482e-01   1.37588e-01   1.38246e-01   1.38735e-01   1.39130e-01   1.39452e-01   1.39709e-01   1.39909e-01   1.40058e-01   1.40166e-01   1.40239e-01   1.40280e-01   1.40294e-01   1.40280e-01   1.40239e-01   1.40166e-01   1.40058e-01   1.39909e-01   1.39709e-01   1.39452e-01   1.39130e-01   1.38735e-01   1.38246e-01   1.37588e-01   1.36482e-01   1.34011e-01
  -2.25000e-03   1.93769e-01   1.96387e-01   1.97433e-01   1.98025e-01   1.98463e-01   1.98820e-01   1.99115e-01   1.99353e-01   1.99539e-01   1.99680e-01   1.99782e-01   1.99851e-01   1.99891e-01   1.99903e-01   1.99891e-01   1.99851e-01   1.99782e-01   1.99680e-01   1.99539e-01   1.99353e-01   1.99115e-01   1.98820e-01   1.98463e-01   1.98025e-01   1.97433e-01   1.96387e-01   1.93769e-01
  -2.70000e-03   2.77104e-01   2.78496e-01   2.78937e-01   2.79237e-01   2.79523e-01   2.79795e-01   2.80038e-01   2.80244e-01   2.80410e-01   2.80538e-01   2.80631e-01   2.80695e-01   2.80732e-01   2.80744e-01   2.80732e-01   2.80695e-01   2.80631e-01   2.80538e-01   2.80410e-01   2.80244e-01   2.80038e-01   2.79795e-01   2.79523e-01   2.79237e-01   2.78937e-01   2.78496e-01   2.77104e-01
  -3.15000e-03   3.91476e-01   3.89511e-01   3.88617e-01   3.88335e-01   3.88341e-01   3.88467e-01   3.88628e-01   3.88785e-01   3.88921e-01   3.89030e-01   3.89112e-01   3.89168e-01   3.89201e-01   3.89212e-01   3.89201e-01   3.89168e-01   3.89112e-01   3.89030e-01   3.88921e-01   3.88785e-01   3.88628e-01   3.88467e-01   3.88341e-01   3.88335e-01   3.88617e-01   3.89511e-01   3.91476e-01
  -3.60000e-03   5.48721e-01   5.41041e-01   5.38054e-01   5.36884e-01   5.36472e-01   5.36382e-01   5.36426e-01   5.36515e-01   5.36610e-01   5.36694e-01   5.36760e-01   5.36807e-01   5.36835e-01   5.36844e-01   5.36835e-01   5.36807e-01   5.36760e-01   5.36694e-01   5.36610e-01   5.36515e-01   5.36426e-01   5.36382e-01   5.36472e-01   5.36884e-01   5.38054e-01   5.41041e-01   5.48721e-01
