# Author : Radia User
# 
# Total Length of Longitudinal Interval [m]
1.6
# Number of Horizontal Points
27
# Number of Vertical Points
17
# Total Horizontal 2nd Order Kick [T2m2]
START
                -1.30000e-02  -1.20000e-02  -1.10000e-02  -1.00000e-02  -9.00000e-03  -8.00000e-03  -7.00000e-03  -6.00000e-03  -5.00000e-03  -4.00000e-03  -3.00000e-03  -2.00000e-03  -1.00000e-03   0.00000e+00   1.00000e-03   2.00000e-03   3.00000e-03   4.00000e-03   5.00000e-03   6.00000e-03   7.00000e-03   8.00000e-03   9.00000e-03   1.00000e-02   1.10000e-02   1.20000e-02   1.30000e-02
   3.60000e-03  -6.59975e-05  -6.75992e-05  -6.43593e-05  -5.34989e-05  -4.19756e-05  -3.19316e-05  -2.38205e-05  -1.75007e-05  -1.26521e-05  -8.93586e-06  -6.04925e-06  -3.73636e-06  -1.78212e-06   0.00000e+00   1.78212e-06   3.73636e-06   6.04925e-06   8.93586e-06   1.26521e-05   1.75007e-05   2.38205e-05   3.19316e-05   4.19756e-05   5.34989e-05   6.43593e-05   6.75992e-05   6.59974e-05
   3.15000e-03  -1.13285e-04  -1.00357e-04  -7.72798e-05  -5.88745e-05  -4.41103e-05  -3.26160e-05  -2.38694e-05  -1.72991e-05  -1.23820e-05  -8.68100e-06  -5.84557e-06  -3.59753e-06  -1.71230e-06   0.00000e+00   1.71230e-06   3.59753e-06   5.84557e-06   8.68100e-06   1.23820e-05   1.72991e-05   2.38694e-05   3.26160e-05   4.41103e-05   5.88745e-05   7.72798e-05   1.00357e-04   1.13285e-04
   2.70000e-03  -1.45798e-04  -1.23583e-04  -8.72428e-05  -6.30810e-05  -4.57270e-05  -3.30637e-05  -2.38148e-05  -1.70588e-05  -1.21040e-05  -8.43128e-06  -5.65074e-06  -3.46647e-06  -1.64683e-06   0.00000e+00   1.64683e-06   3.46647e-06   5.65074e-06   8.43128e-06   1.21040e-05   1.70588e-05   2.38148e-05   3.30637e-05   4.57270e-05   6.30810e-05   8.72428e-05   1.23583e-04   1.45798e-04
   2.25000e-03  -1.63518e-04  -1.37089e-04  -9.40217e-05  -6.60755e-05  -4.68432e-05  -3.33048e-05  -2.36843e-05  -1.68015e-05  -1.18340e-05  -8.19759e-06  -5.47191e-06  -3.34748e-06  -1.58773e-06   0.00000e+00   1.58773e-06   3.34748e-06   5.47191e-06   8.19759e-06   1.18340e-05   1.68015e-05   2.36843e-05   3.33048e-05   4.68432e-05   6.60755e-05   9.40217e-05   1.37089e-04   1.63518e-04
   1.80000e-03  -1.70595e-04  -1.43294e-04  -9.80574e-05  -6.79989e-05  -4.75330e-05  -3.33873e-05  -2.35109e-05  -1.65499e-05  -1.15870e-05  -7.99002e-06  -5.31551e-06  -3.24433e-06  -1.53673e-06   0.00000e+00   1.53673e-06   3.24433e-06   5.31551e-06   7.99002e-06   1.15870e-05   1.65499e-05   2.35109e-05   3.33873e-05   4.75330e-05   6.79989e-05   9.80574e-05   1.43294e-04   1.70595e-04
   1.35000e-03  -1.71679e-04  -1.45106e-04  -1.00109e-04  -6.90986e-05  -4.79032e-05  -3.33690e-05  -2.33295e-05  -1.63262e-05  -1.13776e-05  -7.81779e-06  -5.18729e-06  -3.16035e-06  -1.49537e-06   0.00000e+00   1.49537e-06   3.16035e-06   5.18729e-06   7.81779e-06   1.13776e-05   1.63262e-05   2.33295e-05   3.33690e-05   4.79032e-05   6.90986e-05   1.00109e-04   1.45106e-04   1.71679e-04
   9.00000e-04  -1.70315e-04  -1.44878e-04  -1.00952e-04  -6.96460e-05  -4.80674e-05  -3.33069e-05  -2.31730e-05  -1.61505e-05  -1.12183e-05  -7.68874e-06  -5.09205e-06  -3.09830e-06  -1.46489e-06   0.00000e+00   1.46489e-06   3.09829e-06   5.09205e-06   7.68874e-06   1.12183e-05   1.61505e-05   2.31730e-05   3.33069e-05   4.80674e-05   6.96460e-05   1.00952e-04   1.44878e-04   1.70315e-04
   4.50000e-04  -1.68726e-04  -1.44174e-04  -1.01202e-04  -6.98727e-05  -4.81227e-05  -3.32487e-05  -2.30676e-05  -1.60383e-05  -1.11186e-05  -7.60881e-06  -5.03340e-06  -3.06021e-06  -1.44622e-06   0.00000e+00   1.44622e-06   3.06021e-06   5.03340e-06   7.60882e-06   1.11186e-05   1.60383e-05   2.30676e-05   3.32487e-05   4.81227e-05   6.98727e-05   1.01202e-04   1.44174e-04   1.68726e-04
   0.00000e+00  -1.68078e-04  -1.43849e-04  -1.01243e-04  -6.99307e-05  -4.81336e-05  -3.32256e-05  -2.30306e-05  -1.59998e-05  -1.10847e-05  -7.58175e-06  -5.01360e-06  -3.04737e-06  -1.43993e-06   0.00000e+00   1.43993e-06   3.04737e-06   5.01360e-06   7.58175e-06   1.10847e-05   1.59998e-05   2.30305e-05   3.32256e-05   4.81336e-05   6.99307e-05   1.01243e-04   1.43849e-04   1.68078e-04
  -4.50000e-04  -1.68726e-04  -1.44174e-04  -1.01202e-04  -6.98727e-05  -4.81227e-05  -3.32487e-05  -2.30676e-05  -1.60383e-05  -1.11186e-05  -7.60882e-06  -5.03340e-06  -3.06021e-06  -1.44622e-06   0.00000e+00   1.44622e-06   3.06021e-06   5.03340e-06   7.60882e-06   1.11186e-05   1.60383e-05   2.30676e-05   3.32487e-05   4.81227e-05   6.98727e-05   1.01202e-04   1.44174e-04   1.68726e-04
  -9.00000e-04  -1.70315e-04  -1.44878e-04  -1.00952e-04  -6.96460e-05  -4.80674e-05  -3.33069e-05  -2.31730e-05  -1.61505e-05  -1.12183e-05  -7.68874e-06  -5.09205e-06  -3.09829e-06  -1.46489e-06   0.00000e+00   1.46489e-06   3.09830e-06   5.09205e-06   7.68874e-06   1.12183e-05   1.61505e-05   2.31730e-05   3.33069e-05   4.80674e-05   6.96460e-05   1.00952e-04   1.44878e-04   1.70315e-04
  -1.35000e-03  -1.71679e-04  -1.45106e-04  -1.00109e-04  -6.90986e-05  -4.79032e-05  -3.33690e-05  -2.33295e-05  -1.63262e-05  -1.13776e-05  -7.81779e-06  -5.18729e-06  -3.16035e-06  -1.49537e-06   0.00000e+00   1.49537e-06   3.16035e-06   5.18729e-06   7.81779e-06   1.13776e-05   1.63262e-05   2.33295e-05   3.33690e-05   4.79032e-05   6.90986e-05   1.00109e-04   1.45106e-04   1.71679e-04
  -1.80000e-03  -1.70595e-04  -1.43294e-04  -9.80574e-05  -6.79989e-05  -4.75330e-05  -3.33873e-05  -2.35109e-05  -1.65499e-05  -1.15870e-05  -7.99002e-06  -5.31551e-06  -3.24433e-06  -1.53673e-06   0.00000e+00   1.53673e-06   3.24433e-06   5.31551e-06   7.99002e-06   1.15870e-05   1.65499e-05   2.35109e-05   3.33873e-05   4.75330e-05   6.79989e-05   9.80574e-05   1.43294e-04   1.70595e-04
  -2.25000e-03  -1.63518e-04  -1.37089e-04  -9.40217e-05  -6.60755e-05  -4.68432e-05  -3.33048e-05  -2.36843e-05  -1.68015e-05  -1.18340e-05  -8.19759e-06  -5.47191e-06  -3.34748e-06  -1.58773e-06   0.00000e+00   1.58773e-06   3.34748e-06   5.47191e-06   8.19759e-06   1.18340e-05   1.68015e-05   2.36843e-05   3.33048e-05   4.68432e-05   6.60755e-05   9.40217e-05   1.37089e-04   1.63518e-04
  -2.70000e-03  -1.45798e-04  -1.23583e-04  -8.72428e-05  -6.30810e-05  -4.57270e-05  -3.30637e-05  -2.38148e-05  -1.70588e-05  -1.21040e-05  -8.43128e-06  -5.65074e-06  -3.46647e-06  -1.64683e-06   0.00000e+00   1.64683e-06   3.46647e-06   5.65074e-06   8.43128e-06   1.21040e-05   1.70588e-05   2.38148e-05   3.30637e-05   4.57270e-05   6.30810e-05   8.72428e-05   1.23583e-04   1.45798e-04
  -3.15000e-03  -1.13285e-04  -1.00357e-04  -7.72798e-05  -5.88745e-05  -4.41103e-05  -3.26160e-05  -2.38694e-05  -1.72991e-05  -1.23820e-05  -8.68100e-06  -5.84557e-06  -3.59753e-06  -1.71230e-06   0.00000e+00   1.71230e-06   3.59753e-06   5.84557e-06   8.68100e-06   1.23820e-05   1.72991e-05   2.38694e-05   3.26160e-05   4.41103e-05   5.88745e-05   7.72798e-05   1.00357e-04   1.13285e-04
  -3.60000e-03  -6.59975e-05  -6.75992e-05  -6.43593e-05  -5.34989e-05  -4.19756e-05  -3.19316e-05  -2.38205e-05  -1.75007e-05  -1.26521e-05  -8.93586e-06  -6.04925e-06  -3.73636e-06  -1.78212e-06   0.00000e+00   1.78212e-06   3.73636e-06   6.04925e-06   8.93586e-06   1.26521e-05   1.75007e-05   2.38205e-05   3.19316e-05   4.19756e-05   5.34989e-05   6.43593e-05   6.75992e-05   6.59975e-05
# Total Vertical 2nd Order Kick [T2m2]
START
                -1.30000e-02  -1.20000e-02  -1.10000e-02  -1.00000e-02  -9.00000e-03  -8.00000e-03  -7.00000e-03  -6.00000e-03  -5.00000e-03  -4.00000e-03  -3.00000e-03  -2.00000e-03  -1.00000e-03   0.00000e+00   1.00000e-03   2.00000e-03   3.00000e-03   4.00000e-03   5.00000e-03   6.00000e-03   7.00000e-03   8.00000e-03   9.00000e-03   1.00000e-02   1.10000e-02   1.20000e-02   1.30000e-02
   3.60000e-03  -2.06605e-03  -1.96096e-03  -1.92046e-03  -1.90354e-03  -1.89657e-03  -1.89405e-03  -1.89353e-03  -1.89383e-03  -1.89442e-03  -1.89503e-03  -1.89556e-03  -1.89594e-03  -1.89617e-03  -1.89625e-03  -1.89617e-03  -1.89594e-03  -1.89556e-03  -1.89503e-03  -1.89442e-03  -1.89383e-03  -1.89353e-03  -1.89405e-03  -1.89657e-03  -1.90354e-03  -1.92046e-03  -1.96096e-03  -2.06605e-03
   3.15000e-03  -1.81537e-03  -1.72670e-03  -1.69096e-03  -1.67585e-03  -1.66967e-03  -1.66751e-03  -1.66715e-03  -1.66752e-03  -1.66813e-03  -1.66874e-03  -1.66925e-03  -1.66963e-03  -1.66985e-03  -1.66993e-03  -1.66985e-03  -1.66963e-03  -1.66925e-03  -1.66874e-03  -1.66813e-03  -1.66752e-03  -1.66715e-03  -1.66751e-03  -1.66967e-03  -1.67585e-03  -1.69096e-03  -1.72670e-03  -1.81537e-03
   2.70000e-03  -1.36225e-03  -1.30643e-03  -1.28062e-03  -1.26923e-03  -1.26462e-03  -1.26315e-03  -1.26309e-03  -1.26357e-03  -1.26419e-03  -1.26478e-03  -1.26527e-03  -1.26561e-03  -1.26582e-03  -1.26589e-03  -1.26582e-03  -1.26561e-03  -1.26527e-03  -1.26478e-03  -1.26419e-03  -1.26357e-03  -1.26309e-03  -1.26315e-03  -1.26462e-03  -1.26923e-03  -1.28062e-03  -1.30643e-03  -1.36225e-03
   2.25000e-03  -9.99711e-04  -9.72159e-04  -9.55909e-04  -9.48126e-04  -9.44980e-04  -9.44113e-04  -9.44261e-04  -9.44788e-04  -9.45392e-04  -9.45937e-04  -9.46372e-04  -9.46682e-04  -9.46866e-04  -9.46927e-04  -9.46866e-04  -9.46682e-04  -9.46372e-04  -9.45937e-04  -9.45392e-04  -9.44788e-04  -9.44261e-04  -9.44113e-04  -9.44980e-04  -9.48126e-04  -9.55909e-04  -9.72159e-04  -9.99711e-04
   1.80000e-03  -7.13630e-04  -7.04562e-04  -6.95814e-04  -6.91035e-04  -6.89096e-04  -6.88680e-04  -6.88953e-04  -6.89468e-04  -6.90009e-04  -6.90482e-04  -6.90853e-04  -6.91115e-04  -6.91269e-04  -6.91320e-04  -6.91269e-04  -6.91115e-04  -6.90853e-04  -6.90482e-04  -6.90009e-04  -6.89468e-04  -6.88953e-04  -6.88680e-04  -6.89096e-04  -6.91035e-04  -6.95814e-04  -7.04562e-04  -7.13630e-04
   1.35000e-03  -4.86907e-04  -4.87219e-04  -4.83386e-04  -4.80787e-04  -4.79726e-04  -4.79599e-04  -4.79905e-04  -4.80350e-04  -4.80792e-04  -4.81170e-04  -4.81462e-04  -4.81666e-04  -4.81786e-04  -4.81826e-04  -4.81786e-04  -4.81666e-04  -4.81462e-04  -4.81170e-04  -4.80792e-04  -4.80350e-04  -4.79905e-04  -4.79599e-04  -4.79726e-04  -4.80787e-04  -4.83386e-04  -4.87219e-04  -4.86907e-04
   9.00000e-04  -3.02460e-04  -3.05742e-04  -3.04532e-04  -3.03311e-04  -3.02811e-04  -3.02824e-04  -3.03079e-04  -3.03406e-04  -3.03719e-04  -3.03981e-04  -3.04183e-04  -3.04323e-04  -3.04406e-04  -3.04433e-04  -3.04406e-04  -3.04323e-04  -3.04183e-04  -3.03981e-04  -3.03719e-04  -3.03406e-04  -3.03079e-04  -3.02824e-04  -3.02811e-04  -3.03311e-04  -3.04532e-04  -3.05742e-04  -3.02460e-04
   4.50000e-04  -1.44779e-04  -1.47264e-04  -1.47065e-04  -1.46616e-04  -1.46432e-04  -1.46469e-04  -1.46613e-04  -1.46786e-04  -1.46948e-04  -1.47083e-04  -1.47185e-04  -1.47257e-04  -1.47299e-04  -1.47312e-04  -1.47299e-04  -1.47257e-04  -1.47185e-04  -1.47083e-04  -1.46948e-04  -1.46786e-04  -1.46613e-04  -1.46469e-04  -1.46432e-04  -1.46616e-04  -1.47065e-04  -1.47264e-04  -1.44779e-04
   0.00000e+00   0.00000e+00   0.00000e+00   0.00000e+00   0.00000e+00   0.00000e+00   0.00000e+00   0.00000e+00   0.00000e+00   0.00000e+00   0.00000e+00   0.00000e+00   0.00000e+00   0.00000e+00   0.00000e+00   0.00000e+00   0.00000e+00   0.00000e+00   0.00000e+00   0.00000e+00   0.00000e+00   0.00000e+00   0.00000e+00   0.00000e+00   0.00000e+00   0.00000e+00   0.00000e+00   0.00000e+00
  -4.50000e-04   1.44779e-04   1.47264e-04   1.47065e-04   1.46616e-04   1.46432e-04   1.46469e-04   1.46613e-04   1.46786e-04   1.46948e-04   1.47083e-04   1.47185e-04   1.47257e-04   1.47299e-04   1.47312e-04   1.47299e-04   1.47257e-04   1.47185e-04   1.47083e-04   1.46948e-04   1.46786e-04   1.46613e-04   1.46469e-04   1.46432e-04   1.46616e-04   1.47065e-04   1.47264e-04   1.44779e-04
  -9.00000e-04   3.02460e-04   3.05742e-04   3.04532e-04   3.03311e-04   3.02811e-04   3.02824e-04   3.03079e-04   3.03406e-04   3.03719e-04   3.03981e-04   3.04183e-04   3.04323e-04   3.04406e-04   3.04433e-04   3.04406e-04   3.04323e-04   3.04183e-04   3.03981e-04   3.03719e-04   3.03406e-04   3.03079e-04   3.02824e-04   3.02811e-04   3.03311e-04   3.04532e-04   3.05742e-04   3.02460e-04
  -1.35000e-03   4.86907e-04   4.87219e-04   4.83386e-04   4.80787e-04   4.79726e-04   4.79599e-04   4.79905e-04   4.80350e-04   4.80792e-04   4.81170e-04   4.81462e-04   4.81666e-04   4.81786e-04   4.81826e-04   4.81786e-04   4.81666e-04   4.81462e-04   4.81170e-04   4.80792e-04   4.80350e-04   4.79905e-04   4.79599e-04   4.79726e-04   4.80787e-04   4.83386e-04   4.87219e-04   4.86907e-04
  -1.80000e-03   7.13630e-04   7.04562e-04   6.95814e-04   6.91035e-04   6.89096e-04   6.88680e-04   6.88953e-04   6.89468e-04   6.90009e-04   6.90482e-04   6.90853e-04   6.91115e-04   6.91269e-04   6.91320e-04   6.91269e-04   6.91115e-04   6.90853e-04   6.90482e-04   6.90009e-04   6.89468e-04   6.88953e-04   6.88680e-04   6.89096e-04   6.91035e-04   6.95814e-04   7.04562e-04   7.13630e-04
  -2.25000e-03   9.99711e-04   9.72159e-04   9.55909e-04   9.48126e-04   9.44980e-04   9.44113e-04   9.44261e-04   9.44788e-04   9.45392e-04   9.45937e-04   9.46372e-04   9.46682e-04   9.46866e-04   9.46927e-04   9.46866e-04   9.46682e-04   9.46372e-04   9.45937e-04   9.45392e-04   9.44788e-04   9.44261e-04   9.44113e-04   9.44980e-04   9.48126e-04   9.55909e-04   9.72159e-04   9.99711e-04
  -2.70000e-03   1.36225e-03   1.30643e-03   1.28062e-03   1.26923e-03   1.26462e-03   1.26315e-03   1.26309e-03   1.26357e-03   1.26419e-03   1.26478e-03   1.26527e-03   1.26561e-03   1.26582e-03   1.26589e-03   1.26582e-03   1.26561e-03   1.26527e-03   1.26478e-03   1.26419e-03   1.26357e-03   1.26309e-03   1.26315e-03   1.26462e-03   1.26923e-03   1.28062e-03   1.30643e-03   1.36225e-03
  -3.15000e-03   1.81537e-03   1.72670e-03   1.69096e-03   1.67585e-03   1.66967e-03   1.66751e-03   1.66715e-03   1.66752e-03   1.66813e-03   1.66874e-03   1.66925e-03   1.66963e-03   1.66985e-03   1.66993e-03   1.66985e-03   1.66963e-03   1.66925e-03   1.66874e-03   1.66813e-03   1.66752e-03   1.66715e-03   1.66751e-03   1.66967e-03   1.67585e-03   1.69096e-03   1.72670e-03   1.81537e-03
  -3.60000e-03   2.06605e-03   1.96096e-03   1.92046e-03   1.90354e-03   1.89657e-03   1.89405e-03   1.89353e-03   1.89383e-03   1.89442e-03   1.89503e-03   1.89556e-03   1.89594e-03   1.89617e-03   1.89625e-03   1.89617e-03   1.89594e-03   1.89556e-03   1.89503e-03   1.89442e-03   1.89383e-03   1.89353e-03   1.89405e-03   1.89657e-03   1.90354e-03   1.92046e-03   1.96096e-03   2.06605e-03
# Total Longitudinally Integrated Squared Transverse Magnetic Field [T2m]
START
                -1.30000e-02  -1.20000e-02  -1.10000e-02  -1.00000e-02  -9.00000e-03  -8.00000e-03  -7.00000e-03  -6.00000e-03  -5.00000e-03  -4.00000e-03  -3.00000e-03  -2.00000e-03  -1.00000e-03   0.00000e+00   1.00000e-03   2.00000e-03   3.00000e-03   4.00000e-03   5.00000e-03   6.00000e-03   7.00000e-03   8.00000e-03   9.00000e-03   1.00000e-02   1.10000e-02   1.20000e-02   1.30000e-02
   3.60000e-03   7.48881e-01   7.59614e-01   7.70864e-01   7.80535e-01   7.88243e-01   7.94159e-01   7.98598e-01   8.01875e-01   8.04260e-01   8.05964e-01   8.07146e-01   8.07916e-01   8.08350e-01   8.08490e-01   8.08350e-01   8.07916e-01   8.07146e-01   8.05964e-01   8.04260e-01   8.01875e-01   7.98598e-01   7.94159e-01   7.88243e-01   7.80535e-01   7.70864e-01   7.59614e-01   7.48881e-01
   3.15000e-03   5.89053e-01   6.07514e-01   6.21737e-01   6.32647e-01   6.40865e-01   6.46964e-01   6.51439e-01   6.54693e-01   6.57034e-01   6.58693e-01   6.59835e-01   6.60577e-01   6.60994e-01   6.61129e-01   6.60994e-01   6.60577e-01   6.59835e-01   6.58693e-01   6.57034e-01   6.54693e-01   6.51439e-01   6.46964e-01   6.40865e-01   6.32647e-01   6.21737e-01   6.07514e-01   5.89053e-01
   2.70000e-03   4.71886e-01   4.95644e-01   5.12137e-01   5.24020e-01   5.32631e-01   5.38859e-01   5.43348e-01   5.46568e-01   5.48863e-01   5.50476e-01   5.51582e-01   5.52297e-01   5.52698e-01   5.52827e-01   5.52698e-01   5.52297e-01   5.51582e-01   5.50476e-01   5.48863e-01   5.46568e-01   5.43348e-01   5.38859e-01   5.32631e-01   5.24020e-01   5.12137e-01   4.95644e-01   4.71886e-01
   2.25000e-03   3.85961e-01   4.12597e-01   4.30599e-01   4.43174e-01   4.52063e-01   4.58373e-01   4.62855e-01   4.66037e-01   4.68285e-01   4.69856e-01   4.70927e-01   4.71618e-01   4.72004e-01   4.72128e-01   4.72004e-01   4.71618e-01   4.70927e-01   4.69856e-01   4.68285e-01   4.66037e-01   4.62855e-01   4.58373e-01   4.52063e-01   4.43174e-01   4.30599e-01   4.12597e-01   3.85961e-01
   1.80000e-03   3.24007e-01   3.51784e-01   3.70651e-01   3.83668e-01   3.92736e-01   3.99087e-01   4.03552e-01   4.06693e-01   4.08898e-01   4.10431e-01   4.11472e-01   4.12141e-01   4.12515e-01   4.12635e-01   4.12515e-01   4.12141e-01   4.11472e-01   4.10431e-01   4.08898e-01   4.06693e-01   4.03552e-01   3.99087e-01   3.92736e-01   3.83668e-01   3.70651e-01   3.51784e-01   3.24007e-01
   1.35000e-03   2.80718e-01   3.08662e-01   3.27938e-01   3.41207e-01   3.50376e-01   3.56743e-01   3.61183e-01   3.64288e-01   3.66455e-01   3.67956e-01   3.68973e-01   3.69625e-01   3.69988e-01   3.70105e-01   3.69988e-01   3.69625e-01   3.68973e-01   3.67956e-01   3.66455e-01   3.64288e-01   3.61183e-01   3.56743e-01   3.50376e-01   3.41207e-01   3.27938e-01   3.08662e-01   2.80718e-01
   9.00000e-04   2.52293e-01   2.80008e-01   2.99427e-01   3.12820e-01   3.22039e-01   3.28406e-01   3.32824e-01   3.35899e-01   3.38038e-01   3.39515e-01   3.40513e-01   3.41152e-01   3.41508e-01   3.41623e-01   3.41508e-01   3.41152e-01   3.40513e-01   3.39515e-01   3.38038e-01   3.35899e-01   3.32824e-01   3.28406e-01   3.22039e-01   3.12820e-01   2.99427e-01   2.80008e-01   2.52293e-01
   4.50000e-04   2.36197e-01   2.63649e-01   2.83095e-01   2.96539e-01   3.05778e-01   3.12141e-01   3.16543e-01   3.19599e-01   3.21720e-01   3.23182e-01   3.24169e-01   3.24800e-01   3.25151e-01   3.25264e-01   3.25151e-01   3.24800e-01   3.24169e-01   3.23182e-01   3.21720e-01   3.19599e-01   3.16543e-01   3.12141e-01   3.05778e-01   2.96539e-01   2.83095e-01   2.63649e-01   2.36197e-01
   0.00000e+00   2.30988e-01   2.58333e-01   2.77778e-01   2.91234e-01   3.00479e-01   3.06840e-01   3.11236e-01   3.14285e-01   3.16400e-01   3.17857e-01   3.18840e-01   3.19469e-01   3.19818e-01   3.19931e-01   3.19818e-01   3.19469e-01   3.18840e-01   3.17857e-01   3.16400e-01   3.14285e-01   3.11236e-01   3.06840e-01   3.00479e-01   2.91234e-01   2.77778e-01   2.58333e-01   2.30988e-01
  -4.50000e-04   2.36197e-01   2.63649e-01   2.83095e-01   2.96539e-01   3.05778e-01   3.12141e-01   3.16543e-01   3.19599e-01   3.21720e-01   3.23182e-01   3.24169e-01   3.24800e-01   3.25151e-01   3.25264e-01   3.25151e-01   3.24800e-01   3.24169e-01   3.23182e-01   3.21720e-01   3.19599e-01   3.16543e-01   3.12141e-01   3.05778e-01   2.96539e-01   2.83095e-01   2.63649e-01   2.36197e-01
  -9.00000e-04   2.52293e-01   2.80008e-01   2.99427e-01   3.12820e-01   3.22039e-01   3.28406e-01   3.32824e-01   3.35899e-01   3.38038e-01   3.39515e-01   3.40513e-01   3.41152e-01   3.41508e-01   3.41623e-01   3.41508e-01   3.41152e-01   3.40513e-01   3.39515e-01   3.38038e-01   3.35899e-01   3.32824e-01   3.28406e-01   3.22039e-01   3.12820e-01   2.99427e-01   2.80008e-01   2.52293e-01
  -1.35000e-03   2.80718e-01   3.08662e-01   3.27938e-01   3.41207e-01   3.50376e-01   3.56743e-01   3.61183e-01   3.64288e-01   3.66455e-01   3.67956e-01   3.68973e-01   3.69625e-01   3.69988e-01   3.70105e-01   3.69988e-01   3.69625e-01   3.68973e-01   3.67956e-01   3.66455e-01   3.64288e-01   3.61183e-01   3.56743e-01   3.50376e-01   3.41207e-01   3.27938e-01   3.08662e-01   2.80718e-01
  -1.80000e-03   3.24007e-01   3.51784e-01   3.70651e-01   3.83668e-01   3.92736e-01   3.99087e-01   4.03552e-01   4.06693e-01   4.08898e-01   4.10431e-01   4.11472e-01   4.12141e-01   4.12515e-01   4.12635e-01   4.12515e-01   4.12141e-01   4.11472e-01   4.10431e-01   4.08898e-01   4.06693e-01   4.03552e-01   3.99087e-01   3.92736e-01   3.83668e-01   3.70651e-01   3.51784e-01   3.24007e-01
  -2.25000e-03   3.85961e-01   4.12597e-01   4.30599e-01   4.43174e-01   4.52063e-01   4.58373e-01   4.62855e-01   4.66037e-01   4.68285e-01   4.69856e-01   4.70927e-01   4.71618e-01   4.72004e-01   4.72128e-01   4.72004e-01   4.71618e-01   4.70927e-01   4.69856e-01   4.68285e-01   4.66037e-01   4.62855e-01   4.58373e-01   4.52063e-01   4.43174e-01   4.30599e-01   4.12597e-01   3.85961e-01
  -2.70000e-03   4.71886e-01   4.95644e-01   5.12137e-01   5.24020e-01   5.32631e-01   5.38859e-01   5.43348e-01   5.46568e-01   5.48863e-01   5.50476e-01   5.51582e-01   5.52297e-01   5.52698e-01   5.52827e-01   5.52698e-01   5.52297e-01   5.51582e-01   5.50476e-01   5.48863e-01   5.46568e-01   5.43348e-01   5.38859e-01   5.32631e-01   5.24020e-01   5.12137e-01   4.95644e-01   4.71886e-01
  -3.15000e-03   5.89053e-01   6.07514e-01   6.21737e-01   6.32647e-01   6.40865e-01   6.46964e-01   6.51439e-01   6.54693e-01   6.57034e-01   6.58693e-01   6.59835e-01   6.60577e-01   6.60994e-01   6.61129e-01   6.60994e-01   6.60577e-01   6.59835e-01   6.58693e-01   6.57034e-01   6.54693e-01   6.51439e-01   6.46964e-01   6.40865e-01   6.32647e-01   6.21737e-01   6.07514e-01   5.89053e-01
  -3.60000e-03   7.48881e-01   7.59614e-01   7.70864e-01   7.80535e-01   7.88243e-01   7.94159e-01   7.98598e-01   8.01875e-01   8.04260e-01   8.05964e-01   8.07146e-01   8.07916e-01   8.08350e-01   8.08490e-01   8.08350e-01   8.07916e-01   8.07146e-01   8.05964e-01   8.04260e-01   8.01875e-01   7.98598e-01   7.94159e-01   7.88243e-01   7.80535e-01   7.70864e-01   7.59614e-01   7.48881e-01
