Arquivo: c:\arq\medidas\BBA_0105_072004\BBA_AMP05B_H.dat
Data: 0105	 Hora:  0748
Comentário: 
NomeParametro	 ValorParametro
Nmedias	5
PausaCorretora	3000
PausaShunt	2000
PausaLeitura	500
NumCiclos	3
 NPassosCor	7
DeltaShunt	3.00
TetaIni	-0.10
TetaFim	0.10
I[mA]	 141.5
ACH01B	DeltaPos^2	AMP05B	AMP01B_0	AMP02A_0	AMP02B_0	AMP03A_0	AMP03B_0	AMP03C_0	AMP04A_0	AMP04B_0	AMP05A_0	AMP05B_0	AMP06A_0	AMP06B_0	AMP07A_0	AMP07B_0	AMP08A_0	AMP08B_0	AMP09A_0	AMP09B_0	AMP10A_0	AMP10B_0	AMU11A_0	AMU11B_0	AMP12A_0	AMP12B_0	AMP01A_0	AMP01B_1	AMP02A_1	AMP02B_1	AMP03A_1	AMP03B_1	AMP03C_1	AMP04A_1	AMP04B_1	AMP05A_1	AMP05B_1	AMP06A_1	AMP06B_1	AMP07A_1	AMP07B_1	AMP08A_1	AMP08B_1	AMP09A_1	AMP09B_1	AMP10A_1	AMP10B_1	AMU11A_1	AMU11B_1	AMP12A_1	AMP12B_1	AMP01A_1	
-0.1000	 1.45332434634638E-0003	0.3012	-2.1017	0.6962	-1.6492	-0.1348	-1.1913	-2.6408	-0.6605	-0.2650	-0.7882	0.3012	0.0231	-1.1914	0.8540	0.8122	-0.8859	-0.3735	0.6295	1.0257	-0.1973	-1.1044	0.1166	0.6495	-0.1702	-0.9419	-1.4406	-2.0457	0.6980	-1.6665	-0.1597	-1.1962	-2.6325	-0.6310	-0.2539	-0.8628	0.2407	0.0273	-1.1701	0.8635	0.8021	-0.9063	-0.3769	0.6868	1.0704	-0.2296	-1.1303	0.1881	0.7237	-0.1954	-0.9744	-1.4008	
-0.0667	 6.48870572465703E-0004	0.0446	-1.8043	0.6849	-1.7498	-0.2091	-1.1687	-2.5878	-0.5359	-0.2330	-1.1206	0.0446	0.2228	-1.0337	0.4255	0.3808	-0.7277	-0.1718	0.3798	0.6879	-0.1804	-0.9851	0.1822	0.6270	-0.3009	-0.9752	-1.0903	-1.7664	0.6862	-1.7614	-0.2253	-1.1711	-2.5820	-0.5164	-0.2256	-1.1702	0.0044	0.2257	-1.0195	0.4326	0.3746	-0.7417	-0.1748	0.4182	0.7178	-0.2020	-1.0026	0.2299	0.6765	-0.3181	-0.9967	-1.0633	
-0.0333	 1.60224444834794E-0004	-0.2146	-1.5037	0.6744	-1.8503	-0.2847	-1.1465	-2.5343	-0.4104	-0.2002	-1.4549	-0.2146	0.4241	-0.8742	-0.0072	-0.0553	-0.5681	0.0307	0.1269	0.3458	-0.1624	-0.8639	0.2465	0.6023	-0.4327	-1.0077	-0.7359	-1.4850	0.6749	-1.8559	-0.2925	-1.1476	-2.5313	-0.4005	-0.1968	-1.4796	-0.2347	0.4254	-0.8672	-0.0030	-0.0577	-0.5747	0.0293	0.1457	0.3612	-0.1730	-0.8730	0.2699	0.6266	-0.4414	-1.0184	-0.7219	
0.0000	 4.33708620116154E-0007	-0.4768	-1.2022	0.6647	-1.9506	-0.3621	-1.1255	-2.4815	-0.2834	-0.1663	-1.7919	-0.4768	0.6270	-0.7131	-0.4443	-0.4957	-0.4069	0.2352	-0.1297	-0.0004	-0.1434	-0.7416	0.3094	0.5757	-0.5641	-1.0393	-0.3804	-1.2025	0.6643	-1.9507	-0.3614	-1.1253	-2.4809	-0.2836	-0.1666	-1.7914	-0.4764	0.6266	-0.7133	-0.4428	-0.4945	-0.4066	0.2349	-0.1307	-0.0006	-0.1424	-0.7414	0.3082	0.5743	-0.5643	-1.0392	-0.3804	
0.0333	 1.70518814651730E-0004	-0.7412	-0.9022	0.6562	-2.0497	-0.4424	-1.1075	-2.4294	-0.1553	-0.1311	-2.1293	-0.7412	0.8303	-0.5504	-0.8827	-0.9381	-0.2442	0.4406	-0.3884	-0.3482	-0.1228	-0.6175	0.3696	0.5460	-0.6945	-1.0704	-0.0267	-0.9210	0.6547	-2.0447	-0.4332	-1.1053	-2.4312	-0.1654	-0.1353	-2.1041	-0.7204	0.8281	-0.5583	-0.8844	-0.9330	-0.2378	0.4409	-0.4084	-0.3630	-0.1119	-0.6091	0.3448	0.5200	-0.6863	-1.0589	-0.0397	
0.0667	 6.75155247033031E-0004	-1.0065	-0.6014	0.6476	-2.1494	-0.5236	-1.0901	-2.3777	-0.0270	-0.0957	-2.4660	-1.0065	1.0334	-0.3878	-1.3206	-1.3804	-0.0815	0.6453	-0.6485	-0.6974	-0.1020	-0.4932	0.4293	0.5156	-0.8253	-1.1000	0.3269	-0.6394	0.6454	-2.1381	-0.5056	-1.0864	-2.3822	-0.0473	-0.1040	-2.4159	-0.9648	1.0294	-0.4033	-1.3250	-1.3715	-0.0681	0.6468	-0.6879	-0.7271	-0.0801	-0.4762	0.3803	0.4643	-0.8087	-1.0783	0.3006	
0.1000	 1.46683345232363E-0003	-1.2714	-0.3032	0.6399	-2.2474	-0.6059	-1.0751	-2.3273	0.1010	-0.0599	-2.8005	-1.2714	1.2354	-0.2259	-1.7560	-1.8205	0.0808	0.8488	-0.9092	-1.0463	-0.0806	-0.3692	0.4866	0.4835	-0.9551	-1.1299	0.6778	-0.3588	0.6357	-2.2319	-0.5784	-1.0679	-2.3338	0.0697	-0.0728	-2.7257	-1.2093	1.2295	-0.2497	-1.7625	-1.8070	0.0998	0.8503	-0.9673	-1.0900	-0.0488	-0.3453	0.4148	0.4082	-0.9317	-1.0985	0.6393	
