Arquivo: c:\arq\medidas\BBA_0105_072004\BBA_AMP08A_H.dat
Data: 0105	 Hora:  0803
Comentário: 
NomeParametro	 ValorParametro
Nmedias	5
PausaCorretora	3000
PausaShunt	2000
PausaLeitura	500
NumCiclos	3
 NPassosCor	7
DeltaShunt	3.00
TetaIni	-0.10
TetaFim	0.10
I[mA]	  48.7
ACH01A	DeltaPos^2	AMP08A	AMP01B_0	AMP02A_0	AMP02B_0	AMP03A_0	AMP03B_0	AMP03C_0	AMP04A_0	AMP04B_0	AMP05A_0	AMP05B_0	AMP06A_0	AMP06B_0	AMP07A_0	AMP07B_0	AMP08A_0	AMP08B_0	AMP09A_0	AMP09B_0	AMP10A_0	AMP10B_0	AMU11A_0	AMU11B_0	AMP12A_0	AMP12B_0	AMP01A_0	AMP01B_1	AMP02A_1	AMP02B_1	AMP03A_1	AMP03B_1	AMP03C_1	AMP04A_1	AMP04B_1	AMP05A_1	AMP05B_1	AMP06A_1	AMP06B_1	AMP07A_1	AMP07B_1	AMP08A_1	AMP08B_1	AMP09A_1	AMP09B_1	AMP10A_1	AMP10B_1	AMU11A_1	AMU11B_1	AMP12A_1	AMP12B_1	AMP01A_1	
-0.1000	 7.93646879954194E-0004	-0.9996	-2.1205	0.7684	-1.6328	-0.3710	-1.4043	-2.7177	-0.5880	-0.1798	-0.9652	0.0834	0.0439	-1.1280	0.8536	0.7222	-0.9996	-0.3992	0.8942	1.2195	-0.3883	-1.2593	0.5052	1.0394	-0.3515	-1.1490	-1.1701	-2.0760	0.7358	-1.6627	-0.3252	-1.3532	-2.6969	-0.6076	-0.2099	-0.9544	0.1080	0.0433	-1.1417	0.8252	0.7068	-0.9856	-0.3797	0.8637	1.1755	-0.3978	-1.2531	0.5198	1.0417	-0.3810	-1.1643	-1.1187	
-0.0667	 3.83860871884782E-0004	-0.8205	-1.8060	0.7284	-1.7483	-0.3745	-1.3175	-2.6451	-0.4944	-0.1793	-1.2356	-0.1048	0.2271	-0.9988	0.4455	0.3351	-0.8205	-0.2048	0.5780	0.8408	-0.3230	-1.1079	0.4608	0.9089	-0.4354	-1.1301	-0.9009	-1.7753	0.7056	-1.7690	-0.3427	-1.2818	-2.6305	-0.5078	-0.2003	-1.2282	-0.0877	0.2267	-1.0082	0.4256	0.3244	-0.8105	-0.1906	0.5566	0.8094	-0.3290	-1.1036	0.4707	0.9103	-0.4555	-1.1406	-0.8657	
-0.0333	 1.21686360728682E-0004	-0.6396	-1.4890	0.6889	-1.8642	-0.3793	-1.2310	-2.5721	-0.4002	-0.1786	-1.5086	-0.2954	0.4116	-0.8684	0.0341	-0.0556	-0.6396	-0.0088	0.2580	0.4568	-0.2558	-0.9552	0.4142	0.7757	-0.5192	-1.1104	-0.6309	-1.4723	0.6758	-1.8754	-0.3611	-1.2109	-2.5639	-0.4078	-0.1905	-1.5040	-0.2851	0.4116	-0.8738	0.0230	-0.0613	-0.6338	-0.0008	0.2454	0.4392	-0.2594	-0.9524	0.4196	0.7762	-0.5302	-1.1161	-0.6114	
0.0000	 7.30700299499170E-0006	-0.4589	-1.1734	0.6498	-1.9795	-0.3851	-1.1461	-2.4997	-0.3055	-0.1769	-1.7809	-0.4863	0.5959	-0.7379	-0.3777	-0.4473	-0.4589	0.1864	-0.0633	0.0731	-0.1884	-0.8018	0.3654	0.6402	-0.6014	-1.0901	-0.3634	-1.1701	0.6463	-1.9815	-0.3805	-1.1412	-2.4976	-0.3074	-0.1800	-1.7791	-0.4829	0.5959	-0.7393	-0.3797	-0.4479	-0.4570	0.1889	-0.0664	0.0684	-0.1890	-0.8005	0.3666	0.6400	-0.6042	-1.0911	-0.3593	
0.0333	 3.49451995842840E-0005	-0.2785	-0.8579	0.6113	-2.0942	-0.3922	-1.0623	-2.4279	-0.2107	-0.1750	-2.0524	-0.6776	0.7793	-0.6072	-0.7885	-0.8382	-0.2785	0.3812	-0.3844	-0.3107	-0.1200	-0.6483	0.3157	0.5037	-0.6834	-1.0692	-0.0972	-0.8687	0.6176	-2.0867	-0.4009	-1.0726	-2.4319	-0.2072	-0.1693	-2.0535	-0.6814	0.7793	-0.6043	-0.7822	-0.8339	-0.2807	0.3781	-0.3786	-0.3020	-0.1181	-0.6488	0.3120	0.5024	-0.6770	-1.0651	-0.1090	
0.0667	 2.10096844499844E-0004	-0.0993	-0.5443	0.5733	-2.2078	-0.4000	-0.9798	-2.3573	-0.1166	-0.1729	-2.3222	-0.8689	0.9611	-0.4768	-1.1962	-1.2264	-0.0993	0.5740	-0.7046	-0.6922	-0.0516	-0.4954	0.2642	0.3662	-0.7643	-1.0477	0.1647	-0.5690	0.5897	-2.1905	-0.4227	-1.0059	-2.3677	-0.1066	-0.1576	-2.3263	-0.8797	0.9614	-0.4698	-1.1810	-1.2175	-0.1048	0.5658	-0.6902	-0.6708	-0.0466	-0.4973	0.2557	0.3635	-0.7488	-1.0384	0.1374	
0.1000	 5.44469277083974E-0004	0.0797	-0.2350	0.5369	-2.3194	-0.4096	-0.8997	-2.2871	-0.0221	-0.1692	-2.5900	-1.0601	1.1419	-0.3465	-1.6004	-1.6122	0.0797	0.7658	-1.0243	-1.0726	0.0171	-0.3427	0.2109	0.2275	-0.8433	-1.0250	0.4241	-0.2744	0.5630	-2.2922	-0.4461	-0.9419	-2.3041	-0.0061	-0.1451	-2.5963	-1.0776	1.1426	-0.3354	-1.5760	-1.5976	0.0705	0.7522	-1.0011	-1.0381	0.0254	-0.3457	0.1967	0.2232	-0.8180	-1.0099	0.3799	
