Arquivo: c:\arq\medidas\BBA_0105_072004\BBA_AMP01B_H.dat
Data: 0105	 Hora:  0720
Comentário: 
NomeParametro	 ValorParametro
Nmedias	5
PausaCorretora	3000
PausaShunt	2000
PausaLeitura	500
NumCiclos	3
 NPassosCor	7
DeltaShunt	3.00
TetaIni	-0.10
TetaFim	0.10
I[mA]	 146.6
ACH07B	DeltaPos^2	AMP01B	AMP01B_0	AMP02A_0	AMP02B_0	AMP03A_0	AMP03B_0	AMP03C_0	AMP04A_0	AMP04B_0	AMP05A_0	AMP05B_0	AMP06A_0	AMP06B_0	AMP07A_0	AMP07B_0	AMP08A_0	AMP08B_0	AMP09A_0	AMP09B_0	AMP10A_0	AMP10B_0	AMU11A_0	AMU11B_0	AMP12A_0	AMP12B_0	AMP01A_0	AMP01B_1	AMP02A_1	AMP02B_1	AMP03A_1	AMP03B_1	AMP03C_1	AMP04A_1	AMP04B_1	AMP05A_1	AMP05B_1	AMP06A_1	AMP06B_1	AMP07A_1	AMP07B_1	AMP08A_1	AMP08B_1	AMP09A_1	AMP09B_1	AMP10A_1	AMP10B_1	AMU11A_1	AMU11B_1	AMP12A_1	AMP12B_1	AMP01A_1	
-0.1000	 4.27295464612961E-0003	0.1090	0.1090	0.2986	-2.4962	0.1085	-0.3418	-2.0616	-0.1350	-0.3919	-2.4435	-0.7647	1.2119	-0.4025	-1.8684	-1.7731	-0.2210	0.7267	-0.1439	-0.3996	-0.4544	-0.7156	1.2441	1.3239	-1.1534	-1.4763	0.8780	0.0146	0.3000	-2.4662	0.1374	-0.3441	-2.0762	-0.1761	-0.4050	-2.3373	-0.6773	1.1514	-0.4534	-1.7415	-1.6417	-0.2660	0.6671	-0.0747	-0.3025	-0.4561	-0.7487	1.2168	1.3226	-1.1109	-1.4626	0.7687	
-0.0667	 1.50024968909136E-0003	-0.3171	-0.3171	0.4295	-2.3143	-0.0814	-0.6272	-2.2073	-0.1640	-0.3035	-2.2711	-0.7109	1.0360	-0.4853	-1.4309	-1.3897	-0.2792	0.5781	-0.1344	-0.2751	-0.3582	-0.7242	0.9552	1.0962	-0.9625	-1.3398	0.4646	-0.3722	0.4299	-2.2970	-0.0631	-0.6274	-2.2153	-0.1885	-0.3113	-2.2076	-0.6587	1.0000	-0.5154	-1.3555	-1.3114	-0.3060	0.5430	-0.0934	-0.2176	-0.3592	-0.7439	0.9395	1.0954	-0.9378	-1.3321	0.4006	
-0.0333	 1.31828902899138E-0004	-0.7479	-0.7479	0.5611	-2.1309	-0.2726	-0.9149	-2.3540	-0.1940	-0.2147	-2.0952	-0.6559	0.8573	-0.5696	-0.9860	-1.0007	-0.3380	0.4274	-0.1254	-0.1497	-0.2609	-0.7328	0.6613	0.8639	-0.7702	-1.2018	0.0458	-0.7636	0.5611	-2.1256	-0.2665	-0.9143	-2.3557	-0.2012	-0.2172	-2.0767	-0.6401	0.8470	-0.5785	-0.9637	-0.9775	-0.3466	0.4167	-0.1127	-0.1322	-0.2619	-0.7390	0.6572	0.8640	-0.7628	-1.1998	0.0273	
0.0000	 2.61830451844254E-0004	-1.1822	-1.1822	0.6940	-1.9452	-0.4653	-1.2037	-2.5009	-0.2234	-0.1252	-1.9186	-0.6014	0.6782	-0.6539	-0.5386	-0.6093	-0.3969	0.2760	-0.1174	-0.0243	-0.1624	-0.7408	0.3643	0.6289	-0.5757	-1.0635	-0.3768	-1.1577	0.6929	-1.9530	-0.4704	-1.2016	-2.4959	-0.2138	-0.1226	-1.9443	-0.6215	0.6929	-0.6416	-0.5705	-0.6419	-0.3854	0.2910	-0.1341	-0.0481	-0.1621	-0.7327	0.3715	0.6294	-0.5863	-1.0666	-0.3489	
0.0333	 1.94081462876161E-0003	-1.6167	-1.6167	0.8266	-1.7588	-0.6583	-1.4928	-2.6483	-0.2536	-0.0358	-1.7405	-0.5464	0.4976	-0.7388	-0.0894	-0.2172	-0.4550	0.1243	-0.1109	0.1006	-0.0631	-0.7482	0.0650	0.3913	-0.3809	-0.9233	-0.8020	-1.5524	0.8250	-1.7794	-0.6754	-1.4893	-2.6367	-0.2262	-0.0276	-1.8122	-0.6034	0.5386	-0.7046	-0.1757	-0.3059	-0.4248	0.1645	-0.1563	0.0356	-0.0627	-0.7263	0.0844	0.3932	-0.4091	-0.9328	-0.7273	
0.0667	 5.14905862253482E-0003	-2.0512	-2.0512	0.9595	-1.5717	-0.8516	-1.7812	-2.7952	-0.2833	0.0540	-1.5630	-0.4921	0.3172	-0.8230	0.3589	0.1742	-0.5128	-0.0278	-0.1064	0.2237	0.0366	-0.7552	-0.2363	0.1514	-0.1855	-0.7823	-1.2276	-1.9454	0.9568	-1.6060	-0.8801	-1.7763	-2.7767	-0.2382	0.0669	-1.6800	-0.5852	0.3834	-0.7677	0.2190	0.0300	-0.4639	0.0380	-0.1797	0.1186	0.0371	-0.7195	-0.2039	0.1553	-0.2322	-0.7979	-1.1056	
0.1000	 9.91139665992408E-0003	-2.4838	-2.4838	1.0925	-1.3841	-1.0456	-2.0699	-2.9421	-0.3126	0.1441	-1.3853	-0.4384	0.1359	-0.9073	0.8075	0.5656	-0.5705	-0.1798	-0.1028	0.3457	0.1369	-0.7616	-0.5396	-0.0899	0.0105	-0.6406	-1.6538	-2.3393	1.0889	-1.4314	-1.0857	-2.0635	-2.9171	-0.2506	0.1621	-1.5476	-0.5676	0.2286	-0.8301	0.6127	0.3652	-0.5015	-0.0876	-0.2051	0.1997	0.1384	-0.7115	-0.4952	-0.0853	-0.0541	-0.6624	-1.4854	
