Arquivo: c:\arq\medidas\BBA_0105_072004\BBA_AMP12A_H.dat
Data: 0105	 Hora:  0828
Comentário: 
NomeParametro	 ValorParametro
Nmedias	5
PausaCorretora	3000
PausaShunt	2000
PausaLeitura	500
NumCiclos	3
 NPassosCor	7
DeltaShunt	3.00
TetaIni	-0.10
TetaFim	0.10
I[mA]	  33.9
ACH05B	DeltaPos^2	AMP12A	AMP01B_0	AMP02A_0	AMP02B_0	AMP03A_0	AMP03B_0	AMP03C_0	AMP04A_0	AMP04B_0	AMP05A_0	AMP05B_0	AMP06A_0	AMP06B_0	AMP07A_0	AMP07B_0	AMP08A_0	AMP08B_0	AMP09A_0	AMP09B_0	AMP10A_0	AMP10B_0	AMU11A_0	AMU11B_0	AMP12A_0	AMP12B_0	AMP01A_0	AMP01B_1	AMP02A_1	AMP02B_1	AMP03A_1	AMP03B_1	AMP03C_1	AMP04A_1	AMP04B_1	AMP05A_1	AMP05B_1	AMP06A_1	AMP06B_1	AMP07A_1	AMP07B_1	AMP08A_1	AMP08B_1	AMP09A_1	AMP09B_1	AMP10A_1	AMP10B_1	AMU11A_1	AMU11B_1	AMP12A_1	AMP12B_1	AMP01A_1	
-0.1000	 2.48046299343402E-0004	-1.0211	-0.2607	0.5922	-2.3004	-0.5642	-1.0447	-2.3264	0.0422	-0.1013	-2.7226	-1.2473	0.6638	-0.4550	-0.2936	-0.6191	-0.7069	0.1546	0.6306	0.5839	-0.6305	-1.1301	1.3456	1.6234	-1.0211	-1.5649	0.3367	-0.2755	0.5837	-2.3022	-0.5515	-1.0383	-2.3273	0.0257	-0.1124	-2.6977	-1.2255	0.6442	-0.4729	-0.2649	-0.5892	-0.7229	0.1351	0.6477	0.6070	-0.6374	-1.1436	1.3432	1.6267	-1.0186	-1.5599	0.3291	
-0.0667	 1.10929199398396E-0004	-0.9017	-0.5239	0.6020	-2.2122	-0.4973	-1.0634	-2.3729	-0.0676	-0.1300	-2.4332	-1.0156	0.6479	-0.5390	-0.3330	-0.5794	-0.6240	0.1697	0.4016	0.4102	-0.4931	-1.0245	1.0474	1.3196	-0.9017	-1.4247	0.1385	-0.5337	0.5964	-2.2135	-0.4886	-1.0591	-2.3736	-0.0786	-0.1375	-2.4168	-1.0009	0.6345	-0.5511	-0.3140	-0.5592	-0.6348	0.1568	0.4126	0.4256	-0.4973	-1.0335	1.0459	1.3219	-0.9000	-1.4211	0.1336	
-0.0333	 3.07061557288405E-0005	-0.7808	-0.7893	0.6122	-2.1226	-0.4305	-1.0830	-2.4200	-0.1778	-0.1585	-2.1413	-0.7822	0.6320	-0.6234	-0.3734	-0.5399	-0.5407	0.1852	0.1708	0.2349	-0.3544	-0.9180	0.7457	1.0126	-0.7808	-1.2834	-0.0619	-0.7951	0.6091	-2.1232	-0.4259	-1.0809	-2.4203	-0.1837	-0.1625	-2.1322	-0.7744	0.6253	-0.6297	-0.3638	-0.5292	-0.5463	0.1785	0.1765	0.2429	-0.3565	-0.9227	0.7450	1.0138	-0.7797	-1.2813	-0.0639	
0.0000	 2.12356521576428E-0007	-0.6599	-1.0563	0.6222	-2.0331	-0.3639	-1.1031	-2.4672	-0.2889	-0.1873	-1.8470	-0.5480	0.6160	-0.7081	-0.4139	-0.5001	-0.4572	0.2007	-0.0602	0.0589	-0.2159	-0.8114	0.4430	0.7041	-0.6599	-1.1421	-0.2635	-1.0568	0.6221	-2.0327	-0.3634	-1.1029	-2.4673	-0.2891	-0.1875	-1.8464	-0.5474	0.6154	-0.7084	-0.4134	-0.4992	-0.4577	0.2000	-0.0602	0.0596	-0.2158	-0.8115	0.4429	0.7043	-0.6596	-1.1413	-0.2634	
0.0333	 2.38941556332427E-0005	-0.5383	-1.3237	0.6330	-1.9424	-0.2975	-1.1237	-2.5149	-0.3999	-0.2158	-1.5507	-0.3130	0.6002	-0.7929	-0.4543	-0.4605	-0.3735	0.2164	-0.2923	-0.1174	-0.0771	-0.7044	0.1381	0.3932	-0.5383	-0.9998	-0.4675	-1.3203	0.6359	-1.9413	-0.3016	-1.1263	-2.5148	-0.3945	-0.2120	-1.5586	-0.3198	0.6060	-0.7871	-0.4633	-0.4695	-0.3682	0.2221	-0.2977	-0.1243	-0.0744	-0.6999	0.1385	0.3921	-0.5382	-1.0005	-0.4648	
0.0667	 1.02482501750067E-0004	-0.4145	-1.5956	0.6448	-1.8499	-0.2315	-1.1458	-2.5635	-0.5121	-0.2438	-1.2509	-0.0761	0.5846	-0.8786	-0.4957	-0.4208	-0.2886	0.2322	-0.5272	-0.2965	0.0632	-0.5960	-0.1710	0.0779	-0.4145	-0.8558	-0.6754	-1.5868	0.6503	-1.8482	-0.2393	-1.1499	-2.5633	-0.5008	-0.2362	-1.2675	-0.0906	0.5968	-0.8664	-0.5140	-0.4398	-0.2783	0.2445	-0.5380	-0.3105	0.0684	-0.5872	-0.1696	0.0760	-0.4150	-0.8577	-0.6704	
0.1000	 2.36697039168712E-0004	-0.2912	-1.8650	0.6565	-1.7581	-0.1664	-1.1684	-2.6121	-0.6233	-0.2713	-0.9532	0.1586	0.5689	-0.9633	-0.5368	-0.3813	-0.2043	0.2480	-0.7607	-0.4740	0.2025	-0.4886	-0.4782	-0.2353	-0.2912	-0.7124	-0.8829	-1.8509	0.6645	-1.7563	-0.1781	-1.1740	-2.6112	-0.6069	-0.2605	-0.9786	0.1368	0.5876	-0.9451	-0.5649	-0.4108	-0.1887	0.2670	-0.7763	-0.4954	0.2095	-0.4756	-0.4750	-0.2375	-0.2932	-0.7163	-0.8741	
