Arquivo: c:\arq\medidas\BBA_0105_072004\BBA_AMP02A_H.dat
Data: 0105	 Hora:  0723
Comentário: 
NomeParametro	 ValorParametro
Nmedias	5
PausaCorretora	3000
PausaShunt	2000
PausaLeitura	500
NumCiclos	3
 NPassosCor	7
DeltaShunt	3.00
TetaIni	-0.10
TetaFim	0.10
I[mA]	 146.3
ACH09B	DeltaPos^2	AMP02A	AMP01B_0	AMP02A_0	AMP02B_0	AMP03A_0	AMP03B_0	AMP03C_0	AMP04A_0	AMP04B_0	AMP05A_0	AMP05B_0	AMP06A_0	AMP06B_0	AMP07A_0	AMP07B_0	AMP08A_0	AMP08B_0	AMP09A_0	AMP09B_0	AMP10A_0	AMP10B_0	AMU11A_0	AMU11B_0	AMP12A_0	AMP12B_0	AMP01A_0	AMP01B_1	AMP02A_1	AMP02B_1	AMP03A_1	AMP03B_1	AMP03C_1	AMP04A_1	AMP04B_1	AMP05A_1	AMP05B_1	AMP06A_1	AMP06B_1	AMP07A_1	AMP07B_1	AMP08A_1	AMP08B_1	AMP09A_1	AMP09B_1	AMP10A_1	AMP10B_1	AMU11A_1	AMU11B_1	AMP12A_1	AMP12B_1	AMP01A_1	
-0.1000	 1.21440599054785E-0005	0.1099	-0.2040	0.1099	-2.4629	0.7055	0.0802	-1.9938	-0.5226	-0.6637	-1.5896	0.0631	0.8522	-0.8086	-1.2128	-0.9600	0.1496	0.5886	-1.3969	-1.2075	-0.0870	-0.3191	0.5455	0.5079	-1.0108	-1.1595	0.8008	-0.2012	0.1091	-2.4660	0.7088	0.0847	-1.9916	-0.5212	-0.6636	-1.5916	0.0623	0.8550	-0.8061	-1.2192	-0.9657	0.1530	0.5922	-1.4029	-1.2139	-0.0845	-0.3158	0.5432	0.5044	-1.0103	-1.1575	0.8046	
-0.0667	 1.37095873709666E-0004	0.2960	-0.5171	0.2960	-2.2986	0.3351	-0.3271	-2.1553	-0.4273	-0.4917	-1.6928	-0.1472	0.7966	-0.7593	-0.9969	-0.8461	-0.0220	0.4897	-0.9944	-0.8341	-0.1088	-0.4514	0.4850	0.5432	-0.8709	-1.1268	0.4251	-0.5132	0.2923	-2.3053	0.3462	-0.3120	-2.1479	-0.4234	-0.4928	-1.6992	-0.1480	0.8071	-0.7521	-1.0169	-0.8634	-0.0086	0.5022	-1.0155	-0.8571	-0.0989	-0.4381	0.4751	0.5292	-0.8678	-1.1187	0.4346	
-0.0333	 4.08100311758339E-0004	0.4842	-0.8355	0.4842	-2.1315	-0.0403	-0.7393	-2.3182	-0.3308	-0.3182	-1.7971	-0.3596	0.7404	-0.7094	-0.7790	-0.7325	-0.1953	0.3898	-0.5877	-0.4573	-0.1303	-0.5842	0.4221	0.5771	-0.7287	-1.0929	0.0449	-0.8292	0.4780	-2.1417	-0.0217	-0.7139	-2.3058	-0.3239	-0.3198	-1.8079	-0.3610	0.7592	-0.6975	-0.8136	-0.7619	-0.1713	0.4120	-0.6246	-0.4965	-0.1125	-0.5609	0.4046	0.5524	-0.7240	-1.0790	0.0593	
0.0000	 8.10900692424349E-0004	0.6733	-1.1559	0.6733	-1.9630	-0.4178	-1.1530	-2.4813	-0.2341	-0.1439	-1.9020	-0.5733	0.6843	-0.6591	-0.5602	-0.6181	-0.3688	0.2902	-0.1805	-0.0799	-0.1505	-0.7164	0.3567	0.6094	-0.5849	-1.0580	-0.3393	-1.1485	0.6640	-1.9775	-0.3917	-1.1172	-2.4633	-0.2242	-0.1467	-1.9178	-0.5752	0.7114	-0.6423	-0.6095	-0.6597	-0.3349	0.3213	-0.2315	-0.1349	-0.1259	-0.6837	0.3319	0.5744	-0.5785	-1.0380	-0.3189	
0.0333	 1.34716947071126E-0003	0.8623	-1.4768	0.8623	-1.7940	-0.7964	-1.5666	-2.6441	-0.1369	0.0303	-2.0085	-0.7877	0.6287	-0.6081	-0.3418	-0.5051	-0.5428	0.1902	0.2272	0.2977	-0.1703	-0.8490	0.2899	0.6402	-0.4408	-1.0223	-0.7247	-1.4674	0.8506	-1.8120	-0.7625	-1.5202	-2.6216	-0.1241	0.0267	-2.0286	-0.7899	0.6638	-0.5869	-0.4051	-0.5582	-0.4987	0.2306	0.1608	0.2266	-0.1385	-0.8068	0.2584	0.5951	-0.4328	-0.9971	-0.6990	
0.0667	 2.02016798194735E-0003	1.0510	-1.7987	1.0510	-1.6244	-1.1743	-1.9795	-2.8071	-0.0396	0.2047	-2.1152	-1.0022	0.5734	-0.5570	-0.1240	-0.3926	-0.7161	0.0910	0.6329	0.6733	-0.1893	-0.9806	0.2208	0.6684	-0.2955	-0.9855	-1.1118	-1.7878	1.0367	-1.6459	-1.1335	-1.9229	-2.7795	-0.0239	0.2004	-2.1399	-1.0050	0.6165	-0.5310	-0.2022	-0.4583	-0.6620	0.1405	0.5517	0.5864	-0.1502	-0.9288	0.1822	0.6135	-0.2854	-0.9546	-1.0808	
0.1000	 2.81451919016632E-0003	1.2397	-2.1199	1.2397	-1.4541	-1.5518	-2.3900	-2.9695	0.0583	0.3785	-2.2234	-1.2176	0.5189	-0.5053	0.0918	-0.2821	-0.8890	-0.0079	1.0368	1.0472	-0.2077	-1.1120	0.1510	0.6956	-0.1504	-0.9482	-1.4972	-2.1070	1.2228	-1.4797	-1.5033	-2.3237	-2.9370	0.0770	0.3734	-2.2526	-1.2210	0.5699	-0.4746	-0.0004	-0.3590	-0.8248	0.0507	0.9412	0.9448	-0.1611	-1.0504	0.1053	0.6306	-0.1383	-0.9115	-1.4607	
