Arquivo: c:\arq\medidas\BBA_0105_072004\BBA_AMP01A_V.dat
Data: 0105	 Hora:  0836
Comentário: 
NomeParametro	 ValorParametro
Nmedias	5
PausaCorretora	3000
PausaShunt	2000
PausaLeitura	500
NumCiclos	3
 NPassosCor	7
DeltaShunt	3.00
TetaIni	-0.10
TetaFim	0.10
I[mA]	  33.8
ACV07B	DeltaPos^2	AMP01A	AMP01B_0	AMP02A_0	AMP02B_0	AMP03A_0	AMP03B_0	AMP03C_0	AMP04A_0	AMP04B_0	AMP05A_0	AMP05B_0	AMP06A_0	AMP06B_0	AMP07A_0	AMP07B_0	AMP08A_0	AMP08B_0	AMP09A_0	AMP09B_0	AMP10A_0	AMP10B_0	AMU11A_0	AMU11B_0	AMP12A_0	AMP12B_0	AMP01A_0	AMP01B_1	AMP02A_1	AMP02B_1	AMP03A_1	AMP03B_1	AMP03C_1	AMP04A_1	AMP04B_1	AMP05A_1	AMP05B_1	AMP06A_1	AMP06B_1	AMP07A_1	AMP07B_1	AMP08A_1	AMP08B_1	AMP09A_1	AMP09B_1	AMP10A_1	AMP10B_1	AMU11A_1	AMU11B_1	AMP12A_1	AMP12B_1	AMP01A_1	
-0.1000	 4.27863269717220E-0003	1.1561	-1.5832	-0.8446	0.3254	0.8526	2.5638	1.1327	0.4716	-1.0908	-0.3739	1.8561	1.9410	-0.0806	0.7200	-0.9038	0.1280	-0.5356	-0.2452	1.0358	0.9871	0.1105	0.0881	1.7467	1.5806	1.5034	1.1561	-1.6403	-0.9014	0.2690	0.7935	2.6369	1.2928	0.5250	-1.1054	-0.4277	1.8478	1.9624	-0.0124	0.8187	-0.9925	0.0586	-0.5772	-0.2701	1.1158	1.0226	0.0738	0.0211	1.7591	1.6226	1.5709	1.2394	
-0.0667	 1.29355150530912E-0003	0.8365	-1.1844	-0.5887	0.3585	0.7489	2.4203	0.9271	0.4711	-0.8377	0.0273	1.5641	1.6730	-0.3133	0.5003	-0.5103	0.4100	-0.3782	-0.1655	0.7229	0.8562	0.2699	0.3666	1.6739	1.3957	1.2304	0.8365	-1.2117	-0.6196	0.3243	0.7095	2.4586	1.0161	0.5035	-0.8417	0.0030	1.5507	1.6799	-0.2771	0.5538	-0.5561	0.3720	-0.4036	-0.1824	0.7682	0.8781	0.2518	0.3295	1.6748	1.4161	1.2666	0.8815	
-0.0333	 1.22939534577999E-0004	0.5087	-0.7756	-0.3267	0.3925	0.6433	2.2727	0.7159	0.4702	-0.5791	0.4377	1.2656	1.3981	-0.5522	0.2737	-0.1065	0.6988	-0.2180	-0.0846	0.4031	0.7230	0.4337	0.6519	1.5992	1.2055	0.9500	0.5087	-0.7826	-0.3360	0.3813	0.6282	2.2824	0.7424	0.4813	-0.5784	0.4328	1.2568	1.3975	-0.5419	0.2897	-0.1196	0.6875	-0.2271	-0.0920	0.4177	0.7308	0.4296	0.6403	1.5953	1.2097	0.9603	0.5229	
0.0000	 2.39051111737702E-0004	0.1776	-0.3606	-0.0614	0.4274	0.5367	2.1222	0.5012	0.4688	-0.3169	0.8513	0.9629	1.1195	-0.7944	0.0437	0.3027	0.9913	-0.0558	-0.0035	0.0783	0.5883	0.5999	0.9408	1.5224	1.0126	0.6654	0.1776	-0.3459	-0.0475	0.4393	0.5472	2.1035	0.4637	0.4578	-0.3114	0.8663	0.9598	1.1114	-0.8111	0.0206	0.3241	1.0076	-0.0475	-0.0005	0.0615	0.5816	0.6101	0.9562	1.5156	1.0000	0.6492	0.1589	
0.0333	 1.85097348010709E-0003	-0.1553	0.0564	0.2065	0.4630	0.4296	1.9705	0.2840	0.4673	-0.0532	1.2685	0.6589	0.8384	-1.0387	-0.1888	0.7145	1.2861	0.1078	0.0781	-0.2480	0.4535	0.7681	1.2309	1.4447	0.8166	0.3785	-0.1553	0.0954	0.2442	0.4981	0.4640	1.9197	0.1791	0.4342	-0.0403	1.3072	0.6578	0.8201	-1.0843	-0.2536	0.7734	1.3313	0.1329	0.0911	-0.2977	0.4328	0.7942	1.2748	1.4311	0.7850	0.3330	-0.2092	
0.0667	 4.74403408333023E-0003	-0.4906	0.4739	0.4740	0.4990	0.3226	1.8173	0.0653	0.4654	0.2109	1.6851	0.3533	0.5559	-1.2828	-0.4229	1.1271	1.5810	0.2717	0.1606	-0.5756	0.3178	0.9369	1.5216	1.3671	0.6201	0.0905	-0.4906	0.5340	0.5341	0.5560	0.3798	1.7344	-0.1047	0.4112	0.2296	1.7445	0.3535	0.5284	-1.3557	-0.5269	1.2199	1.6533	0.3127	0.1815	-0.6550	0.2834	0.9778	1.5903	1.3457	0.5708	0.0180	-0.5766	
0.1000	 8.69285710404218E-0003	-0.8242	0.8895	0.7404	0.5351	0.2163	1.6640	-0.1533	0.4630	0.4730	2.0980	0.0487	0.2754	-1.5260	-0.6555	1.5365	1.8740	0.4354	0.2429	-0.9024	0.1819	1.1039	1.8109	1.2908	0.4247	-0.1963	-0.8242	0.9688	0.8212	0.6139	0.2969	1.5514	-0.3859	0.3880	0.4978	2.1754	0.0526	0.2396	-1.6242	-0.7962	1.6593	1.9713	0.4916	0.2723	-1.0098	0.1344	1.1592	1.9029	1.2623	0.3587	-0.2941	-0.9400	
