Arquivo: c:\arq\medidas\BBA_0105_072004\BBA_AMP08B_H.dat
Data: 0105	 Hora:  0806
Comentário: 
NomeParametro	 ValorParametro
Nmedias	5
PausaCorretora	3000
PausaShunt	2000
PausaLeitura	500
NumCiclos	3
 NPassosCor	7
DeltaShunt	3.00
TetaIni	-0.10
TetaFim	0.10
I[mA]	  42.0
ACH03A	DeltaPos^2	AMP08B	AMP01B_0	AMP02A_0	AMP02B_0	AMP03A_0	AMP03B_0	AMP03C_0	AMP04A_0	AMP04B_0	AMP05A_0	AMP05B_0	AMP06A_0	AMP06B_0	AMP07A_0	AMP07B_0	AMP08A_0	AMP08B_0	AMP09A_0	AMP09B_0	AMP10A_0	AMP10B_0	AMU11A_0	AMU11B_0	AMP12A_0	AMP12B_0	AMP01A_0	AMP01B_1	AMP02A_1	AMP02B_1	AMP03A_1	AMP03B_1	AMP03C_1	AMP04A_1	AMP04B_1	AMP05A_1	AMP05B_1	AMP06A_1	AMP06B_1	AMP07A_1	AMP07B_1	AMP08A_1	AMP08B_1	AMP09A_1	AMP09B_1	AMP10A_1	AMP10B_1	AMU11A_1	AMU11B_1	AMP12A_1	AMP12B_1	AMP01A_1	
-0.1000	 3.47161085505318E-0004	-0.1521	-0.8579	0.9129	-1.9957	-1.1954	-2.0890	-2.9018	-0.1661	0.1944	-1.8191	-0.8100	0.3566	-0.7143	0.3490	0.0378	-0.9530	-0.1521	1.0270	1.1209	-0.6441	-1.3155	1.1928	1.6269	-0.7520	-1.4740	-0.3488	-0.8230	0.8939	-2.0161	-1.1729	-2.0600	-2.8887	-0.1730	0.1784	-1.8251	-0.8055	0.3630	-0.7168	0.3180	0.0143	-0.9401	-0.1414	1.0180	1.1015	-0.6548	-1.3164	1.2115	1.6388	-0.7734	-1.4885	-0.3137	
-0.0667	 1.83487586174915E-0004	-0.0397	-0.9532	0.8246	-1.9944	-0.9303	-1.7800	-2.7694	-0.2113	0.0724	-1.8101	-0.7070	0.4365	-0.7198	0.1075	-0.1254	-0.7901	-0.0397	0.6688	0.7755	-0.4959	-1.1470	0.9250	1.3063	-0.7067	-1.3509	-0.3470	-0.9282	0.8110	-2.0089	-0.9136	-1.7589	-2.7599	-0.2162	0.0605	-1.8143	-0.7036	0.4414	-0.7216	0.0847	-0.1423	-0.7806	-0.0320	0.6619	0.7611	-0.5038	-1.1473	0.9386	1.3148	-0.7219	-1.3609	-0.3210	
-0.0333	 6.96219304250585E-0005	0.0726	-1.0507	0.7361	-1.9925	-0.6624	-1.4677	-2.6360	-0.2567	-0.0507	-1.8010	-0.6036	0.5167	-0.7255	-0.1361	-0.2895	-0.6268	0.0726	0.3066	0.4269	-0.3469	-0.9771	0.6538	0.9817	-0.6603	-1.2263	-0.3465	-1.0354	0.7276	-2.0012	-0.6526	-1.4551	-2.6301	-0.2597	-0.0578	-1.8037	-0.6013	0.5201	-0.7263	-0.1502	-0.3003	-0.6205	0.0778	0.3023	0.4178	-0.3519	-0.9769	0.6620	0.9867	-0.6698	-1.2324	-0.3306	
0.0000	 1.00275624655743E-0005	0.1857	-1.1488	0.6479	-1.9900	-0.3951	-1.1555	-2.5023	-0.3017	-0.1734	-1.7928	-0.5007	0.5972	-0.7307	-0.3798	-0.4547	-0.4632	0.1857	-0.0562	0.0771	-0.1978	-0.8072	0.3811	0.6551	-0.6133	-1.1014	-0.3473	-1.1434	0.6449	-1.9928	-0.3920	-1.1512	-2.5002	-0.3026	-0.1761	-1.7941	-0.5000	0.5989	-0.7308	-0.3859	-0.4593	-0.4601	0.1882	-0.0580	0.0733	-0.1995	-0.8069	0.3842	0.6568	-0.6170	-1.1035	-0.3415	
0.0333	 4.57512563334947E-0006	0.2987	-1.2489	0.5604	-1.9870	-0.1292	-0.8440	-2.3692	-0.3462	-0.2955	-1.7855	-0.3988	0.6776	-0.7354	-0.6231	-0.6205	-0.2995	0.2987	-0.4187	-0.2720	-0.0481	-0.6373	0.1077	0.3274	-0.5661	-0.9763	-0.3494	-1.2528	0.5624	-1.9839	-0.1318	-0.8471	-2.3704	-0.3447	-0.2937	-1.7849	-0.3992	0.6779	-0.7345	-0.6202	-0.6180	-0.3000	0.2985	-0.4183	-0.2706	-0.0472	-0.6369	0.1054	0.3254	-0.5636	-0.9741	-0.3541	
0.0667	 5.27398959022298E-0005	0.4116	-1.3506	0.4732	-1.9831	0.1370	-0.5323	-2.2354	-0.3905	-0.4176	-1.7783	-0.2974	0.7585	-0.7398	-0.8676	-0.7865	-0.1357	0.4116	-0.7829	-0.6224	0.1016	-0.4669	-0.1672	-0.0018	-0.5176	-0.8502	-0.3533	-1.3639	0.4807	-1.9741	0.1280	-0.5435	-2.2403	-0.3872	-0.4115	-1.7763	-0.2991	0.7572	-0.7382	-0.8563	-0.7781	-0.1397	0.4087	-0.7796	-0.6158	0.1058	-0.4659	-0.1748	-0.0075	-0.5091	-0.8438	-0.3679	
0.1000	 1.59907251340638E-0004	0.5248	-1.4533	0.3859	-1.9789	0.4028	-0.2202	-2.1015	-0.4348	-0.5405	-1.7719	-0.1964	0.8393	-0.7444	-1.1117	-0.9537	0.0283	0.5248	-1.1473	-0.9733	0.2517	-0.2964	-0.4435	-0.3327	-0.4690	-0.7236	-0.3589	-1.4772	0.3989	-1.9635	0.3881	-0.2395	-2.1104	-0.4296	-0.5296	-1.7683	-0.1993	0.8366	-0.7417	-1.0921	-0.9382	0.0211	0.5190	-1.1418	-0.9616	0.2592	-0.2948	-0.4571	-0.3424	-0.4542	-0.7130	-0.3838	
