Arquivo: c:\arq\medidas\BBA_0105_072004\BBA_AMP07A_V.dat
Data: 0105	 Hora:  0758
Comentário: 
NomeParametro	 ValorParametro
Nmedias	5
PausaCorretora	3000
PausaShunt	2000
PausaLeitura	500
NumCiclos	3
 NPassosCor	7
DeltaShunt	3.00
TetaIni	-0.10
TetaFim	0.10
I[mA]	  74.1
ACV01B	DeltaPos^2	AMP07A	AMP01B_0	AMP02A_0	AMP02B_0	AMP03A_0	AMP03B_0	AMP03C_0	AMP04A_0	AMP04B_0	AMP05A_0	AMP05B_0	AMP06A_0	AMP06B_0	AMP07A_0	AMP07B_0	AMP08A_0	AMP08B_0	AMP09A_0	AMP09B_0	AMP10A_0	AMP10B_0	AMU11A_0	AMU11B_0	AMP12A_0	AMP12B_0	AMP01A_0	AMP01B_1	AMP02A_1	AMP02B_1	AMP03A_1	AMP03B_1	AMP03C_1	AMP04A_1	AMP04B_1	AMP05A_1	AMP05B_1	AMP06A_1	AMP06B_1	AMP07A_1	AMP07B_1	AMP08A_1	AMP08B_1	AMP09A_1	AMP09B_1	AMP10A_1	AMP10B_1	AMU11A_1	AMU11B_1	AMP12A_1	AMP12B_1	AMP01A_1	
-0.1000	 6.01642765924390E-0003	1.0165	-1.3246	-0.7870	-0.0109	0.2646	2.8306	1.8854	0.8438	-0.7426	-0.0493	1.2997	1.6153	-0.0153	1.0165	-0.8252	0.2424	-0.2633	0.1251	0.6472	0.7052	-0.0282	0.0768	1.9897	1.6699	1.2818	0.7402	-1.4334	-0.8703	-0.0552	0.2426	2.9074	2.0302	0.8808	-0.7965	-0.1575	1.3473	1.6772	0.0722	1.1288	-0.8893	0.1766	-0.3355	0.0491	0.7644	0.7734	-0.0369	0.0265	1.9693	1.6891	1.3602	0.8525	
-0.0667	 3.01054312308115E-0003	0.7100	-1.0205	-0.5596	0.1251	0.3484	2.6097	1.4547	0.7283	-0.6077	0.2329	1.1950	1.4580	-0.2591	0.7100	-0.4699	0.4772	-0.2020	0.0777	0.4692	0.6711	0.1719	0.3459	1.8359	1.4563	1.0868	0.5639	-1.0975	-0.6186	0.0939	0.3331	2.6647	1.5574	0.7545	-0.6460	0.1565	1.2289	1.5022	-0.1970	0.7897	-0.5161	0.4307	-0.2527	0.0253	0.5520	0.7189	0.1653	0.3103	1.8224	1.4711	1.1426	0.6427	
-0.0333	 8.89237489916542E-0004	0.3879	-0.6995	-0.3205	0.2671	0.4359	2.3774	0.9999	0.6075	-0.4650	0.5299	1.0834	1.2924	-0.5154	0.3879	-0.0960	0.7247	-0.1379	0.0286	0.2825	0.6358	0.3823	0.6291	1.6738	1.2317	0.8816	0.3784	-0.7417	-0.3526	0.2503	0.4285	2.4078	1.0559	0.6211	-0.4859	0.4882	1.1028	1.3169	-0.4814	0.4316	-0.1212	0.6993	-0.1650	0.0007	0.3268	0.6612	0.3785	0.6102	1.6677	1.2400	0.9120	0.4212	
0.0000	 2.49800098668341E-0005	0.0665	-0.3796	-0.0820	0.4081	0.5226	2.1448	0.5465	0.4871	-0.3217	0.8254	0.9718	1.1266	-0.7709	0.0665	0.2766	0.9714	-0.0737	-0.0201	0.0959	0.6003	0.5920	0.9110	1.5120	1.0079	0.6770	0.1936	-0.3872	-0.0877	0.4055	0.5223	2.1508	0.5551	0.4893	-0.3261	0.8185	0.9762	1.1313	-0.7651	0.0743	0.2720	0.9671	-0.0778	-0.0235	0.1026	0.6040	0.5910	0.9084	1.5130	1.0101	0.6820	0.2004	
0.0333	 4.14358386806901E-0004	-0.2580	-0.0582	0.1579	0.5500	0.6104	1.9098	0.0887	0.3658	-0.1783	1.1240	0.8594	0.9587	-1.0284	-0.2580	0.6521	1.2199	-0.0088	-0.0694	-0.0925	0.5647	0.8033	1.1938	1.3488	0.7815	0.4703	0.0077	-0.0305	0.1793	0.5622	0.6179	1.8906	0.0499	0.3563	-0.1648	1.1519	0.8490	0.9431	-1.0511	-0.2867	0.6689	1.2370	0.0108	-0.0481	-0.1242	0.5462	0.8055	1.2081	1.3570	0.7774	0.4501	-0.0216	
0.0667	 2.08417218051555E-0003	-0.5836	0.2630	0.3978	0.6927	0.6984	1.6732	-0.3712	0.2447	-0.0339	1.4227	0.7466	0.7901	-1.2861	-0.5836	1.0285	1.4682	0.0559	-0.1188	-0.2810	0.5291	1.0152	1.4772	1.1853	0.5544	0.2634	-0.1783	0.3256	0.4462	0.7190	0.7130	1.6289	-0.4581	0.2228	-0.0029	1.4856	0.7210	0.7548	-1.3372	-0.6491	1.0669	1.5070	0.0997	-0.0729	-0.3506	0.4888	1.0200	1.5086	1.2006	0.5438	0.2177	-0.2440	
0.1000	 5.02441816123597E-0003	-0.9093	0.5840	0.6374	0.8356	0.7866	1.4356	-0.8321	0.1231	0.1104	1.7208	0.6334	0.6217	-1.5438	-0.9093	1.4044	1.7169	0.1213	-0.1683	-0.4698	0.4930	1.2270	1.7608	1.0207	0.3264	0.0571	-0.3644	0.6816	0.7125	0.8763	0.8092	1.3660	-0.9667	0.0888	0.1590	1.8190	0.5928	0.5661	-1.6229	-1.0116	1.4637	1.7765	0.1882	-0.0977	-0.5778	0.4308	1.2349	1.8089	1.0433	0.3095	-0.0141	-0.4662	
