Arquivo: c:\arq\medidas\BBA_0105_072004\BBA_AMP03A_H.dat
Data: 0105	 Hora:  0729
Comentário: 
NomeParametro	 ValorParametro
Nmedias	5
PausaCorretora	3000
PausaShunt	2000
PausaLeitura	500
NumCiclos	3
 NPassosCor	7
DeltaShunt	3.00
TetaIni	-0.10
TetaFim	0.10
I[mA]	 145.8
ACH09A	DeltaPos^2	AMP03A	AMP01B_0	AMP02A_0	AMP02B_0	AMP03A_0	AMP03B_0	AMP03C_0	AMP04A_0	AMP04B_0	AMP05A_0	AMP05B_0	AMP06A_0	AMP06B_0	AMP07A_0	AMP07B_0	AMP08A_0	AMP08B_0	AMP09A_0	AMP09B_0	AMP10A_0	AMP10B_0	AMU11A_0	AMU11B_0	AMP12A_0	AMP12B_0	AMP01A_0	AMP01B_1	AMP02A_1	AMP02B_1	AMP03A_1	AMP03B_1	AMP03C_1	AMP04A_1	AMP04B_1	AMP05A_1	AMP05B_1	AMP06A_1	AMP06B_1	AMP07A_1	AMP07B_1	AMP08A_1	AMP08B_1	AMP09A_1	AMP09B_1	AMP10A_1	AMP10B_1	AMU11A_1	AMU11B_1	AMP12A_1	AMP12B_1	AMP01A_1	
-0.1000	 5.55195952822697E-0003	0.7469	-0.4290	0.1288	-2.3860	0.7469	0.0329	-2.0504	-0.6273	-0.6837	-1.3086	0.2760	0.6803	-0.9451	-0.8454	-0.5930	0.0054	0.4136	-1.1677	-1.2884	0.0083	-0.2621	0.3122	0.2804	-0.9144	-1.0554	0.6202	-0.3971	0.1668	-2.3835	0.6315	-0.1023	-2.1070	-0.6054	-0.6301	-1.3176	0.2273	0.6487	-0.9404	-0.7470	-0.5257	-0.0583	0.3689	-1.0262	-1.1512	-0.0477	-0.3278	0.4142	0.4043	-0.9293	-1.1018	0.6125	
-0.0667	 2.78044228839136E-0003	0.3633	-0.6686	0.3095	-2.2466	0.3633	-0.3605	-2.1937	-0.4997	-0.5061	-1.4998	-0.0010	0.6781	-0.8536	-0.7439	-0.5949	-0.1223	0.3690	-0.8352	-0.8843	-0.0468	-0.4153	0.3300	0.3933	-0.8062	-1.0583	0.3024	-0.6468	0.3367	-2.2445	0.2810	-0.4566	-2.2339	-0.4838	-0.4680	-1.5067	-0.0361	0.6558	-0.8502	-0.6741	-0.5478	-0.1676	0.3368	-0.7353	-0.7874	-0.0866	-0.4622	0.4014	0.4801	-0.8169	-1.0907	0.2964	
-0.0333	 9.38714859453653E-0004	-0.0230	-0.9108	0.4915	-2.1057	-0.0230	-0.7555	-2.3377	-0.3712	-0.3275	-1.6925	-0.2802	0.6759	-0.7617	-0.6420	-0.5973	-0.2508	0.3241	-0.5005	-0.4767	-0.1016	-0.5697	0.3467	0.5057	-0.6976	-1.0605	-0.0179	-0.9000	0.5083	-2.1040	-0.0737	-0.8144	-2.3617	-0.3614	-0.3042	-1.6978	-0.3024	0.6636	-0.7590	-0.6030	-0.5712	-0.2768	0.3061	-0.4435	-0.4211	-0.1237	-0.5962	0.3869	0.5548	-0.7030	-1.0790	-0.0231	
0.0000	 7.85848720334751E-0005	-0.4108	-1.1547	0.6736	-1.9641	-0.4108	-1.1512	-2.4811	-0.2419	-0.1487	-1.8860	-0.5602	0.6746	-0.6689	-0.5423	-0.6020	-0.3787	0.2799	-0.1673	-0.0701	-0.1558	-0.7231	0.3621	0.6166	-0.5882	-1.0622	-0.3397	-1.1533	0.6797	-1.9626	-0.4285	-1.1716	-2.4888	-0.2381	-0.1406	-1.8895	-0.5690	0.6717	-0.6672	-0.5324	-0.5961	-0.3854	0.2755	-0.1528	-0.0555	-0.1611	-0.7301	0.3712	0.6281	-0.5886	-1.0666	-0.3438	
0.0333	 1.80490542719002E-0004	-0.7978	-1.3984	0.8556	-1.8222	-0.7978	-1.5456	-2.6243	-0.1130	0.0298	-2.0805	-0.8404	0.6741	-0.5757	-0.4439	-0.6079	-0.5062	0.2366	0.1649	0.3358	-0.2096	-0.8766	0.3762	0.7263	-0.4782	-1.0632	-0.6623	-1.4069	0.8509	-1.8212	-0.7829	-1.5280	-2.6160	-0.1151	0.0226	-2.0821	-0.8359	0.6803	-0.5751	-0.4631	-0.6214	-0.4941	0.2452	0.1377	0.3095	-0.1986	-0.8640	0.3550	0.7009	-0.4742	-1.0537	-0.6650	
0.0667	 1.23794482179709E-0003	-1.1849	-1.6420	1.0372	-1.6800	-1.1849	-1.9397	-2.7676	0.0163	0.2083	-2.2757	-1.1211	0.6739	-0.4820	-0.3473	-0.6153	-0.6327	0.1940	0.4956	0.7403	-0.2623	-1.0289	0.3891	0.8344	-0.3678	-1.0637	-0.9856	-1.6600	1.0219	-1.6793	-1.1374	-1.8839	-2.7432	0.0083	0.1860	-2.2755	-1.1033	0.6898	-0.4823	-0.3961	-0.6493	-0.6019	0.2162	0.4264	0.6730	-0.2344	-0.9968	0.3373	0.7722	-0.3593	-1.0404	-0.9866	
0.1000	 3.25743752341940E-0003	-1.5703	-1.8849	1.2180	-1.5381	-1.5703	-2.3309	-2.9101	0.1462	0.3861	-2.4715	-1.4017	0.6748	-0.3879	-0.2526	-0.6249	-0.7590	0.1524	0.8245	1.1418	-0.3154	-1.1809	0.4014	0.9419	-0.2578	-1.0643	-1.3069	-1.9140	1.1924	-1.5370	-1.4909	-2.2380	-2.8696	0.1326	0.3492	-2.4689	-1.3705	0.7002	-0.3891	-0.3308	-0.6790	-0.7084	0.1880	0.7131	1.0343	-0.2700	-1.1292	0.3183	0.8417	-0.2438	-1.0261	-1.3073	
