Arquivo: c:\arq\medidas\BBA_0105_072004\BBA_AMP06A_H.dat
Data: 0105	 Hora:  0751
Comentário: 
NomeParametro	 ValorParametro
Nmedias	5
PausaCorretora	3000
PausaShunt	2000
PausaLeitura	500
NumCiclos	3
 NPassosCor	7
DeltaShunt	3.00
TetaIni	-0.10
TetaFim	0.10
I[mA]	 119.9
ACH11A	DeltaPos^2	AMP06A	AMP01B_0	AMP02A_0	AMP02B_0	AMP03A_0	AMP03B_0	AMP03C_0	AMP04A_0	AMP04B_0	AMP05A_0	AMP05B_0	AMP06A_0	AMP06B_0	AMP07A_0	AMP07B_0	AMP08A_0	AMP08B_0	AMP09A_0	AMP09B_0	AMP10A_0	AMP10B_0	AMU11A_0	AMU11B_0	AMP12A_0	AMP12B_0	AMP01A_0	AMP01B_1	AMP02A_1	AMP02B_1	AMP03A_1	AMP03B_1	AMP03C_1	AMP04A_1	AMP04B_1	AMP05A_1	AMP05B_1	AMP06A_1	AMP06B_1	AMP07A_1	AMP07B_1	AMP08A_1	AMP08B_1	AMP09A_1	AMP09B_1	AMP10A_1	AMP10B_1	AMU11A_1	AMU11B_1	AMP12A_1	AMP12B_1	AMP01A_1	
-0.1000	 1.03721154756454E-0004	0.2046	-1.4036	0.3899	-1.9851	0.4021	-0.5412	-2.3627	-0.7474	-0.5221	-0.8055	0.4863	0.2046	-1.1919	0.3127	0.4252	-0.5556	-0.1283	-0.0973	0.3064	0.0759	-0.7740	-0.4085	-0.3083	-0.4797	-0.7259	-0.3082	-1.3848	0.3823	-1.9939	0.4082	-0.5301	-2.3568	-0.7474	-0.5280	-0.8157	0.4825	0.2131	-1.1835	0.2963	0.4045	-0.5545	-0.1223	-0.0983	0.2992	0.0684	-0.7751	-0.3955	-0.2982	-0.4908	-0.7343	-0.2908	
-0.0667	 1.58986883213128E-0005	0.3452	-1.3298	0.4777	-1.9777	0.1535	-0.7301	-2.4003	-0.5954	-0.4071	-1.1324	0.1684	0.3452	-1.0350	0.0603	0.1196	-0.5058	-0.0078	-0.1113	0.2021	0.0035	-0.7634	-0.1723	-0.0196	-0.5117	-0.8301	-0.3227	-1.3257	0.4762	-1.9786	0.1540	-0.7274	-2.3988	-0.5937	-0.4079	-1.1376	0.1664	0.3507	-1.0300	0.0518	0.1094	-0.5037	-0.0034	-0.1136	0.1967	0.0018	-0.7618	-0.1695	-0.0181	-0.5142	-0.8314	-0.3185	
-0.0333	 1.97212790290837E-0005	0.4871	-1.2571	0.5668	-1.9695	-0.0989	-0.9214	-2.4387	-0.4411	-0.2902	-1.4628	-0.1537	0.4871	-0.8761	-0.1952	-0.1899	-0.4552	0.1143	-0.1261	0.0958	-0.0691	-0.7521	0.0657	0.2710	-0.5434	-0.9354	-0.3387	-1.2655	0.5709	-1.9630	-0.1032	-0.9265	-2.4409	-0.4388	-0.2872	-1.4621	-0.1536	0.4895	-0.8748	-0.1949	-0.1893	-0.4523	0.1167	-0.1297	0.0927	-0.0652	-0.7483	0.0587	0.2640	-0.5380	-0.9300	-0.3469	
0.0000	 9.55376209335677E-0005	0.6294	-1.1856	0.6567	-1.9605	-0.3523	-1.1143	-2.4777	-0.2866	-0.1730	-1.7934	-0.4769	0.6294	-0.7166	-0.4518	-0.5005	-0.4040	0.2368	-0.1424	-0.0124	-0.1410	-0.7408	0.3029	0.5610	-0.5745	-1.0400	-0.3561	-1.2053	0.6655	-1.9477	-0.3606	-1.1263	-2.4839	-0.2841	-0.1661	-1.7867	-0.4742	0.6278	-0.7196	-0.4431	-0.4891	-0.4006	0.2369	-0.1461	-0.0121	-0.1328	-0.7352	0.2873	0.5473	-0.5623	-1.0288	-0.3749	
0.0333	 2.35819954783897E-0004	0.7724	-1.1174	0.7483	-1.9491	-0.6087	-1.3101	-2.5179	-0.1307	-0.0538	-2.1243	-0.8016	0.7724	-0.5555	-0.7104	-0.8128	-0.3511	0.3605	-0.1604	-0.1214	-0.2117	-0.7274	0.5379	0.8490	-0.6031	-1.1430	-0.3765	-1.1480	0.7611	-1.9310	-0.6199	-1.3279	-2.5273	-0.1284	-0.0442	-2.1113	-0.7956	0.7668	-0.5634	-0.6917	-0.7895	-0.3480	0.3576	-0.1636	-0.1176	-0.1993	-0.7207	0.5146	0.8291	-0.5848	-1.1269	-0.4059	
0.0667	 4.81144008059924E-0004	0.9148	-1.0477	0.8389	-1.9390	-0.8639	-1.5050	-2.5581	0.0244	0.0642	-2.4538	-1.1258	0.9148	-0.3950	-0.9685	-1.1250	-0.2991	0.4836	-0.1781	-0.2305	-0.2834	-0.7148	0.7738	1.1378	-0.6332	-1.2470	-0.3966	-1.0913	0.8572	-1.9135	-0.8796	-1.5302	-2.5714	0.0273	0.0780	-2.4346	-1.1172	0.9055	-0.4072	-0.9413	-1.0907	-0.2952	0.4785	-0.1824	-0.2245	-0.2652	-0.7058	0.7409	1.1096	-0.6071	-1.2242	-0.4379	
0.1000	 7.77112301500925E-0004	1.0571	-0.9806	0.9307	-1.9272	-1.1191	-1.7005	-2.5988	0.1793	0.1829	-2.7814	-1.4485	1.0571	-0.2347	-1.2268	-1.4360	-0.2454	0.6070	-0.1977	-0.3411	-0.3532	-0.7009	1.0067	1.4221	-0.6616	-1.3492	-0.4184	-1.0360	0.9534	-1.8958	-1.1390	-1.7326	-2.6159	0.1829	0.2004	-2.7565	-1.4375	1.0443	-0.2511	-1.1909	-1.3908	-0.2416	0.5994	-0.2024	-0.3318	-0.3309	-0.6905	0.9657	1.3876	-0.6285	-1.3213	-0.4711	
