Arquivo: c:\arq\medidas\BBA_0105_072004\BBA_AMP05A_H.dat
Data: 0105	 Hora:  0745
Comentário: 
NomeParametro	 ValorParametro
Nmedias	5
PausaCorretora	3000
PausaShunt	2000
PausaLeitura	500
NumCiclos	3
 NPassosCor	7
DeltaShunt	3.00
TetaIni	-0.10
TetaFim	0.10
I[mA]	 144.3
ACH11B	DeltaPos^2	AMP05A	AMP01B_0	AMP02A_0	AMP02B_0	AMP03A_0	AMP03B_0	AMP03C_0	AMP04A_0	AMP04B_0	AMP05A_0	AMP05B_0	AMP06A_0	AMP06B_0	AMP07A_0	AMP07B_0	AMP08A_0	AMP08B_0	AMP09A_0	AMP09B_0	AMP10A_0	AMP10B_0	AMU11A_0	AMU11B_0	AMP12A_0	AMP12B_0	AMP01A_0	AMP01B_1	AMP02A_1	AMP02B_1	AMP03A_1	AMP03B_1	AMP03C_1	AMP04A_1	AMP04B_1	AMP05A_1	AMP05B_1	AMP06A_1	AMP06B_1	AMP07A_1	AMP07B_1	AMP08A_1	AMP08B_1	AMP09A_1	AMP09B_1	AMP10A_1	AMP10B_1	AMU11A_1	AMU11B_1	AMP12A_1	AMP12B_1	AMP01A_1	
-0.1000	 1.56264659264663E-0003	-0.8665	-1.1008	0.2803	-2.1182	0.5868	-0.2960	-2.2498	-0.7542	-0.6072	-0.8665	0.5161	0.3273	-1.1542	-0.0143	0.1655	-0.3712	0.0259	-0.4701	-0.0820	0.2078	-0.5937	-0.5857	-0.2449	-0.6119	-0.7991	0.0091	-1.0267	0.2703	-2.1458	0.5871	-0.2744	-2.2320	-0.7330	-0.6078	-0.9308	0.4439	0.3447	-1.1234	-0.0338	0.1268	-0.3805	0.0359	-0.4330	-0.0627	0.1783	-0.6105	-0.5137	-0.1766	-0.6450	-0.8324	0.0713	
-0.0667	 4.88445670992224E-0004	-1.1812	-1.1222	0.4049	-2.0678	0.2743	-0.5659	-2.3238	-0.5961	-0.4622	-1.1812	0.1826	0.4326	-1.0044	-0.1703	-0.0664	-0.3776	0.1021	-0.3670	-0.0670	0.0935	-0.6378	-0.2902	0.0234	-0.6017	-0.8797	-0.1044	-1.0807	0.3996	-2.0831	0.2747	-0.5538	-2.3138	-0.5837	-0.4625	-1.2174	0.1420	0.4423	-0.9869	-0.1810	-0.0879	-0.3827	0.1074	-0.3462	-0.0561	0.0770	-0.6472	-0.2502	0.0614	-0.6203	-0.8980	-0.0697	
-0.0333	 2.02387553430317E-0005	-1.4977	-1.1451	0.5314	-2.0158	-0.0411	-0.8382	-2.3988	-0.4366	-0.3158	-1.4977	-0.1537	0.5386	-0.8533	-0.3278	-0.3002	-0.3835	0.1781	-0.2639	-0.0524	-0.0218	-0.6821	0.0064	0.2922	-0.5902	-0.9596	-0.2208	-1.1366	0.5303	-2.0188	-0.0409	-0.8355	-2.3961	-0.4340	-0.3157	-1.5052	-0.1618	0.5404	-0.8495	-0.3297	-0.3047	-0.3842	0.1793	-0.2600	-0.0503	-0.0248	-0.6837	0.0142	0.2993	-0.5940	-0.9635	-0.2128	
0.0000	 1.69354741571864E-0004	-1.8150	-1.1695	0.6583	-1.9635	-0.3582	-1.1125	-2.4740	-0.2764	-0.1687	-1.8150	-0.4913	0.6450	-0.7013	-0.4866	-0.5354	-0.3889	0.2552	-0.1619	-0.0389	-0.1367	-0.7260	0.3028	0.5606	-0.5779	-1.0395	-0.3379	-1.1933	0.6615	-1.9545	-0.3578	-1.1187	-2.4788	-0.2834	-0.1689	-1.7942	-0.4674	0.6393	-0.7112	-0.4805	-0.5234	-0.3852	0.2524	-0.1749	-0.0460	-0.1258	-0.7195	0.2787	0.5372	-0.5673	-1.0282	-0.3573	
0.0333	 9.39822177309138E-0004	-2.1329	-1.1953	0.7861	-1.9096	-0.6771	-1.3877	-2.5500	-0.1162	-0.0213	-2.1329	-0.8299	0.7524	-0.5487	-0.6473	-0.7725	-0.3931	0.3330	-0.0604	-0.0268	-0.2515	-0.7689	0.5991	0.8284	-0.5651	-1.1188	-0.4571	-1.2515	0.7932	-1.8890	-0.6758	-1.4029	-2.5626	-0.1326	-0.0215	-2.0835	-0.7734	0.7390	-0.5722	-0.6321	-0.7427	-0.3859	0.3256	-0.0908	-0.0427	-0.2271	-0.7550	0.5426	0.7739	-0.5397	-1.0924	-0.5034	
0.0667	 2.29845642068947E-0003	-2.4502	-1.2230	0.9143	-1.8550	-0.9967	-1.6644	-2.6268	0.0448	0.1270	-2.4502	-1.1693	0.8598	-0.3954	-0.8087	-1.0101	-0.3972	0.4110	0.0401	-0.0156	-0.3657	-0.8111	0.8945	1.0946	-0.5515	-1.1966	-0.5777	-1.3116	0.9256	-1.8226	-0.9949	-1.6879	-2.6467	0.0191	0.1271	-2.3733	-1.0808	0.8390	-0.4325	-0.7853	-0.9636	-0.3856	0.3994	-0.0075	-0.0406	-0.3287	-0.7905	0.8065	1.0099	-0.5113	-1.1562	-0.6514	
0.1000	 4.26137185194099E-0003	-2.7674	-1.2514	1.0432	-1.7998	-1.3168	-1.9415	-2.7041	0.2065	0.2756	-2.7674	-1.5083	0.9672	-0.2419	-0.9711	-1.2484	-0.4009	0.4897	0.1408	-0.0050	-0.4805	-0.8539	1.1895	1.3597	-0.5371	-1.2750	-0.6998	-1.3723	1.0583	-1.7555	-1.3140	-1.9731	-2.7311	0.1712	0.2754	-2.6624	-1.3876	0.9392	-0.2928	-0.9398	-1.1851	-0.3854	0.4737	0.0752	-0.0394	-0.4303	-0.8252	1.0699	1.2450	-0.4827	-1.2196	-0.7999	
