Arquivo: c:\arq\medidas\BBA_0105_072004\BBA_AMP05A_V.dat
Data: 0105	 Hora:  0746
Comentário: 
NomeParametro	 ValorParametro
Nmedias	5
PausaCorretora	3000
PausaShunt	2000
PausaLeitura	500
NumCiclos	3
 NPassosCor	7
DeltaShunt	3.00
TetaIni	-0.10
TetaFim	0.10
I[mA]	 142.7
ACV11B	DeltaPos^2	AMP05A	AMP01B_0	AMP02A_0	AMP02B_0	AMP03A_0	AMP03B_0	AMP03C_0	AMP04A_0	AMP04B_0	AMP05A_0	AMP05B_0	AMP06A_0	AMP06B_0	AMP07A_0	AMP07B_0	AMP08A_0	AMP08B_0	AMP09A_0	AMP09B_0	AMP10A_0	AMP10B_0	AMU11A_0	AMU11B_0	AMP12A_0	AMP12B_0	AMP01A_0	AMP01B_1	AMP02A_1	AMP02B_1	AMP03A_1	AMP03B_1	AMP03C_1	AMP04A_1	AMP04B_1	AMP05A_1	AMP05B_1	AMP06A_1	AMP06B_1	AMP07A_1	AMP07B_1	AMP08A_1	AMP08B_1	AMP09A_1	AMP09B_1	AMP10A_1	AMP10B_1	AMU11A_1	AMU11B_1	AMP12A_1	AMP12B_1	AMP01A_1	
-0.1000	 3.12182170611843E-0003	1.7207	0.5040	0.3198	0.0551	-0.3086	2.2721	1.1805	0.9233	0.4119	1.7207	-0.0687	0.3905	-1.0051	0.1275	0.8534	1.1183	-0.5942	-0.9465	0.6538	1.1653	1.1868	1.3183	0.7531	0.2429	0.1299	-0.2006	0.5828	0.3584	0.0294	-0.3754	2.2779	1.2225	0.9565	0.4759	1.8034	-0.1056	0.3421	-1.0720	0.0472	0.9547	1.1828	-0.5837	-0.9692	0.6133	1.1629	1.2471	1.3938	0.7027	0.1792	0.0797	-0.2407	
-0.0667	 1.39547644210892E-0003	1.4576	0.2451	0.2052	0.1684	-0.0507	2.2239	0.9690	0.7857	0.1920	1.4576	0.2468	0.6070	-0.9526	0.0814	0.6960	1.0901	-0.4206	-0.6501	0.4574	0.9791	1.0100	1.2074	0.9861	0.4713	0.2892	-0.0896	0.2977	0.2310	0.1514	-0.0949	2.2271	0.9967	0.8075	0.2346	1.5130	0.2220	0.5748	-0.9974	0.0276	0.7642	1.1334	-0.4133	-0.6650	0.4300	0.9772	1.0504	1.2580	0.9525	0.4290	0.2556	-0.1163	
-0.0333	 3.30146613555461E-0004	1.1895	-0.0185	0.0883	0.2832	0.2128	2.1742	0.7532	0.6449	-0.0325	1.1895	0.5679	0.8277	-0.8992	0.0335	0.5358	1.0610	-0.2434	-0.3477	0.2570	0.7887	0.8297	1.0943	1.2236	0.7045	0.4515	0.0232	0.0070	0.1010	0.2753	0.1917	2.1755	0.7655	0.6556	-0.0119	1.2165	0.5557	0.8122	-0.9212	0.0078	0.5689	1.0827	-0.2396	-0.3544	0.2437	0.7877	0.8494	1.1192	1.2068	0.6834	0.4349	0.0100	
0.0000	 2.19503037091087E-0006	0.9189	-0.2836	-0.0302	0.3983	0.4771	2.1242	0.5366	0.5038	-0.2582	0.9189	0.8893	1.0497	-0.8451	-0.0136	0.3741	1.0320	-0.0655	-0.0441	0.0556	0.5976	0.6479	0.9815	1.4616	0.9384	0.6146	0.1364	-0.2858	-0.0305	0.3996	0.4799	2.1232	0.5336	0.5021	-0.2599	0.9170	0.8901	1.0510	-0.8440	-0.0116	0.3725	1.0311	-0.0651	-0.0424	0.0558	0.5972	0.6468	0.9800	1.4625	0.9391	0.6153	0.1373	
0.0333	 4.32920184865098E-0004	0.6477	-0.5507	-0.1482	0.5142	0.7426	2.0742	0.3187	0.3620	-0.4849	0.6477	1.2131	1.2725	-0.7908	-0.0615	0.2119	1.0027	0.1135	0.2615	-0.1468	0.4053	0.4656	0.8675	1.7009	1.1731	0.7783	0.2509	-0.5808	-0.1622	0.5248	0.7689	2.0709	0.3004	0.3482	-0.5088	0.6169	1.2268	1.2906	-0.7666	-0.0316	0.1751	0.9795	0.1107	0.2713	-0.1326	0.4055	0.4433	0.8399	1.7189	1.1960	0.7969	0.2651	
0.0667	 1.62172706894154E-0003	0.3748	-0.8186	-0.2672	0.6299	1.0076	2.0245	0.1013	0.2198	-0.7114	0.3748	1.5361	1.4948	-0.7365	-0.1091	0.0494	0.9733	0.2925	0.5667	-0.3495	0.2127	0.2832	0.7535	1.9393	1.4074	0.9428	0.3656	-0.8761	-0.2941	0.6497	1.0579	2.0185	0.0671	0.1948	-0.7575	0.3147	1.5630	1.5301	-0.6890	-0.0516	-0.0228	0.9281	0.2865	0.5852	-0.3218	0.2138	0.2400	0.6995	1.9748	1.4518	0.9784	0.3939	
0.1000	 3.57175974023386E-0003	0.0986	-1.0887	-0.3874	0.7462	1.2748	1.9740	-0.1176	0.0765	-0.9396	0.0986	1.8619	1.7192	-0.6816	-0.1571	-0.1148	0.9435	0.4731	0.8747	-0.5551	0.0185	0.0993	0.6388	2.1791	1.6430	1.1088	0.4820	-1.1735	-0.4281	0.7759	1.3482	1.9659	-0.1681	0.0391	-1.0085	0.0093	1.9014	1.7710	-0.6110	-0.0722	-0.2218	0.8758	0.4636	0.9021	-0.5135	0.0200	0.0351	0.5585	2.2317	1.7097	1.1618	0.5243	
