Arquivo: c:\arq\medidas\BBA_0105_072004\BBA_AMP06B_H.dat
Data: 0105	 Hora:  0754
Comentário: 
NomeParametro	 ValorParametro
Nmedias	5
PausaCorretora	3000
PausaShunt	2000
PausaLeitura	500
NumCiclos	3
 NPassosCor	7
DeltaShunt	3.00
TetaIni	-0.10
TetaFim	0.10
I[mA]	 119.7
ACH01A	DeltaPos^2	AMP06B	AMP01B_0	AMP02A_0	AMP02B_0	AMP03A_0	AMP03B_0	AMP03C_0	AMP04A_0	AMP04B_0	AMP05A_0	AMP05B_0	AMP06A_0	AMP06B_0	AMP07A_0	AMP07B_0	AMP08A_0	AMP08B_0	AMP09A_0	AMP09B_0	AMP10A_0	AMP10B_0	AMU11A_0	AMU11B_0	AMP12A_0	AMP12B_0	AMP01A_0	AMP01B_1	AMP02A_1	AMP02B_1	AMP03A_1	AMP03B_1	AMP03C_1	AMP04A_1	AMP04B_1	AMP05A_1	AMP05B_1	AMP06A_1	AMP06B_1	AMP07A_1	AMP07B_1	AMP08A_1	AMP08B_1	AMP09A_1	AMP09B_1	AMP10A_1	AMP10B_1	AMU11A_1	AMU11B_1	AMP12A_1	AMP12B_1	AMP01A_1	
-0.1000	 6.15483874129893E-0004	-1.1170	-2.2507	0.8172	-1.5611	-0.4055	-1.4625	-2.7379	-0.5659	-0.1436	-0.9489	0.0880	0.0392	-1.1170	0.8926	0.7752	-0.9700	-0.3935	0.8488	1.1960	-0.3270	-1.2120	0.3905	0.9332	-0.2741	-1.0732	-1.2837	-2.2067	0.8053	-1.5825	-0.4094	-1.4522	-2.7275	-0.5574	-0.1496	-0.9926	0.0573	0.0616	-1.1013	0.8751	0.7446	-0.9806	-0.3912	0.8690	1.2034	-0.3521	-1.2270	0.4337	0.9737	-0.3016	-1.0994	-1.2478	
-0.0667	 3.55560605605342E-0004	-0.9843	-1.9035	0.7657	-1.6913	-0.3913	-1.3513	-2.6533	-0.4730	-0.1520	-1.2290	-0.1003	0.2338	-0.9843	0.4519	0.3564	-0.7853	-0.1862	0.5282	0.8031	-0.2685	-1.0593	0.3677	0.8187	-0.3736	-1.0649	-0.9814	-1.8699	0.7571	-1.7070	-0.3944	-1.3437	-2.6458	-0.4655	-0.1558	-1.2629	-0.1243	0.2521	-0.9715	0.4381	0.3322	-0.7931	-0.1839	0.5431	0.8083	-0.2872	-1.0703	0.3999	0.8488	-0.3935	-1.0845	-0.9544	
-0.0333	 1.75997344102435E-0004	-0.8497	-1.5541	0.7147	-1.8215	-0.3776	-1.2401	-2.5687	-0.3784	-0.1593	-1.5113	-0.2908	0.4306	-0.8497	0.0063	-0.0674	-0.5981	0.0228	0.2021	0.4045	-0.2077	-0.9034	0.3414	0.7001	-0.4719	-1.0550	-0.6778	-1.5305	0.7087	-1.8323	-0.3801	-1.2348	-2.5631	-0.3727	-0.1621	-1.5352	-0.3077	0.4439	-0.8408	-0.0022	-0.0837	-0.6039	0.0241	0.2130	0.4084	-0.2215	-0.9116	0.3642	0.7214	-0.4860	-1.0688	-0.6592	
0.0000	 6.04952492933814E-0005	-0.7150	-1.2048	0.6644	-1.9507	-0.3658	-1.1309	-2.4847	-0.2837	-0.1660	-1.7932	-0.4819	0.6268	-0.7150	-0.4381	-0.4907	-0.4115	0.2312	-0.1247	0.0054	-0.1466	-0.7478	0.3134	0.5798	-0.5687	-1.0440	-0.3767	-1.1910	0.6612	-1.9567	-0.3675	-1.1277	-2.4812	-0.2799	-0.1677	-1.8069	-0.4914	0.6349	-0.7101	-0.4430	-0.5002	-0.4151	0.2323	-0.1175	0.0084	-0.1547	-0.7527	0.3269	0.5923	-0.5771	-1.0521	-0.3659	
0.0333	 6.37808045633097E-0006	-0.5805	-0.8577	0.6151	-2.0785	-0.3552	-1.0229	-2.4016	-0.1881	-0.1719	-2.0741	-0.6731	0.8218	-0.5805	-0.8824	-0.9142	-0.2244	0.4392	-0.4512	-0.3926	-0.0845	-0.5921	0.2832	0.4573	-0.6640	-1.0317	-0.0781	-0.8533	0.6145	-2.0800	-0.3561	-1.0219	-2.4004	-0.1868	-0.1724	-2.0783	-0.6760	0.8252	-0.5792	-0.8822	-0.9162	-0.2260	0.4395	-0.4482	-0.3908	-0.0878	-0.5937	0.2877	0.4614	-0.6667	-1.0345	-0.0753	
0.0667	 1.23233934165013E-0005	-0.4464	-0.5124	0.5668	-2.2051	-0.3456	-0.9165	-2.3187	-0.0938	-0.1776	-2.3531	-0.8643	1.0156	-0.4464	-1.3225	-1.3343	-0.0384	0.6454	-0.7776	-0.7894	-0.0223	-0.4366	0.2515	0.3343	-0.7588	-1.0188	0.2167	-0.5186	0.5693	-2.2011	-0.3465	-0.9186	-2.3201	-0.0936	-0.1761	-2.3479	-0.8605	1.0147	-0.4480	-1.3186	-1.3295	-0.0374	0.6457	-0.7794	-0.7899	-0.0192	-0.4345	0.2455	0.3284	-0.7547	-1.0152	0.2107	
0.1000	 8.68502711347450E-0005	-0.3131	-0.1693	0.5187	-2.3310	-0.3373	-0.8112	-2.2366	0.0006	-0.1830	-2.6295	-1.0548	1.2079	-0.3131	-1.7592	-1.7517	0.1463	0.8499	-1.1029	-1.1841	0.0405	-0.2819	0.2182	0.2100	-0.8520	-1.0056	0.5095	-0.1864	0.5248	-2.3211	-0.3386	-0.8168	-2.2403	-0.0001	-0.1793	-2.6157	-1.0449	1.2032	-0.3171	-1.7523	-1.7411	0.1506	0.8506	-1.1099	-1.1872	0.0498	-0.2753	0.2017	0.1941	-0.8411	-0.9950	0.4943	
