Arquivo: c:\arq\medidas\BBA_0105_072004\BBA_AMU11A_V.dat
Data: 0105	 Hora:  0823
Comentário: 
NomeParametro	 ValorParametro
Nmedias	5
PausaCorretora	3000
PausaShunt	2000
PausaLeitura	500
NumCiclos	3
 NPassosCor	7
DeltaShunt	3.00
TetaIni	-0.10
TetaFim	0.10
I[mA]	  33.9
ACV11A	DeltaPos^2	AMU11A	AMP01B_0	AMP02A_0	AMP02B_0	AMP03A_0	AMP03B_0	AMP03C_0	AMP04A_0	AMP04B_0	AMP05A_0	AMP05B_0	AMP06A_0	AMP06B_0	AMP07A_0	AMP07B_0	AMP08A_0	AMP08B_0	AMP09A_0	AMP09B_0	AMP10A_0	AMP10B_0	AMU11A_0	AMU11B_0	AMP12A_0	AMP12B_0	AMP01A_0	AMP01B_1	AMP02A_1	AMP02B_1	AMP03A_1	AMP03B_1	AMP03C_1	AMP04A_1	AMP04B_1	AMP05A_1	AMP05B_1	AMP06A_1	AMP06B_1	AMP07A_1	AMP07B_1	AMP08A_1	AMP08B_1	AMP09A_1	AMP09B_1	AMP10A_1	AMP10B_1	AMU11A_1	AMU11B_1	AMP12A_1	AMP12B_1	AMP01A_1	
-0.1000	 8.09659035332511E-0003	0.0606	-1.4733	-0.7104	0.4957	1.0542	2.3553	0.6590	0.3051	-1.0890	-0.2726	1.9301	1.9198	-0.2565	0.4427	-0.6897	0.5252	0.2664	0.8089	-0.0929	0.1916	-0.1878	0.0606	1.8770	1.6388	1.4005	0.9513	-1.6235	-0.8000	0.5042	1.1218	2.3853	0.6829	0.2837	-1.1939	-0.4245	2.0572	2.0281	-0.1819	0.4974	-0.8247	0.4601	0.3077	0.9151	-0.1117	0.1396	-0.2954	-0.0587	1.9213	1.7235	1.5009	1.0572	
-0.0667	 3.66434417720002E-0003	0.3573	-1.0956	-0.4911	0.4695	0.8736	2.2809	0.6143	0.3645	-0.8256	0.1102	1.6002	1.6473	-0.4373	0.3117	-0.3542	0.6831	0.1580	0.5354	-0.0361	0.3255	0.0791	0.3573	1.7518	1.4227	1.1516	0.6901	-1.1965	-0.5515	0.4743	0.9180	2.3003	0.6302	0.3504	-0.8964	0.0080	1.6841	1.7201	-0.3869	0.3485	-0.4459	0.6383	0.1854	0.6063	-0.0474	0.2911	0.0065	0.2754	1.7795	1.4802	1.2196	0.7617	
-0.0333	 1.00796394326470E-0003	0.6611	-0.7091	-0.2666	0.4424	0.6896	2.2043	0.5674	0.4245	-0.5566	0.5008	1.2632	1.3685	-0.6225	0.1771	-0.0114	0.8449	0.0485	0.2575	0.0202	0.4615	0.3517	0.6611	1.6238	1.2027	0.8971	0.4237	-0.7621	-0.2983	0.4448	0.7122	2.2138	0.5763	0.4172	-0.5936	0.4470	1.3063	1.4066	-0.5958	0.1965	-0.0602	0.8207	0.0623	0.2942	0.0154	0.4440	0.3134	0.6164	1.6368	1.2321	0.9327	0.4609	
0.0000	 4.24131374072808E-0006	0.9681	-0.3176	-0.0397	0.4161	0.5040	2.1268	0.5188	0.4847	-0.2853	0.8937	0.9226	1.0872	-0.8100	0.0397	0.3359	1.0084	-0.0613	-0.0230	0.0754	0.5978	0.6268	0.9681	1.4947	0.9785	0.6391	0.1544	-0.3190	-0.0410	0.4153	0.5028	2.1242	0.5199	0.4849	-0.2863	0.8910	0.9210	1.0876	-0.8088	0.0401	0.3322	1.0070	-0.0616	-0.0223	0.0771	0.5976	0.6252	0.9624	1.4902	0.9790	0.6405	0.1557	
0.0333	 9.05201301555007E-0004	1.2761	0.0748	0.1889	0.3901	0.3182	2.0480	0.4689	0.5444	-0.0128	1.2902	0.5808	0.8037	-0.9987	-0.0996	0.6859	1.1735	-0.1709	-0.3038	0.1303	0.7342	0.9029	1.2761	1.3646	0.7527	0.3798	-0.1168	0.1250	0.2187	0.3863	0.2930	2.0333	0.4612	0.5519	0.0228	1.3383	0.5342	0.7661	-1.0236	-0.1190	0.7278	1.1948	-0.1853	-0.3390	0.1380	0.7516	0.9384	1.3092	1.3424	0.7234	0.3457	-0.1512	
0.0667	 3.69832429121280E-0003	1.5847	0.4683	0.4172	0.3646	0.1325	1.9680	0.4172	0.6037	0.2602	1.6856	0.2368	0.5197	-1.1878	-0.2401	1.0371	1.3391	-0.2804	-0.5850	0.1843	0.8706	1.1793	1.5847	1.2348	0.5270	0.1198	-0.3898	0.5697	0.4779	0.3578	0.0835	1.9414	0.4009	0.6188	0.3322	1.7845	0.1460	0.4439	-1.2384	-0.2786	1.1235	1.3829	-0.3086	-0.6556	0.1979	0.9053	1.2516	1.6568	1.1954	0.4674	0.0504	-0.4602	
0.1000	 8.14481590090377E-0003	1.8900	0.8601	0.6449	0.3392	-0.0532	1.8864	0.3655	0.6626	0.5315	2.0775	-0.1065	0.2366	-1.3760	-0.3800	1.3847	1.5032	-0.3897	-0.8653	0.2386	1.0063	1.4540	1.8900	1.1037	0.3017	-0.1400	-0.6618	1.0113	0.7357	0.3304	-0.1241	1.8488	0.3399	0.6841	0.6377	2.2245	-0.2394	0.1246	-1.4516	-0.4366	1.5149	1.5688	-0.4311	-0.9697	0.2571	1.0578	1.5614	2.0005	1.0494	0.2141	-0.2425	-0.7674	
