Arquivo: c:\arq\medidas\BBA_0105_072004\BBA_AMP04B_H.dat
Data: 0105	 Hora:  0741
Comentário: 
NomeParametro	 ValorParametro
Nmedias	5
PausaCorretora	3000
PausaShunt	2000
PausaLeitura	500
NumCiclos	3
 NPassosCor	7
DeltaShunt	3.00
TetaIni	-0.10
TetaFim	0.10
I[mA]	 144.7
ACH11A	DeltaPos^2	AMP04B	AMP01B_0	AMP02A_0	AMP02B_0	AMP03A_0	AMP03B_0	AMP03C_0	AMP04A_0	AMP04B_0	AMP05A_0	AMP05B_0	AMP06A_0	AMP06B_0	AMP07A_0	AMP07B_0	AMP08A_0	AMP08B_0	AMP09A_0	AMP09B_0	AMP10A_0	AMP10B_0	AMU11A_0	AMU11B_0	AMP12A_0	AMP12B_0	AMP01A_0	AMP01B_1	AMP02A_1	AMP02B_1	AMP03A_1	AMP03B_1	AMP03C_1	AMP04A_1	AMP04B_1	AMP05A_1	AMP05B_1	AMP06A_1	AMP06B_1	AMP07A_1	AMP07B_1	AMP08A_1	AMP08B_1	AMP09A_1	AMP09B_1	AMP10A_1	AMP10B_1	AMU11A_1	AMU11B_1	AMP12A_1	AMP12B_1	AMP01A_1	
-0.1000	 1.33886932812541E-0004	-0.5079	-1.4631	0.4101	-1.9563	0.3772	-0.5763	-2.3802	-0.7474	-0.5079	-0.7819	0.5108	0.2150	-1.1927	0.2800	0.4062	-0.5281	-0.1102	-0.1527	0.2548	0.1039	-0.7420	-0.4602	-0.3650	-0.4487	-0.6946	-0.3596	-1.4694	0.4096	-1.9522	0.3932	-0.5648	-2.3776	-0.7534	-0.5118	-0.7792	0.5189	0.2229	-1.1895	0.2663	0.3966	-0.5146	-0.0995	-0.1743	0.2338	0.1163	-0.7283	-0.4770	-0.3850	-0.4413	-0.6830	-0.3604	
-0.0667	 2.66902579812969E-0004	-0.3927	-1.3669	0.4954	-1.9571	0.1260	-0.7606	-2.4129	-0.5878	-0.3927	-1.1314	0.1721	0.3595	-1.0270	0.0239	0.0901	-0.4827	0.0119	-0.1519	0.1595	0.0210	-0.7385	-0.1998	-0.0530	-0.4912	-0.8104	-0.3552	-1.3760	0.4945	-1.9513	0.1481	-0.7445	-2.4097	-0.5961	-0.3973	-1.1279	0.1831	0.3709	-1.0225	0.0042	0.0768	-0.4639	0.0269	-0.1825	0.1299	0.0390	-0.7184	-0.2236	-0.0810	-0.4806	-0.7940	-0.3571	
-0.0333	 4.58280748832472E-0004	-0.2750	-1.2711	0.5817	-1.9581	-0.1289	-0.9474	-2.4460	-0.4264	-0.2750	-1.4843	-0.1716	0.5055	-0.8591	-0.2350	-0.2294	-0.4372	0.1358	-0.1515	0.0617	-0.0626	-0.7345	0.0633	0.2622	-0.5340	-0.9273	-0.3523	-1.2826	0.5812	-1.9492	-0.1011	-0.9274	-2.4425	-0.4368	-0.2814	-1.4805	-0.1577	0.5208	-0.8529	-0.2614	-0.2471	-0.4121	0.1550	-0.1917	0.0229	-0.0390	-0.7084	0.0316	0.2250	-0.5200	-0.9058	-0.3549	
0.0000	 6.79949343037779E-0004	-0.1573	-1.1760	0.6690	-1.9573	-0.3850	-1.1363	-2.4803	-0.2642	-0.1573	-1.8375	-0.5163	0.6522	-0.6906	-0.4957	-0.5507	-0.3903	0.2597	-0.1526	-0.0363	-0.1456	-0.7300	0.3246	0.5762	-0.5760	-1.0439	-0.3512	-1.1911	0.6679	-1.9473	-0.3510	-1.1115	-2.4757	-0.2767	-0.1647	-1.8331	-0.4994	0.6707	-0.6830	-0.5279	-0.5723	-0.3595	0.2835	-0.2015	-0.0833	-0.1163	-0.6978	0.2866	0.5313	-0.5591	-1.0172	-0.3539	
0.0333	 9.50631861326843E-0004	-0.0384	-1.0822	0.7574	-1.9561	-0.6425	-1.3266	-2.5156	-0.1018	-0.0384	-2.1905	-0.8618	0.7987	-0.5216	-0.7571	-0.8724	-0.3434	0.3838	-0.1544	-0.1351	-0.2279	-0.7248	0.5863	0.8902	-0.6170	-1.1597	-0.3510	-1.0999	0.7554	-1.9448	-0.6010	-1.2965	-2.5104	-0.1175	-0.0484	-2.1843	-0.8409	0.8200	-0.5134	-0.7946	-0.8976	-0.3072	0.4117	-0.2122	-0.1903	-0.1939	-0.6875	0.5411	0.8369	-0.5976	-1.1284	-0.3539	
0.0667	 1.27791654826789E-0003	0.0804	-0.9899	0.8456	-1.9547	-0.9000	-1.5170	-2.5509	0.0607	0.0804	-2.5418	-1.2069	0.9450	-0.3520	-1.0197	-1.1950	-0.2953	0.5086	-0.1577	-0.2354	-0.3103	-0.7192	0.8466	1.2025	-0.6578	-1.2752	-0.3525	-1.0110	0.8437	-1.9408	-0.8526	-1.4827	-2.5449	0.0431	0.0692	-2.5349	-1.1829	0.9700	-0.3423	-1.0629	-1.2236	-0.2534	0.5408	-0.2248	-0.2997	-0.2705	-0.6756	0.7940	1.1406	-0.6349	-1.2386	-0.3560	
0.1000	 1.63304234840741E-0003	0.1991	-0.8987	0.9343	-1.9523	-1.1578	-1.7080	-2.5868	0.2232	0.1991	-2.8916	-1.5513	1.0914	-0.1829	-1.2808	-1.5160	-0.2479	0.6327	-0.1614	-0.3360	-0.3926	-0.7132	1.1049	1.5121	-0.6980	-1.3902	-0.3548	-0.9221	0.9319	-1.9366	-1.1044	-1.6696	-2.5798	0.2033	0.1868	-2.8839	-1.5244	1.1198	-0.1719	-1.3300	-1.5488	-0.1998	0.6693	-0.2372	-0.4086	-0.3471	-0.6638	1.0459	1.4424	-0.6720	-1.3489	-0.3585	
