Arquivo: c:\arq\medidas\BBA_0105_072004\BBA_AMP07B_H.dat
Data: 0105	 Hora:  0800
Comentário: 
NomeParametro	 ValorParametro
Nmedias	5
PausaCorretora	3000
PausaShunt	2000
PausaLeitura	500
NumCiclos	3
 NPassosCor	7
DeltaShunt	3.00
TetaIni	-0.10
TetaFim	0.10
I[mA]	  65.7
ACH03B	DeltaPos^2	AMP07B	AMP01B_0	AMP02A_0	AMP02B_0	AMP03A_0	AMP03B_0	AMP03C_0	AMP04A_0	AMP04B_0	AMP05A_0	AMP05B_0	AMP06A_0	AMP06B_0	AMP07A_0	AMP07B_0	AMP08A_0	AMP08B_0	AMP09A_0	AMP09B_0	AMP10A_0	AMP10B_0	AMU11A_0	AMU11B_0	AMP12A_0	AMP12B_0	AMP01A_0	AMP01B_1	AMP02A_1	AMP02B_1	AMP03A_1	AMP03B_1	AMP03C_1	AMP04A_1	AMP04B_1	AMP05A_1	AMP05B_1	AMP06A_1	AMP06B_1	AMP07A_1	AMP07B_1	AMP08A_1	AMP08B_1	AMP09A_1	AMP09B_1	AMP10A_1	AMP10B_1	AMU11A_1	AMU11B_1	AMP12A_1	AMP12B_1	AMP01A_1	
-0.1000	 8.79456992688190E-0004	0.3065	-1.1711	1.0272	-1.8474	-1.3621	-1.9639	-2.8713	-0.2894	0.1044	-1.5297	-0.5272	0.2406	-0.8499	0.5685	0.3065	-0.9922	-0.2514	1.0481	1.2205	-0.5696	-1.3153	0.9903	1.4713	-0.6002	-1.3644	-0.6569	-1.1140	1.0112	-1.8708	-1.3380	-1.9282	-2.8529	-0.2842	0.0942	-1.5546	-0.5358	0.2656	-0.8374	0.5064	0.2532	-0.9856	-0.2318	1.0480	1.2050	-0.5832	-1.3155	1.0301	1.5037	-0.6252	-1.3833	-0.6026	
-0.0667	 2.18899331434630E-0004	0.0521	-1.1699	0.9052	-1.8892	-1.0423	-1.6947	-2.7480	-0.2917	0.0133	-1.6155	-0.5152	0.3623	-0.8104	0.2484	0.0521	-0.8111	-0.1013	0.6759	0.8349	-0.4400	-1.1402	0.7817	1.1940	-0.5985	-1.2698	-0.5579	-1.1424	0.8976	-1.8998	-1.0299	-1.6773	-2.7391	-0.2882	0.0086	-1.6285	-0.5199	0.3755	-0.8032	0.2152	0.0230	-0.8068	-0.0908	0.6733	0.8250	-0.4459	-1.1393	0.7992	1.2074	-0.6101	-1.2781	-0.5324	
-0.0333	 1.07853474259723E-0005	-0.2059	-1.1702	0.7821	-1.9306	-0.7183	-1.4223	-2.6235	-0.2936	-0.0782	-1.7029	-0.5037	0.4852	-0.7703	-0.0755	-0.2059	-0.6274	0.0504	0.2974	0.4432	-0.3083	-0.9625	0.5689	0.9107	-0.5963	-1.1739	-0.4594	-1.1735	0.7838	-1.9276	-0.7190	-1.4249	-2.6244	-0.2918	-0.0768	-1.7036	-0.5047	0.4868	-0.7680	-0.0793	-0.2100	-0.6256	0.0520	0.2924	0.4386	-0.3061	-0.9602	0.5622	0.9043	-0.5928	-1.1707	-0.4642	
0.0000	 2.85395488401806E-0004	-0.4572	-1.1717	0.6626	-1.9707	-0.4043	-1.1589	-2.5025	-0.2950	-0.1671	-1.7885	-0.4936	0.6046	-0.7307	-0.3903	-0.4572	-0.4493	0.1977	-0.0701	0.0628	-0.1813	-0.7906	0.3613	0.6348	-0.5933	-1.0808	-0.3646	-1.2052	0.6735	-1.9541	-0.4185	-1.1812	-2.5133	-0.2949	-0.1594	-1.7771	-0.4913	0.5943	-0.7335	-0.3641	-0.4360	-0.4504	0.1903	-0.0761	0.0649	-0.1710	-0.7876	0.3322	0.6103	-0.5760	-1.0663	-0.3991	
0.0333	 9.68665796078218E-0004	-0.7111	-1.1739	0.5422	-2.0110	-0.0878	-0.8933	-2.3810	-0.2959	-0.2566	-1.8759	-0.4849	0.7249	-0.6905	-0.7080	-0.7111	-0.2701	0.3460	-0.4408	-0.3213	-0.0527	-0.6173	0.1509	0.3553	-0.5908	-0.9857	-0.2701	-1.2352	0.5612	-1.9825	-0.1149	-0.9345	-2.4008	-0.2977	-0.2433	-1.8531	-0.4788	0.7031	-0.6986	-0.6518	-0.6648	-0.2743	0.3292	-0.4464	-0.3104	-0.0357	-0.6143	0.1026	0.3156	-0.5606	-0.9624	-0.3316	
0.0667	 1.98573182945544E-0003	-0.9660	-1.1774	0.4215	-2.0508	0.2289	-0.6277	-2.2590	-0.2965	-0.3453	-1.9646	-0.4770	0.8456	-0.6500	-1.0258	-0.9660	-0.0903	0.4945	-0.8132	-0.7058	0.0760	-0.4433	-0.0608	0.0741	-0.5874	-0.8906	-0.1765	-1.2649	0.4483	-2.0116	0.1904	-0.6858	-2.2873	-0.3005	-0.3273	-1.9303	-0.4674	0.8127	-0.6638	-0.9414	-0.8952	-0.0978	0.4689	-0.8177	-0.6867	0.0992	-0.4405	-0.1264	0.0206	-0.5457	-0.8586	-0.2632	
0.1000	 3.12965416743720E-0003	-1.2214	-1.1833	0.3015	-2.0900	0.5444	-0.3632	-2.1370	-0.2966	-0.4342	-2.0536	-0.4702	0.9664	-0.6089	-1.3437	-1.2214	0.0897	0.6428	-1.1859	-1.0913	0.2059	-0.2692	-0.2740	-0.2087	-0.5829	-0.7947	-0.0847	-1.2929	0.3340	-2.0426	0.4984	-0.4337	-2.1725	-0.3040	-0.4127	-2.0089	-0.4562	0.9226	-0.6290	-1.2335	-1.1278	0.0787	0.6088	-1.1895	-1.0660	0.2336	-0.2671	-0.3540	-0.2737	-0.5326	-0.7570	-0.1911	
