Arquivo: c:\arq\medidas\BBA_0105_072004\BBA_AMP12B_V.dat
Data: 0105	 Hora:  0833
Comentário: 
NomeParametro	 ValorParametro
Nmedias	5
PausaCorretora	3000
PausaShunt	2000
PausaLeitura	500
NumCiclos	3
 NPassosCor	7
DeltaShunt	3.00
TetaIni	-0.10
TetaFim	0.10
I[mA]	  33.8
ACV11B	DeltaPos^2	AMP12B	AMP01B_0	AMP02A_0	AMP02B_0	AMP03A_0	AMP03B_0	AMP03C_0	AMP04A_0	AMP04B_0	AMP05A_0	AMP05B_0	AMP06A_0	AMP06B_0	AMP07A_0	AMP07B_0	AMP08A_0	AMP08B_0	AMP09A_0	AMP09B_0	AMP10A_0	AMP10B_0	AMU11A_0	AMU11B_0	AMP12A_0	AMP12B_0	AMP01A_0	AMP01B_1	AMP02A_1	AMP02B_1	AMP03A_1	AMP03B_1	AMP03C_1	AMP04A_1	AMP04B_1	AMP05A_1	AMP05B_1	AMP06A_1	AMP06B_1	AMP07A_1	AMP07B_1	AMP08A_1	AMP08B_1	AMP09A_1	AMP09B_1	AMP10A_1	AMP10B_1	AMU11A_1	AMU11B_1	AMP12A_1	AMP12B_1	AMP01A_1	
-0.1000	 1.88524909159802E-0004	0.1109	0.5524	0.3323	0.0071	-0.4096	2.3207	1.3109	0.9784	0.4679	1.7835	-0.1711	0.3428	-0.9897	0.1996	0.8791	1.1090	-0.6490	-1.0373	0.7249	1.2287	1.2645	1.3959	0.6824	0.1898	0.1109	-0.1955	0.5711	0.3465	0.0146	-0.4060	2.3082	1.2860	0.9727	0.4772	1.8016	-0.1793	0.3319	-1.0046	0.1814	0.9014	1.1235	-0.6460	-1.0413	0.7144	1.2270	1.2769	1.4130	0.6726	0.1763	0.0975	-0.2149	
-0.0667	 4.96867409467242E-0005	0.2858	0.2644	0.2092	0.1425	-0.1079	2.2554	1.0495	0.8155	0.2192	1.4899	0.1896	0.5887	-0.9301	0.1464	0.6994	1.0753	-0.4555	-0.7025	0.5116	1.0201	1.0530	1.2533	0.9530	0.4526	0.2858	-0.0796	0.2739	0.2165	0.1465	-0.1054	2.2493	1.0363	0.8124	0.2241	1.4994	0.1857	0.5834	-0.9378	0.1372	0.7104	1.0829	-0.4538	-0.7043	0.5063	1.0192	1.0592	1.2621	0.9479	0.4456	0.2789	-0.0893	
-0.0333	 8.23474369961490E-0008	0.4642	-0.0288	0.0838	0.2804	0.2009	2.1890	0.7820	0.6487	-0.0348	1.1899	0.5580	0.8397	-0.8692	0.0929	0.5150	1.0411	-0.2579	-0.3603	0.2940	0.8076	0.8364	1.1067	1.2284	0.7207	0.4642	0.0389	-0.0287	0.0838	0.2804	0.2012	2.1895	0.7816	0.6492	-0.0346	1.1898	0.5578	0.8398	-0.8691	0.0932	0.5151	1.0406	-0.2579	-0.3603	0.2943	0.8075	0.8367	1.1072	1.2281	0.7201	0.4643	0.0387	
0.0000	 4.67887984174910E-0005	0.6438	-0.3240	-0.0430	0.4185	0.5102	2.1221	0.5135	0.4809	-0.2895	0.8875	0.9266	1.0917	-0.8076	0.0391	0.3301	1.0061	-0.0592	-0.0170	0.0756	0.5942	0.6195	0.9607	1.5045	0.9893	0.6438	0.1572	-0.3336	-0.0500	0.4148	0.5089	2.1290	0.5253	0.4842	-0.2946	0.8783	0.9306	1.0973	-0.8001	0.0481	0.3191	0.9990	-0.0605	-0.0154	0.0813	0.5951	0.6133	0.9525	1.5092	0.9960	0.6505	0.1669	
0.0333	 1.91001629297711E-0004	0.8238	-0.6216	-0.1699	0.5572	0.8207	2.0552	0.2437	0.3130	-0.5455	0.5846	1.2970	1.3442	-0.7460	-0.0148	0.1447	0.9713	0.1407	0.3280	-0.1439	0.3795	0.4012	0.8133	1.7815	1.2590	0.8238	0.2776	-0.6407	-0.1841	0.5497	0.8177	2.0684	0.2684	0.3193	-0.5551	0.5657	1.3050	1.3551	-0.7306	0.0032	0.1220	0.9566	0.1376	0.3317	-0.1333	0.3813	0.3885	0.7965	1.7910	1.2722	0.8375	0.2966	
0.0667	 4.22414671414835E-0004	1.0045	-0.9198	-0.2974	0.6955	1.1302	1.9884	-0.0247	0.1452	-0.8012	0.2794	1.6665	1.5967	-0.6835	-0.0684	-0.0418	0.9360	0.3398	0.6726	-0.3638	0.1647	0.1833	0.6658	2.0570	1.5278	1.0045	0.3982	-0.9479	-0.3186	0.6846	1.1254	2.0082	0.0121	0.1540	-0.8150	0.2515	1.6786	1.6129	-0.6611	-0.0407	-0.0753	0.9142	0.3353	0.6781	-0.3483	0.1670	0.1643	0.6407	2.0715	1.5473	1.0248	0.4268	
0.1000	 7.51705449149017E-0004	1.1843	-1.2156	-0.4247	0.8334	1.4373	1.9217	-0.2925	-0.0221	-1.0559	-0.0246	2.0333	1.8474	-0.6223	-0.1231	-0.2263	0.9015	0.5390	1.0157	-0.5839	-0.0495	-0.0330	0.5198	2.3303	1.7943	1.1843	0.5185	-1.2529	-0.4529	0.8186	1.4305	1.9481	-0.2430	-0.0099	-1.0748	-0.0614	2.0493	1.8689	-0.5924	-0.0861	-0.2713	0.8727	0.5323	1.0231	-0.5631	-0.0462	-0.0580	0.4864	2.3490	1.8203	1.2111	0.5568	
