Arquivo: c:\arq\medidas\BBA_0406_072001\BBA_AMP09B_V.dat
Data: 0406	 Hora:  0814
Comentário: 
NomeParametro	 ValorParametro
Nmedias	5
PausaCorretora	3000
PausaShunt	2000
PausaLeitura	500
NumCiclos	3
 NPassosCor	7
DeltaShunt	3.00
TetaIni	-0.10
TetaFim	0.10
I[mA]	  36.6
ACV09B	DeltaPos^2	AMP09B	AMP01B_0	AMP02A_0	AMP02B_0	AMP03A_0	AMP03B_0	AMP03C_0	AMP04A_0	AMP04B_0	AMP05A_0	AMP05B_0	AMP06A_0	AMP06B_0	AMP07A_0	AMP07B_0	AMP08A_0	AMP08B_0	AMP09A_0	AMP09B_0	AMP10A_0	AMP10B_0	AMU11A_0	AMU11B_0	AMP12A_0	AMP12B_0	AMP01A_0	AMP01B_1	AMP02A_1	AMP02B_1	AMP03A_1	AMP03B_1	AMP03C_1	AMP04A_1	AMP04B_1	AMP05A_1	AMP05B_1	AMP06A_1	AMP06B_1	AMP07A_1	AMP07B_1	AMP08A_1	AMP08B_1	AMP09A_1	AMP09B_1	AMP10A_1	AMP10B_1	AMU11A_1	AMU11B_1	AMP12A_1	AMP12B_1	AMP01A_1	
-0.1000	 1.16454395415294E-0002	-0.8916	0.1803	0.5182	1.0713	1.2496	1.3435	-1.3295	-0.1516	-0.2294	1.3563	1.1414	0.9515	-1.5165	-1.0601	1.2189	1.7352	0.4750	0.3961	-0.8916	-0.0957	0.2558	0.9065	2.0991	1.2562	0.2111	-0.6876	0.2614	0.6054	1.1690	1.3572	1.2160	-1.6066	-0.2455	-0.2159	1.4345	1.1672	0.9260	-1.6262	-1.2271	1.3588	1.8469	0.5529	0.4524	-1.0342	-0.1993	0.2041	0.9031	2.1896	1.2952	0.1431	-0.8181	
-0.0667	 7.38944767515554E-0003	-0.5905	0.0192	0.3400	0.8655	1.0179	1.6098	-0.7482	0.0475	-0.2518	1.2025	1.0799	0.9994	-1.2906	-0.7127	0.9330	1.5033	0.3091	0.2720	-0.5905	0.1195	0.3686	0.9210	1.9090	1.1699	0.3483	-0.4200	0.0835	0.4093	0.9435	1.1043	1.5085	-0.9691	-0.0274	-0.2414	1.2640	1.1004	0.9793	-1.3776	-0.8457	1.0446	1.5923	0.3711	0.3170	-0.7042	0.0367	0.3272	0.9185	1.9810	1.2013	0.2941	-0.5236	
-0.0333	 3.97182973517347E-0003	-0.2827	-0.1457	0.1579	0.6552	0.7804	1.8810	-0.1533	0.2509	-0.2747	1.0457	1.0157	1.0474	-1.0603	-0.3580	0.6421	1.2670	0.1397	0.1444	-0.2827	0.3389	0.4842	0.9355	1.7143	1.0822	0.4882	-0.1467	-0.0983	0.2088	0.7123	0.8441	1.8070	-0.3156	0.1960	-0.2669	1.0909	1.0312	1.0328	-1.1240	-0.4554	0.7236	1.3319	0.1852	0.1776	-0.3660	0.2785	0.4532	0.9335	1.7677	1.1051	0.4489	-0.2226	
0.0000	 1.56909523183995E-0003	0.0275	-0.3128	-0.0264	0.4429	0.5402	2.1535	0.4471	0.4563	-0.2969	0.8884	0.9512	1.0952	-0.8279	-0.0006	0.3484	1.0283	-0.0319	0.0145	0.0275	0.5603	0.5998	0.9496	1.5178	0.9934	0.6295	0.1292	-0.2829	0.0056	0.4787	0.5802	2.1070	0.3449	0.4221	-0.2922	0.9167	0.9604	1.0862	-0.8680	-0.0614	0.3998	1.0691	-0.0032	0.0356	-0.0248	0.5222	0.5808	0.9486	1.5511	1.0079	0.6046	0.0813	
0.0333	 2.52359945270619E-0004	0.3410	-0.4817	-0.2119	0.2287	0.2974	2.4272	1.0505	0.6635	-0.3186	0.7307	0.8848	1.1428	-0.5941	0.3589	0.0531	0.7873	-0.2050	-0.1161	0.3410	0.7836	0.7169	0.9641	1.3185	0.9038	0.7718	0.4076	-0.4696	-0.1989	0.2428	0.3135	2.4087	1.0094	0.6499	-0.3169	0.7419	0.8888	1.1391	-0.6100	0.3350	0.0734	0.8037	-0.1935	-0.1075	0.3200	0.7679	0.7091	0.9639	1.3323	0.9100	0.7619	0.3883	
0.0667	 6.31236791551229E-0005	0.6545	-0.6506	-0.3974	0.0131	0.0538	2.6998	1.6527	0.8710	-0.3398	0.5734	0.8175	1.1894	-0.3601	0.7183	-0.2425	0.5469	-0.3780	-0.2473	0.6545	1.0073	0.8345	0.9787	1.1187	0.8138	0.9142	0.6865	-0.6564	-0.4039	0.0056	0.0456	2.7088	1.6727	0.8783	-0.3407	0.5680	0.8151	1.1912	-0.3520	0.7311	-0.2529	0.5384	-0.3841	-0.2516	0.6649	1.0146	0.8383	0.9795	1.1123	0.8111	0.9191	0.6958	
0.1000	 1.01611637131635E-0003	0.9669	-0.8187	-0.5823	-0.2016	-0.1894	2.9703	2.2491	1.0784	-0.3602	0.4173	0.7499	1.2359	-0.1272	1.0761	-0.5369	0.3071	-0.5504	-0.3784	0.9669	1.2303	0.9523	0.9944	0.9181	0.7236	1.0559	0.9647	-0.8427	-0.6083	-0.2309	-0.2222	3.0072	2.3300	1.1065	-0.3637	0.3949	0.7412	1.2427	-0.0948	1.1261	-0.5783	0.2739	-0.5740	-0.3954	1.0095	1.2601	0.9677	0.9959	0.8917	0.7126	1.0763	1.0032	
