Arquivo: c:\arq\medidas\BBA_0406_072001\BBA_AMP07B_H.dat
Data: 0406	 Hora:  0800
Comentário: 
NomeParametro	 ValorParametro
Nmedias	5
PausaCorretora	3000
PausaShunt	2000
PausaLeitura	500
NumCiclos	3
 NPassosCor	7
DeltaShunt	3.00
TetaIni	-0.10
TetaFim	0.10
I[mA]	  57.6
ACH03B	DeltaPos^2	AMP07B	AMP01B_0	AMP02A_0	AMP02B_0	AMP03A_0	AMP03B_0	AMP03C_0	AMP04A_0	AMP04B_0	AMP05A_0	AMP05B_0	AMP06A_0	AMP06B_0	AMP07A_0	AMP07B_0	AMP08A_0	AMP08B_0	AMP09A_0	AMP09B_0	AMP10A_0	AMP10B_0	AMU11A_0	AMU11B_0	AMP12A_0	AMP12B_0	AMP01A_0	AMP01B_1	AMP02A_1	AMP02B_1	AMP03A_1	AMP03B_1	AMP03C_1	AMP04A_1	AMP04B_1	AMP05A_1	AMP05B_1	AMP06A_1	AMP06B_1	AMP07A_1	AMP07B_1	AMP08A_1	AMP08B_1	AMP09A_1	AMP09B_1	AMP10A_1	AMP10B_1	AMU11A_1	AMU11B_1	AMP12A_1	AMP12B_1	AMP01A_1	
-0.1000	 9.36899701896218E-0004	0.3025	-1.2091	1.0872	-1.8910	-1.3985	-1.9807	-2.8629	-0.3090	0.1606	-1.5640	-0.5621	0.2369	-0.8315	0.5765	0.3025	-1.0066	-0.2448	1.0629	1.2372	-0.5862	-1.3070	0.9945	1.4889	-0.6022	-1.3615	-0.6933	-1.1498	1.0706	-1.9160	-1.3750	-1.9443	-2.8440	-0.3042	0.1495	-1.5898	-0.5711	0.2619	-0.8194	0.5144	0.2493	-1.0005	-0.2252	1.0655	1.2234	-0.6015	-1.3081	1.0380	1.5245	-0.6288	-1.3821	-0.6361	
-0.0667	 2.58156197510201E-0004	0.0463	-1.2049	0.9633	-1.9345	-1.0744	-1.7062	-2.7375	-0.3122	0.0671	-1.6489	-0.5477	0.3593	-0.7924	0.2536	0.0463	-0.8232	-0.0932	0.6873	0.8479	-0.4560	-1.1301	0.7853	1.2102	-0.6018	-1.2668	-0.5900	-1.1743	0.9548	-1.9474	-1.0619	-1.6873	-2.7275	-0.3093	0.0617	-1.6627	-0.5526	0.3728	-0.7857	0.2204	0.0178	-0.8199	-0.0828	0.6885	0.8405	-0.4639	-1.1306	0.8080	1.2287	-0.6155	-1.2774	-0.5603	
-0.0333	 1.90260001916001E-0006	-0.2135	-1.2020	0.8382	-1.9780	-0.7459	-1.4287	-2.6106	-0.3149	-0.0264	-1.7354	-0.5341	0.4833	-0.7525	-0.0736	-0.2135	-0.6379	0.0600	0.3061	0.4523	-0.3242	-0.9512	0.5725	0.9262	-0.6008	-1.1705	-0.4869	-1.1997	0.8375	-1.9787	-0.7451	-1.4275	-2.6100	-0.3144	-0.0266	-1.7369	-0.5348	0.4848	-0.7516	-0.0771	-0.2166	-0.6375	0.0610	0.3059	0.4516	-0.3246	-0.9511	0.5739	0.9273	-0.6015	-1.1711	-0.4848	
0.0000	 1.75102715755448E-0004	-0.4706	-1.2008	0.7150	-2.0199	-0.4223	-1.1557	-2.4855	-0.3174	-0.1188	-1.8211	-0.5217	0.6056	-0.7129	-0.3959	-0.4706	-0.4552	0.2110	-0.0710	0.0618	-0.1937	-0.7742	0.3609	0.6441	-0.5988	-1.0748	-0.3871	-1.2271	0.7223	-2.0085	-0.4328	-1.1722	-2.4940	-0.3189	-0.1135	-1.8106	-0.5181	0.5954	-0.7173	-0.3704	-0.4488	-0.4576	0.2031	-0.0723	0.0674	-0.1870	-0.7736	0.3413	0.6281	-0.5867	-1.0656	-0.4122	
0.0333	 7.76807796189033E-0004	-0.7269	-1.2011	0.5927	-2.0614	-0.1013	-0.8849	-2.3617	-0.3189	-0.2096	-1.9076	-0.5103	0.7273	-0.6726	-0.7169	-0.7269	-0.2732	0.3615	-0.4459	-0.3265	-0.0635	-0.5979	0.1491	0.3621	-0.5964	-0.9787	-0.2891	-1.2559	0.6088	-2.0374	-0.1236	-0.9199	-2.3794	-0.3226	-0.1989	-1.8851	-0.5028	0.7055	-0.6825	-0.6624	-0.6802	-0.2789	0.3442	-0.4479	-0.3138	-0.0495	-0.5971	0.1091	0.3294	-0.5711	-0.9599	-0.3416	
0.0667	 1.85396129336772E-0003	-0.9841	-1.2022	0.4704	-2.1023	0.2202	-0.6141	-2.2372	-0.3205	-0.3010	-1.9951	-0.4999	0.8492	-0.6321	-1.0389	-0.9841	-0.0912	0.5120	-0.8218	-0.7158	0.0667	-0.4214	-0.0632	0.0792	-0.5935	-0.8827	-0.1913	-1.2861	0.4952	-2.0659	0.1856	-0.6678	-2.2645	-0.3262	-0.2844	-1.9603	-0.4886	0.8155	-0.6476	-0.9536	-0.9123	-0.0997	0.4853	-0.8245	-0.6960	0.0882	-0.4200	-0.1251	0.0290	-0.5547	-0.8533	-0.2730	
0.1000	 3.44069180340987E-0003	-1.2415	-1.2050	0.3489	-2.1424	0.5398	-0.3448	-2.1134	-0.3212	-0.3909	-2.0833	-0.4910	0.9710	-0.5912	-1.3593	-1.2415	0.0911	0.6623	-1.1979	-1.1053	0.1977	-0.2449	-0.2778	-0.2052	-0.5898	-0.7856	-0.0959	-1.3194	0.3829	-2.0924	0.4914	-0.4191	-2.1507	-0.3288	-0.3683	-2.0359	-0.4759	0.9254	-0.6120	-1.2434	-1.1430	0.0794	0.6265	-1.1999	-1.0771	0.2267	-0.2432	-0.3612	-0.2728	-0.5371	-0.7462	-0.2073	
