Arquivo: c:\arq\medidas\BBA_0406_072001\BBA_AMP06B_H.dat
Data: 0406	 Hora:  0754
Comentário: 
NomeParametro	 ValorParametro
Nmedias	5
PausaCorretora	3000
PausaShunt	2000
PausaLeitura	500
NumCiclos	3
 NPassosCor	7
DeltaShunt	3.00
TetaIni	-0.10
TetaFim	0.10
I[mA]	 124.9
ACH01A	DeltaPos^2	AMP06B	AMP01B_0	AMP02A_0	AMP02B_0	AMP03A_0	AMP03B_0	AMP03C_0	AMP04A_0	AMP04B_0	AMP05A_0	AMP05B_0	AMP06A_0	AMP06B_0	AMP07A_0	AMP07B_0	AMP08A_0	AMP08B_0	AMP09A_0	AMP09B_0	AMP10A_0	AMP10B_0	AMU11A_0	AMU11B_0	AMP12A_0	AMP12B_0	AMP01A_0	AMP01B_1	AMP02A_1	AMP02B_1	AMP03A_1	AMP03B_1	AMP03C_1	AMP04A_1	AMP04B_1	AMP05A_1	AMP05B_1	AMP06A_1	AMP06B_1	AMP07A_1	AMP07B_1	AMP08A_1	AMP08B_1	AMP09A_1	AMP09B_1	AMP10A_1	AMP10B_1	AMU11A_1	AMU11B_1	AMP12A_1	AMP12B_1	AMP01A_1	
-0.1000	 6.11154762850401E-0004	-1.0952	-2.3123	0.8891	-1.5875	-0.4507	-1.4905	-2.7339	-0.5807	-0.0798	-0.9745	0.0586	0.0380	-1.0952	0.9035	0.7788	-0.9749	-0.3811	0.8557	1.2083	-0.3303	-1.1913	0.3744	0.9317	-0.2586	-1.0522	-1.3427	-2.2678	0.8773	-1.6087	-0.4542	-1.4792	-2.7236	-0.5716	-0.0855	-1.0178	0.0282	0.0603	-1.0798	0.8861	0.7486	-0.9852	-0.3788	0.8755	1.2155	-0.3552	-1.2061	0.4173	0.9718	-0.2860	-1.0785	-1.3063	
-0.0667	 3.35408989535205E-0004	-0.9617	-1.9586	0.8354	-1.7205	-0.4327	-1.3741	-2.6470	-0.4872	-0.0893	-1.2565	-0.1298	0.2345	-0.9617	0.4575	0.3550	-0.7883	-0.1721	0.5316	0.8109	-0.2725	-1.0373	0.3539	0.8183	-0.3608	-1.0458	-1.0329	-1.9260	0.8274	-1.7351	-0.4365	-1.3668	-2.6395	-0.4796	-0.0930	-1.2904	-0.1537	0.2528	-0.9489	0.4444	0.3316	-0.7956	-0.1695	0.5463	0.8158	-0.2907	-1.0473	0.3852	0.8474	-0.3799	-1.0641	-1.0071	
-0.0333	 1.51987079093433E-0004	-0.8264	-1.6033	0.7830	-1.8527	-0.4166	-1.2585	-2.5601	-0.3928	-0.0986	-1.5414	-0.3210	0.4328	-0.8264	0.0091	-0.0718	-0.6007	0.0381	0.2046	0.4100	-0.2132	-0.8813	0.3314	0.7023	-0.4612	-1.0368	-0.7231	-1.5822	0.7781	-1.8617	-0.4202	-1.2545	-2.5553	-0.3864	-0.1002	-1.5649	-0.3378	0.4463	-0.8170	-0.0004	-0.0883	-0.6051	0.0406	0.2140	0.4128	-0.2251	-0.8878	0.3519	0.7214	-0.4738	-1.0489	-0.7062	
0.0000	 4.06529971945480E-0005	-0.6908	-1.2479	0.7302	-1.9850	-0.4011	-1.1447	-2.4735	-0.2978	-0.1069	-1.8256	-0.5127	0.6306	-0.6908	-0.4415	-0.5006	-0.4119	0.2489	-0.1249	0.0066	-0.1526	-0.7245	0.3060	0.5834	-0.5611	-1.0275	-0.4140	-1.2375	0.7287	-1.9885	-0.4039	-1.1430	-2.4710	-0.2934	-0.1072	-1.8386	-0.5221	0.6394	-0.6850	-0.4462	-0.5097	-0.4136	0.2511	-0.1201	0.0075	-0.1584	-0.7272	0.3161	0.5924	-0.5671	-1.0331	-0.4063	
0.0333	 2.84504041741208E-0006	-0.5561	-0.8937	0.6781	-2.1164	-0.3862	-1.0310	-2.3877	-0.2034	-0.1154	-2.1078	-0.7036	0.8271	-0.5561	-0.8900	-0.9279	-0.2236	0.4584	-0.4543	-0.3954	-0.0915	-0.5679	0.2791	0.4630	-0.6602	-1.0175	-0.1073	-0.8910	0.6778	-2.1170	-0.3870	-1.0304	-2.3867	-0.2020	-0.1156	-2.1105	-0.7054	0.8300	-0.5550	-0.8893	-0.9290	-0.2249	0.4586	-0.4517	-0.3941	-0.0936	-0.5691	0.2817	0.4655	-0.6618	-1.0192	-0.1058	
0.0667	 2.10607028262618E-0005	-0.4215	-0.5421	0.6274	-2.2461	-0.3734	-0.9199	-2.3023	-0.1091	-0.1228	-2.3883	-0.8951	1.0218	-0.4215	-1.3339	-1.3520	-0.0371	0.6661	-0.7820	-0.7950	-0.0303	-0.4126	0.2505	0.3421	-0.7577	-1.0066	0.1943	-0.5504	0.6305	-2.2407	-0.3745	-0.9227	-2.3042	-0.1088	-0.1209	-2.3818	-0.8904	1.0211	-0.4232	-1.3301	-1.3467	-0.0351	0.6666	-0.7851	-0.7965	-0.0259	-0.4091	0.2424	0.3343	-0.7523	-1.0011	0.1866	
0.1000	 1.24468175680827E-0004	-0.2868	-0.1934	0.5776	-2.3742	-0.3622	-0.8107	-2.2179	-0.0143	-0.1294	-2.6672	-1.0869	1.2165	-0.2868	-1.7762	-1.7746	0.1496	0.8722	-1.1101	-1.1941	0.0322	-0.2565	0.2194	0.2192	-0.8535	-0.9942	0.4936	-0.2144	0.5854	-2.3615	-0.3645	-0.8181	-2.2229	-0.0142	-0.1243	-2.6524	-1.0766	1.2121	-0.2907	-1.7686	-1.7629	0.1553	0.8744	-1.1189	-1.1984	0.0436	-0.2482	0.1997	0.2002	-0.8400	-0.9809	0.4753	
