Arquivo: c:\arq\medidas\BBA_0406_072001\BBA_AMP09B_H.dat
Data: 0406	 Hora:  0812
Comentário: 
NomeParametro	 ValorParametro
Nmedias	5
PausaCorretora	3000
PausaShunt	2000
PausaLeitura	500
NumCiclos	3
 NPassosCor	7
DeltaShunt	3.00
TetaIni	-0.10
TetaFim	0.10
I[mA]	  39.4
ACH05B	DeltaPos^2	AMP09B	AMP01B_0	AMP02A_0	AMP02B_0	AMP03A_0	AMP03B_0	AMP03C_0	AMP04A_0	AMP04B_0	AMP05A_0	AMP05B_0	AMP06A_0	AMP06B_0	AMP07A_0	AMP07B_0	AMP08A_0	AMP08B_0	AMP09A_0	AMP09B_0	AMP10A_0	AMP10B_0	AMU11A_0	AMU11B_0	AMP12A_0	AMP12B_0	AMP01A_0	AMP01B_1	AMP02A_1	AMP02B_1	AMP03A_1	AMP03B_1	AMP03C_1	AMP04A_1	AMP04B_1	AMP05A_1	AMP05B_1	AMP06A_1	AMP06B_1	AMP07A_1	AMP07B_1	AMP08A_1	AMP08B_1	AMP09A_1	AMP09B_1	AMP10A_1	AMP10B_1	AMU11A_1	AMU11B_1	AMP12A_1	AMP12B_1	AMP01A_1	
-0.1000	 1.19504702919705E-0003	0.5786	-0.3601	0.6926	-2.3030	-0.6652	-1.1271	-2.3449	0.0498	-0.0108	-2.7864	-1.3074	0.6817	-0.4166	-0.3204	-0.6572	-0.7035	0.1845	0.6332	0.5786	-0.6403	-1.1055	1.3445	1.6433	-0.9850	-1.5368	0.2368	-0.3061	0.6629	-2.3308	-0.6064	-1.0626	-2.3171	0.0352	-0.0377	-2.7693	-1.2743	0.6895	-0.4247	-0.3525	-0.6727	-0.6769	0.1987	0.5704	0.5233	-0.6408	-1.0877	1.3607	1.6454	-1.0105	-1.5452	0.2998	
-0.0667	 6.33411900357374E-0004	0.4055	-0.6247	0.6925	-2.2186	-0.5753	-1.1264	-2.3867	-0.0732	-0.0511	-2.4721	-1.0496	0.6559	-0.5133	-0.3460	-0.5979	-0.6226	0.1922	0.3986	0.4055	-0.4968	-0.9981	1.0279	1.3197	-0.8667	-1.3915	0.0442	-0.5848	0.6704	-2.2391	-0.5319	-1.0792	-2.3658	-0.0839	-0.0710	-2.4593	-1.0250	0.6612	-0.5198	-0.3687	-0.6086	-0.6035	0.2018	0.3535	0.3663	-0.4977	-0.9860	1.0408	1.3227	-0.8850	-1.3973	0.0900	
-0.0333	 2.43553348810057E-0004	0.2316	-0.8912	0.6920	-2.1333	-0.4848	-1.1260	-2.4285	-0.1972	-0.0919	-2.1548	-0.7894	0.6302	-0.6113	-0.3721	-0.5387	-0.5411	0.1997	0.1625	0.2316	-0.3525	-0.8902	0.7086	0.9937	-0.7472	-1.2446	-0.1503	-0.8669	0.6783	-2.1462	-0.4571	-1.0968	-2.4151	-0.2038	-0.1042	-2.1462	-0.7740	0.6331	-0.6154	-0.3857	-0.5449	-0.5293	0.2053	0.1346	0.2078	-0.3532	-0.8830	0.7169	0.9960	-0.7587	-1.2482	-0.1221	
0.0000	 3.80319345229189E-0005	0.0568	-1.1588	0.6924	-2.0475	-0.3948	-1.1267	-2.4711	-0.3214	-0.1324	-1.8352	-0.5290	0.6045	-0.7090	-0.3984	-0.4796	-0.4598	0.2073	-0.0741	0.0568	-0.2078	-0.7822	0.3871	0.6652	-0.6266	-1.0973	-0.3470	-1.1500	0.6868	-2.0525	-0.3829	-1.1148	-2.4642	-0.3242	-0.1372	-1.8306	-0.5220	0.6048	-0.7113	-0.4024	-0.4806	-0.4554	0.2085	-0.0846	0.0487	-0.2090	-0.7802	0.3911	0.6672	-0.6316	-1.0989	-0.3364	
0.0333	 1.31083728415263E-0005	-0.1198	-1.4289	0.6925	-1.9609	-0.3041	-1.1272	-2.5138	-0.4469	-0.1730	-1.5118	-0.2659	0.5784	-0.8076	-0.4251	-0.4200	-0.3775	0.2146	-0.3129	-0.1198	-0.0621	-0.6730	0.0626	0.3326	-0.5045	-0.9480	-0.5463	-1.4344	0.6951	-1.9583	-0.3077	-1.1327	-2.5140	-0.4460	-0.1705	-1.5109	-0.2673	0.5762	-0.8079	-0.4198	-0.4161	-0.3809	0.2114	-0.3061	-0.1122	-0.0637	-0.6762	0.0623	0.3346	-0.5039	-0.9486	-0.5526	
0.0667	 1.72793452045172E-0004	-0.2963	-1.6989	0.6933	-1.8737	-0.2138	-1.1288	-2.5573	-0.5724	-0.2135	-1.1874	-0.0034	0.5523	-0.9060	-0.4516	-0.3607	-0.2955	0.2223	-0.5518	-0.2963	0.0836	-0.5638	-0.2628	-0.0002	-0.3835	-0.8000	-0.7471	-1.7197	0.7039	-1.8631	-0.2335	-1.1524	-2.5647	-0.5671	-0.2033	-1.1912	-0.0138	0.5478	-0.9044	-0.4371	-0.3520	-0.3065	0.2149	-0.5273	-0.2727	0.0818	-0.5724	-0.2673	0.0018	-0.3749	-0.7974	-0.7713	
0.1000	 5.14045849608087E-0004	-0.4727	-1.9684	0.6937	-1.7866	-0.1241	-1.1312	-2.6011	-0.6980	-0.2537	-0.8629	0.2590	0.5262	-1.0043	-0.4783	-0.3015	-0.2137	0.2297	-0.7904	-0.4727	0.2286	-0.4551	-0.5881	-0.3333	-0.2622	-0.6520	-0.9481	-2.0044	0.7124	-1.7686	-0.1597	-1.1721	-2.6154	-0.6889	-0.2361	-0.8709	0.2396	0.5188	-1.0007	-0.4546	-0.2883	-0.2318	0.2179	-0.7483	-0.4331	0.2265	-0.4690	-0.5967	-0.3314	-0.2469	-0.6470	-0.9901	
