Arquivo: c:\arq\medidas\BBA_0406_072001\BBA_AMP03C_H.dat
Data: 0406	 Hora:  0735
Comentário: 
NomeParametro	 ValorParametro
Nmedias	5
PausaCorretora	3000
PausaShunt	2000
PausaLeitura	500
NumCiclos	3
 NPassosCor	7
DeltaShunt	3.00
TetaIni	-0.10
TetaFim	0.10
I[mA]	 126.4
ACH07A	DeltaPos^2	AMP03C	AMP01B_0	AMP02A_0	AMP02B_0	AMP03A_0	AMP03B_0	AMP03C_0	AMP04A_0	AMP04B_0	AMP05A_0	AMP05B_0	AMP06A_0	AMP06B_0	AMP07A_0	AMP07B_0	AMP08A_0	AMP08B_0	AMP09A_0	AMP09B_0	AMP10A_0	AMP10B_0	AMU11A_0	AMU11B_0	AMP12A_0	AMP12B_0	AMP01A_0	AMP01B_1	AMP02A_1	AMP02B_1	AMP03A_1	AMP03B_1	AMP03C_1	AMP04A_1	AMP04B_1	AMP05A_1	AMP05B_1	AMP06A_1	AMP06B_1	AMP07A_1	AMP07B_1	AMP08A_1	AMP08B_1	AMP09A_1	AMP09B_1	AMP10A_1	AMP10B_1	AMU11A_1	AMU11B_1	AMP12A_1	AMP12B_1	AMP01A_1	
-0.1000	 8.07202167976970E-0005	-1.9953	0.0923	0.2623	-2.5795	0.3393	-0.1354	-1.9953	-0.3048	-0.4628	-2.1653	-0.4764	1.0972	-0.5329	-1.6807	-1.9049	-0.1119	0.8188	-0.4027	-0.6499	-0.3833	-0.5889	1.1043	1.1454	-1.1625	-1.4075	0.9377	0.0984	0.2543	-2.5842	0.3585	-0.1182	-1.9882	-0.3048	-0.4674	-2.1693	-0.4759	1.1031	-0.5313	-1.6954	-1.9178	-0.1044	0.8252	-0.4167	-0.6649	-0.3802	-0.5828	1.1017	1.1405	-1.1647	-1.4055	0.9483	
-0.0667	 4.81156056001394E-0006	-2.1518	-0.3303	0.4168	-2.3909	0.0855	-0.4716	-2.1518	-0.2935	-0.3428	-2.0757	-0.5069	0.9548	-0.5750	-1.2989	-1.4721	-0.2052	0.6422	-0.3170	-0.4474	-0.3128	-0.6319	0.8590	0.9745	-0.9726	-1.2902	0.5079	-0.3276	0.4148	-2.3928	0.0906	-0.4673	-2.1502	-0.2940	-0.3443	-2.0745	-0.5055	0.9550	-0.5756	-1.2991	-1.4719	-0.2053	0.6419	-0.3162	-0.4463	-0.3142	-0.6321	0.8627	0.9789	-0.9741	-1.2912	0.5113	
-0.0333	 6.73703996143520E-0005	-2.3101	-0.7599	0.5737	-2.1992	-0.1721	-0.8121	-2.3101	-0.2820	-0.2216	-1.9846	-0.5378	0.8103	-0.6175	-0.9115	-1.0323	-0.2998	0.4632	-0.2308	-0.2424	-0.2408	-0.6748	0.6087	0.7999	-0.7793	-1.1705	0.0702	-0.7596	0.5768	-2.1986	-0.1804	-0.8198	-2.3138	-0.2837	-0.2201	-1.9781	-0.5351	0.8048	-0.6211	-0.8968	-1.0196	-0.3074	0.4560	-0.2152	-0.2254	-0.2469	-0.6822	0.6186	0.8137	-0.7809	-1.1754	0.0675	
0.0000	 2.66813491613341E-0004	-2.4680	-1.1910	0.7309	-2.0062	-0.4306	-1.1537	-2.4680	-0.2704	-0.1003	-1.8936	-0.5689	0.6652	-0.6603	-0.5215	-0.5896	-0.3946	0.2829	-0.1454	-0.0374	-0.1688	-0.7179	0.3563	0.6236	-0.5864	-1.0510	-0.3701	-1.1948	0.7399	-2.0023	-0.4536	-1.1740	-2.4775	-0.2726	-0.0950	-1.8821	-0.5654	0.6536	-0.6662	-0.4921	-0.5641	-0.4095	0.2689	-0.1147	-0.0043	-0.1789	-0.7319	0.3721	0.6463	-0.5854	-1.0578	-0.3801	
0.0333	 6.15752882902711E-0004	-2.6264	-1.6232	0.8884	-1.8120	-0.6893	-1.4944	-2.6264	-0.2583	0.0215	-1.8030	-0.6009	0.5200	-0.7028	-0.1325	-0.1472	-0.4885	0.1027	-0.0614	0.1670	-0.0951	-0.7598	0.1012	0.4443	-0.3914	-0.9295	-0.8133	-1.6303	0.9029	-1.8054	-0.7269	-1.5278	-2.6417	-0.2613	0.0302	-1.7860	-0.5961	0.5024	-0.7112	-0.0876	-0.1084	-0.5113	0.0816	-0.0161	0.2165	-0.1093	-0.7816	0.1230	0.4765	-0.3893	-0.9391	-0.8299	
0.0667	 1.09529918714865E-0003	-2.7842	-2.0541	1.0456	-1.6170	-0.9488	-1.8350	-2.7842	-0.2459	0.1436	-1.7131	-0.6333	0.3754	-0.7442	0.2557	0.2940	-0.5815	-0.0772	0.0207	0.3692	-0.0202	-0.8009	-0.1555	0.2631	-0.1965	-0.8073	-1.2564	-2.0656	1.0658	-1.6079	-1.0004	-1.8812	-2.8053	-0.2500	0.1553	-1.6904	-0.6273	0.3520	-0.7558	0.3154	0.3456	-0.6119	-0.1053	0.0808	0.4346	-0.0391	-0.8295	-0.1281	0.3037	-0.1927	-0.8193	-1.2806	
0.1000	 1.71321226229156E-0003	-2.9403	-2.4802	1.2013	-1.4238	-1.2059	-2.1717	-2.9403	-0.2341	0.2639	-1.6236	-0.6656	0.2314	-0.7860	0.6406	0.7315	-0.6737	-0.2565	0.1010	0.5692	0.0542	-0.8411	-0.4121	0.0811	-0.0023	-0.6851	-1.6955	-2.4961	1.2278	-1.4110	-1.2725	-2.2314	-2.9674	-0.2380	0.2796	-1.5964	-0.6593	0.2024	-0.7993	0.7145	0.7956	-0.7112	-0.2910	0.1757	0.6505	0.0318	-0.8762	-0.3794	0.1303	0.0028	-0.6999	-1.7286	
