Arquivo: c:\arq\medidas\BBA_0406_072001\BBA_AMP07A_H.dat
Data: 0406	 Hora:  0757
Comentário: 
NomeParametro	 ValorParametro
Nmedias	5
PausaCorretora	3000
PausaShunt	2000
PausaLeitura	500
NumCiclos	3
 NPassosCor	7
DeltaShunt	3.00
TetaIni	-0.10
TetaFim	0.10
I[mA]	  93.3
ACH01B	DeltaPos^2	AMP07A	AMP01B_0	AMP02A_0	AMP02B_0	AMP03A_0	AMP03B_0	AMP03C_0	AMP04A_0	AMP04B_0	AMP05A_0	AMP05B_0	AMP06A_0	AMP06B_0	AMP07A_0	AMP07B_0	AMP08A_0	AMP08B_0	AMP09A_0	AMP09B_0	AMP10A_0	AMP10B_0	AMU11A_0	AMU11B_0	AMP12A_0	AMP12B_0	AMP01A_0	AMP01B_1	AMP02A_1	AMP02B_1	AMP03A_1	AMP03B_1	AMP03C_1	AMP04A_1	AMP04B_1	AMP05A_1	AMP05B_1	AMP06A_1	AMP06B_1	AMP07A_1	AMP07B_1	AMP08A_1	AMP08B_1	AMP09A_1	AMP09B_1	AMP10A_1	AMP10B_1	AMU11A_1	AMU11B_1	AMP12A_1	AMP12B_1	AMP01A_1	
-0.1000	 6.85756541195745E-0003	0.8338	-2.0905	0.7292	-1.7210	-0.1321	-1.1619	-2.6161	-0.6928	-0.2339	-0.8208	0.2787	0.0306	-1.1789	0.8338	0.7750	-0.8999	-0.3586	0.6403	1.0289	-0.2266	-1.1034	0.1504	0.6877	-0.2004	-0.9586	-1.4262	-1.9356	0.6708	-1.7917	-0.0349	-1.0356	-2.5584	-0.6991	-0.2794	-0.8495	0.2948	0.0815	-1.1661	0.6923	0.6142	-0.8642	-0.2921	0.6064	0.9515	-0.2524	-1.0870	0.2409	0.7499	-0.2709	-1.0017	-1.2656	
-0.0667	 3.28268001767431E-0003	0.4179	-1.8080	0.7246	-1.8137	-0.2153	-1.1508	-2.5684	-0.5673	-0.1967	-1.1494	0.0206	0.2258	-1.0226	0.4179	0.3589	-0.7432	-0.1624	0.3916	0.6960	-0.2060	-0.9835	0.2056	0.6575	-0.3236	-0.9860	-1.0901	-1.7003	0.6840	-1.8628	-0.1477	-1.0632	-2.5285	-0.5720	-0.2286	-1.1688	0.0323	0.2607	-1.0141	0.3209	0.2481	-0.7191	-0.1169	0.3686	0.6426	-0.2238	-0.9722	0.2685	0.7005	-0.3726	-1.0164	-0.9786	
-0.0333	 1.01856196872274E-0003	-0.0011	-1.5227	0.7193	-1.9076	-0.2991	-1.1400	-2.5209	-0.4414	-0.1593	-1.4795	-0.2392	0.4215	-0.8659	-0.0011	-0.0603	-0.5857	0.0343	0.1397	0.3595	-0.1844	-0.8631	0.2603	0.6256	-0.4484	-1.0141	-0.7501	-1.4621	0.6957	-1.9360	-0.2610	-1.0909	-2.4984	-0.4452	-0.1782	-1.4892	-0.2321	0.4398	-0.8621	-0.0537	-0.1207	-0.5736	0.0585	0.1275	0.3310	-0.1953	-0.8578	0.2958	0.6502	-0.4770	-1.0322	-0.6875	
0.0000	 3.70004170296374E-0005	-0.4230	-1.2338	0.7136	-2.0030	-0.3843	-1.1297	-2.4730	-0.3150	-0.1225	-1.8123	-0.5024	0.6182	-0.7080	-0.4230	-0.4833	-0.4276	0.2320	-0.1145	0.0201	-0.1627	-0.7421	0.3151	0.5933	-0.5750	-1.0432	-0.4073	-1.2222	0.7080	-2.0093	-0.3763	-1.1200	-2.4688	-0.3170	-0.1269	-1.8129	-0.5003	0.6203	-0.7084	-0.4316	-0.4933	-0.4264	0.2352	-0.1160	0.0158	-0.1661	-0.7428	0.3222	0.5984	-0.5813	-1.0477	-0.3948	
0.0333	 4.01689824734908E-0004	-0.8450	-0.9452	0.7081	-2.0986	-0.4711	-1.1212	-2.4259	-0.1883	-0.0849	-2.1451	-0.7672	0.8142	-0.5501	-0.8450	-0.9072	-0.2698	0.4290	-0.3697	-0.3196	-0.1419	-0.6217	0.3688	0.5600	-0.7013	-1.0719	-0.0649	-0.9826	0.7212	-2.0822	-0.4937	-1.1515	-2.4400	-0.1879	-0.0749	-2.1371	-0.7704	0.8009	-0.5542	-0.8099	-0.8675	-0.2792	0.4116	-0.3612	-0.3007	-0.1362	-0.6268	0.3470	0.5449	-0.6858	-1.0628	-0.1035	
0.0667	 2.17625474412709E-0003	-1.2667	-0.6568	0.7026	-2.1939	-0.5590	-1.1143	-2.3799	-0.0617	-0.0473	-2.4768	-1.0327	1.0100	-0.3922	-1.2667	-1.3307	-0.1113	0.6253	-0.6263	-0.6603	-0.1201	-0.5009	0.4209	0.5251	-0.8283	-1.1004	0.2758	-0.7447	0.7353	-2.1539	-0.6124	-1.1848	-2.4129	-0.0585	-0.0217	-2.4590	-1.0402	0.9811	-0.3994	-1.1869	-1.2404	-0.1315	0.5884	-0.6074	-0.6171	-0.1055	-0.5100	0.3693	0.4892	-0.7884	-1.0759	0.1852	
0.1000	 5.45600778980393E-0003	-1.6891	-0.3732	0.7010	-2.2854	-0.6505	-1.1110	-2.3344	0.0677	-0.0061	-2.8088	-1.2995	1.2072	-0.2316	-1.6891	-1.7545	0.0492	0.8236	-0.8852	-1.0026	-0.0954	-0.3770	0.4693	0.4863	-0.9512	-1.1251	0.6125	-0.5132	0.7530	-2.2216	-0.7347	-1.2224	-2.3863	0.0731	0.0343	-2.7801	-1.3106	1.1623	-0.2424	-1.5627	-1.6123	0.0184	0.7659	-0.8552	-0.9344	-0.0718	-0.3906	0.3869	0.4291	-0.8874	-1.0855	0.4689	
