Arquivo: c:\arq\medidas\BBA_0406_072001\BBA_AMP02A_V.dat
Data: 0406	 Hora:  0724
Comentário: 
NomeParametro	 ValorParametro
Nmedias	5
PausaCorretora	3000
PausaShunt	2000
PausaLeitura	500
NumCiclos	3
 NPassosCor	7
DeltaShunt	3.00
TetaIni	-0.10
TetaFim	0.10
I[mA]	 127.0
ACV07B	DeltaPos^2	AMP02A	AMP01B_0	AMP02A_0	AMP02B_0	AMP03A_0	AMP03B_0	AMP03C_0	AMP04A_0	AMP04B_0	AMP05A_0	AMP05B_0	AMP06A_0	AMP06B_0	AMP07A_0	AMP07B_0	AMP08A_0	AMP08B_0	AMP09A_0	AMP09B_0	AMP10A_0	AMP10B_0	AMU11A_0	AMU11B_0	AMP12A_0	AMP12B_0	AMP01A_0	AMP01B_1	AMP02A_1	AMP02B_1	AMP03A_1	AMP03B_1	AMP03C_1	AMP04A_1	AMP04B_1	AMP05A_1	AMP05B_1	AMP06A_1	AMP06B_1	AMP07A_1	AMP07B_1	AMP08A_1	AMP08B_1	AMP09A_1	AMP09B_1	AMP10A_1	AMP10B_1	AMU11A_1	AMU11B_1	AMP12A_1	AMP12B_1	AMP01A_1	
-0.1000	 4.97344306789028E-0004	-0.7600	-1.4114	-0.7600	0.2960	0.7530	2.5799	1.1054	0.5167	-0.9216	-0.1366	1.6451	1.7508	-0.2347	0.5599	-0.6656	0.2624	-0.5462	-0.3409	0.9699	1.0027	0.2329	0.2291	1.6345	1.4357	1.3862	1.0447	-1.4442	-0.7802	0.2774	0.7341	2.6062	1.1592	0.5349	-0.9262	-0.1547	1.6428	1.7589	-0.2119	0.5915	-0.6949	0.2397	-0.5586	-0.3462	0.9944	1.0126	0.2196	0.2064	1.6418	1.4521	1.4088	1.0694	
-0.0667	 2.72198357877721E-0004	-0.5431	-1.0761	-0.5431	0.3258	0.6681	2.4585	0.9299	0.5139	-0.7134	0.1920	1.4006	1.5296	-0.4165	0.3973	-0.3511	0.4950	-0.3993	-0.2484	0.6899	0.8774	0.3583	0.4581	1.5832	1.2872	1.1566	0.7745	-1.1007	-0.5583	0.3120	0.6549	2.4786	0.9690	0.5267	-0.7173	0.1780	1.3997	1.5362	-0.3994	0.4205	-0.3728	0.4782	-0.4080	-0.2515	0.7075	0.8851	0.3484	0.4411	1.5889	1.2997	1.1739	0.7930	
-0.0333	 9.88890841444662E-0005	-0.3223	-0.7343	-0.3223	0.3559	0.5816	2.3345	0.7516	0.5108	-0.5017	0.5261	1.1518	1.3045	-0.6013	0.2314	-0.0309	0.7318	-0.2497	-0.1544	0.4052	0.7506	0.4861	0.6910	1.5307	1.1353	0.9228	0.4998	-0.7494	-0.3317	0.3480	0.5744	2.3471	0.7748	0.5184	-0.5046	0.5170	1.1519	1.3090	-0.5909	0.2453	-0.0443	0.7223	-0.2547	-0.1554	0.4155	0.7549	0.4801	0.6805	1.5345	1.1430	0.9333	0.5110	
0.0000	 1.35518730746896E-0005	-0.0992	-0.3883	-0.0992	0.3867	0.4943	2.2087	0.5709	0.5073	-0.2876	0.8619	0.8997	1.0759	-0.7881	0.0633	0.2927	0.9713	-0.0990	-0.0599	0.1180	0.6231	0.6155	0.9259	1.4771	0.9809	0.6858	0.2223	-0.3941	-0.1028	0.3841	0.4928	2.2144	0.5787	0.5098	-0.2895	0.8580	0.9011	1.0788	-0.7841	0.0678	0.2877	0.9680	-0.0999	-0.0587	0.1208	0.6240	0.6134	0.9221	1.4790	0.9841	0.6901	0.2264	
0.0333	 1.08824977307368E-0005	0.1257	-0.0409	0.1257	0.4177	0.4068	2.0815	0.3888	0.5040	-0.0725	1.2007	0.6472	0.8460	-0.9765	-0.1060	0.6184	1.2116	0.0526	0.0345	-0.1715	0.4952	0.7462	1.1620	1.4229	0.8252	0.4474	-0.0564	-0.0373	0.1280	0.4205	0.4113	2.0797	0.3802	0.5010	-0.0732	1.2017	0.6495	0.8468	-0.9791	-0.1115	0.6218	1.2153	0.0555	0.0377	-0.1761	0.4927	0.7481	1.1647	1.4229	0.8242	0.4451	-0.0593	
0.0667	 9.62559680073327E-0005	0.3511	0.3068	0.3511	0.4488	0.3188	1.9536	0.2056	0.5007	0.1435	1.5397	0.3927	0.6152	-1.1653	-0.2764	0.9447	1.4524	0.2045	0.1299	-0.4614	0.3669	0.8770	1.3982	1.3684	0.6691	0.2076	-0.3368	0.3199	0.3589	0.4574	0.3293	1.9446	0.1808	0.4921	0.1438	1.5456	0.3961	0.6141	-1.1742	-0.2915	0.9571	1.4625	0.2115	0.1353	-0.4736	0.3614	0.8833	1.4077	1.3662	0.6632	0.1988	-0.3469	
0.1000	 2.64345106922954E-0004	0.5751	0.6541	0.5751	0.4802	0.2315	1.8259	0.0222	0.4970	0.3583	1.8764	0.1388	0.3853	-1.3531	-0.4466	1.2699	1.6922	0.3565	0.2248	-0.7512	0.2382	1.0076	1.6341	1.3151	0.5135	-0.0314	-0.6169	0.6764	0.5888	0.4944	0.2481	1.8089	-0.0183	0.4829	0.3595	1.8870	0.1436	0.3825	-1.3685	-0.4706	1.2903	1.7090	0.3676	0.2324	-0.7709	0.2291	1.0178	1.6500	1.3113	0.5031	-0.0467	-0.6341	
