Arquivo: c:\arq\medidas\BBA_0406_072001\BBA_AMP03B_V.dat
Data: 0406	 Hora:  0734
Comentário: 
NomeParametro	 ValorParametro
Nmedias	5
PausaCorretora	3000
PausaShunt	2000
PausaLeitura	500
NumCiclos	3
 NPassosCor	7
DeltaShunt	3.00
TetaIni	-0.10
TetaFim	0.10
I[mA]	 126.5
ACV09B	DeltaPos^2	AMP03B	AMP01B_0	AMP02A_0	AMP02B_0	AMP03A_0	AMP03B_0	AMP03C_0	AMP04A_0	AMP04B_0	AMP05A_0	AMP05B_0	AMP06A_0	AMP06B_0	AMP07A_0	AMP07B_0	AMP08A_0	AMP08B_0	AMP09A_0	AMP09B_0	AMP10A_0	AMP10B_0	AMU11A_0	AMU11B_0	AMP12A_0	AMP12B_0	AMP01A_0	AMP01B_1	AMP02A_1	AMP02B_1	AMP03A_1	AMP03B_1	AMP03C_1	AMP04A_1	AMP04B_1	AMP05A_1	AMP05B_1	AMP06A_1	AMP06B_1	AMP07A_1	AMP07B_1	AMP08A_1	AMP08B_1	AMP09A_1	AMP09B_1	AMP10A_1	AMP10B_1	AMU11A_1	AMU11B_1	AMP12A_1	AMP12B_1	AMP01A_1	
-0.1000	 6.25233736843817E-0003	1.4093	0.0798	0.4383	1.0326	1.2387	1.4093	-1.2021	-0.1214	-0.2847	1.2398	1.1659	0.9954	-1.4378	-0.9615	1.1056	1.6471	0.4089	0.3379	-0.7922	-0.0383	0.2472	0.8565	2.0796	1.2684	0.2809	-0.5859	0.1762	0.5199	1.0915	1.2849	1.3206	-1.3947	-0.2025	-0.3284	1.2194	1.2534	1.0326	-1.4831	-1.0592	1.1441	1.6998	0.4878	0.4325	-0.9100	-0.1143	0.2385	0.8899	2.1216	1.2675	0.2082	-0.6996	
-0.0667	 2.88503385183969E-0003	1.6716	-0.0718	0.2653	0.8266	1.0042	1.6716	-0.6241	0.0844	-0.2836	1.1193	1.0768	1.0197	-1.2271	-0.6275	0.8427	1.4294	0.2463	0.2122	-0.4995	0.1737	0.3641	0.8773	1.8881	1.1779	0.4121	-0.3258	-0.0062	0.3208	0.8665	1.0363	1.6118	-0.7554	0.0291	-0.3132	1.1057	1.1358	1.0452	-1.2578	-0.6939	0.8688	1.4652	0.3004	0.2761	-0.5794	0.1224	0.3574	0.9000	1.9169	1.1776	0.3628	-0.4026	
-0.0333	 7.64875007362177E-0004	1.9390	-0.2271	0.0887	0.6161	0.7642	1.9390	-0.0335	0.2941	-0.2822	0.9970	0.9850	1.0441	-1.0125	-0.2874	0.5751	1.2073	0.0801	0.0827	-0.2005	0.3901	0.4831	0.8981	1.6923	1.0853	0.5461	-0.0605	-0.1931	0.1173	0.6369	0.7810	1.9083	-0.1010	0.2659	-0.2974	0.9900	1.0157	1.0574	-1.0281	-0.3207	0.5887	1.2256	0.1082	0.1160	-0.2413	0.3635	0.4791	0.9098	1.7079	1.0854	0.5208	-0.0999	
0.0000	 1.27169087547928E-0006	2.2076	-0.3843	-0.0901	0.4040	0.5217	2.2076	0.5608	0.5058	-0.2804	0.8743	0.8918	1.0685	-0.7957	0.0561	0.3055	0.9825	-0.0878	-0.0486	0.1013	0.6086	0.6025	0.9188	1.4948	0.9922	0.6811	0.2075	-0.3826	-0.0888	0.4049	0.5227	2.2062	0.5584	0.5050	-0.2807	0.8744	0.8930	1.0691	-0.7961	0.0556	0.3061	0.9832	-0.0864	-0.0468	0.1000	0.6078	0.6020	0.9195	1.4961	0.9930	0.6803	0.2060	
0.0333	 6.69459099398737E-0004	2.4765	-0.5431	-0.2701	0.1900	0.2771	2.4765	1.1580	0.7191	-0.2780	0.7515	0.7971	1.0920	-0.5778	0.4011	0.0342	0.7564	-0.2574	-0.1814	0.4050	0.8290	0.7237	0.9395	1.2952	0.8982	0.8167	0.4776	-0.5739	-0.2964	0.1707	0.2617	2.5055	1.2220	0.7460	-0.2631	0.7588	0.7687	1.0802	-0.5624	0.4340	0.0218	0.7392	-0.2825	-0.2111	0.4436	0.8539	0.7268	0.9290	1.2824	0.8993	0.8407	0.5144	
0.0667	 2.78529502761735E-0003	2.7438	-0.7021	-0.4501	-0.0252	0.0317	2.7438	1.7537	0.9332	-0.2747	0.6293	0.7018	1.1154	-0.3598	0.7459	-0.2371	0.5301	-0.4268	-0.3142	0.7090	1.0496	0.8450	0.9601	1.0944	0.8038	0.9530	0.7483	-0.7656	-0.5040	-0.0648	-0.0002	2.8030	1.8819	0.9880	-0.2448	0.6437	0.6432	1.0906	-0.3286	0.8126	-0.2631	0.4947	-0.4791	-0.3760	0.7881	1.1000	0.8516	0.9388	1.0671	0.8053	1.0016	0.8239	
0.1000	 6.23585563924352E-0003	3.0105	-0.8606	-0.6296	-0.2398	-0.2135	3.0105	2.3435	1.1467	-0.2712	0.5078	0.6060	1.1380	-0.1421	1.0900	-0.5084	0.3043	-0.5958	-0.4466	1.0128	1.2691	0.9664	0.9815	0.8935	0.7097	1.0889	1.0190	-0.9561	-0.7109	-0.2992	-0.2612	3.0979	2.5342	1.2287	-0.2261	0.5298	0.5174	1.1007	-0.0956	1.1893	-0.5467	0.2512	-0.6740	-0.5398	1.1314	1.3450	0.9764	0.9495	0.8519	0.7112	1.1619	1.1321	
