Arquivo: c:\arq\medidas\BBA_0406_072001\BBA_AMU11A_H.dat
Data: 0406	 Hora:  0822
Comentário: 
NomeParametro	 ValorParametro
Nmedias	5
PausaCorretora	3000
PausaShunt	2000
PausaLeitura	500
NumCiclos	3
 NPassosCor	7
DeltaShunt	3.00
TetaIni	-0.10
TetaFim	0.10
I[mA]	  31.7
ACH05A	DeltaPos^2	AMU11A	AMP01B_0	AMP02A_0	AMP02B_0	AMP03A_0	AMP03B_0	AMP03C_0	AMP04A_0	AMP04B_0	AMP05A_0	AMP05B_0	AMP06A_0	AMP06B_0	AMP07A_0	AMP07B_0	AMP08A_0	AMP08B_0	AMP09A_0	AMP09B_0	AMP10A_0	AMP10B_0	AMU11A_0	AMU11B_0	AMP12A_0	AMP12B_0	AMP01A_0	AMP01B_1	AMP02A_1	AMP02B_1	AMP03A_1	AMP03B_1	AMP03C_1	AMP04A_1	AMP04B_1	AMP05A_1	AMP05B_1	AMP06A_1	AMP06B_1	AMP07A_1	AMP07B_1	AMP08A_1	AMP08B_1	AMP09A_1	AMP09B_1	AMP10A_1	AMP10B_1	AMU11A_1	AMU11B_1	AMP12A_1	AMP12B_1	AMP01A_1	
-0.1000	 2.66125282833719E-0003	1.3712	-0.1381	0.5436	-2.4314	-0.3711	-0.8181	-2.2281	-0.0458	-0.1512	-2.6614	-1.4921	0.8110	-0.3108	-0.6096	-0.9516	-0.5980	0.3158	0.4487	0.3391	-0.6229	-1.0231	1.3712	1.5984	-1.0926	-1.5626	0.5080	-0.1556	0.5144	-2.4364	-0.2919	-0.7558	-2.2147	-0.0925	-0.1882	-2.5654	-1.3961	0.7702	-0.3584	-0.5374	-0.8634	-0.6134	0.2805	0.4546	0.3709	-0.6032	-1.0276	1.3026	1.5127	-1.0850	-1.5319	0.5180	
-0.0667	 1.24094105172039E-0003	1.0587	-0.4603	0.5864	-2.3135	-0.3721	-0.9111	-2.3038	-0.1380	-0.1491	-2.3943	-1.1809	0.7430	-0.4407	-0.5416	-0.8002	-0.5548	0.2795	0.2797	0.2477	-0.4903	-0.9472	1.0587	1.3010	-0.9472	-1.4168	0.2397	-0.4726	0.5663	-2.3167	-0.3180	-0.8688	-2.2956	-0.1698	-0.1745	-2.3290	-1.1156	0.7151	-0.4733	-0.4926	-0.7404	-0.5651	0.2552	0.2832	0.2688	-0.4767	-0.9502	1.0108	1.2417	-0.9421	-1.3957	0.2459	
-0.0333	 3.85779706675230E-0004	0.7408	-0.7868	0.6302	-2.1934	-0.3735	-1.0056	-2.3808	-0.2310	-0.1467	-2.1230	-0.8659	0.6742	-0.5720	-0.4734	-0.6476	-0.5106	0.2429	0.1078	0.1543	-0.3568	-0.8703	0.7408	0.9990	-0.8002	-1.2690	-0.0329	-0.7926	0.6193	-2.1953	-0.3434	-0.9817	-2.3754	-0.2487	-0.1607	-2.0862	-0.8294	0.6584	-0.5903	-0.4452	-0.6141	-0.5169	0.2293	0.1107	0.1670	-0.3494	-0.8725	0.7152	0.9671	-0.7975	-1.2574	-0.0289	
0.0000	 1.06557170960987E-0005	0.4207	-1.1152	0.6746	-2.0722	-0.3760	-1.1016	-2.4577	-0.3239	-0.1439	-1.8499	-0.5494	0.6050	-0.7038	-0.4042	-0.4939	-0.4670	0.2060	-0.0641	0.0611	-0.2226	-0.7934	0.4207	0.6950	-0.6522	-1.1210	-0.3084	-1.1158	0.6729	-2.0726	-0.3710	-1.0974	-2.4566	-0.3269	-0.1462	-1.8439	-0.5434	0.6025	-0.7069	-0.3992	-0.4881	-0.4683	0.2036	-0.0632	0.0635	-0.2214	-0.7940	0.4168	0.6901	-0.6519	-1.1192	-0.3075	
0.0333	 1.73543712532478E-0004	0.0989	-1.4443	0.7197	-1.9502	-0.3789	-1.1981	-2.5354	-0.4174	-0.1407	-1.5757	-0.2320	0.5356	-0.8360	-0.3350	-0.3402	-0.4231	0.1690	-0.2363	-0.0326	-0.0879	-0.7162	0.0989	0.3891	-0.5034	-0.9719	-0.5860	-1.4392	0.7268	-1.9494	-0.3990	-1.2132	-2.5384	-0.4056	-0.1315	-1.6009	-0.2566	0.5460	-0.8240	-0.3529	-0.3626	-0.4194	0.1779	-0.2373	-0.0401	-0.0930	-0.7152	0.1170	0.4114	-0.5054	-0.9798	-0.5881	
0.0667	 8.84019293141205E-0004	-0.2242	-1.7745	0.7650	-1.8274	-0.3828	-1.2957	-2.6136	-0.5106	-0.1368	-1.3004	0.0862	0.4660	-0.9685	-0.2655	-0.1858	-0.3786	0.1320	-0.4095	-0.1270	0.0469	-0.6385	-0.2242	0.0812	-0.3538	-0.8223	-0.8661	-1.7639	0.7814	-1.8252	-0.4277	-1.3304	-2.6208	-0.4839	-0.1161	-1.3567	0.0308	0.4895	-0.9412	-0.3074	-0.2367	-0.3700	0.1523	-0.4123	-0.1446	0.0356	-0.6364	-0.1836	0.1310	-0.3585	-0.8402	-0.8707	
0.1000	 2.13423659150666E-0003	-0.5482	-2.1041	0.8113	-1.7039	-0.3875	-1.3944	-2.6917	-0.6036	-0.1331	-1.0253	0.4036	0.3964	-1.1007	-0.1969	-0.0324	-0.3342	0.0954	-0.5832	-0.2218	0.1823	-0.5608	-0.5482	-0.2272	-0.2034	-0.6720	-1.1467	-2.0874	0.8362	-1.7007	-0.4571	-1.4480	-2.7028	-0.5620	-0.1007	-1.1129	0.3178	0.4331	-1.0584	-0.2619	-0.1112	-0.3209	0.1266	-0.5874	-0.2493	0.1643	-0.5575	-0.4849	-0.1495	-0.2113	-0.7003	-1.1536	
