Arquivo: c:\arq\medidas\BBA_0406_072001\BBA_AMP07A_V.dat
Data: 0406	 Hora:  0758
Comentário: 
NomeParametro	 ValorParametro
Nmedias	5
PausaCorretora	3000
PausaShunt	2000
PausaLeitura	500
NumCiclos	3
 NPassosCor	7
DeltaShunt	3.00
TetaIni	-0.10
TetaFim	0.10
I[mA]	  68.8
ACV01B	DeltaPos^2	AMP07A	AMP01B_0	AMP02A_0	AMP02B_0	AMP03A_0	AMP03B_0	AMP03C_0	AMP04A_0	AMP04B_0	AMP05A_0	AMP05B_0	AMP06A_0	AMP06B_0	AMP07A_0	AMP07B_0	AMP08A_0	AMP08B_0	AMP09A_0	AMP09B_0	AMP10A_0	AMP10B_0	AMU11A_0	AMU11B_0	AMP12A_0	AMP12B_0	AMP01A_0	AMP01B_1	AMP02A_1	AMP02B_1	AMP03A_1	AMP03B_1	AMP03C_1	AMP04A_1	AMP04B_1	AMP05A_1	AMP05B_1	AMP06A_1	AMP06B_1	AMP07A_1	AMP07B_1	AMP08A_1	AMP08B_1	AMP09A_1	AMP09B_1	AMP10A_1	AMP10B_1	AMU11A_1	AMU11B_1	AMP12A_1	AMP12B_1	AMP01A_1	
-0.1000	 5.74848458872509E-0003	1.0100	-1.3106	-0.7782	-0.0103	0.2595	2.8856	1.8812	0.8437	-0.7344	-0.0390	1.2923	1.6060	-0.0219	1.0100	-0.8191	0.2470	-0.2620	0.1248	0.6383	0.7004	-0.0250	0.0850	1.9874	1.6625	1.2712	0.7276	-1.4160	-0.8596	-0.0541	0.2374	2.9601	2.0234	0.8799	-0.7867	-0.1435	1.3368	1.6659	0.0638	1.1193	-0.8808	0.1826	-0.3337	0.0490	0.7537	0.7677	-0.0329	0.0358	1.9653	1.6806	1.3479	0.8376	
-0.0667	 2.78838349721957E-0003	0.7023	-1.0056	-0.5495	0.1276	0.3457	2.6632	1.4451	0.7260	-0.6005	0.2428	1.1892	1.4499	-0.2665	0.7023	-0.4630	0.4829	-0.1999	0.0791	0.4585	0.6653	0.1759	0.3555	1.8334	1.4487	1.0758	0.5505	-1.0791	-0.6063	0.0972	0.3304	2.7151	1.5446	0.7511	-0.6369	0.1700	1.2205	1.4915	-0.2069	0.7782	-0.5061	0.4382	-0.2496	0.0268	0.5389	0.7121	0.1699	0.3206	1.8185	1.4619	1.1294	0.6268	
-0.0333	 8.35798662242348E-0004	0.3872	-0.6930	-0.3161	0.2678	0.4335	2.4357	0.9982	0.6064	-0.4632	0.5308	1.0832	1.2900	-0.5165	0.3872	-0.0984	0.7244	-0.1362	0.0322	0.2750	0.6295	0.3806	0.6312	1.6760	1.2305	0.8755	0.3694	-0.7332	-0.3470	0.2511	0.4252	2.4644	1.0531	0.6201	-0.4832	0.4911	1.1002	1.3131	-0.4837	0.4290	-0.1224	0.6996	-0.1628	0.0043	0.3189	0.6550	0.3767	0.6120	1.6685	1.2380	0.9051	0.4108	
0.0000	 1.58429756515326E-0005	0.0635	-0.3719	-0.0764	0.4110	0.5232	2.2014	0.5389	0.4838	-0.3214	0.8260	0.9735	1.1247	-0.7733	0.0635	0.2757	0.9722	-0.0706	-0.0155	0.0866	0.5926	0.5904	0.9141	1.5141	1.0055	0.6700	0.1837	-0.3773	-0.0806	0.4087	0.5221	2.2051	0.5458	0.4856	-0.3243	0.8208	0.9761	1.1282	-0.7685	0.0699	0.2722	0.9686	-0.0740	-0.0189	0.0929	0.5962	0.5894	0.9113	1.5136	1.0072	0.6742	0.1891	
0.0333	 4.33429230281694E-0004	-0.2597	-0.0530	0.1624	0.5537	0.6124	1.9669	0.0805	0.3616	-0.1802	1.1207	0.8647	0.9601	-1.0288	-0.2597	0.6483	1.2189	-0.0053	-0.0628	-0.1019	0.5564	0.7994	1.1948	1.3522	0.7817	0.4652	-0.0010	-0.0239	0.1848	0.5656	0.6185	1.9465	0.0408	0.3519	-0.1659	1.1496	0.8525	0.9436	-1.0521	-0.2894	0.6652	1.2366	0.0144	-0.0417	-0.1330	0.5383	0.8014	1.2082	1.3589	0.7767	0.4440	-0.0311	
0.0667	 2.10285635696724E-0003	-0.5851	0.2665	0.4015	0.6970	0.7024	1.7303	-0.3810	0.2388	-0.0385	1.4167	0.7549	0.7946	-1.2850	-0.5851	1.0226	1.4663	0.0604	-0.1106	-0.2905	0.5199	1.0093	1.4768	1.1899	0.5560	0.2595	-0.1861	0.3304	0.4506	0.7231	0.7155	1.6847	-0.4684	0.2173	-0.0070	1.4801	0.7276	0.7580	-1.3363	-0.6503	1.0600	1.5049	0.1038	-0.0650	-0.3596	0.4795	1.0148	1.5072	1.2036	0.5446	0.2130	-0.2522	
0.1000	 4.95059220153053E-0003	-0.9087	0.5843	0.6389	0.8402	0.7924	1.4932	-0.8416	0.1164	0.1022	1.7105	0.6457	0.6293	-1.5402	-0.9087	1.3950	1.7124	0.1258	-0.1580	-0.4788	0.4832	1.2183	1.7577	1.0274	0.3310	0.0553	-0.3704	0.6819	0.7143	0.8804	0.8129	1.4232	-0.9755	0.0831	0.1512	1.8076	0.6036	0.5730	-1.6192	-1.0093	1.4520	1.7714	0.1920	-0.0883	-0.5852	0.4214	1.2268	1.8037	1.0482	0.3137	-0.0164	-0.4722	
