Arquivo: c:\arq\medidas\BBA_0406_072001\BBA_AMP05B_H.dat
Data: 0406	 Hora:  0748
Comentário: 
NomeParametro	 ValorParametro
Nmedias	5
PausaCorretora	3000
PausaShunt	2000
PausaLeitura	500
NumCiclos	3
 NPassosCor	7
DeltaShunt	3.00
TetaIni	-0.10
TetaFim	0.10
I[mA]	 125.5
ACH01B	DeltaPos^2	AMP05B	AMP01B_0	AMP02A_0	AMP02B_0	AMP03A_0	AMP03B_0	AMP03C_0	AMP04A_0	AMP04B_0	AMP05A_0	AMP05B_0	AMP06A_0	AMP06B_0	AMP07A_0	AMP07B_0	AMP08A_0	AMP08B_0	AMP09A_0	AMP09B_0	AMP10A_0	AMP10B_0	AMU11A_0	AMU11B_0	AMP12A_0	AMP12B_0	AMP01A_0	AMP01B_1	AMP02A_1	AMP02B_1	AMP03A_1	AMP03B_1	AMP03C_1	AMP04A_1	AMP04B_1	AMP05A_1	AMP05B_1	AMP06A_1	AMP06B_1	AMP07A_1	AMP07B_1	AMP08A_1	AMP08B_1	AMP09A_1	AMP09B_1	AMP10A_1	AMP10B_1	AMU11A_1	AMU11B_1	AMP12A_1	AMP12B_1	AMP01A_1	
-0.1000	 1.41789082872474E-0003	0.2762	-2.1586	0.7617	-1.6819	-0.1719	-1.2123	-2.6368	-0.6814	-0.2076	-0.8086	0.2762	0.0183	-1.1760	0.8689	0.8217	-0.8953	-0.3671	0.6362	1.0399	-0.2038	-1.0904	0.1011	0.6479	-0.1596	-0.9254	-1.4938	-2.1033	0.7639	-1.6990	-0.1965	-1.2173	-2.6287	-0.6523	-0.1965	-0.8820	0.2163	0.0226	-1.1549	0.8783	0.8113	-0.9157	-0.3706	0.6928	1.0840	-0.2355	-1.1161	0.1716	0.7214	-0.1846	-0.9573	-1.4546	
-0.0667	 6.06514762391293E-0004	0.0178	-1.8543	0.7489	-1.7850	-0.2440	-1.1857	-2.5814	-0.5567	-0.1771	-1.1441	0.0178	0.2197	-1.0169	0.4365	0.3856	-0.7365	-0.1639	0.3859	0.6997	-0.1881	-0.9706	0.1707	0.6287	-0.2935	-0.9605	-1.1363	-1.8181	0.7500	-1.7963	-0.2597	-1.1885	-2.5759	-0.5375	-0.1696	-1.1920	-0.0212	0.2225	-1.0030	0.4426	0.3792	-0.7495	-0.1665	0.4226	0.7283	-0.2090	-0.9872	0.2171	0.6768	-0.3098	-0.9815	-1.1102	
-0.0333	 1.24812775819313E-0004	-0.2445	-1.5503	0.7379	-1.8864	-0.3189	-1.1620	-2.5266	-0.4288	-0.1438	-1.4830	-0.2445	0.4249	-0.8542	-0.0027	-0.0564	-0.5738	0.0425	0.1294	0.3525	-0.1701	-0.8471	0.2371	0.6051	-0.4264	-0.9935	-0.7776	-1.5339	0.7389	-1.8907	-0.3268	-1.1642	-2.5243	-0.4196	-0.1400	-1.5057	-0.2633	0.4261	-0.8474	0.0002	-0.0596	-0.5796	0.0414	0.1456	0.3654	-0.1788	-0.8543	0.2574	0.6261	-0.4334	-1.0025	-0.7659	
0.0000	 2.72511599288281E-0006	-0.5084	-1.2416	0.7263	-1.9897	-0.3948	-1.1375	-2.4715	-0.3012	-0.1108	-1.8227	-0.5084	0.6291	-0.6922	-0.4444	-0.5018	-0.4119	0.2485	-0.1283	0.0036	-0.1524	-0.7243	0.3041	0.5815	-0.5606	-1.0273	-0.4146	-1.2439	0.7257	-1.9890	-0.3930	-1.1371	-2.4711	-0.3022	-0.1114	-1.8197	-0.5059	0.6285	-0.6930	-0.4435	-0.5006	-0.4108	0.2484	-0.1309	0.0021	-0.1507	-0.7232	0.3010	0.5780	-0.5601	-1.0261	-0.4160	
0.0333	 2.17278014086296E-0004	-0.7738	-0.9346	0.7155	-2.0918	-0.4720	-1.1149	-2.4173	-0.1726	-0.0771	-2.1627	-0.7738	0.8339	-0.5288	-0.8874	-0.9491	-0.2481	0.4556	-0.3882	-0.3469	-0.1333	-0.5999	0.3687	0.5553	-0.6949	-1.0608	-0.0533	-0.9561	0.7143	-2.0853	-0.4618	-1.1129	-2.4195	-0.1838	-0.0817	-2.1349	-0.7507	0.8322	-0.5370	-0.8899	-0.9439	-0.2400	0.4569	-0.4107	-0.3638	-0.1207	-0.5899	0.3409	0.5260	-0.6850	-1.0475	-0.0682	
0.0667	 7.68809256404257E-0004	-1.0411	-0.6296	0.7066	-2.1918	-0.5525	-1.0958	-2.3637	-0.0431	-0.0416	-2.5026	-1.0411	1.0390	-0.3639	-1.3300	-1.3966	-0.0836	0.6626	-0.6499	-0.6993	-0.1128	-0.4745	0.4307	0.5266	-0.8264	-1.0912	0.3046	-0.6705	0.7045	-2.1795	-0.5336	-1.0917	-2.3686	-0.0641	-0.0502	-2.4497	-0.9972	1.0354	-0.3799	-1.3353	-1.3873	-0.0688	0.6648	-0.6920	-0.7310	-0.0888	-0.4556	0.3783	0.4718	-0.8085	-1.0673	0.2762	
0.1000	 1.68146091025950E-0003	-1.3083	-0.3246	0.6978	-2.2922	-0.6329	-1.0769	-2.3106	0.0863	-0.0063	-2.8414	-1.3083	1.2443	-0.1998	-1.7714	-1.8428	0.0806	0.8688	-0.9125	-1.0515	-0.0923	-0.3491	0.4919	0.4971	-0.9587	-1.1220	0.6632	-0.3855	0.6951	-2.2737	-0.6058	-1.0714	-2.3179	0.0549	-0.0185	-2.7633	-1.2436	1.2386	-0.2233	-1.7796	-1.8296	0.1023	0.8724	-0.9747	-1.0985	-0.0564	-0.3213	0.4145	0.4162	-0.9322	-1.0868	0.6208	
