Arquivo: c:\arq\medidas\BBA_0406_072001\BBA_AMP05A_H.dat
Data: 0406	 Hora:  0745
Comentário: 
NomeParametro	 ValorParametro
Nmedias	5
PausaCorretora	3000
PausaShunt	2000
PausaLeitura	500
NumCiclos	3
 NPassosCor	7
DeltaShunt	3.00
TetaIni	-0.10
TetaFim	0.10
I[mA]	 125.8
ACH11B	DeltaPos^2	AMP05A	AMP01B_0	AMP02A_0	AMP02B_0	AMP03A_0	AMP03B_0	AMP03C_0	AMP04A_0	AMP04B_0	AMP05A_0	AMP05B_0	AMP06A_0	AMP06B_0	AMP07A_0	AMP07B_0	AMP08A_0	AMP08B_0	AMP09A_0	AMP09B_0	AMP10A_0	AMP10B_0	AMU11A_0	AMU11B_0	AMP12A_0	AMP12B_0	AMP01A_0	AMP01B_1	AMP02A_1	AMP02B_1	AMP03A_1	AMP03B_1	AMP03C_1	AMP04A_1	AMP04B_1	AMP05A_1	AMP05B_1	AMP06A_1	AMP06B_1	AMP07A_1	AMP07B_1	AMP08A_1	AMP08B_1	AMP09A_1	AMP09B_1	AMP10A_1	AMP10B_1	AMU11A_1	AMU11B_1	AMP12A_1	AMP12B_1	AMP01A_1	
-0.1000	 1.50405863184638E-0003	-0.8848	-1.1476	0.3388	-2.1572	0.5650	-0.3002	-2.2382	-0.7787	-0.5565	-0.8848	0.4977	0.3244	-1.1401	-0.0068	0.1698	-0.3763	0.0353	-0.4733	-0.0793	0.2029	-0.5753	-0.6019	-0.2494	-0.6063	-0.7832	-0.0290	-1.0756	0.3294	-2.1836	0.5644	-0.2801	-2.2207	-0.7574	-0.5564	-0.9482	0.4264	0.3417	-1.1097	-0.0272	0.1306	-0.3846	0.0454	-0.4371	-0.0609	0.1743	-0.5914	-0.5315	-0.1822	-0.6384	-0.8156	0.0321	
-0.0667	 4.34549216172334E-0004	-1.2032	-1.1675	0.4652	-2.1061	0.2484	-0.5733	-2.3130	-0.6184	-0.4097	-1.2032	0.1603	0.4308	-0.9883	-0.1637	-0.0642	-0.3827	0.1118	-0.3674	-0.0625	0.0870	-0.6203	-0.3030	0.0228	-0.5964	-0.8650	-0.1427	-1.1287	0.4601	-2.1198	0.2483	-0.5621	-2.3036	-0.6062	-0.4094	-1.2378	0.1214	0.4406	-0.9715	-0.1748	-0.0856	-0.3870	0.1175	-0.3486	-0.0531	0.0721	-0.6286	-0.2654	0.0583	-0.6132	-0.8816	-0.1096	
-0.0333	 9.23651589406146E-0006	-1.5227	-1.1882	0.5920	-2.0544	-0.0700	-0.8478	-2.3886	-0.4575	-0.2623	-1.5227	-0.1794	0.5374	-0.8358	-0.3225	-0.3005	-0.3895	0.1885	-0.2625	-0.0470	-0.0293	-0.6652	-0.0027	0.2951	-0.5846	-0.9455	-0.2578	-1.1828	0.5913	-2.0560	-0.0700	-0.8466	-2.3869	-0.4548	-0.2616	-1.5284	-0.1856	0.5392	-0.8327	-0.3241	-0.3036	-0.3892	0.1900	-0.2605	-0.0464	-0.0306	-0.6662	0.0021	0.2994	-0.5879	-0.9481	-0.2531	
0.0000	 2.13213675500002E-0004	-1.8431	-1.2100	0.7190	-2.0026	-0.3897	-1.1239	-2.4640	-0.2960	-0.1145	-1.8431	-0.5204	0.6444	-0.6828	-0.4815	-0.5369	-0.3959	0.2656	-0.1568	-0.0311	-0.1464	-0.7112	0.2989	0.5690	-0.5752	-1.0286	-0.3740	-1.2368	0.7222	-1.9930	-0.3891	-1.1310	-2.4697	-0.3038	-0.1145	-1.8195	-0.4933	0.6382	-0.6940	-0.4742	-0.5231	-0.3924	0.2620	-0.1714	-0.0386	-0.1349	-0.7048	0.2719	0.5427	-0.5630	-1.0161	-0.3957	
0.0333	 1.07020425647276E-0003	-2.1644	-1.2329	0.8477	-1.9495	-0.7115	-1.4014	-2.5406	-0.1339	0.0343	-2.1644	-0.8627	0.7522	-0.5292	-0.6427	-0.7759	-0.4018	0.3432	-0.0520	-0.0164	-0.2632	-0.7561	0.5997	0.8414	-0.5635	-1.1096	-0.4919	-1.2933	0.8552	-1.9271	-0.7099	-1.4174	-2.5540	-0.1510	0.0345	-2.1118	-0.8025	0.7381	-0.5540	-0.6267	-0.7440	-0.3936	0.3356	-0.0846	-0.0336	-0.2378	-0.7416	0.5394	0.7833	-0.5365	-1.0820	-0.5418	
0.0667	 2.52509640218760E-0003	-2.4857	-1.2597	0.9775	-1.8940	-1.0352	-1.6815	-2.6184	0.0296	0.1846	-2.4857	-1.2061	0.8610	-0.3735	-0.8055	-1.0158	-0.4060	0.4225	0.0506	-0.0041	-0.3791	-0.7991	0.8983	1.1111	-0.5498	-1.1890	-0.6132	-1.3523	0.9887	-1.8601	-1.0324	-1.7054	-2.6390	0.0020	0.1840	-2.4045	-1.1132	0.8389	-0.4129	-0.7805	-0.9666	-0.3941	0.4101	0.0010	-0.0298	-0.3402	-0.7773	0.8060	1.0226	-0.5081	-1.1465	-0.6901	
0.1000	 4.62625196726812E-0003	-2.8061	-1.2852	1.1063	-1.8396	-1.3575	-1.9602	-2.6958	0.1925	0.3338	-2.8061	-1.5488	0.9692	-0.2185	-0.9684	-1.2556	-0.4109	0.5012	0.1548	0.0090	-0.4959	-0.8435	1.1982	1.3813	-0.5372	-1.2699	-0.7333	-1.4105	1.1219	-1.7941	-1.3537	-1.9925	-2.7239	0.1552	0.3331	-2.6960	-1.4226	0.9395	-0.2719	-0.9351	-1.1894	-0.3947	0.4844	0.0873	-0.0264	-0.4439	-0.8137	1.0736	1.2620	-0.4807	-1.2120	-0.8375	
