Arquivo: c:\arq\medidas\BBA_0406_072001\BBA_AMU11B_V.dat
Data: 0406	 Hora:  0826
Comentário: 
NomeParametro	 ValorParametro
Nmedias	5
PausaCorretora	3000
PausaShunt	2000
PausaLeitura	500
NumCiclos	3
 NPassosCor	7
DeltaShunt	3.00
TetaIni	-0.10
TetaFim	0.10
I[mA]	  31.6
ACV11B	DeltaPos^2	AMU11B	AMP01B_0	AMP02A_0	AMP02B_0	AMP03A_0	AMP03B_0	AMP03C_0	AMP04A_0	AMP04B_0	AMP05A_0	AMP05B_0	AMP06A_0	AMP06B_0	AMP07A_0	AMP07B_0	AMP08A_0	AMP08B_0	AMP09A_0	AMP09B_0	AMP10A_0	AMP10B_0	AMU11A_0	AMU11B_0	AMP12A_0	AMP12B_0	AMP01A_0	AMP01B_1	AMP02A_1	AMP02B_1	AMP03A_1	AMP03B_1	AMP03C_1	AMP04A_1	AMP04B_1	AMP05A_1	AMP05B_1	AMP06A_1	AMP06B_1	AMP07A_1	AMP07B_1	AMP08A_1	AMP08B_1	AMP09A_1	AMP09B_1	AMP10A_1	AMP10B_1	AMU11A_1	AMU11B_1	AMP12A_1	AMP12B_1	AMP01A_1	
-0.1000	 7.17258906221116E-0003	0.6858	0.5625	0.3391	0.0116	-0.4092	2.3776	1.2985	0.9754	0.4694	1.7896	-0.1709	0.3396	-0.9948	0.1930	0.8846	1.1132	-0.6456	-1.0336	0.7145	1.2197	1.2610	1.4046	0.6858	0.1872	0.1029	-0.2076	0.6715	0.3847	-0.0442	-0.5297	2.4021	1.4073	1.0417	0.5664	1.8994	-0.3123	0.2436	-1.0150	0.2171	0.9490	1.1228	-0.7239	-1.1640	0.8017	1.3031	1.3420	1.4534	0.5787	0.0837	0.0360	-0.2489	
-0.0667	 3.64182278446789E-0003	0.9507	0.2821	0.2211	0.1469	-0.1100	2.3105	1.0356	0.8130	0.2258	1.5022	0.1846	0.5801	-0.9391	0.1361	0.7107	1.0830	-0.4529	-0.7027	0.5002	1.0132	1.0560	1.2677	0.9507	0.4435	0.2718	-0.0971	0.3600	0.2535	0.1072	-0.1959	2.3281	1.1131	0.8600	0.2948	1.5809	0.0834	0.5119	-0.9535	0.1531	0.7567	1.0902	-0.5086	-0.7959	0.5622	1.0728	1.1139	1.3021	0.8746	0.3704	0.2246	-0.1264	
-0.0333	 1.25713521969069E-0003	1.2207	-0.0033	0.1004	0.2842	0.1956	2.2424	0.7675	0.6478	-0.0233	1.2087	0.5473	0.8262	-0.8819	0.0789	0.5329	1.0521	-0.2569	-0.3646	0.2818	0.8025	0.8456	1.1270	1.2207	0.7054	0.4453	0.0158	0.0425	0.1196	0.2612	0.1447	2.2515	0.8121	0.6748	0.0171	1.2551	0.4874	0.7859	-0.8907	0.0887	0.5601	1.0558	-0.2893	-0.4197	0.3182	0.8377	0.8792	1.1466	1.1754	0.6627	0.4172	-0.0017	
0.0000	 1.04534375774166E-0004	1.4924	-0.2915	-0.0216	0.4223	0.5024	2.1739	0.4976	0.4809	-0.2741	0.9124	0.9107	1.0734	-0.8241	0.0219	0.3537	1.0207	-0.0591	-0.0255	0.0619	0.5903	0.6339	0.9867	1.4924	0.9688	0.6197	0.1293	-0.2774	-0.0156	0.4162	0.4874	2.1742	0.5089	0.4882	-0.2621	0.9261	0.8927	1.0615	-0.8270	0.0235	0.3617	1.0221	-0.0682	-0.0407	0.0720	0.5999	0.6433	0.9911	1.4781	0.9566	0.6115	0.1237	
0.0333	 2.33572718672813E-0004	1.7636	-0.5810	-0.1433	0.5607	0.8098	2.1048	0.2267	0.3135	-0.5253	0.6163	1.2760	1.3210	-0.7662	-0.0356	0.1745	0.9887	0.1393	0.3156	-0.1584	0.3775	0.4216	0.8456	1.7636	1.2326	0.7947	0.2435	-0.5997	-0.1510	0.5711	0.8308	2.0964	0.2045	0.3009	-0.5426	0.5965	1.3000	1.3376	-0.7633	-0.0416	0.1631	0.9873	0.1539	0.3396	-0.1747	0.3619	0.4071	0.8347	1.7810	1.2512	0.8060	0.2498	
0.0667	 1.61268292519962E-0003	2.0346	-0.8712	-0.2659	0.6993	1.1169	2.0356	-0.0442	0.1464	-0.7765	0.3178	1.6406	1.5685	-0.7081	-0.0929	-0.0056	0.9569	0.3379	0.6565	-0.3797	0.1644	0.2093	0.7038	2.0346	1.4956	0.9699	0.3584	-0.9222	-0.2869	0.7261	1.1729	2.0186	-0.0992	0.1141	-0.8222	0.2653	1.7054	1.6131	-0.6995	-0.1069	-0.0361	0.9532	0.3752	0.7193	-0.4221	0.1240	0.1710	0.6780	2.0818	1.5444	1.0009	0.3771	
0.1000	 4.24216231222296E-0003	2.3025	-1.1600	-0.3884	0.8367	1.4206	1.9677	-0.3130	-0.0198	-1.0266	0.0208	2.0018	1.8145	-0.6502	-0.1500	-0.1842	0.9257	0.5348	0.9955	-0.5997	-0.0474	-0.0014	0.5635	2.3025	1.7568	1.1447	0.4733	-1.2428	-0.4228	0.8798	1.5117	1.9424	-0.4004	-0.0718	-1.1005	-0.0652	2.1080	1.8868	-0.6358	-0.1715	-0.2339	0.9191	0.5957	1.0972	-0.6684	-0.1129	-0.0633	0.5229	2.3805	1.8352	1.1952	0.5044	
