Arquivo: c:\arq\medidas\BBA_0406_072001\BBA_AMP09A_V.dat
Data: 0406	 Hora:  0811
Comentário: 
NomeParametro	 ValorParametro
Nmedias	5
PausaCorretora	3000
PausaShunt	2000
PausaLeitura	500
NumCiclos	3
 NPassosCor	7
DeltaShunt	3.00
TetaIni	-0.10
TetaFim	0.10
I[mA]	  44.6
ACV07A	DeltaPos^2	AMP09A	AMP01B_0	AMP02A_0	AMP02B_0	AMP03A_0	AMP03B_0	AMP03C_0	AMP04A_0	AMP04B_0	AMP05A_0	AMP05B_0	AMP06A_0	AMP06B_0	AMP07A_0	AMP07B_0	AMP08A_0	AMP08B_0	AMP09A_0	AMP09B_0	AMP10A_0	AMP10B_0	AMU11A_0	AMU11B_0	AMP12A_0	AMP12B_0	AMP01A_0	AMP01B_1	AMP02A_1	AMP02B_1	AMP03A_1	AMP03B_1	AMP03C_1	AMP04A_1	AMP04B_1	AMP05A_1	AMP05B_1	AMP06A_1	AMP06B_1	AMP07A_1	AMP07B_1	AMP08A_1	AMP08B_1	AMP09A_1	AMP09B_1	AMP10A_1	AMP10B_1	AMU11A_1	AMU11B_1	AMP12A_1	AMP12B_1	AMP01A_1	
-0.1000	 1.43213752808245E-0003	0.7182	0.7050	0.7492	0.8474	0.7351	1.4389	-0.9108	0.1236	0.2136	1.8860	0.5095	0.5106	-1.6374	-1.0571	0.9898	1.6644	0.6487	0.7182	-1.0634	-0.0692	0.6976	1.4377	1.7138	0.7970	-0.1126	-0.9172	0.6960	0.7562	0.8848	0.7950	1.4046	-1.0024	0.0844	0.1900	1.8780	0.5551	0.5316	-1.6562	-1.1047	1.0078	1.6873	0.6884	0.7732	-1.0919	-0.0977	0.6585	1.4124	1.7660	0.8344	-0.1095	-0.9385	
-0.0667	 4.62450438863056E-0004	0.4918	0.3769	0.4996	0.7168	0.6726	1.6698	-0.4736	0.2309	0.0491	1.5650	0.6529	0.6993	-1.3765	-0.7167	0.7840	1.4598	0.4301	0.4918	-0.7122	0.1342	0.6661	1.2807	1.6507	0.8599	0.1264	-0.5803	0.3704	0.5020	0.7377	0.7075	1.6531	-0.5234	0.2089	0.0346	1.5595	0.6811	0.7127	-1.3858	-0.7423	0.7933	1.4719	0.4524	0.5238	-0.7295	0.1176	0.6438	1.2684	1.6835	0.8819	0.1296	-0.5912	
-0.0333	 2.91777301841623E-0005	0.2609	0.0437	0.2450	0.5837	0.6086	1.9043	-0.0275	0.3404	-0.1178	1.2375	0.7981	0.8906	-1.1106	-0.3700	0.5737	1.2516	0.2068	0.2609	-0.3541	0.3403	0.6343	1.1206	1.5862	0.9236	0.3693	-0.2369	0.0398	0.2434	0.5877	0.6177	1.9052	-0.0347	0.3363	-0.1227	1.2354	0.8076	0.8961	-1.1103	-0.3724	0.5747	1.2527	0.2120	0.2699	-0.3599	0.3364	0.6290	1.1217	1.5986	0.9294	0.3723	-0.2377	
0.0000	 1.76455646394363E-0004	0.0276	-0.2927	-0.0124	0.4492	0.5435	2.1398	0.4223	0.4510	-0.2863	0.9067	0.9432	1.0830	-0.8421	-0.0200	0.3620	1.0411	-0.0182	0.0276	0.0066	0.5485	0.6030	0.9592	1.5205	0.9871	0.6144	0.1083	-0.2943	-0.0183	0.4360	0.5262	2.1596	0.4585	0.4654	-0.2814	0.9077	0.9339	1.0802	-0.8317	0.0009	0.3541	1.0307	-0.0311	0.0125	0.0131	0.5578	0.6148	0.9738	1.5125	0.9771	0.6172	0.1185	
0.0333	 9.35964656865311E-0004	-0.2071	-0.6315	-0.2706	0.3137	0.4773	2.3763	0.8739	0.5624	-0.4556	0.5755	1.0887	1.2753	-0.5722	0.3307	0.1495	0.8294	-0.2450	-0.2071	0.3701	0.7583	0.5721	0.7974	1.4539	1.0507	0.8598	0.4560	-0.6304	-0.2811	0.2828	0.4336	2.4144	0.9544	0.5953	-0.4407	0.5796	1.0603	1.2642	-0.5521	0.3752	0.1329	0.8073	-0.2761	-0.2465	0.3891	0.7806	0.6015	0.8257	1.4244	1.0241	0.8624	0.4773	
0.0667	 2.28173312308796E-0003	-0.4427	-0.9695	-0.5286	0.1782	0.4115	2.6115	1.3244	0.6746	-0.6228	0.2441	1.2339	1.4664	-0.3029	0.6805	-0.0618	0.6184	-0.4715	-0.4427	0.7328	0.9680	0.5424	0.6363	1.3861	1.1129	1.1042	0.8034	-0.9660	-0.5431	0.1297	0.3408	2.6664	1.4473	0.7252	-0.5977	0.2518	1.1863	1.4474	-0.2729	0.7489	-0.0875	0.5851	-0.5208	-0.5062	0.7638	1.0037	0.5896	0.6785	1.3357	1.0699	1.1070	0.8354	
0.1000	 4.23034700496412E-0003	-0.6773	-1.3042	-0.7845	0.0427	0.3457	2.8441	1.7700	0.7856	-0.7890	-0.0854	1.3772	1.6567	-0.0355	1.0281	-0.2714	0.4091	-0.6970	-0.6773	1.0934	1.1774	0.5134	0.4770	1.3181	1.1745	1.3472	1.1487	-1.2981	-0.8036	-0.0232	0.2481	2.9171	1.9358	0.8552	-0.7540	-0.0741	1.3105	1.6288	0.0042	1.1196	-0.3054	0.3645	-0.7643	-0.7650	1.1364	1.2255	0.5779	0.5329	1.2467	1.1150	1.3496	1.1917	
