Arquivo: c:\arq\medidas\BBA_0406_072001\BBA_AMU11A_V.dat
Data: 0406	 Hora:  0823
Comentário: 
NomeParametro	 ValorParametro
Nmedias	5
PausaCorretora	3000
PausaShunt	2000
PausaLeitura	500
NumCiclos	3
 NPassosCor	7
DeltaShunt	3.00
TetaIni	-0.10
TetaFim	0.10
I[mA]	  31.6
ACV11A	DeltaPos^2	AMU11A	AMP01B_0	AMP02A_0	AMP02B_0	AMP03A_0	AMP03B_0	AMP03C_0	AMP04A_0	AMP04B_0	AMP05A_0	AMP05B_0	AMP06A_0	AMP06B_0	AMP07A_0	AMP07B_0	AMP08A_0	AMP08B_0	AMP09A_0	AMP09B_0	AMP10A_0	AMP10B_0	AMU11A_0	AMU11B_0	AMP12A_0	AMP12B_0	AMP01A_0	AMP01B_1	AMP02A_1	AMP02B_1	AMP03A_1	AMP03B_1	AMP03C_1	AMP04A_1	AMP04B_1	AMP05A_1	AMP05B_1	AMP06A_1	AMP06B_1	AMP07A_1	AMP07B_1	AMP08A_1	AMP08B_1	AMP09A_1	AMP09B_1	AMP10A_1	AMP10B_1	AMU11A_1	AMU11B_1	AMP12A_1	AMP12B_1	AMP01A_1	
-0.1000	 7.87168390376513E-0003	0.0782	-1.4452	-0.6944	0.4965	1.0437	2.4078	0.6529	0.3077	-1.0765	-0.2520	1.9137	1.9041	-0.2680	0.4300	-0.6735	0.5346	0.2655	0.8018	-0.1025	0.1872	-0.1789	0.0782	1.8655	1.6238	1.3823	0.9309	-1.5940	-0.7818	0.5045	1.1114	2.4390	0.6766	0.2865	-1.1789	-0.4022	2.0406	2.0107	-0.1950	0.4846	-0.8070	0.4712	0.3063	0.9074	-0.1223	0.1362	-0.2839	-0.0370	1.9115	1.7063	1.4808	1.0359	
-0.0667	 3.73045132367459E-0003	0.3722	-1.0710	-0.4764	0.4706	0.8654	2.3332	0.6062	0.3656	-0.8153	0.1272	1.5866	1.6339	-0.4476	0.2997	-0.3408	0.6913	0.1580	0.5308	-0.0458	0.3201	0.0853	0.3722	1.7423	1.4104	1.1351	0.6709	-1.1730	-0.5364	0.4760	0.9119	2.3549	0.6226	0.3513	-0.8859	0.0240	1.6743	1.7073	-0.3973	0.3378	-0.4330	0.6471	0.1857	0.6029	-0.0586	0.2854	0.0129	0.2926	1.7739	1.4676	1.2030	0.7432	
-0.0333	 1.00492825857176E-0003	0.6721	-0.6881	-0.2533	0.4448	0.6839	2.2558	0.5576	0.4242	-0.5485	0.5137	1.2535	1.3579	-0.6313	0.1657	-0.0012	0.8516	0.0492	0.2556	0.0102	0.4546	0.3548	0.6721	1.6160	1.1924	0.8821	0.4064	-0.7414	-0.2846	0.4476	0.7081	2.2675	0.5660	0.4167	-0.5851	0.4602	1.2986	1.3958	-0.6053	0.1853	-0.0490	0.8286	0.0636	0.2930	0.0040	0.4367	0.3171	0.6306	1.6324	1.2221	0.9177	0.4435	
0.0000	 3.12167732859916E-0006	0.9747	-0.3008	-0.0284	0.4192	0.5009	2.1779	0.5078	0.4833	-0.2793	0.9024	0.9158	1.0789	-0.8176	0.0290	0.3425	1.0144	-0.0601	-0.0223	0.0658	0.5902	0.6272	0.9747	1.4880	0.9708	0.6265	0.1387	-0.3037	-0.0302	0.4191	0.5020	2.1783	0.5081	0.4830	-0.2814	0.8993	0.9179	1.0810	-0.8160	0.0303	0.3394	1.0130	-0.0594	-0.0203	0.0658	0.5896	0.6249	0.9722	1.4885	0.9726	0.6283	0.1407	
0.0333	 8.13264035395882E-0004	1.2777	0.0870	0.1982	0.3933	0.3170	2.0984	0.4569	0.5422	-0.0089	1.2932	0.5777	0.7981	-1.0048	-0.1088	0.6877	1.1778	-0.1692	-0.3001	0.1212	0.7262	0.9008	1.2777	1.3592	0.7480	0.3691	-0.1297	0.1348	0.2264	0.3909	0.2955	2.0881	0.4489	0.5487	0.0241	1.3408	0.5362	0.7635	-1.0284	-0.1265	0.7303	1.1984	-0.1820	-0.3338	0.1272	0.7419	0.9347	1.3143	1.3435	0.7212	0.3372	-0.1632	
0.0667	 3.44929990995119E-0003	1.5810	0.4748	0.4244	0.3685	0.1339	2.0184	0.4045	0.6005	0.2611	1.6828	0.2384	0.5169	-1.1918	-0.2475	1.0329	1.3407	-0.2780	-0.5780	0.1756	0.8617	1.1742	1.5810	1.2316	0.5254	0.1114	-0.3994	0.5732	0.4822	0.3632	0.0892	1.9968	0.3882	0.6141	0.3288	1.7810	0.1534	0.4459	-1.2401	-0.2842	1.1212	1.3836	-0.3046	-0.6469	0.1879	0.8952	1.2437	1.6565	1.2002	0.4696	0.0458	-0.4688	
0.1000	 7.76431981045727E-0003	1.8818	0.8603	0.6491	0.3434	-0.0487	1.9385	0.3529	0.6585	0.5289	2.0688	-0.0994	0.2376	-1.3773	-0.3844	1.3753	1.5031	-0.3865	-0.8543	0.2302	0.9965	1.4453	1.8818	1.1041	0.3038	-0.1447	-0.6677	1.0087	0.7363	0.3361	-0.1157	1.9056	0.3274	0.6787	0.6307	2.2153	-0.2268	0.1312	-1.4500	-0.4396	1.5069	1.5667	-0.4261	-0.9580	0.2479	1.0463	1.5495	1.9953	1.0569	0.2201	-0.2434	-0.7722	
