Arquivo: c:\arq\medidas\BBA_0406_072001\BBA_AMP04A_V.dat
Data: 0406	 Hora:  0740
Comentário: 
NomeParametro	 ValorParametro
Nmedias	5
PausaCorretora	3000
PausaShunt	2000
PausaLeitura	500
NumCiclos	3
 NPassosCor	7
DeltaShunt	3.00
TetaIni	-0.10
TetaFim	0.10
I[mA]	 126.1
ACV11A	DeltaPos^2	AMP04A	AMP01B_0	AMP02A_0	AMP02B_0	AMP03A_0	AMP03B_0	AMP03C_0	AMP04A_0	AMP04B_0	AMP05A_0	AMP05B_0	AMP06A_0	AMP06B_0	AMP07A_0	AMP07B_0	AMP08A_0	AMP08B_0	AMP09A_0	AMP09B_0	AMP10A_0	AMP10B_0	AMU11A_0	AMU11B_0	AMP12A_0	AMP12B_0	AMP01A_0	AMP01B_1	AMP02A_1	AMP02B_1	AMP03A_1	AMP03B_1	AMP03C_1	AMP04A_1	AMP04B_1	AMP05A_1	AMP05B_1	AMP06A_1	AMP06B_1	AMP07A_1	AMP07B_1	AMP08A_1	AMP08B_1	AMP09A_1	AMP09B_1	AMP10A_1	AMP10B_1	AMU11A_1	AMU11B_1	AMP12A_1	AMP12B_1	AMP01A_1	
-0.1000	 1.26349329039843E-0005	0.3527	-1.3531	-0.6624	0.4572	0.9633	2.4154	0.7122	0.3527	-1.0030	-0.1663	1.8117	1.8169	-0.3353	0.3539	-0.5742	0.5921	0.2696	0.7636	-0.1587	0.1850	-0.1031	0.1683	1.8000	1.5382	1.3264	0.8868	-1.3493	-0.6593	0.4601	0.9659	2.4112	0.7037	0.3494	-1.0051	-0.1694	1.8173	1.8199	-0.3356	0.3522	-0.5754	0.5925	0.2730	0.7680	-0.1628	0.1818	-0.1059	0.1671	1.8042	1.5414	1.3253	0.8820	
-0.0667	 3.17251927147593E-0006	0.3898	-1.0243	-0.4643	0.4479	0.8253	2.3355	0.6367	0.3898	-0.7780	0.1649	1.5306	1.5830	-0.4896	0.2442	-0.2863	0.7249	0.1666	0.5167	-0.0925	0.3111	0.1252	0.4179	1.7064	1.3602	1.1058	0.6494	-1.0216	-0.4626	0.4491	0.8259	2.3336	0.6332	0.3885	-0.7790	0.1633	1.5337	1.5842	-0.4894	0.2442	-0.2875	0.7246	0.1680	0.5183	-0.0942	0.3099	0.1237	0.4169	1.7092	1.3625	1.1056	0.6465	
-0.0333	 5.48787320982539E-0007	0.4276	-0.6887	-0.2629	0.4384	0.6851	2.2537	0.5599	0.4276	-0.5489	0.5013	1.2446	1.3446	-0.6467	0.1322	0.0062	0.8603	0.0621	0.2664	-0.0263	0.4385	0.3574	0.6719	1.6106	1.1786	0.8814	0.4078	-0.6869	-0.2622	0.4382	0.6840	2.2537	0.5605	0.4278	-0.5482	0.5016	1.2447	1.3444	-0.6464	0.1329	0.0061	0.8603	0.0619	0.2651	-0.0260	0.4389	0.3575	0.6715	1.6119	1.1798	0.8816	0.4064	
0.0000	 3.51195645339685E-0006	0.4656	-0.3496	-0.0593	0.4292	0.5439	2.1705	0.4818	0.4656	-0.3184	0.8394	0.9555	1.1038	-0.8057	0.0181	0.3024	0.9972	-0.0426	0.0134	0.0395	0.5667	0.5924	0.9280	1.5138	0.9947	0.6544	0.1638	-0.3487	-0.0599	0.4275	0.5408	2.1725	0.4862	0.4674	-0.3161	0.8412	0.9531	1.1023	-0.8052	0.0200	0.3024	0.9968	-0.0443	0.0101	0.0422	0.5689	0.5935	0.9279	1.5134	0.9950	0.6552	0.1644	
0.0333	 1.28534159226047E-0005	0.5033	-0.0101	0.1455	0.4203	0.4023	2.0864	0.4027	0.5033	-0.0868	1.1789	0.6659	0.8619	-0.9654	-0.0966	0.5988	1.1348	-0.1477	-0.2392	0.1058	0.6951	0.8280	1.1845	1.4163	0.8098	0.4262	-0.0806	-0.0104	0.1438	0.4170	0.3972	2.0905	0.4115	0.5065	-0.0832	1.1828	0.6607	0.8585	-0.9649	-0.0934	0.6000	1.1343	-0.1512	-0.2450	0.1105	0.6991	0.8300	1.1848	1.4143	0.8089	0.4275	-0.0783	
0.0667	 2.81885388737590E-0005	0.5413	0.3296	0.3503	0.4111	0.2601	2.0025	0.3234	0.5413	0.1452	1.5185	0.3745	0.6188	-1.1251	-0.2116	0.8959	1.2729	-0.2530	-0.4928	0.1718	0.8246	1.0643	1.4411	1.3187	0.6240	0.1974	-0.3261	0.3285	0.3474	0.4061	0.2531	2.0083	0.3368	0.5461	0.1503	1.5240	0.3665	0.6140	-1.1245	-0.2070	0.8975	1.2716	-0.2580	-0.5009	0.1786	0.8305	1.0678	1.4421	1.3150	0.6226	0.1993	-0.3220	
0.1000	 4.97759355952753E-0005	0.5788	0.6684	0.5538	0.4022	0.1192	1.9182	0.2435	0.5788	0.3758	1.8559	0.0839	0.3770	-1.2843	-0.3261	1.1916	1.4096	-0.3574	-0.7451	0.2370	0.9529	1.2986	1.6972	1.2222	0.4395	-0.0308	-0.5715	0.6661	0.5499	0.3958	0.1101	1.9260	0.2611	0.5851	0.3824	1.8630	0.0733	0.3707	-1.2831	-0.3209	1.1942	1.4086	-0.3641	-0.7561	0.2461	0.9604	1.3036	1.6983	1.2169	0.4368	-0.0282	-0.5656	
