Arquivo: c:\arq\medidas\BBA_0406_072001\BBA_AMP10B_V.dat
Data: 0406	 Hora:  0820
Comentário: 
NomeParametro	 ValorParametro
Nmedias	5
PausaCorretora	3000
PausaShunt	2000
PausaLeitura	500
NumCiclos	3
 NPassosCor	7
DeltaShunt	3.00
TetaIni	-0.10
TetaFim	0.10
I[mA]	  32.2
ACV01B	DeltaPos^2	AMP10B	AMP01B_0	AMP02A_0	AMP02B_0	AMP03A_0	AMP03B_0	AMP03C_0	AMP04A_0	AMP04B_0	AMP05A_0	AMP05B_0	AMP06A_0	AMP06B_0	AMP07A_0	AMP07B_0	AMP08A_0	AMP08B_0	AMP09A_0	AMP09B_0	AMP10A_0	AMP10B_0	AMU11A_0	AMU11B_0	AMP12A_0	AMP12B_0	AMP01A_0	AMP01B_1	AMP02A_1	AMP02B_1	AMP03A_1	AMP03B_1	AMP03C_1	AMP04A_1	AMP04B_1	AMP05A_1	AMP05B_1	AMP06A_1	AMP06B_1	AMP07A_1	AMP07B_1	AMP08A_1	AMP08B_1	AMP09A_1	AMP09B_1	AMP10A_1	AMP10B_1	AMU11A_1	AMU11B_1	AMP12A_1	AMP12B_1	AMP01A_1	
-0.1000	 1.93099281840210E-0004	-0.0194	-1.3286	-0.7901	-0.0232	0.2383	2.9092	1.9324	0.8575	-0.7414	-0.0503	1.2850	1.6128	-0.0073	1.0434	-0.8478	0.2257	-0.2791	0.1122	0.6821	0.7234	-0.0194	0.0846	1.9729	1.6631	1.2876	0.7561	-1.3483	-0.7994	-0.0161	0.2561	2.9090	1.9207	0.8492	-0.7578	-0.0706	1.3076	1.6287	-0.0014	1.0439	-0.8620	0.2215	-0.2678	0.1329	0.6726	0.7119	-0.0347	0.0665	1.9877	1.6801	1.2997	0.7653	
-0.0667	 7.34570582005788E-0005	0.1851	-1.0047	-0.5490	0.1187	0.3238	2.6777	1.4797	0.7375	-0.5972	0.2504	1.1711	1.4454	-0.2642	0.7206	-0.4711	0.4755	-0.2083	0.0709	0.4857	0.6808	0.1851	0.3664	1.8193	1.4443	1.0789	0.5615	-1.0172	-0.5550	0.1226	0.3343	2.6781	1.4735	0.7327	-0.6070	0.2376	1.1845	1.4554	-0.2600	0.7221	-0.4805	0.4728	-0.2018	0.0843	0.4805	0.6735	0.1758	0.3554	1.8286	1.4547	1.0869	0.5676	
-0.0333	 1.12623378891559E-0005	0.3939	-0.6722	-0.3024	0.2629	0.4102	2.4402	1.0161	0.6153	-0.4484	0.5581	1.0530	1.2734	-0.5269	0.3910	-0.0852	0.7317	-0.1364	0.0292	0.2844	0.6356	0.3939	0.6542	1.6616	1.2201	0.8655	0.3625	-0.6770	-0.3049	0.2638	0.4143	2.4417	1.0150	0.6139	-0.4525	0.5530	1.0581	1.2775	-0.5248	0.3925	-0.0893	0.7298	-0.1343	0.0340	0.2837	0.6338	0.3905	0.6505	1.6665	1.2244	0.8687	0.3652	
0.0000	 7.32064365530688E-0006	0.6082	-0.3307	-0.0492	0.4103	0.4988	2.1946	0.5385	0.4900	-0.2951	0.8735	0.9315	1.0960	-0.7969	0.0523	0.3106	0.9945	-0.0619	-0.0136	0.0775	0.5903	0.6082	0.9494	1.4997	0.9886	0.6457	0.1580	-0.3275	-0.0481	0.4087	0.4957	2.1979	0.5425	0.4923	-0.2927	0.8768	0.9274	1.0938	-0.7970	0.0541	0.3122	0.9941	-0.0644	-0.0169	0.0817	0.5934	0.6116	0.9537	1.4986	0.9867	0.6443	0.1569	
0.0333	 6.42427645761100E-0005	0.8223	0.0085	0.2030	0.5570	0.5873	1.9499	0.0621	0.3648	-0.1427	1.1883	0.8109	0.9193	-1.0657	-0.2863	0.7052	1.2558	0.0119	-0.0557	-0.1286	0.5453	0.8223	1.2421	1.3379	0.7583	0.4273	-0.0449	0.0194	0.2078	0.5525	0.5774	1.9535	0.0712	0.3708	-0.1337	1.1993	0.7980	0.9105	-1.0679	-0.2844	0.7121	1.2575	0.0051	-0.0672	-0.1204	0.5534	0.8307	1.2543	1.3316	0.7501	0.4209	-0.0497	
0.0667	 1.82775601115450E-0004	1.0366	0.3477	0.4553	0.7046	0.6764	1.7026	-0.4178	0.2392	0.0100	1.5036	0.6894	0.7416	-1.3348	-0.6261	1.1007	1.5177	0.0863	-0.0981	-0.3354	0.4999	1.0366	1.5364	1.1758	0.5265	0.2077	-0.2486	0.3666	0.4635	0.6972	0.6596	1.7076	-0.4033	0.2489	0.0251	1.5227	0.6679	0.7266	-1.3394	-0.6243	1.1138	1.5203	0.0750	-0.1176	-0.3229	0.5128	1.0516	1.5565	1.1646	0.5119	0.1967	-0.2569	
0.1000	 3.59396894264377E-0004	1.2502	0.6854	0.7062	0.8519	0.7655	1.4555	-0.8958	0.1142	0.1623	1.8167	0.5682	0.5644	-1.6029	-0.9646	1.4936	1.7781	0.1603	-0.1405	-0.5413	0.4547	1.2502	1.8289	1.0131	0.2961	-0.0102	-0.4509	0.7120	0.7178	0.8416	0.7422	1.4613	-0.8763	0.1272	0.1835	1.8441	0.5378	0.5432	-1.6094	-0.9627	1.5122	1.7829	0.1448	-0.1684	-0.5244	0.4723	1.2708	1.8569	0.9966	0.2748	-0.0259	-0.4630	
