Arquivo: c:\arq\medidas\BBA_0406_072001\BBA_AMP09A_H.dat
Data: 0406	 Hora:  0809
Comentário: 
NomeParametro	 ValorParametro
Nmedias	5
PausaCorretora	3000
PausaShunt	2000
PausaLeitura	500
NumCiclos	3
 NPassosCor	7
DeltaShunt	3.00
TetaIni	-0.10
TetaFim	0.10
I[mA]	  49.8
ACH03B	DeltaPos^2	AMP09A	AMP01B_0	AMP02A_0	AMP02B_0	AMP03A_0	AMP03B_0	AMP03C_0	AMP04A_0	AMP04B_0	AMP05A_0	AMP05B_0	AMP06A_0	AMP06B_0	AMP07A_0	AMP07B_0	AMP08A_0	AMP08B_0	AMP09A_0	AMP09B_0	AMP10A_0	AMP10B_0	AMU11A_0	AMU11B_0	AMP12A_0	AMP12B_0	AMP01A_0	AMP01B_1	AMP02A_1	AMP02B_1	AMP03A_1	AMP03B_1	AMP03C_1	AMP04A_1	AMP04B_1	AMP05A_1	AMP05B_1	AMP06A_1	AMP06B_1	AMP07A_1	AMP07B_1	AMP08A_1	AMP08B_1	AMP09A_1	AMP09B_1	AMP10A_1	AMP10B_1	AMU11A_1	AMU11B_1	AMP12A_1	AMP12B_1	AMP01A_1	
-0.1000	 4.19642891401751E-0003	1.0289	-1.1579	1.0545	-1.9229	-1.3440	-1.9232	-2.8390	-0.3297	0.1313	-1.5415	-0.5287	0.2336	-0.8464	0.5640	0.3017	-0.9955	-0.2424	1.0289	1.1915	-0.5922	-1.2981	1.0101	1.4918	-0.6317	-1.3764	-0.6346	-1.0801	0.9980	-1.9669	-1.2234	-1.7996	-2.7954	-0.3705	0.0755	-1.4788	-0.4407	0.2310	-0.8763	0.5389	0.3084	-0.9578	-0.2315	0.9258	1.0630	-0.5753	-1.2492	1.0051	1.4564	-0.6658	-1.3762	-0.5336	
-0.0667	 1.97062079963972E-0003	0.6644	-1.1676	0.9393	-1.9581	-1.0352	-1.6656	-2.7201	-0.3273	0.0464	-1.6320	-0.5241	0.3559	-0.8033	0.2474	0.0475	-0.8169	-0.0935	0.6644	0.8170	-0.4614	-1.1254	0.7976	1.2137	-0.6239	-1.2782	-0.5479	-1.1148	0.9005	-1.9879	-0.9527	-1.5816	-2.6906	-0.3556	0.0083	-1.5881	-0.4629	0.3533	-0.8239	0.2312	0.0524	-0.7916	-0.0868	0.5929	0.7284	-0.4495	-1.0918	0.7918	1.1875	-0.6462	-1.2775	-0.4803	
-0.0333	 5.42552516741883E-0004	0.2966	-1.1769	0.8223	-1.9947	-0.7222	-1.4048	-2.5998	-0.3253	-0.0398	-1.7239	-0.5200	0.4788	-0.7603	-0.0718	-0.2094	-0.6377	0.0560	0.2966	0.4396	-0.3302	-0.9520	0.5834	0.9326	-0.6167	-1.1803	-0.4604	-1.1533	0.8039	-2.0067	-0.6805	-1.3635	-2.5859	-0.3397	-0.0584	-1.6992	-0.4871	0.4770	-0.7705	-0.0788	-0.2061	-0.6230	0.0598	0.2550	0.3892	-0.3215	-0.9320	0.5736	0.9123	-0.6251	-1.1767	-0.4305	
0.0000	 4.72724397993221E-0005	-0.0676	-1.1890	0.7077	-2.0290	-0.4151	-1.1498	-2.4814	-0.3219	-0.1235	-1.8163	-0.5179	0.6010	-0.7164	-0.3878	-0.4641	-0.4605	0.2045	-0.0676	0.0657	-0.1999	-0.7802	0.3693	0.6524	-0.6086	-1.0833	-0.3765	-1.1948	0.7095	-2.0233	-0.4148	-1.1526	-2.4836	-0.3228	-0.1224	-1.8089	-0.5129	0.5986	-0.7166	-0.3826	-0.4610	-0.4573	0.2044	-0.0788	0.0548	-0.1942	-0.7740	0.3543	0.6373	-0.6012	-1.0757	-0.3859	
0.0333	 4.26539890981891E-0004	-0.4293	-1.2011	0.5935	-2.0633	-0.1097	-0.8959	-2.3641	-0.3186	-0.2068	-1.9091	-0.5172	0.7220	-0.6724	-0.7016	-0.7180	-0.2846	0.3515	-0.4293	-0.3053	-0.0707	-0.6099	0.1567	0.3736	-0.6007	-0.9866	-0.2933	-1.2326	0.6138	-2.0429	-0.1479	-0.9381	-2.3806	-0.3068	-0.1880	-1.9200	-0.5390	0.7201	-0.6633	-0.6872	-0.7152	-0.2925	0.3479	-0.4077	-0.2756	-0.0697	-0.6181	0.1431	0.3695	-0.5818	-0.9781	-0.3359	
0.0667	 1.50078384991371E-0003	-0.7928	-1.2160	0.4806	-2.0962	0.1951	-0.6433	-2.2469	-0.3141	-0.2890	-2.0033	-0.5179	0.8438	-0.6275	-1.0167	-0.9736	-0.1077	0.4993	-0.7928	-0.6780	0.0596	-0.4383	-0.0581	0.0920	-0.5906	-0.8881	-0.2129	-1.2681	0.5169	-2.0644	0.1220	-0.7204	-2.2759	-0.2906	-0.2542	-2.0333	-0.5659	0.8432	-0.6096	-0.9955	-0.9723	-0.1276	0.4925	-0.7378	-0.6083	0.0543	-0.4619	-0.0662	0.1023	-0.5638	-0.8822	-0.2820	
0.1000	 3.19557578590466E-0003	-1.1551	-1.2312	0.3674	-2.1293	0.4986	-0.3916	-2.1297	-0.3098	-0.3711	-2.0978	-0.5196	0.9650	-0.5822	-1.3306	-1.2289	0.0685	0.6464	-1.1551	-1.0497	0.1894	-0.2673	-0.2731	-0.1888	-0.5798	-0.7891	-0.1327	-1.3021	0.4186	-2.0874	0.3927	-0.5017	-2.1707	-0.2750	-0.3213	-2.1472	-0.5931	0.9655	-0.5564	-1.3040	-1.2309	0.0370	0.6365	-1.0684	-0.9416	0.1774	-0.3069	-0.2748	-0.1639	-0.5465	-0.7864	-0.2266	
