Arquivo: c:\arq\medidas\BBA_1004_064227\BBA_AMP02A_H.dat
Data: 1004	 Hora:  0645
Comentário: 
NomeParametro	 ValorParametro
Nmedias	5
PausaCorretora	3000
PausaShunt	2000
PausaLeitura	500
NumCiclos	3
 NPassosCor	7
DeltaShunt	3.00
TetaIni	-0.10
TetaFim	0.10
I[mA]	 166.2
ACH09B	DeltaPos^2	AMP02A	AMP01B_0	AMP02A_0	AMP02B_0	AMP03A_0	AMP03B_0	AMP03C_0	AMP04A_0	AMP04B_0	AMP05A_0	AMP05B_0	AMP06A_0	AMP06B_0	AMP07A_0	AMP07B_0	AMP08A_0	AMP08B_0	AMP09A_0	AMP09B_0	AMP10A_0	AMP10B_0	AMU11A_0	AMU11B_0	AMP12A_0	AMP12B_0	AMP01A_0	AMP01B_1	AMP02A_1	AMP02B_1	AMP03A_1	AMP03B_1	AMP03C_1	AMP04A_1	AMP04B_1	AMP05A_1	AMP05B_1	AMP06A_1	AMP06B_1	AMP07A_1	AMP07B_1	AMP08A_1	AMP08B_1	AMP09A_1	AMP09B_1	AMP10A_1	AMP10B_1	AMU11A_1	AMU11B_1	AMP12A_1	AMP12B_1	AMP01A_1	
-0.1000	 1.83581263979119E-0005	0.1236	-0.2442	0.1236	-2.4576	0.7049	0.0708	-1.9986	-0.5259	-0.6712	-1.5607	0.0803	0.8423	-0.8295	-1.1713	-0.9208	0.1383	0.5633	-1.3649	-1.1711	-0.0872	-0.3392	0.5490	0.5194	-0.9998	-1.1621	0.7726	-0.2422	0.1230	-2.4598	0.7083	0.0757	-1.9964	-0.5238	-0.6707	-1.5634	0.0790	0.8459	-0.8261	-1.1787	-0.9273	0.1434	0.5681	-1.3729	-1.1794	-0.0836	-0.3347	0.5454	0.5144	-0.9982	-1.1590	0.7756	
-0.0667	 1.53652464351044E-0004	0.3080	-0.5470	0.3080	-2.2970	0.3344	-0.3338	-2.1574	-0.4277	-0.4996	-1.6721	-0.1358	0.7920	-0.7765	-0.9672	-0.8191	-0.0279	0.4703	-0.9714	-0.8090	-0.1070	-0.4671	0.4872	0.5510	-0.8619	-1.1288	0.4057	-0.5434	0.3047	-2.3033	0.3464	-0.3176	-2.1498	-0.4235	-0.5006	-1.6786	-0.1369	0.8031	-0.7689	-0.9891	-0.8375	-0.0137	0.4834	-0.9937	-0.8330	-0.0965	-0.4530	0.4765	0.5360	-0.8591	-1.1201	0.4144	
-0.0333	 4.21979491497502E-0004	0.4944	-0.8540	0.4944	-2.1344	-0.0393	-0.7414	-2.3177	-0.3290	-0.3268	-1.7846	-0.3536	0.7413	-0.7230	-0.7619	-0.7175	-0.1961	0.3763	-0.5739	-0.4437	-0.1268	-0.5953	0.4233	0.5813	-0.7230	-1.0946	0.0342	-0.8495	0.4885	-2.1438	-0.0213	-0.7164	-2.3051	-0.3210	-0.3277	-1.7960	-0.3556	0.7609	-0.7104	-0.7972	-0.7476	-0.1714	0.3989	-0.6114	-0.4835	-0.1085	-0.5719	0.4050	0.5557	-0.7173	-1.0800	0.0478	
0.0000	 8.27082344171549E-0004	0.6817	-1.1642	0.6817	-1.9698	-0.4166	-1.1518	-2.4778	-0.2287	-0.1524	-1.8988	-0.5735	0.6913	-0.6682	-0.5559	-0.6163	-0.3646	0.2825	-0.1756	-0.0778	-0.1454	-0.7240	0.3572	0.6099	-0.5819	-1.0592	-0.3412	-1.1575	0.6732	-1.9834	-0.3904	-1.1160	-2.4603	-0.2185	-0.1547	-1.9145	-0.5756	0.7186	-0.6510	-0.6056	-0.6580	-0.3298	0.3140	-0.2279	-0.1334	-0.1201	-0.6906	0.3319	0.5744	-0.5749	-1.0393	-0.3220	
0.0333	 1.34475322133401E-0003	0.8692	-1.4741	0.8692	-1.8048	-0.7939	-1.5615	-2.6384	-0.1287	0.0217	-2.0138	-0.7938	0.6416	-0.6131	-0.3501	-0.5160	-0.5329	0.1887	0.2225	0.2880	-0.1634	-0.8519	0.2896	0.6371	-0.4407	-1.0234	-0.7178	-1.4658	0.8578	-1.8222	-0.7602	-1.5151	-2.6159	-0.1157	0.0183	-2.0339	-0.7962	0.6766	-0.5919	-0.4135	-0.5687	-0.4885	0.2290	0.1559	0.2173	-0.1312	-0.8094	0.2578	0.5921	-0.4319	-0.9980	-0.6928	
0.0667	 2.03307657669377E-0003	1.0560	-1.7844	1.0560	-1.6397	-1.1708	-1.9702	-2.7986	-0.0288	0.1955	-2.1294	-1.0144	0.5917	-0.5583	-0.1448	-0.4158	-0.7017	0.0949	0.6198	0.6533	-0.1811	-0.9801	0.2209	0.6633	-0.2993	-0.9876	-1.0949	-1.7747	1.0425	-1.6601	-1.1303	-1.9144	-2.7713	-0.0123	0.1919	-2.1540	-1.0173	0.6351	-0.5318	-0.2226	-0.4808	-0.6468	0.1448	0.5382	0.5661	-0.1411	-0.9274	0.1812	0.6074	-0.2876	-0.9552	-1.0656	
0.1000	 2.82081434149546E-0003	1.2430	-2.0946	1.2430	-1.4738	-1.5475	-2.3775	-2.9585	0.0722	0.3694	-2.2460	-1.2351	0.5428	-0.5025	0.0577	-0.3181	-0.8689	0.0023	1.0142	1.0152	-0.1973	-1.1061	0.1498	0.6866	-0.1565	-0.9491	-1.4715	-2.0841	1.2267	-1.4977	-1.4998	-2.3118	-2.9264	0.0914	0.3647	-2.2751	-1.2386	0.5943	-0.4712	-0.0338	-0.3945	-0.8041	0.0613	0.9182	0.9126	-0.1500	-1.0439	0.1031	0.6205	-0.1434	-0.9118	-1.4368	
