Arquivo: c:\arq\medidas\BBA_1004_064227\BBA_AMP02B_H.dat
Data: 1004	 Hora:  0648
Comentário: 
NomeParametro	 ValorParametro
Nmedias	5
PausaCorretora	3000
PausaShunt	2000
PausaLeitura	500
NumCiclos	3
 NPassosCor	7
DeltaShunt	3.00
TetaIni	-0.10
TetaFim	0.10
I[mA]	 165.8
ACH07A	DeltaPos^2	AMP02B	AMP01B_0	AMP02A_0	AMP02B_0	AMP03A_0	AMP03B_0	AMP03C_0	AMP04A_0	AMP04B_0	AMP05A_0	AMP05B_0	AMP06A_0	AMP06B_0	AMP07A_0	AMP07B_0	AMP08A_0	AMP08B_0	AMP09A_0	AMP09B_0	AMP10A_0	AMP10B_0	AMU11A_0	AMU11B_0	AMP12A_0	AMP12B_0	AMP01A_0	AMP01B_1	AMP02A_1	AMP02B_1	AMP03A_1	AMP03B_1	AMP03C_1	AMP04A_1	AMP04B_1	AMP05A_1	AMP05B_1	AMP06A_1	AMP06B_1	AMP07A_1	AMP07B_1	AMP08A_1	AMP08B_1	AMP09A_1	AMP09B_1	AMP10A_1	AMP10B_1	AMU11A_1	AMU11B_1	AMP12A_1	AMP12B_1	AMP01A_1	
-0.1000	 5.57716157637718E-0003	-2.5295	0.0720	0.2102	-2.5295	0.3835	-0.1163	-2.0015	-0.2787	-0.5273	-2.1398	-0.4505	1.1088	-0.5570	-1.6955	-1.9111	-0.0929	0.8066	-0.4189	-0.6718	-0.3572	-0.6013	1.0856	1.1182	-1.1454	-1.4089	0.9308	0.0058	0.2465	-2.5045	0.3710	-0.1615	-2.0330	-0.3275	-0.5412	-2.0507	-0.3927	1.0241	-0.6196	-1.5504	-1.7746	-0.1764	0.7180	-0.3063	-0.5367	-0.4005	-0.6746	1.1021	1.1656	-1.1364	-1.4358	0.8362	
-0.0667	 4.28199906423695E-0003	-2.3466	-0.3331	0.3661	-2.3466	0.1195	-0.4588	-2.1590	-0.2628	-0.4039	-2.0598	-0.4907	0.9700	-0.5947	-1.3195	-1.4870	-0.1861	0.6330	-0.3303	-0.4698	-0.2911	-0.6453	0.8512	0.9572	-0.9613	-1.2965	0.5128	-0.3918	0.3989	-2.3237	0.1084	-0.4988	-2.1869	-0.3055	-0.4155	-1.9821	-0.4409	0.8961	-0.6488	-1.1922	-1.3675	-0.2593	0.5558	-0.2317	-0.3512	-0.3283	-0.7096	0.8655	0.9988	-0.9525	-1.3197	0.4295	
-0.0333	 3.17502155114055E-0003	-2.1596	-0.7447	0.5246	-2.1596	-0.1478	-0.8047	-2.3187	-0.2466	-0.2791	-1.9796	-0.5324	0.8300	-0.6320	-0.9384	-1.0569	-0.2804	0.4573	-0.2417	-0.2659	-0.2229	-0.6896	0.6116	0.7923	-0.7746	-1.1823	0.0876	-0.7949	0.5530	-2.1404	-0.1570	-0.8389	-2.3423	-0.2826	-0.2889	-1.9127	-0.4893	0.7662	-0.6787	-0.8286	-0.9536	-0.3429	0.3907	-0.1566	-0.1636	-0.2553	-0.7448	0.6245	0.8288	-0.7672	-1.2023	0.0166	
0.0000	 2.23353664928304E-0003	-1.9724	-1.1577	0.6831	-1.9724	-0.4159	-1.1512	-2.4774	-0.2306	-0.1546	-1.8992	-0.5738	0.6894	-0.6698	-0.5563	-0.6247	-0.3738	0.2812	-0.1545	-0.0627	-0.1542	-0.7334	0.3698	0.6253	-0.5870	-1.0676	-0.3395	-1.1985	0.7071	-1.9561	-0.4242	-1.1800	-2.4971	-0.2606	-0.1621	-1.8433	-0.5382	0.6358	-0.7083	-0.4639	-0.5385	-0.4265	0.2252	-0.0828	0.0235	-0.1817	-0.7797	0.3813	0.6568	-0.5802	-1.0842	-0.3989	
0.0333	 1.43536418470232E-0003	-1.7833	-1.5716	0.8428	-1.7833	-0.6853	-1.4985	-2.6369	-0.2142	-0.0290	-1.8192	-0.6167	0.5482	-0.7071	-0.1716	-0.1905	-0.4676	0.1037	-0.0679	0.1413	-0.0847	-0.7766	0.1262	0.4564	-0.3984	-0.9516	-0.7698	-1.6040	0.8623	-1.7699	-0.6924	-1.5219	-2.6528	-0.2375	-0.0344	-1.7747	-0.5884	0.5052	-0.7377	-0.0982	-0.1221	-0.5098	0.0588	-0.0097	0.2113	-0.1067	-0.8136	0.1365	0.4828	-0.3924	-0.9647	-0.8174	
0.0667	 8.21722271498056E-0004	-1.5936	-1.9852	1.0020	-1.5936	-0.9556	-1.8454	-2.7962	-0.1967	0.0971	-1.7404	-0.6604	0.4076	-0.7439	0.2103	0.2413	-0.5602	-0.0733	0.0169	0.3431	-0.0146	-0.8190	-0.1188	0.2855	-0.2085	-0.8342	-1.2002	-2.0091	1.0170	-1.5835	-0.9607	-1.8630	-2.8078	-0.2141	0.0933	-1.7065	-0.6393	0.3752	-0.7664	0.2659	0.2928	-0.5921	-0.1068	0.0616	0.3965	-0.0313	-0.8469	-0.1106	0.3064	-0.2038	-0.8444	-1.2362	
0.1000	 3.81044975818201E-0004	-1.4045	-2.3959	1.1607	-1.4045	-1.2255	-2.1910	-2.9543	-0.1784	0.2230	-1.6624	-0.7048	0.2678	-0.7799	0.5901	0.6705	-0.6524	-0.2493	0.1008	0.5431	0.0560	-0.8606	-0.3649	0.1135	-0.0192	-0.7171	-1.6292	-2.4109	1.1713	-1.3976	-1.2286	-2.2024	-2.9621	-0.1899	0.2207	-1.6398	-0.6908	0.2461	-0.7946	0.6281	0.7054	-0.6740	-0.2716	0.1321	0.5803	0.0445	-0.8795	-0.3578	0.1294	-0.0157	-0.7239	-1.6529	
