Arquivo: c:\arq\medidas\BBA_1004_064227\BBA_AMP04A_H.dat
Data: 1004	 Hora:  0701
Comentário: 
NomeParametro	 ValorParametro
Nmedias	5
PausaCorretora	3000
PausaShunt	2000
PausaLeitura	500
NumCiclos	3
 NPassosCor	7
DeltaShunt	3.00
TetaIni	-0.10
TetaFim	0.10
I[mA]	 163.2
ACH09A	DeltaPos^2	AMP04A	AMP01B_0	AMP02A_0	AMP02B_0	AMP03A_0	AMP03B_0	AMP03C_0	AMP04A_0	AMP04B_0	AMP05A_0	AMP05B_0	AMP06A_0	AMP06B_0	AMP07A_0	AMP07B_0	AMP08A_0	AMP08B_0	AMP09A_0	AMP09B_0	AMP10A_0	AMP10B_0	AMU11A_0	AMU11B_0	AMP12A_0	AMP12B_0	AMP01A_0	AMP01B_1	AMP02A_1	AMP02B_1	AMP03A_1	AMP03B_1	AMP03C_1	AMP04A_1	AMP04B_1	AMP05A_1	AMP05B_1	AMP06A_1	AMP06B_1	AMP07A_1	AMP07B_1	AMP08A_1	AMP08B_1	AMP09A_1	AMP09B_1	AMP10A_1	AMP10B_1	AMU11A_1	AMU11B_1	AMP12A_1	AMP12B_1	AMP01A_1	
-0.1000	 2.17294873398568E-0003	-0.6258	-0.4533	0.1508	-2.3846	0.7110	-0.0014	-2.0628	-0.6258	-0.6784	-1.2808	0.2808	0.6579	-0.9677	-0.7725	-0.5330	-0.0269	0.3723	-1.0948	-1.2116	-0.0122	-0.3042	0.3499	0.3323	-0.9115	-1.0753	0.5951	-0.3893	0.1403	-2.4174	0.6774	-0.0109	-2.0547	-0.6054	-0.6513	-1.3314	0.2109	0.6457	-0.9582	-0.7560	-0.5413	-0.0697	0.3504	-1.0218	-1.1543	-0.0680	-0.3527	0.4354	0.4226	-0.9563	-1.1298	0.6371	
-0.0667	 1.67423191888612E-0003	-0.4965	-0.6843	0.3271	-2.2493	0.3371	-0.3837	-2.2003	-0.4965	-0.5040	-1.4806	0.0006	0.6636	-0.8721	-0.6903	-0.5522	-0.1455	0.3365	-0.7800	-0.8276	-0.0619	-0.4491	0.3609	0.4341	-0.8057	-1.0748	0.2871	-0.6278	0.3175	-2.2784	0.3080	-0.3916	-2.1931	-0.4781	-0.4802	-1.5249	-0.0607	0.6529	-0.8639	-0.6758	-0.5597	-0.1827	0.3175	-0.7162	-0.7773	-0.1110	-0.4913	0.4358	0.5133	-0.8453	-1.1227	0.3246	
-0.0333	 1.23246598581890E-0003	-0.3657	-0.9183	0.5050	-2.1123	-0.0397	-0.7685	-2.3389	-0.3657	-0.3284	-1.6826	-0.2826	0.6701	-0.7753	-0.6091	-0.5730	-0.2639	0.3016	-0.4640	-0.4407	-0.1110	-0.5939	0.3704	0.5354	-0.6993	-1.0742	-0.0233	-0.8694	0.4970	-2.1368	-0.0655	-0.7757	-2.3327	-0.3498	-0.3076	-1.7206	-0.3353	0.6613	-0.7680	-0.5969	-0.5799	-0.2959	0.2855	-0.4093	-0.3977	-0.1534	-0.6304	0.4346	0.6031	-0.7324	-1.1147	0.0089	
0.0000	 8.59861699319276E-0004	-0.2348	-1.1519	0.6822	-1.9753	-0.4175	-1.1531	-2.4768	-0.2348	-0.1533	-1.8849	-0.5657	0.6772	-0.6786	-0.5289	-0.5947	-0.3821	0.2668	-0.1488	-0.0547	-0.1604	-0.7392	0.3791	0.6355	-0.5918	-1.0730	-0.3349	-1.1115	0.6757	-1.9961	-0.4390	-1.1592	-2.4716	-0.2209	-0.1353	-1.9167	-0.6099	0.6699	-0.6720	-0.5189	-0.6009	-0.4089	0.2532	-0.1032	-0.0191	-0.1958	-0.7697	0.4329	0.6923	-0.6194	-1.1064	-0.3080	
0.0333	 5.53397166194158E-0004	-0.1034	-1.3873	0.8601	-1.8371	-0.7959	-1.5382	-2.6153	-0.1034	0.0225	-2.0886	-0.8500	0.6852	-0.5806	-0.4508	-0.6190	-0.4995	0.2331	0.1648	0.3303	-0.2082	-0.8833	0.3857	0.7338	-0.4831	-1.0699	-0.6479	-1.3549	0.8553	-1.8535	-0.8132	-1.5429	-2.6110	-0.0916	0.0375	-2.1144	-0.8858	0.6796	-0.5747	-0.4432	-0.6245	-0.5207	0.2227	0.2011	0.3584	-0.2367	-0.9073	0.4291	0.7792	-0.5054	-1.0970	-0.6263	
0.0667	 3.11660368837877E-0004	0.0280	-1.6223	1.0373	-1.6993	-1.1733	-1.9216	-2.7532	0.0280	0.1980	-2.2924	-1.1342	0.6935	-0.4823	-0.3738	-0.6443	-0.6166	0.2002	0.4776	0.7143	-0.2562	-1.0273	0.3922	0.8313	-0.3749	-1.0674	-0.9610	-1.5978	1.0341	-1.7112	-1.1869	-1.9256	-2.7499	0.0376	0.2100	-2.3124	-1.1619	0.6896	-0.4775	-0.3683	-0.6488	-0.6323	0.1926	0.5048	0.7350	-0.2771	-1.0451	0.4245	0.8653	-0.3913	-1.0872	-0.9452	
0.1000	 1.41392097240113E-0004	0.1599	-1.8566	1.2138	-1.5611	-1.5492	-2.3025	-2.8904	0.1599	0.3723	-2.4967	-1.4178	0.7032	-0.3835	-0.2995	-0.6713	-0.7320	0.1683	0.7872	1.0943	-0.3031	-1.1695	0.3973	0.9271	-0.2664	-1.0639	-1.2723	-1.8397	1.2118	-1.5691	-1.5583	-2.3053	-2.8880	0.1668	0.3812	-2.5099	-1.4365	0.7008	-0.3797	-0.2958	-0.6751	-0.7425	0.1633	0.8051	1.1081	-0.3175	-1.1811	0.4189	0.9496	-0.2777	-1.0774	-1.2617	
