Arquivo: c:\arq\medidas\BBA_1004_064227\BBA_AMP07A_H.dat
Data: 1004	 Hora:  0719
Comentário: 
NomeParametro	 ValorParametro
Nmedias	5
PausaCorretora	3000
PausaShunt	2000
PausaLeitura	500
NumCiclos	3
 NPassosCor	7
DeltaShunt	3.00
TetaIni	-0.10
TetaFim	0.10
I[mA]	  80.2
ACH01B	DeltaPos^2	AMP07A	AMP01B_0	AMP02A_0	AMP02B_0	AMP03A_0	AMP03B_0	AMP03C_0	AMP04A_0	AMP04B_0	AMP05A_0	AMP05B_0	AMP06A_0	AMP06B_0	AMP07A_0	AMP07B_0	AMP08A_0	AMP08B_0	AMP09A_0	AMP09B_0	AMP10A_0	AMP10B_0	AMU11A_0	AMU11B_0	AMP12A_0	AMP12B_0	AMP01A_0	AMP01B_1	AMP02A_1	AMP02B_1	AMP03A_1	AMP03B_1	AMP03C_1	AMP04A_1	AMP04B_1	AMP05A_1	AMP05B_1	AMP06A_1	AMP06B_1	AMP07A_1	AMP07B_1	AMP08A_1	AMP08B_1	AMP09A_1	AMP09B_1	AMP10A_1	AMP10B_1	AMU11A_1	AMU11B_1	AMP12A_1	AMP12B_1	AMP01A_1	
-0.1000	 5.83780770935744E-0003	0.7912	-2.0035	0.6591	-1.7152	-0.0943	-1.1303	-2.6122	-0.6626	-0.3068	-0.8281	0.2763	0.0570	-1.1971	0.7912	0.7342	-0.8789	-0.3617	0.6131	0.9865	-0.2200	-1.1208	0.1721	0.6889	-0.2269	-0.9874	-1.3430	-1.8613	0.6052	-1.7797	-0.0034	-1.0133	-2.5589	-0.6693	-0.3492	-0.8524	0.2936	0.1030	-1.1860	0.6612	0.5847	-0.8469	-0.3005	0.5836	0.9165	-0.2444	-1.1063	0.2564	0.7474	-0.2920	-1.0277	-1.1952	
-0.0667	 2.72076532227167E-0003	0.3892	-1.7352	0.6568	-1.8023	-0.1791	-1.1246	-2.5679	-0.5402	-0.2686	-1.1466	0.0250	0.2455	-1.0455	0.3892	0.3324	-0.7278	-0.1722	0.3737	0.6657	-0.1998	-1.0054	0.2250	0.6593	-0.3459	-1.0139	-1.0197	-1.6380	0.6200	-1.8461	-0.1168	-1.0445	-2.5318	-0.5445	-0.2975	-1.1630	0.0368	0.2772	-1.0377	0.3003	0.2299	-0.7058	-0.1303	0.3527	0.6173	-0.2158	-0.9949	0.2818	0.6983	-0.3898	-1.0409	-0.9187	
-0.0333	 7.48942478358829E-0004	-0.0159	-1.4635	0.6542	-1.8910	-0.2649	-1.1192	-2.5236	-0.4170	-0.2303	-1.4669	-0.2287	0.4353	-0.8926	-0.0159	-0.0725	-0.5755	0.0182	0.1313	0.3418	-0.1787	-0.8885	0.2775	0.6284	-0.4660	-1.0405	-0.6928	-1.4130	0.6356	-1.9130	-0.2324	-1.0780	-2.5049	-0.4187	-0.2449	-1.4752	-0.2222	0.4524	-0.8880	-0.0640	-0.1284	-0.5631	0.0411	0.1181	0.3142	-0.1865	-0.8820	0.3052	0.6468	-0.4882	-1.0538	-0.6412	
0.0000	 1.02742035581737E-0005	-0.4250	-1.1928	0.6538	-1.9779	-0.3542	-1.1169	-2.4804	-0.2915	-0.1898	-1.7903	-0.4858	0.6266	-0.7377	-0.4250	-0.4816	-0.4214	0.2107	-0.1149	0.0134	-0.1562	-0.7700	0.3276	0.5947	-0.5850	-1.0657	-0.3661	-1.1899	0.6532	-1.9779	-0.3514	-1.1146	-2.4792	-0.2911	-0.1903	-1.7902	-0.4847	0.6288	-0.7360	-0.4309	-0.4899	-0.4184	0.2145	-0.1200	0.0073	-0.1548	-0.7670	0.3250	0.5913	-0.5847	-1.0642	-0.3642	
0.0333	 6.33515265474784E-0004	-0.8360	-0.9214	0.6536	-2.0649	-0.4450	-1.1164	-2.4373	-0.1654	-0.1488	-2.1144	-0.7451	0.8181	-0.5818	-0.8360	-0.8930	-0.2666	0.4035	-0.3623	-0.3157	-0.1330	-0.6506	0.3768	0.5599	-0.7040	-1.0903	-0.0398	-0.9695	0.6720	-2.0408	-0.4729	-1.1548	-2.4549	-0.1620	-0.1346	-2.1036	-0.7483	0.8050	-0.5831	-0.7967	-0.8514	-0.2733	0.3878	-0.3592	-0.2996	-0.1217	-0.6511	0.3414	0.5329	-0.6794	-1.0732	-0.0917	
0.0667	 2.84712527598286E-0003	-1.2460	-0.6499	0.6539	-2.1513	-0.5370	-1.1168	-2.3952	-0.0390	-0.1075	-2.4376	-1.0051	1.0092	-0.4256	-1.2460	-1.3038	-0.1114	0.5958	-0.6113	-0.6459	-0.1095	-0.5311	0.4248	0.5239	-0.8232	-1.1147	0.2853	-0.7523	0.6923	-2.1022	-0.5957	-1.1973	-2.4316	-0.0332	-0.0778	-2.4150	-1.0113	0.9802	-0.4302	-1.1594	-1.2100	-0.1279	0.5603	-0.5992	-0.6060	-0.0880	-0.5351	0.3547	0.4718	-0.7733	-1.0810	0.1761	
0.1000	 6.00143284906213E-0003	-1.6544	-0.3794	0.6542	-2.2385	-0.6296	-1.1182	-2.3536	0.0866	-0.0665	-2.7597	-1.2652	1.1995	-0.2699	-1.6544	-1.7134	0.0428	0.7868	-0.8605	-0.9761	-0.0862	-0.4121	0.4721	0.4868	-0.9423	-1.1393	0.6102	-0.5278	0.7092	-2.1692	-0.7165	-1.2354	-2.4070	0.0944	-0.0232	-2.7280	-1.2756	1.1561	-0.2783	-1.5258	-1.5714	0.0162	0.7321	-0.8374	-0.9120	-0.0574	-0.4208	0.3767	0.4177	-0.8726	-1.0935	0.4545	
