Arquivo: c:\arq\medidas\BBA_1004_064227\BBA_AMP06B_H.dat
Data: 1004	 Hora:  0716
Comentário: 
NomeParametro	 ValorParametro
Nmedias	5
PausaCorretora	3000
PausaShunt	2000
PausaLeitura	500
NumCiclos	3
 NPassosCor	7
DeltaShunt	3.00
TetaIni	-0.10
TetaFim	0.10
I[mA]	  83.9
ACH01A	DeltaPos^2	AMP06B	AMP01B_0	AMP02A_0	AMP02B_0	AMP03A_0	AMP03B_0	AMP03C_0	AMP04A_0	AMP04B_0	AMP05A_0	AMP05B_0	AMP06A_0	AMP06B_0	AMP07A_0	AMP07B_0	AMP08A_0	AMP08B_0	AMP09A_0	AMP09B_0	AMP10A_0	AMP10B_0	AMU11A_0	AMU11B_0	AMP12A_0	AMP12B_0	AMP01A_0	AMP01B_1	AMP02A_1	AMP02B_1	AMP03A_1	AMP03B_1	AMP03C_1	AMP04A_1	AMP04B_1	AMP05A_1	AMP05B_1	AMP06A_1	AMP06B_1	AMP07A_1	AMP07B_1	AMP08A_1	AMP08B_1	AMP09A_1	AMP09B_1	AMP10A_1	AMP10B_1	AMU11A_1	AMU11B_1	AMP12A_1	AMP12B_1	AMP01A_1	
-0.1000	 6.93075703080212E-0004	-1.1255	-2.2121	0.8062	-1.5951	-0.3985	-1.4449	-2.7278	-0.5625	-0.1638	-0.9741	0.0630	0.0567	-1.1255	0.8677	0.7439	-0.9647	-0.3950	0.8342	1.1726	-0.3335	-1.2218	0.4075	0.9446	-0.2988	-1.0945	-1.2446	-2.1648	0.7919	-1.6198	-0.3997	-1.4317	-2.7165	-0.5559	-0.1719	-1.0168	0.0335	0.0773	-1.1116	0.8527	0.7152	-0.9782	-0.3952	0.8582	1.1830	-0.3615	-1.2402	0.4547	0.9891	-0.3290	-1.1242	-1.2057	
-0.0667	 4.05978570110666E-0004	-0.9955	-1.8723	0.7556	-1.7227	-0.3843	-1.3362	-2.6452	-0.4715	-0.1719	-1.2477	-0.1205	0.2469	-0.9955	0.4366	0.3343	-0.7842	-0.1926	0.5212	0.7886	-0.2767	-1.0725	0.3861	0.8335	-0.3959	-1.0868	-0.9491	-1.8359	0.7451	-1.7413	-0.3860	-1.3265	-2.6367	-0.4658	-0.1779	-1.2810	-0.1436	0.2638	-0.9842	0.4247	0.3121	-0.7943	-0.1922	0.5392	0.7965	-0.2978	-1.0862	0.4219	0.8671	-0.4189	-1.1091	-0.9192	
-0.0333	 2.03494351501357E-0004	-0.8643	-1.5305	0.7051	-1.8511	-0.3708	-1.2269	-2.5621	-0.3795	-0.1800	-1.5231	-0.3058	0.4388	-0.8643	0.0014	-0.0787	-0.6021	0.0113	0.2039	0.4004	-0.2185	-0.9213	0.3622	0.7192	-0.4931	-1.0781	-0.6517	-1.5047	0.6985	-1.8634	-0.3727	-1.2207	-2.5561	-0.3746	-0.1835	-1.5473	-0.3227	0.4513	-0.8559	-0.0068	-0.0950	-0.6090	0.0118	0.2168	0.4060	-0.2335	-0.9308	0.3874	0.7429	-0.5089	-1.0936	-0.6308	
0.0000	 6.97059201295674E-0005	-0.7328	-1.1879	0.6558	-1.9782	-0.3589	-1.1197	-2.4794	-0.2869	-0.1867	-1.7987	-0.4921	0.6301	-0.7328	-0.4340	-0.4925	-0.4193	0.2151	-0.1143	0.0109	-0.1593	-0.7696	0.3366	0.6033	-0.5890	-1.0684	-0.3561	-1.1732	0.6524	-1.9847	-0.3609	-1.1166	-2.4760	-0.2832	-0.1884	-1.8140	-0.5030	0.6387	-0.7272	-0.4392	-0.5027	-0.4232	0.2161	-0.1069	0.0137	-0.1679	-0.7747	0.3508	0.6167	-0.5977	-1.0771	-0.3445	
0.0333	 8.14778231809624E-0006	-0.6017	-0.8465	0.6065	-2.1051	-0.3476	-1.0127	-2.3974	-0.1947	-0.1936	-2.0730	-0.6787	0.8208	-0.6017	-0.8690	-0.9060	-0.2369	0.4182	-0.4330	-0.3779	-0.0996	-0.6175	0.3089	0.4853	-0.6841	-1.0580	-0.0623	-0.8438	0.6069	-2.1048	-0.3502	-1.0136	-2.3967	-0.1915	-0.1926	-2.0800	-0.6840	0.8259	-0.5980	-0.8714	-0.9106	-0.2370	0.4202	-0.4318	-0.3783	-0.1012	-0.6174	0.3120	0.4880	-0.6855	-1.0592	-0.0604	
0.0667	 2.08739011835135E-0005	-0.4706	-0.5073	0.5582	-2.2301	-0.3374	-0.9075	-2.3161	-0.1025	-0.1998	-2.3458	-0.8651	1.0099	-0.4706	-1.3003	-1.3168	-0.0553	0.6200	-0.7517	-0.7660	-0.0393	-0.4661	0.2798	0.3664	-0.7780	-1.0464	0.2277	-0.5160	0.5625	-2.2236	-0.3407	-0.9121	-2.3182	-0.1001	-0.1965	-2.3437	-0.8643	1.0112	-0.4695	-1.2991	-1.3148	-0.0523	0.6222	-0.7556	-0.7686	-0.0350	-0.4617	0.2719	0.3587	-0.7722	-1.0406	0.2201	
0.1000	 9.85325077616809E-0005	-0.3397	-0.1719	0.5110	-2.3534	-0.3294	-0.8049	-2.2354	-0.0098	-0.2048	-2.6166	-1.0518	1.1993	-0.3397	-1.7296	-1.7257	0.1264	0.8209	-1.0705	-1.1526	0.0221	-0.3142	0.2476	0.2453	-0.8696	-1.0335	0.5145	-0.1904	0.5190	-2.3411	-0.3329	-0.8126	-2.2399	-0.0083	-0.1996	-2.6061	-1.0452	1.1964	-0.3414	-1.7249	-1.7183	0.1325	0.8233	-1.0794	-1.1576	0.0328	-0.3057	0.2295	0.2280	-0.8572	-1.0211	0.4979	
