Arquivo: c:\arq\medidas\BBA_1004_064227\BBA_AMP10B_H.dat
Data: 1004	 Hora:  0741
Comentário: 
NomeParametro	 ValorParametro
Nmedias	5
PausaCorretora	3000
PausaShunt	2000
PausaLeitura	500
NumCiclos	3
 NPassosCor	7
DeltaShunt	3.00
TetaIni	-0.10
TetaFim	0.10
I[mA]	  35.4
ACH05A	DeltaPos^2	AMP10B	AMP01B_0	AMP02A_0	AMP02B_0	AMP03A_0	AMP03B_0	AMP03C_0	AMP04A_0	AMP04B_0	AMP05A_0	AMP05B_0	AMP06A_0	AMP06B_0	AMP07A_0	AMP07B_0	AMP08A_0	AMP08B_0	AMP09A_0	AMP09B_0	AMP10A_0	AMP10B_0	AMU11A_0	AMU11B_0	AMP12A_0	AMP12B_0	AMP01A_0	AMP01B_1	AMP02A_1	AMP02B_1	AMP03A_1	AMP03B_1	AMP03C_1	AMP04A_1	AMP04B_1	AMP05A_1	AMP05B_1	AMP06A_1	AMP06B_1	AMP07A_1	AMP07B_1	AMP08A_1	AMP08B_1	AMP09A_1	AMP09B_1	AMP10A_1	AMP10B_1	AMU11A_1	AMU11B_1	AMP12A_1	AMP12B_1	AMP01A_1	
-0.1000	 5.70417486731092E-0004	-1.0585	-0.1284	0.5075	-2.3829	-0.3814	-0.8472	-2.2500	-0.0125	-0.1984	-2.6393	-1.4861	0.8158	-0.3329	-0.5917	-0.9323	-0.6009	0.2901	0.4792	0.3628	-0.6237	-1.0585	1.4058	1.6373	-1.0867	-1.5877	0.5105	-0.1000	0.4786	-2.4063	-0.3363	-0.8004	-2.2333	-0.0358	-0.2272	-2.6157	-1.4530	0.8064	-0.3522	-0.5983	-0.9270	-0.5965	0.2851	0.4465	0.3374	-0.6129	-1.0493	1.4055	1.6263	-1.1072	-1.5956	0.5485	
-0.0667	 4.12042991044079E-0004	-0.9802	-0.4425	0.5475	-2.2685	-0.3769	-0.9332	-2.3226	-0.1054	-0.1986	-2.3734	-1.1743	0.7493	-0.4627	-0.5284	-0.7848	-0.5549	0.2558	0.3049	0.2658	-0.4896	-0.9802	1.0892	1.3324	-0.9436	-1.4401	0.2511	-0.4184	0.5230	-2.2882	-0.3383	-0.8933	-2.3083	-0.1249	-0.2230	-2.3533	-1.1461	0.7416	-0.4790	-0.5337	-0.7800	-0.5509	0.2515	0.2772	0.2443	-0.4799	-0.9725	1.0891	1.3233	-0.9610	-1.4468	0.2834	
-0.0333	 2.83995779255715E-0004	-0.9009	-0.7620	0.5883	-2.1516	-0.3732	-1.0213	-2.3964	-0.1991	-0.1988	-2.1031	-0.8585	0.6820	-0.5938	-0.4637	-0.6351	-0.5088	0.2208	0.1284	0.1679	-0.3533	-0.9009	0.7669	1.0229	-0.7986	-1.2908	-0.0135	-0.7415	0.5680	-2.1680	-0.3411	-0.9878	-2.3846	-0.2150	-0.2189	-2.0866	-0.8349	0.6758	-0.6072	-0.4683	-0.6312	-0.5053	0.2173	0.1061	0.1505	-0.3456	-0.8947	0.7675	1.0158	-0.8132	-1.2962	0.0139	
0.0000	 1.86217686234892E-0004	-0.8213	-1.0834	0.6298	-2.0337	-0.3705	-1.1108	-2.4704	-0.2922	-0.1983	-1.8316	-0.5413	0.6146	-0.7252	-0.3989	-0.4852	-0.4622	0.1860	-0.0493	0.0693	-0.2164	-0.8213	0.4418	0.7104	-0.6520	-1.1402	-0.2808	-1.0662	0.6134	-2.0472	-0.3445	-1.0834	-2.4608	-0.3053	-0.2146	-1.8182	-0.5221	0.6097	-0.7358	-0.4026	-0.4816	-0.4597	0.1833	-0.0662	0.0557	-0.2111	-0.8170	0.4435	0.7057	-0.6642	-1.1450	-0.2581	
0.0333	 1.07650338753060E-0004	-0.7415	-1.4046	0.6717	-1.9150	-0.3680	-1.2006	-2.5451	-0.3860	-0.1976	-1.5587	-0.2233	0.5466	-0.8568	-0.3342	-0.3350	-0.4154	0.1512	-0.2273	-0.0298	-0.0796	-0.7415	0.1147	0.3955	-0.5050	-0.9886	-0.5503	-1.3921	0.6595	-1.9251	-0.3480	-1.1794	-2.5377	-0.3957	-0.2097	-1.5482	-0.2081	0.5433	-0.8650	-0.3368	-0.3319	-0.4133	0.1496	-0.2393	-0.0396	-0.0760	-0.7382	0.1171	0.3931	-0.5144	-0.9925	-0.5325	
0.0667	 5.63058784741390E-0005	-0.6609	-1.7280	0.7146	-1.7949	-0.3666	-1.2918	-2.6203	-0.4797	-0.1965	-1.2848	0.0954	0.4788	-0.9886	-0.2698	-0.1849	-0.3679	0.1166	-0.4066	-0.1300	0.0582	-0.6609	-0.2144	0.0784	-0.3566	-0.8362	-0.8221	-1.7188	0.7059	-1.8027	-0.3520	-1.2761	-2.6150	-0.4863	-0.2047	-1.2768	0.1074	0.4769	-0.9944	-0.2710	-0.1813	-0.3670	0.1152	-0.4130	-0.1350	0.0595	-0.6595	-0.2106	0.0788	-0.3641	-0.8398	-0.8088	
0.1000	 3.06348077217292E-0005	-0.5793	-2.0510	0.7583	-1.6736	-0.3666	-1.3848	-2.6962	-0.5731	-0.1943	-1.0111	0.4131	0.4112	-1.1204	-0.2051	-0.0354	-0.3200	0.0820	-0.5870	-0.2308	0.1971	-0.5793	-0.5459	-0.2409	-0.2071	-0.6824	-1.0963	-2.0463	0.7525	-1.6794	-0.3568	-1.3737	-2.6922	-0.5772	-0.1999	-1.0044	0.4232	0.4103	-1.1243	-0.2053	-0.0305	-0.3203	0.0810	-0.5873	-0.2312	0.1955	-0.5806	-0.5397	-0.2367	-0.2131	-0.6865	-1.0866	
