Arquivo: c:\arq\medidas\BBA_1004_064227\BBA_AMP10A_V.dat
Data: 1004	 Hora:  0739
Comentário: 
NomeParametro	 ValorParametro
Nmedias	5
PausaCorretora	3000
PausaShunt	2000
PausaLeitura	500
NumCiclos	3
 NPassosCor	7
DeltaShunt	3.00
TetaIni	-0.10
TetaFim	0.10
I[mA]	  35.4
ACV11A	DeltaPos^2	AMP10A	AMP01B_0	AMP02A_0	AMP02B_0	AMP03A_0	AMP03B_0	AMP03C_0	AMP04A_0	AMP04B_0	AMP05A_0	AMP05B_0	AMP06A_0	AMP06B_0	AMP07A_0	AMP07B_0	AMP08A_0	AMP08B_0	AMP09A_0	AMP09B_0	AMP10A_0	AMP10B_0	AMU11A_0	AMU11B_0	AMP12A_0	AMP12B_0	AMP01A_0	AMP01B_1	AMP02A_1	AMP02B_1	AMP03A_1	AMP03B_1	AMP03C_1	AMP04A_1	AMP04B_1	AMP05A_1	AMP05B_1	AMP06A_1	AMP06B_1	AMP07A_1	AMP07B_1	AMP08A_1	AMP08B_1	AMP09A_1	AMP09B_1	AMP10A_1	AMP10B_1	AMU11A_1	AMU11B_1	AMP12A_1	AMP12B_1	AMP01A_1	
-0.1000	 3.09208700611611E-0004	0.2007	-1.5015	-0.7353	0.4775	1.0356	2.3717	0.7098	0.3264	-1.1022	-0.2991	1.9347	1.9337	-0.2282	0.4876	-0.7300	0.4966	0.2494	0.7996	-0.0589	0.2007	-0.2113	0.0281	1.8874	1.6607	1.4282	0.9865	-1.5079	-0.7302	0.4946	1.0631	2.3588	0.6680	0.3091	-1.1105	-0.3054	1.9582	1.9421	-0.2380	0.4697	-0.7238	0.5086	0.2672	0.8228	-0.0865	0.1845	-0.2262	0.0199	1.9126	1.6750	1.4272	0.9784	
-0.0667	 1.66430530404234E-0004	0.3246	-1.1256	-0.5132	0.4595	0.8677	2.2885	0.6431	0.3767	-0.8436	0.0814	1.6149	1.6651	-0.4153	0.3434	-0.3894	0.6614	0.1515	0.5386	-0.0175	0.3246	0.0536	0.3266	1.7632	1.4438	1.1763	0.7204	-1.1303	-0.5096	0.4720	0.8880	2.2795	0.6126	0.3637	-0.8501	0.0771	1.6321	1.6717	-0.4222	0.3303	-0.3845	0.6701	0.1644	0.5552	-0.0375	0.3128	0.0426	0.3209	1.7825	1.4548	1.1759	0.7142	
-0.0333	 6.62895421603021E-0005	0.4507	-0.7405	-0.2863	0.4415	0.6968	2.2028	0.5739	0.4275	-0.5796	0.4696	1.2879	1.3903	-0.6071	0.1950	-0.0413	0.8305	0.0525	0.2730	0.0227	0.4507	0.3245	0.6318	1.6358	1.2225	0.9181	0.4485	-0.7435	-0.2844	0.4494	0.7095	2.1973	0.5552	0.4193	-0.5839	0.4672	1.2993	1.3949	-0.6109	0.1868	-0.0378	0.8356	0.0607	0.2834	0.0101	0.4430	0.3170	0.6290	1.6484	1.2293	0.9184	0.4445	
0.0000	 1.33594338531429E-0005	0.5768	-0.3510	-0.0569	0.4235	0.5240	2.1158	0.5033	0.4783	-0.3125	0.8603	0.9573	1.1124	-0.8010	0.0437	0.3108	1.0018	-0.0471	0.0054	0.0621	0.5768	0.5981	0.9401	1.5063	0.9975	0.6571	0.1737	-0.3531	-0.0567	0.4267	0.5298	2.1142	0.4955	0.4747	-0.3153	0.8587	0.9631	1.1153	-0.8019	0.0409	0.3117	1.0033	-0.0434	0.0103	0.0568	0.5731	0.5948	0.9395	1.5128	1.0011	0.6579	0.1728	
0.0333	 2.68645109939270E-0006	0.7034	0.0395	0.1739	0.4056	0.3513	2.0274	0.4311	0.5290	-0.0450	1.2529	0.6260	0.8330	-0.9962	-0.1090	0.6648	1.1741	-0.1465	-0.2620	0.1014	0.7034	0.8729	1.2486	1.3758	0.7712	0.3943	-0.1016	0.0378	0.1726	0.4045	0.3500	2.0299	0.4351	0.5307	-0.0453	1.2518	0.6263	0.8340	-0.9943	-0.1060	0.6631	1.1725	-0.1475	-0.2634	0.1034	0.7043	0.8733	1.2499	1.3759	0.7708	0.3955	-0.0998	
0.0667	 3.55131947740915E-0005	0.8297	0.4301	0.4047	0.3889	0.1784	1.9383	0.3576	0.5796	0.2233	1.6451	0.2933	0.5524	-1.1917	-0.2627	1.0195	1.3469	-0.2456	-0.5301	0.1393	0.8297	1.1478	1.5578	1.2461	0.5439	0.1306	-0.3793	0.4284	0.4019	0.3830	0.1705	1.9445	0.3731	0.5855	0.2251	1.6438	0.2888	0.5516	-1.1867	-0.2540	1.0140	1.3414	-0.2512	-0.5359	0.1485	0.8347	1.1519	1.5603	1.2402	0.5403	0.1327	-0.3735	
0.1000	 1.09347666405250E-0004	0.9549	0.8190	0.6345	0.3721	0.0067	1.8491	0.2837	0.6294	0.4894	2.0341	-0.0380	0.2740	-1.3861	-0.4156	1.3714	1.5183	-0.3440	-0.7962	0.1772	0.9549	1.4203	1.8650	1.1170	0.3180	-0.1315	-0.6554	0.8167	0.6296	0.3617	-0.0076	1.8597	0.3106	0.6402	0.4930	2.0321	-0.0465	0.2716	-1.3783	-0.4005	1.3622	1.5095	-0.3541	-0.8068	0.1929	0.9645	1.4280	1.8693	1.1057	0.3108	-0.1291	-0.6467	
