Arquivo: c:\arq\medidas\BBA_1004_064227\BBA_AMP12A_H.dat
Data: 1004	 Hora:  0750
Comentário: 
NomeParametro	 ValorParametro
Nmedias	5
PausaCorretora	3000
PausaShunt	2000
PausaLeitura	500
NumCiclos	3
 NPassosCor	7
DeltaShunt	3.00
TetaIni	-0.10
TetaFim	0.10
I[mA]	  35.3
ACH05B	DeltaPos^2	AMP12A	AMP01B_0	AMP02A_0	AMP02B_0	AMP03A_0	AMP03B_0	AMP03C_0	AMP04A_0	AMP04B_0	AMP05A_0	AMP05B_0	AMP06A_0	AMP06B_0	AMP07A_0	AMP07B_0	AMP08A_0	AMP08B_0	AMP09A_0	AMP09B_0	AMP10A_0	AMP10B_0	AMU11A_0	AMU11B_0	AMP12A_0	AMP12B_0	AMP01A_0	AMP01B_1	AMP02A_1	AMP02B_1	AMP03A_1	AMP03B_1	AMP03C_1	AMP04A_1	AMP04B_1	AMP05A_1	AMP05B_1	AMP06A_1	AMP06B_1	AMP07A_1	AMP07B_1	AMP08A_1	AMP08B_1	AMP09A_1	AMP09B_1	AMP10A_1	AMP10B_1	AMU11A_1	AMU11B_1	AMP12A_1	AMP12B_1	AMP01A_1	
-0.1000	 1.65952048955863E-0004	-1.0222	-0.2752	0.5987	-2.3068	-0.5674	-1.0473	-2.3245	0.0415	-0.1115	-2.7127	-1.2409	0.6625	-0.4721	-0.2740	-0.6008	-0.7155	0.1384	0.6565	0.6067	-0.6376	-1.1468	1.3632	1.6474	-1.0222	-1.5765	0.3324	-0.2999	0.5935	-2.3066	-0.5642	-1.0496	-2.3354	0.0272	-0.1198	-2.6993	-1.2297	0.6465	-0.4880	-0.2548	-0.5795	-0.7292	0.1214	0.6673	0.6232	-0.6417	-1.1585	1.3540	1.6430	-1.0171	-1.5697	0.3159	
-0.0667	 1.00592418966480E-0004	-0.9032	-0.5346	0.6077	-2.2198	-0.4998	-1.0642	-2.3699	-0.0678	-0.1405	-2.4257	-1.0107	0.6488	-0.5547	-0.3184	-0.5656	-0.6298	0.1562	0.4220	0.4269	-0.4986	-1.0387	1.0632	1.3401	-0.9032	-1.4356	0.1373	-0.5485	0.6032	-2.2199	-0.4939	-1.0629	-2.3730	-0.0783	-0.1470	-2.4110	-0.9981	0.6360	-0.5665	-0.3011	-0.5466	-0.6401	0.1435	0.4314	0.4409	-0.5025	-1.0471	1.0586	1.3395	-0.9004	-1.4309	0.1284	
-0.0333	 3.08858078850391E-0005	-0.7832	-0.7965	0.6175	-2.1319	-0.4327	-1.0825	-2.4161	-0.1774	-0.1692	-2.1364	-0.7791	0.6354	-0.6378	-0.3645	-0.5308	-0.5436	0.1743	0.1865	0.2459	-0.3589	-0.9298	0.7598	1.0306	-0.7832	-1.2934	-0.0602	-0.8032	0.6149	-2.1315	-0.4290	-1.0815	-2.4169	-0.1827	-0.1724	-2.1271	-0.7714	0.6283	-0.6438	-0.3545	-0.5202	-0.5492	0.1675	0.1915	0.2539	-0.3604	-0.9342	0.7573	1.0304	-0.7812	-1.2906	-0.0643	
0.0000	 6.18977865463105E-0007	-0.6625	-1.0605	0.6274	-2.0430	-0.3664	-1.1018	-2.4624	-0.2866	-0.1972	-1.8456	-0.5474	0.6221	-0.7207	-0.4110	-0.4963	-0.4575	0.1926	-0.0502	0.0641	-0.2188	-0.8205	0.4546	0.7188	-0.6625	-1.1511	-0.2595	-1.0617	0.6273	-2.0427	-0.3663	-1.1022	-2.4626	-0.2873	-0.1976	-1.8443	-0.5465	0.6208	-0.7211	-0.4095	-0.4952	-0.4580	0.1917	-0.0498	0.0650	-0.2186	-0.8208	0.4537	0.7185	-0.6619	-1.1501	-0.2606	
0.0333	 1.93498339398224E-0005	-0.5418	-1.3242	0.6376	-1.9539	-0.3001	-1.1211	-2.5090	-0.3968	-0.2261	-1.5528	-0.3148	0.6088	-0.8036	-0.4576	-0.4624	-0.3710	0.2111	-0.2876	-0.1181	-0.0782	-0.7110	0.1477	0.4050	-0.5418	-1.0082	-0.4606	-1.3203	0.6401	-1.9532	-0.3032	-1.1230	-2.5089	-0.3919	-0.2227	-1.5598	-0.3212	0.6139	-0.7983	-0.4653	-0.4706	-0.3661	0.2164	-0.2923	-0.1244	-0.0761	-0.7073	0.1484	0.4043	-0.5421	-1.0091	-0.4579	
0.0667	 9.32483246509061E-0005	-0.4188	-1.5907	0.6483	-1.8633	-0.2337	-1.1418	-2.5567	-0.5073	-0.2540	-1.2566	-0.0806	0.5955	-0.8874	-0.5042	-0.4281	-0.2835	0.2298	-0.5270	-0.3025	0.0630	-0.6004	-0.1623	0.0874	-0.4188	-0.8633	-0.6646	-1.5817	0.6534	-1.8623	-0.2408	-1.1453	-2.5563	-0.4974	-0.2472	-1.2726	-0.0943	0.6074	-0.8758	-0.5215	-0.4463	-0.2735	0.2415	-0.5373	-0.3163	0.0676	-0.5923	-0.1603	0.0861	-0.4201	-0.8659	-0.6590	
0.1000	 2.47815209854793E-0004	-0.2970	-1.8557	0.6594	-1.7727	-0.1679	-1.1623	-2.6041	-0.6174	-0.2819	-0.9628	0.1517	0.5828	-0.9703	-0.5515	-0.3946	-0.1964	0.2485	-0.7656	-0.4862	0.2040	-0.4906	-0.4708	-0.2282	-0.2970	-0.7197	-0.8684	-1.8452	0.6679	-1.7710	-0.1812	-1.1701	-2.6064	-0.6013	-0.2706	-0.9889	0.1289	0.6017	-0.9528	-0.5816	-0.4249	-0.1807	0.2673	-0.7828	-0.5089	0.2112	-0.4775	-0.4696	-0.2323	-0.2982	-0.7233	-0.8622	
