Arquivo: c:\arq\medidas\BBA_1004_064227\BBA_AMP07B_H.dat
Data: 1004	 Hora:  0722
Comentário: 
NomeParametro	 ValorParametro
Nmedias	5
PausaCorretora	3000
PausaShunt	2000
PausaLeitura	500
NumCiclos	3
 NPassosCor	7
DeltaShunt	3.00
TetaIni	-0.10
TetaFim	0.10
I[mA]	  57.0
ACH03B	DeltaPos^2	AMP07B	AMP01B_0	AMP02A_0	AMP02B_0	AMP03A_0	AMP03B_0	AMP03C_0	AMP04A_0	AMP04B_0	AMP05A_0	AMP05B_0	AMP06A_0	AMP06B_0	AMP07A_0	AMP07B_0	AMP08A_0	AMP08B_0	AMP09A_0	AMP09B_0	AMP10A_0	AMP10B_0	AMU11A_0	AMU11B_0	AMP12A_0	AMP12B_0	AMP01A_0	AMP01B_1	AMP02A_1	AMP02B_1	AMP03A_1	AMP03B_1	AMP03C_1	AMP04A_1	AMP04B_1	AMP05A_1	AMP05B_1	AMP06A_1	AMP06B_1	AMP07A_1	AMP07B_1	AMP08A_1	AMP08B_1	AMP09A_1	AMP09B_1	AMP10A_1	AMP10B_1	AMU11A_1	AMU11B_1	AMP12A_1	AMP12B_1	AMP01A_1	
-0.1000	 7.11263337623072E-0004	0.2950	-1.1577	1.0271	-1.8673	-1.3649	-1.9603	-2.8660	-0.2844	0.0929	-1.5422	-0.5426	0.2507	-0.8570	0.5641	0.2950	-0.9919	-0.2575	1.0512	1.2168	-0.5745	-1.3253	1.0043	1.4849	-0.6126	-1.3800	-0.6419	-1.1100	1.0141	-1.8854	-1.3418	-1.9292	-2.8506	-0.2783	0.0848	-1.5660	-0.5510	0.2747	-0.8438	0.5017	0.2411	-0.9839	-0.2380	1.0434	1.1947	-0.5851	-1.3228	1.0329	1.5062	-0.6323	-1.3938	-0.5970	
-0.0667	 1.68709504467665E-0004	0.0434	-1.1589	0.9045	-1.9090	-1.0438	-1.6907	-2.7428	-0.2879	0.0010	-1.6256	-0.5284	0.3708	-0.8190	0.2461	0.0434	-0.8120	-0.1091	0.6808	0.8340	-0.4462	-1.1514	0.7965	1.2089	-0.6110	-1.2860	-0.5439	-1.1371	0.8991	-1.9158	-1.0330	-1.6768	-2.7356	-0.2838	-0.0020	-1.6379	-0.5332	0.3836	-0.8111	0.2135	0.0143	-0.8067	-0.0986	0.6730	0.8197	-0.4492	-1.1487	0.8062	1.2150	-0.6184	-1.2907	-0.5254	
-0.0333	 1.64850571809834E-0005	-0.2109	-1.1608	0.7811	-1.9506	-0.7194	-1.4184	-2.6182	-0.2912	-0.0913	-1.7105	-0.5147	0.4918	-0.7803	-0.0746	-0.2109	-0.6301	0.0406	0.3054	0.4460	-0.3159	-0.9756	0.5850	0.9279	-0.6087	-1.1906	-0.4463	-1.1656	0.7833	-1.9465	-0.7208	-1.4221	-2.6196	-0.2893	-0.0893	-1.7116	-0.5163	0.4932	-0.7777	-0.0782	-0.2152	-0.6281	0.0421	0.2992	0.4403	-0.3128	-0.9731	0.5769	0.9201	-0.6047	-1.1868	-0.4530	
0.0000	 2.05182452388199E-0004	-0.4586	-1.1640	0.6617	-1.9900	-0.4050	-1.1552	-2.4979	-0.2935	-0.1804	-1.7937	-0.5029	0.6094	-0.7420	-0.3860	-0.4586	-0.4538	0.1859	-0.0588	0.0692	-0.1891	-0.8049	0.3784	0.6537	-0.6059	-1.0980	-0.3535	-1.1925	0.6707	-1.9765	-0.4173	-1.1740	-2.5069	-0.2939	-0.1740	-1.7840	-0.5008	0.6003	-0.7452	-0.3623	-0.4393	-0.4549	0.1790	-0.0637	0.0717	-0.1806	-0.8028	0.3547	0.6337	-0.5914	-1.0866	-0.3824	
0.0333	 6.87321066203728E-0004	-0.7100	-1.1690	0.5414	-2.0292	-0.0879	-0.8897	-2.3765	-0.2955	-0.2700	-1.8788	-0.4923	0.7287	-0.7026	-0.7017	-0.7100	-0.2752	0.3333	-0.4279	-0.3121	-0.0606	-0.6322	0.1683	0.3752	-0.6023	-1.0033	-0.2608	-1.2201	0.5566	-2.0069	-0.1094	-0.9227	-2.3932	-0.2983	-0.2596	-1.8586	-0.4863	0.7086	-0.7115	-0.6508	-0.6668	-0.2795	0.3177	-0.4316	-0.3022	-0.0470	-0.6309	0.1293	0.3429	-0.5785	-0.9848	-0.3105	
0.0667	 1.55756162010574E-0003	-0.9619	-1.1755	0.4213	-2.0677	0.2292	-0.6244	-2.2546	-0.2967	-0.3592	-1.9648	-0.4824	0.8481	-0.6626	-1.0176	-0.9619	-0.0960	0.4811	-0.7983	-0.6947	0.0685	-0.4586	-0.0436	0.0939	-0.5976	-0.9075	-0.1696	-1.2530	0.4442	-2.0347	0.1971	-0.6737	-2.2797	-0.3019	-0.3441	-1.9339	-0.4728	0.8171	-0.6771	-0.9402	-0.8960	-0.1033	0.4570	-0.8033	-0.6791	0.0889	-0.4568	-0.1013	0.0465	-0.5623	-0.8805	-0.2439	
0.1000	 2.78381224065010E-0003	-1.2148	-1.1834	0.3018	-2.1057	0.5451	-0.3602	-2.1328	-0.2974	-0.4480	-2.0518	-0.4740	0.9680	-0.6222	-1.3336	-1.2148	0.0834	0.6288	-1.1694	-1.0786	0.1981	-0.2843	-0.2570	-0.1878	-0.5925	-0.8111	-0.0795	-1.2870	0.3320	-2.0619	0.5027	-0.4256	-2.1663	-0.3046	-0.4277	-2.0103	-0.4606	0.9262	-0.6417	-1.2290	-1.1259	0.0732	0.5965	-1.1753	-1.0571	0.2247	-0.2821	-0.3333	-0.2511	-0.5454	-0.7754	-0.1785	
