Arquivo: c:\arq\medidas\BBA_1004_064227\BBA_AMP01A_V.dat
Data: 1004	 Hora:  0758
Comentário: 
NomeParametro	 ValorParametro
Nmedias	5
PausaCorretora	3000
PausaShunt	2000
PausaLeitura	500
NumCiclos	3
 NPassosCor	7
DeltaShunt	3.00
TetaIni	-0.10
TetaFim	0.10
I[mA]	  35.1
ACV07B	DeltaPos^2	AMP01A	AMP01B_0	AMP02A_0	AMP02B_0	AMP03A_0	AMP03B_0	AMP03C_0	AMP04A_0	AMP04B_0	AMP05A_0	AMP05B_0	AMP06A_0	AMP06B_0	AMP07A_0	AMP07B_0	AMP08A_0	AMP08B_0	AMP09A_0	AMP09B_0	AMP10A_0	AMP10B_0	AMU11A_0	AMU11B_0	AMP12A_0	AMP12B_0	AMP01A_0	AMP01B_1	AMP02A_1	AMP02B_1	AMP03A_1	AMP03B_1	AMP03C_1	AMP04A_1	AMP04B_1	AMP05A_1	AMP05B_1	AMP06A_1	AMP06B_1	AMP07A_1	AMP07B_1	AMP08A_1	AMP08B_1	AMP09A_1	AMP09B_1	AMP10A_1	AMP10B_1	AMU11A_1	AMU11B_1	AMP12A_1	AMP12B_1	AMP01A_1	
-0.1000	 6.21592420504907E-0003	1.2057	-1.6185	-0.8786	0.2937	0.8178	2.5971	1.2199	0.5052	-1.1029	-0.4077	1.8572	1.9562	-0.0404	0.7845	-0.9570	0.0882	-0.5595	-0.2563	1.0842	1.0063	0.0889	0.0502	1.7568	1.6057	1.5403	1.2057	-1.6912	-0.9479	0.2283	0.7522	2.6867	1.4100	0.5670	-1.1234	-0.4765	1.8537	1.9849	0.0422	0.9043	-1.0667	0.0043	-0.6081	-0.2842	1.1792	1.0478	0.0435	-0.0308	1.7752	1.6580	1.6219	1.3069	
-0.0667	 2.35817096879372E-0003	0.8671	-1.2044	-0.6097	0.3369	0.7227	2.4397	0.9838	0.4955	-0.8446	0.0081	1.5639	1.6808	-0.2895	0.5422	-0.5417	0.3865	-0.3938	-0.1735	0.7541	0.8688	0.2584	0.3449	1.6798	1.4098	1.2516	0.8671	-1.2496	-0.6523	0.2966	0.6825	2.4944	1.1009	0.5335	-0.8571	-0.0344	1.5613	1.6987	-0.2384	0.6157	-0.6096	0.3349	-0.4241	-0.1908	0.8127	0.8949	0.2307	0.2952	1.6908	1.4418	1.3019	0.9293	
-0.0333	 2.87922665298596E-0004	0.5199	-0.7787	-0.3336	0.3813	0.6258	2.2767	0.7399	0.4851	-0.5791	0.4345	1.2627	1.3976	-0.5455	0.2913	-0.1146	0.6927	-0.2250	-0.0896	0.4159	0.7290	0.4327	0.6476	1.5997	1.2079	0.9543	0.5199	-0.7946	-0.3484	0.3674	0.6117	2.2957	0.7811	0.4984	-0.5832	0.4201	1.2611	1.4034	-0.5278	0.3171	-0.1383	0.6748	-0.2358	-0.0964	0.4368	0.7382	0.4231	0.6307	1.6032	1.2186	0.9718	0.5417	
0.0000	 2.48021924784438E-0004	0.1677	-0.3461	-0.0534	0.4270	0.5278	2.1101	0.4918	0.4739	-0.3101	0.8653	0.9570	1.1102	-0.8058	0.0357	0.3189	1.0038	-0.0539	-0.0054	0.0732	0.5872	0.6096	0.9543	1.5178	1.0021	0.6525	0.1677	-0.3310	-0.0393	0.4392	0.5396	2.0915	0.4541	0.4624	-0.3048	0.8803	0.9552	1.1031	-0.8228	0.0120	0.3409	1.0203	-0.0451	-0.0018	0.0555	0.5799	0.6192	0.9708	1.5122	0.9900	0.6357	0.1478	
0.0333	 2.29725577061111E-0003	-0.1869	0.0887	0.2295	0.4734	0.4293	1.9414	0.2409	0.4624	-0.0388	1.2999	0.6499	0.8199	-1.0686	-0.2226	0.7558	1.3168	0.1185	0.0790	-0.2713	0.4448	0.7891	1.2628	1.4347	0.7938	0.3478	-0.1869	0.1331	0.2719	0.5123	0.4678	1.8862	0.1253	0.4260	-0.0248	1.3430	0.6492	0.8003	-1.1193	-0.2954	0.8224	1.3674	0.1471	0.0936	-0.3277	0.4214	0.8180	1.3124	1.4209	0.7597	0.2974	-0.2476	
0.0667	 6.52526508151068E-0003	-0.5435	0.5242	0.5118	0.5198	0.3305	1.7718	-0.0112	0.4513	0.2324	1.7340	0.3408	0.5286	-1.3311	-0.4826	1.1935	1.6297	0.2911	0.1639	-0.6174	0.3018	0.9687	1.5717	1.3513	0.5849	0.0420	-0.5435	0.5993	0.5831	0.5861	0.3968	1.6794	-0.2060	0.3889	0.2552	1.8060	0.3417	0.4971	-1.4159	-0.6046	1.3056	1.7152	0.3399	0.1898	-0.7138	0.2608	1.0163	1.6556	1.3312	0.5291	-0.0426	-0.6465	
0.1000	 1.25734781012265E-0002	-0.8979	0.9571	0.7930	0.5668	0.2330	1.6023	-0.2634	0.4391	0.5019	2.1633	0.0334	0.2396	-1.5921	-0.7405	1.6267	1.9404	0.4635	0.2493	-0.9624	0.1587	1.1470	1.8785	1.2695	0.3775	-0.2619	-0.8979	1.0604	0.8920	0.6594	0.3256	1.4736	-0.5346	0.3527	0.5330	2.2625	0.0358	0.1960	-1.7100	-0.9104	1.7817	2.0584	0.5317	0.2858	-1.0964	0.1015	1.2124	1.9944	1.2414	0.3000	-0.3787	-1.0405	
