Arquivo: c:\arq\medidas\BBA_1004_064227\BBA_AMP04B_H.dat
Data: 1004	 Hora:  0704
Comentário: 
NomeParametro	 ValorParametro
Nmedias	5
PausaCorretora	3000
PausaShunt	2000
PausaLeitura	500
NumCiclos	3
 NPassosCor	7
DeltaShunt	3.00
TetaIni	-0.10
TetaFim	0.10
I[mA]	 162.8
ACH11A	DeltaPos^2	AMP04B	AMP01B_0	AMP02A_0	AMP02B_0	AMP03A_0	AMP03B_0	AMP03C_0	AMP04A_0	AMP04B_0	AMP05A_0	AMP05B_0	AMP06A_0	AMP06B_0	AMP07A_0	AMP07B_0	AMP08A_0	AMP08B_0	AMP09A_0	AMP09B_0	AMP10A_0	AMP10B_0	AMU11A_0	AMU11B_0	AMP12A_0	AMP12B_0	AMP01A_0	AMP01B_1	AMP02A_1	AMP02B_1	AMP03A_1	AMP03B_1	AMP03C_1	AMP04A_1	AMP04B_1	AMP05A_1	AMP05B_1	AMP06A_1	AMP06B_1	AMP07A_1	AMP07B_1	AMP08A_1	AMP08B_1	AMP09A_1	AMP09B_1	AMP10A_1	AMP10B_1	AMU11A_1	AMU11B_1	AMP12A_1	AMP12B_1	AMP01A_1	
-0.1000	 1.38790696561411E-0004	-0.5163	-1.4706	0.4179	-1.9646	0.3771	-0.5752	-2.3770	-0.7410	-0.5163	-0.7816	0.5075	0.2223	-1.2005	0.2851	0.4055	-0.5235	-0.1169	-0.1495	0.2544	0.1089	-0.7493	-0.4568	-0.3620	-0.4472	-0.6975	-0.3593	-1.4772	0.4182	-1.9592	0.3920	-0.5642	-2.3751	-0.7466	-0.5195	-0.7797	0.5143	0.2306	-1.1967	0.2706	0.3956	-0.5095	-0.1059	-0.1713	0.2331	0.1220	-0.7347	-0.4744	-0.3825	-0.4395	-0.6856	-0.3618	
-0.0667	 2.65502937297126E-0004	-0.4017	-1.3713	0.5021	-1.9672	0.1264	-0.7581	-2.4089	-0.5817	-0.4017	-1.1331	0.1671	0.3674	-1.0347	0.0257	0.0871	-0.4782	0.0053	-0.1492	0.1579	0.0245	-0.7462	-0.1946	-0.0484	-0.4920	-0.8150	-0.3528	-1.3807	0.5013	-1.9607	0.1473	-0.7428	-2.4062	-0.5897	-0.4063	-1.1299	0.1778	0.3790	-1.0296	0.0058	0.0736	-0.4593	0.0202	-0.1797	0.1284	0.0425	-0.7263	-0.2187	-0.0766	-0.4810	-0.7982	-0.3548	
-0.0333	 4.42942363148241E-0004	-0.2841	-1.2738	0.5882	-1.9679	-0.1284	-0.9446	-2.4420	-0.4198	-0.2841	-1.4869	-0.1769	0.5143	-0.8660	-0.2359	-0.2342	-0.4320	0.1296	-0.1497	0.0595	-0.0594	-0.7421	0.0686	0.2666	-0.5352	-0.9323	-0.3491	-1.2864	0.5870	-1.9597	-0.1012	-0.9250	-2.4384	-0.4301	-0.2904	-1.4825	-0.1626	0.5290	-0.8602	-0.2614	-0.2513	-0.4073	0.1487	-0.1890	0.0216	-0.0359	-0.7164	0.0376	0.2302	-0.5210	-0.9104	-0.3514	
0.0000	 6.69577467297661E-0004	-0.1663	-1.1779	0.6751	-1.9679	-0.3844	-1.1326	-2.4760	-0.2577	-0.1663	-1.8408	-0.5218	0.6610	-0.6972	-0.4984	-0.5564	-0.3853	0.2539	-0.1507	-0.0391	-0.1427	-0.7374	0.3309	0.5815	-0.5776	-1.0490	-0.3468	-1.1929	0.6738	-1.9578	-0.3507	-1.1084	-2.4715	-0.2699	-0.1740	-1.8359	-0.5045	0.6792	-0.6898	-0.5297	-0.5775	-0.3548	0.2775	-0.1990	-0.0856	-0.1140	-0.7056	0.2929	0.5367	-0.5603	-1.0219	-0.3494	
0.0333	 9.51940446351060E-0004	-0.0482	-1.0829	0.7622	-1.9674	-0.6414	-1.3216	-2.5104	-0.0954	-0.0482	-2.1943	-0.8673	0.8081	-0.5278	-0.7615	-0.8795	-0.3380	0.3786	-0.1526	-0.1385	-0.2257	-0.7322	0.5931	0.8959	-0.6194	-1.1651	-0.3455	-1.1006	0.7604	-1.9555	-0.6009	-1.2924	-2.5052	-0.1101	-0.0575	-2.1885	-0.8468	0.8297	-0.5193	-0.7992	-0.9047	-0.3018	0.4065	-0.2107	-0.1941	-0.1917	-0.6942	0.5479	0.8424	-0.5991	-1.1336	-0.3484	
0.0667	 1.25567876506977E-0003	0.0704	-0.9886	0.8507	-1.9661	-0.8990	-1.5118	-2.5454	0.0676	0.0704	-2.5468	-1.2130	0.9550	-0.3580	-1.0258	-1.2030	-0.2899	0.5039	-0.1562	-0.2396	-0.3090	-0.7263	0.8543	1.2088	-0.6601	-1.2810	-0.3454	-1.0095	0.8485	-1.9526	-0.8520	-1.4778	-2.5394	0.0502	0.0595	-2.5400	-1.1890	0.9799	-0.3486	-1.0687	-1.2316	-0.2483	0.5357	-0.2227	-0.3033	-0.2691	-0.6830	0.8022	1.1473	-0.6378	-1.2452	-0.3486	
0.1000	 1.59811861459275E-0003	0.1893	-0.8957	0.9387	-1.9646	-1.1565	-1.7020	-2.5809	0.2301	0.1893	-2.8975	-1.5574	1.1021	-0.1888	-1.2885	-1.5256	-0.2419	0.6285	-0.1603	-0.3410	-0.3908	-0.7201	1.1136	1.5189	-0.7015	-1.3970	-0.3465	-0.9191	0.9357	-1.9497	-1.1033	-1.6635	-2.5742	0.2104	0.1769	-2.8896	-1.5301	1.1299	-0.1783	-1.3378	-1.5578	-0.1949	0.6642	-0.2353	-0.4127	-0.3460	-0.6715	1.0554	1.4499	-0.6759	-1.3561	-0.3500	
