Arquivo: c:\arq\medidas\BBA_1004_064227\BBA_AMP03A_V.dat
Data: 1004	 Hora:  0653
Comentário: 
NomeParametro	 ValorParametro
Nmedias	5
PausaCorretora	3000
PausaShunt	2000
PausaLeitura	500
NumCiclos	3
 NPassosCor	7
DeltaShunt	3.00
TetaIni	-0.10
TetaFim	0.10
I[mA]	 165.2
ACV09A	DeltaPos^2	AMP03A	AMP01B_0	AMP02A_0	AMP02B_0	AMP03A_0	AMP03B_0	AMP03C_0	AMP04A_0	AMP04B_0	AMP05A_0	AMP05B_0	AMP06A_0	AMP06B_0	AMP07A_0	AMP07B_0	AMP08A_0	AMP08B_0	AMP09A_0	AMP09B_0	AMP10A_0	AMP10B_0	AMU11A_0	AMU11B_0	AMP12A_0	AMP12B_0	AMP01A_0	AMP01B_1	AMP02A_1	AMP02B_1	AMP03A_1	AMP03B_1	AMP03C_1	AMP04A_1	AMP04B_1	AMP05A_1	AMP05B_1	AMP06A_1	AMP06B_1	AMP07A_1	AMP07B_1	AMP08A_1	AMP08B_1	AMP09A_1	AMP09B_1	AMP10A_1	AMP10B_1	AMU11A_1	AMU11B_1	AMP12A_1	AMP12B_1	AMP01A_1	
-0.1000	 3.86440212244429E-0003	-0.4218	-0.2599	-0.2563	-0.2241	-0.4218	2.7614	2.1086	1.1615	0.0629	1.0247	0.2057	0.7825	-0.4206	0.8579	-0.0221	0.5500	-0.7154	-0.8542	0.4940	1.0727	1.2084	1.3979	0.7728	0.4245	0.6847	0.5619	-0.2931	-0.3039	-0.2952	-0.5145	2.7911	2.2069	1.2156	0.1290	1.0958	0.1038	0.7187	-0.4213	0.8956	0.0058	0.5426	-0.7797	-0.9529	0.5738	1.1385	1.2546	1.4166	0.7033	0.3853	0.7170	0.6364	
-0.0667	 1.78641269613286E-0003	-0.1190	-0.2896	-0.1950	-0.0187	-0.1190	2.5551	1.5972	0.9450	-0.0533	0.9719	0.4364	0.8798	-0.5439	0.5942	0.0830	0.6918	-0.5068	-0.5869	0.3582	0.9161	1.0143	1.2484	1.0071	0.6051	0.6756	0.4376	-0.3116	-0.2273	-0.0671	-0.1822	2.5751	1.6638	0.9817	-0.0084	1.0201	0.3670	0.8360	-0.5448	0.6200	0.1026	0.6870	-0.5506	-0.6540	0.4122	0.9610	1.0460	1.2612	0.9599	0.5781	0.6971	0.4877	
-0.0333	 4.72276604959159E-0004	0.1870	-0.3200	-0.1337	0.1889	0.1870	2.3455	1.0778	0.7261	-0.1707	0.9180	0.6692	0.9776	-0.6685	0.3279	0.1888	0.8347	-0.2961	-0.3164	0.2211	0.7584	0.8175	1.0967	1.2434	0.7877	0.6666	0.3126	-0.3310	-0.1498	0.1641	0.1545	2.3546	1.1119	0.7450	-0.1476	0.9431	0.6330	0.9549	-0.6692	0.3408	0.1989	0.8323	-0.3185	-0.3513	0.2487	0.7816	0.8342	1.1034	1.2187	0.7737	0.6773	0.3377	
0.0000	 1.60626674277380E-0006	0.4962	-0.3519	-0.0726	0.3974	0.4962	2.1341	0.5522	0.5054	-0.2893	0.8632	0.9036	1.0770	-0.7937	0.0592	0.2949	0.9788	-0.0830	-0.0434	0.0829	0.5995	0.6187	0.9437	1.4818	0.9728	0.6587	0.1872	-0.3521	-0.0731	0.3964	0.4939	2.1324	0.5527	0.5058	-0.2880	0.8648	0.9013	1.0754	-0.7942	0.0595	0.2958	0.9788	-0.0844	-0.0458	0.0839	0.6004	0.6199	0.9442	1.4799	0.9714	0.6584	0.1874	
0.0333	 3.87243767921305E-0004	0.8059	-0.3850	-0.0116	0.6065	0.8059	1.9204	0.0243	0.2840	-0.4081	0.8089	1.1393	1.1765	-0.9191	-0.2099	0.4009	1.1230	0.1307	0.2311	-0.0559	0.4404	0.4187	0.7888	1.7211	1.1589	0.6514	0.0628	-0.3739	0.0038	0.6289	0.8340	1.9083	-0.0089	0.2663	-0.4286	0.7873	1.1704	1.1959	-0.9198	-0.2225	0.3927	1.1255	0.1506	0.2614	-0.0814	0.4189	0.4041	0.7832	1.7420	1.1701	0.6401	0.0379	
0.0667	 1.61101933826111E-0003	1.1146	-0.4187	0.0484	0.8154	1.1146	1.7076	-0.5037	0.0628	-0.5264	0.7547	1.3737	1.2755	-1.0442	-0.4791	0.5070	1.2668	0.3435	0.5044	-0.1931	0.2813	0.2184	0.6331	1.9594	1.3442	0.6445	-0.0612	-0.3967	0.0803	0.8608	1.1724	1.6845	-0.5705	0.0270	-0.5683	0.7098	1.4381	1.3157	-1.0447	-0.5042	0.4891	1.2716	0.3845	0.5667	-0.2456	0.2382	0.1889	0.6215	2.0025	1.3680	0.6223	-0.1110	
0.1000	 3.74353525246682E-0003	1.4318	-0.4550	0.1109	1.0310	1.4318	1.4860	-1.0493	-0.1657	-0.6491	0.6987	1.6156	1.3779	-1.1737	-0.7578	0.6164	1.4154	0.5638	0.7871	-0.3349	0.1170	0.0110	0.4715	2.2054	1.5362	0.6377	-0.1888	-0.4215	0.1582	1.1005	1.5209	1.4525	-1.1501	-0.2198	-0.7132	0.6296	1.7145	1.4392	-1.1737	-0.7958	0.5888	1.4226	0.6264	0.8827	-0.4143	0.0512	-0.0344	0.4533	2.2713	1.5733	0.6043	-0.2641	
