Arquivo: c:\arq\medidas\BBA_1004_064227\BBA_AMU11A_V.dat
Data: 1004	 Hora:  0746
Comentário: 
NomeParametro	 ValorParametro
Nmedias	5
PausaCorretora	3000
PausaShunt	2000
PausaLeitura	500
NumCiclos	3
 NPassosCor	7
DeltaShunt	3.00
TetaIni	-0.10
TetaFim	0.10
I[mA]	  35.3
ACV11A	DeltaPos^2	AMU11A	AMP01B_0	AMP02A_0	AMP02B_0	AMP03A_0	AMP03B_0	AMP03C_0	AMP04A_0	AMP04B_0	AMP05A_0	AMP05B_0	AMP06A_0	AMP06B_0	AMP07A_0	AMP07B_0	AMP08A_0	AMP08B_0	AMP09A_0	AMP09B_0	AMP10A_0	AMP10B_0	AMU11A_0	AMU11B_0	AMP12A_0	AMP12B_0	AMP01A_0	AMP01B_1	AMP02A_1	AMP02B_1	AMP03A_1	AMP03B_1	AMP03C_1	AMP04A_1	AMP04B_1	AMP05A_1	AMP05B_1	AMP06A_1	AMP06B_1	AMP07A_1	AMP07B_1	AMP08A_1	AMP08B_1	AMP09A_1	AMP09B_1	AMP10A_1	AMP10B_1	AMU11A_1	AMU11B_1	AMP12A_1	AMP12B_1	AMP01A_1	
-0.1000	 8.95812491679256E-0003	0.0259	-1.5105	-0.7401	0.4751	1.0372	2.3814	0.7191	0.3284	-1.1061	-0.3085	1.9425	1.9382	-0.2222	0.4977	-0.7405	0.4913	0.2491	0.8045	-0.0563	0.2012	-0.2145	0.0259	1.8937	1.6643	1.4328	0.9944	-1.6678	-0.8365	0.4797	1.1024	2.4143	0.7532	0.3092	-1.2160	-0.4675	2.0701	2.0509	-0.1408	0.5589	-0.8849	0.4186	0.2882	0.9111	-0.0687	0.1502	-0.3288	-0.1039	1.9372	1.7546	1.5409	1.1078	
-0.0667	 4.21420242254599E-0003	0.3367	-1.1180	-0.5095	0.4553	0.8605	2.2947	0.6510	0.3814	-0.8364	0.0892	1.6067	1.6581	-0.4167	0.3469	-0.3849	0.6623	0.1463	0.5310	-0.0121	0.3311	0.0616	0.3367	1.7620	1.4383	1.1709	0.7168	-1.2255	-0.5752	0.4582	0.9047	2.3171	0.6752	0.3689	-0.9113	-0.0201	1.6939	1.7354	-0.3606	0.3899	-0.4846	0.6123	0.1721	0.6033	-0.0193	0.2970	-0.0165	0.2467	1.7911	1.5005	1.2453	0.7950	
-0.0333	 1.00126808393404E-0003	0.6551	-0.7152	-0.2729	0.4356	0.6806	2.2047	0.5805	0.4353	-0.5607	0.4954	1.2639	1.3710	-0.6166	0.1917	-0.0207	0.8382	0.0421	0.2531	0.0313	0.4627	0.3440	0.6551	1.6266	1.2070	0.9020	0.4330	-0.7682	-0.3060	0.4361	0.7003	2.2137	0.5921	0.4294	-0.5968	0.4420	1.3039	1.4078	-0.5891	0.2122	-0.0708	0.8131	0.0542	0.2875	0.0288	0.4464	0.3058	0.6086	1.6372	1.2364	0.9385	0.4721	
0.0000	 8.54493420764819E-0006	0.9760	-0.3079	-0.0341	0.4162	0.4988	2.1134	0.5082	0.4891	-0.2815	0.9035	0.9171	1.0807	-0.8186	0.0339	0.3465	1.0167	-0.0622	-0.0275	0.0735	0.5947	0.6297	0.9760	1.4892	0.9713	0.6294	0.1468	-0.3070	-0.0340	0.4147	0.4948	2.1086	0.5067	0.4903	-0.2796	0.9047	0.9103	1.0773	-0.8198	0.0326	0.3460	1.0166	-0.0638	-0.0293	0.0760	0.5962	0.6308	0.9721	1.4812	0.9688	0.6285	0.1474	
0.0333	 1.05985131977101E-0003	1.2972	0.0992	0.2068	0.3970	0.3170	2.0208	0.4350	0.5426	-0.0013	1.3136	0.5694	0.7880	-1.0225	-0.1253	0.7156	1.1961	-0.1663	-0.3077	0.1155	0.7275	0.9172	1.2972	1.3506	0.7339	0.3551	-0.1404	0.1524	0.2385	0.3942	0.2916	2.0038	0.4212	0.5498	0.0368	1.3665	0.5200	0.7469	-1.0503	-0.1471	0.7618	1.2198	-0.1811	-0.3448	0.1226	0.7456	0.9555	1.3345	1.3274	0.7016	0.3183	-0.1774	
0.0667	 4.06541408327250E-0003	1.6194	0.5065	0.4469	0.3787	0.1361	1.9279	0.3597	0.5960	0.2786	1.7221	0.2221	0.4955	-1.2259	-0.2851	1.0848	1.3757	-0.2699	-0.5869	0.1559	0.8592	1.2037	1.6194	1.2143	0.4967	0.0806	-0.4290	0.6117	0.5104	0.3744	0.0890	1.8986	0.3340	0.6090	0.3528	1.8268	0.1291	0.4170	-1.2803	-0.3277	1.1779	1.4229	-0.2979	-0.6594	0.1673	0.8944	1.2796	1.6978	1.1757	0.4346	0.0077	-0.5042	
0.1000	 9.20901852546394E-0003	1.9385	0.9106	0.6854	0.3609	-0.0429	1.8354	0.2839	0.6483	0.5554	2.1256	-0.1226	0.2055	-1.4277	-0.4433	1.4494	1.5541	-0.3726	-0.8642	0.1962	0.9901	1.4872	1.9385	1.0791	0.2617	-0.1920	-0.7158	1.0703	0.7818	0.3553	-0.1125	1.7932	0.2463	0.6673	0.6661	2.2835	-0.2601	0.0886	-1.5096	-0.5077	1.5918	1.6257	-0.4133	-0.9729	0.2110	1.0421	1.6011	2.0603	1.0246	0.1686	-0.3017	-0.8306	
