Arquivo: c:\arq\medidas\BBA_1004_064227\BBA_AMP06A_V.dat
Data: 1004	 Hora:  0715
Comentário: 
NomeParametro	 ValorParametro
Nmedias	5
PausaCorretora	3000
PausaShunt	2000
PausaLeitura	500
NumCiclos	3
 NPassosCor	7
DeltaShunt	3.00
TetaIni	-0.10
TetaFim	0.10
I[mA]	  84.1
ACV07A	DeltaPos^2	AMP06A	AMP01B_0	AMP02A_0	AMP02B_0	AMP03A_0	AMP03B_0	AMP03C_0	AMP04A_0	AMP04B_0	AMP05A_0	AMP05B_0	AMP06A_0	AMP06B_0	AMP07A_0	AMP07B_0	AMP08A_0	AMP08B_0	AMP09A_0	AMP09B_0	AMP10A_0	AMP10B_0	AMU11A_0	AMU11B_0	AMP12A_0	AMP12B_0	AMP01A_0	AMP01B_1	AMP02A_1	AMP02B_1	AMP03A_1	AMP03B_1	AMP03C_1	AMP04A_1	AMP04B_1	AMP05A_1	AMP05B_1	AMP06A_1	AMP06B_1	AMP07A_1	AMP07B_1	AMP08A_1	AMP08B_1	AMP09A_1	AMP09B_1	AMP10A_1	AMP10B_1	AMU11A_1	AMU11B_1	AMP12A_1	AMP12B_1	AMP01A_1	
-0.1000	 3.92533754058154E-0004	0.5141	0.6876	0.7331	0.8387	0.7312	1.3816	-0.8984	0.1335	0.2110	1.8740	0.5159	0.5141	-1.6340	-1.0558	0.9751	1.6494	0.6163	0.6697	-1.0349	-0.0422	0.7315	1.4620	1.6731	0.7632	-0.1124	-0.8943	0.7115	0.7441	0.8280	0.7063	1.3863	-0.8773	0.1468	0.2323	1.8988	0.4857	0.4936	-1.6555	-1.0810	1.0091	1.6702	0.6167	0.6584	-1.0451	-0.0402	0.7539	1.4881	1.6538	0.7404	-0.1276	-0.9045	
-0.0667	 1.99773300436974E-0004	0.6995	0.3658	0.4871	0.7085	0.6676	1.6101	-0.4644	0.2407	0.0495	1.5576	0.6552	0.6995	-1.3743	-0.7175	0.7678	1.4465	0.4058	0.4567	-0.6912	0.1534	0.6912	1.2985	1.6207	0.8342	0.1261	-0.5629	0.3830	0.4951	0.7011	0.6500	1.6131	-0.4498	0.2497	0.0648	1.5755	0.6339	0.6849	-1.3902	-0.7352	0.7923	1.4615	0.4063	0.4486	-0.6988	0.1545	0.7071	1.3173	1.6071	0.8180	0.1152	-0.5703	
-0.0333	 7.28706703770170E-0005	0.8878	0.0388	0.2363	0.5755	0.6022	1.8427	-0.0209	0.3503	-0.1143	1.2353	0.7956	0.8878	-1.1100	-0.3718	0.5564	1.2398	0.1912	0.2401	-0.3406	0.3521	0.6505	1.1315	1.5672	0.9066	0.3687	-0.2251	0.0491	0.2413	0.5716	0.5921	1.8440	-0.0130	0.3557	-0.1052	1.2463	0.7831	0.8789	-1.1198	-0.3828	0.5712	1.2491	0.1917	0.2357	-0.3456	0.3529	0.6602	1.1434	1.5590	0.8965	0.3621	-0.2298	
0.0000	 7.66733099676654E-0006	1.0764	-0.2911	-0.0172	0.4414	0.5356	2.0763	0.4254	0.4614	-0.2789	0.9101	0.9359	1.0764	-0.8432	-0.0236	0.3435	1.0309	-0.0253	0.0207	0.0123	0.5530	0.6098	0.9636	1.5126	0.9787	0.6129	0.1142	-0.2881	-0.0153	0.4406	0.5326	2.0760	0.4270	0.4623	-0.2760	0.9137	0.9323	1.0736	-0.8465	-0.0273	0.3484	1.0342	-0.0248	0.0196	0.0101	0.5533	0.6131	0.9680	1.5100	0.9752	0.6107	0.1127	
0.0333	 9.86973610534416E-0006	1.2658	-0.6235	-0.2718	0.3062	0.4682	2.3107	0.8742	0.5731	-0.4443	0.5843	1.0771	1.2658	-0.5749	0.3254	0.1300	0.8207	-0.2432	-0.1998	0.3680	0.7550	0.5700	0.7951	1.4569	1.0504	0.8579	0.4563	-0.6275	-0.2730	0.3089	0.4728	2.3089	0.8689	0.5703	-0.4475	0.5807	1.0823	1.2688	-0.5723	0.3287	0.1252	0.8179	-0.2427	-0.1973	0.3686	0.7544	0.5670	0.7919	1.4601	1.0536	0.8602	0.4574	
0.0667	 7.69593672924998E-0005	1.4533	-0.9550	-0.5261	0.1707	0.4005	2.5445	1.3219	0.6852	-0.6087	0.2585	1.2168	1.4533	-0.3073	0.6742	-0.0824	0.6114	-0.4616	-0.4219	0.7232	0.9579	0.5312	0.6274	1.4003	1.1212	1.1021	0.7979	-0.9661	-0.5305	0.1767	0.4127	2.5407	1.3101	0.6782	-0.6179	0.2478	1.2310	1.4623	-0.2985	0.6841	-0.0970	0.6030	-0.4608	-0.4158	0.7263	0.9567	0.5220	0.6170	1.4090	1.1305	1.1084	0.8019	
0.1000	 2.09438244364381E-0004	1.6405	-1.2851	-0.7802	0.0347	0.3327	2.7767	1.7673	0.7978	-0.7725	-0.0672	1.3557	1.6405	-0.0400	1.0221	-0.2939	0.4026	-0.6797	-0.6440	1.0784	1.1606	0.4933	0.4605	1.3424	1.1909	1.3458	1.1394	-1.3030	-0.7875	0.0438	0.3524	2.7711	1.7486	0.7868	-0.7877	-0.0849	1.3787	1.6556	-0.0253	1.0391	-0.3179	0.3883	-0.6791	-0.6346	1.0844	1.1591	0.4777	0.4429	1.3567	1.2070	1.3562	1.1463	
