Arquivo: c:\arq\medidas\BBA_1004_064227\BBA_AMP12B_V.dat
Data: 1004	 Hora:  0755
Comentário: 
NomeParametro	 ValorParametro
Nmedias	5
PausaCorretora	3000
PausaShunt	2000
PausaLeitura	500
NumCiclos	3
 NPassosCor	7
DeltaShunt	3.00
TetaIni	-0.10
TetaFim	0.10
I[mA]	  35.1
ACV11B	DeltaPos^2	AMP12B	AMP01B_0	AMP02A_0	AMP02B_0	AMP03A_0	AMP03B_0	AMP03C_0	AMP04A_0	AMP04B_0	AMP05A_0	AMP05B_0	AMP06A_0	AMP06B_0	AMP07A_0	AMP07B_0	AMP08A_0	AMP08B_0	AMP09A_0	AMP09B_0	AMP10A_0	AMP10B_0	AMU11A_0	AMU11B_0	AMP12A_0	AMP12B_0	AMP01A_0	AMP01B_1	AMP02A_1	AMP02B_1	AMP03A_1	AMP03B_1	AMP03C_1	AMP04A_1	AMP04B_1	AMP05A_1	AMP05B_1	AMP06A_1	AMP06B_1	AMP07A_1	AMP07B_1	AMP08A_1	AMP08B_1	AMP09A_1	AMP09B_1	AMP10A_1	AMP10B_1	AMU11A_1	AMU11B_1	AMP12A_1	AMP12B_1	AMP01A_1	
-0.1000	 2.34282817598790E-0004	0.0777	0.5880	0.3557	0.0131	-0.4168	2.2951	1.2775	0.9793	0.4873	1.8212	-0.1885	0.3189	-1.0220	0.1660	0.9262	1.1412	-0.6436	-1.0465	0.7052	1.2253	1.2917	1.4341	0.6636	0.1606	0.0777	-0.2272	0.6086	0.3716	0.0219	-0.4117	2.2799	1.2481	0.9721	0.4973	1.8406	-0.1969	0.3073	-1.0386	0.1452	0.9503	1.1573	-0.6394	-1.0500	0.6929	1.2231	1.3053	1.4526	0.6529	0.1461	0.0629	-0.2482	
-0.0667	 6.44950114155522E-0005	0.2595	0.2930	0.2279	0.1467	-0.1147	2.2342	1.0235	0.8172	0.2341	1.5198	0.1763	0.5699	-0.9556	0.1212	0.7361	1.1011	-0.4511	-0.7101	0.4966	1.0174	1.0745	1.2832	0.9388	0.4298	0.2595	-0.1038	0.3032	0.2361	0.1512	-0.1120	2.2263	1.0071	0.8137	0.2397	1.5300	0.1713	0.5637	-0.9642	0.1104	0.7486	1.1095	-0.4491	-0.7117	0.4903	1.0167	1.0812	1.2922	0.9328	0.4219	0.2516	-0.1147	
-0.0333	 1.12512571146752E-0006	0.4449	-0.0076	0.0970	0.2818	0.1931	2.1723	0.7647	0.6521	-0.0238	1.2119	0.5476	0.8257	-0.8875	0.0761	0.5417	1.0599	-0.2554	-0.3665	0.2847	0.8060	0.8518	1.1284	1.2185	0.7040	0.4449	0.0216	-0.0065	0.0982	0.2825	0.1933	2.1713	0.7621	0.6520	-0.0229	1.2132	0.5465	0.8249	-0.8885	0.0750	0.5428	1.0605	-0.2553	-0.3670	0.2842	0.8058	0.8528	1.1294	1.2169	0.7028	0.4440	0.0203	
0.0000	 4.70354254338616E-0005	0.6311	-0.3108	-0.0348	0.4186	0.5024	2.1096	0.5038	0.4863	-0.2836	0.9012	0.9206	1.0830	-0.8188	0.0309	0.3462	1.0178	-0.0580	-0.0214	0.0709	0.5930	0.6282	0.9738	1.4995	0.9796	0.6311	0.1478	-0.3200	-0.0422	0.4143	0.5008	2.1167	0.5160	0.4896	-0.2881	0.8921	0.9240	1.0886	-0.8112	0.0404	0.3347	1.0105	-0.0600	-0.0199	0.0766	0.5939	0.6225	0.9658	1.5036	0.9860	0.6379	0.1572	
0.0333	 2.15399293952408E-0004	0.8184	-0.6159	-0.1676	0.5548	0.8125	2.0473	0.2426	0.3195	-0.5440	0.5897	1.2951	1.3413	-0.7495	-0.0138	0.1493	0.9756	0.1399	0.3256	-0.1431	0.3791	0.4037	0.8178	1.7807	1.2560	0.8184	0.2747	-0.6359	-0.1828	0.5470	0.8090	2.0616	0.2692	0.3262	-0.5540	0.5702	1.3032	1.3527	-0.7336	0.0062	0.1253	0.9601	0.1364	0.3292	-0.1315	0.3813	0.3909	0.8001	1.7907	1.2698	0.8332	0.2954	
0.0667	 4.88224064929301E-0004	1.0057	-0.9212	-0.2999	0.6918	1.1223	1.9842	-0.0199	0.1530	-0.8040	0.2769	1.6680	1.5987	-0.6810	-0.0599	-0.0466	0.9342	0.3382	0.6726	-0.3587	0.1644	0.1798	0.6619	2.0611	1.5314	1.0057	0.4019	-0.9511	-0.3227	0.6796	1.1168	2.0058	0.0205	0.1629	-0.8193	0.2475	1.6804	1.6158	-0.6567	-0.0299	-0.0826	0.9107	0.3324	0.6778	-0.3414	0.1677	0.1600	0.6354	2.0759	1.5521	1.0276	0.4326	
0.1000	 8.61575232869026E-0004	1.1924	-1.2246	-0.4324	0.8274	1.4289	1.9221	-0.2795	-0.0128	-1.0633	-0.0352	2.0386	1.8545	-0.6125	-0.1053	-0.2420	0.8926	0.5348	1.0175	-0.5728	-0.0485	-0.0427	0.5074	2.3390	1.8047	1.1924	0.5299	-1.2644	-0.4627	0.8112	1.4215	1.9503	-0.2261	0.0003	-1.0832	-0.0743	2.0553	1.8772	-0.5802	-0.0655	-0.2898	0.8614	0.5277	1.0247	-0.5500	-0.0445	-0.0691	0.4717	2.3585	1.8325	1.2215	0.5708	
