Arquivo: c:\arq\medidas\BBA_1004_064227\BBA_AMP05B_H.dat
Data: 1004	 Hora:  0710
Comentário: 
NomeParametro	 ValorParametro
Nmedias	5
PausaCorretora	3000
PausaShunt	2000
PausaLeitura	500
NumCiclos	3
 NPassosCor	7
DeltaShunt	3.00
TetaIni	-0.10
TetaFim	0.10
I[mA]	 136.4
ACH01B	DeltaPos^2	AMP05B	AMP01B_0	AMP02A_0	AMP02B_0	AMP03A_0	AMP03B_0	AMP03C_0	AMP04A_0	AMP04B_0	AMP05A_0	AMP05B_0	AMP06A_0	AMP06B_0	AMP07A_0	AMP07B_0	AMP08A_0	AMP08B_0	AMP09A_0	AMP09B_0	AMP10A_0	AMP10B_0	AMU11A_0	AMU11B_0	AMP12A_0	AMP12B_0	AMP01A_0	AMP01B_1	AMP02A_1	AMP02B_1	AMP03A_1	AMP03B_1	AMP03C_1	AMP04A_1	AMP04B_1	AMP05A_1	AMP05B_1	AMP06A_1	AMP06B_1	AMP07A_1	AMP07B_1	AMP08A_1	AMP08B_1	AMP09A_1	AMP09B_1	AMP10A_1	AMP10B_1	AMU11A_1	AMU11B_1	AMP12A_1	AMP12B_1	AMP01A_1	
-0.1000	 1.38734172000883E-0003	0.2802	-2.0692	0.6921	-1.6763	-0.1300	-1.1746	-2.6300	-0.6512	-0.2805	-0.8137	0.2802	0.0458	-1.1923	0.8192	0.7742	-0.8702	-0.3657	0.6064	0.9918	-0.1942	-1.1045	0.1225	0.6481	-0.1853	-0.9518	-1.4071	-2.0155	0.6941	-1.6929	-0.1540	-1.1796	-2.6222	-0.6232	-0.2698	-0.8854	0.2217	0.0496	-1.1720	0.8303	0.7660	-0.8909	-0.3701	0.6635	1.0365	-0.2261	-1.1307	0.1924	0.7211	-0.2100	-0.9840	-1.3685	
-0.0667	 6.02768853997170E-0004	0.0281	-1.7801	0.6822	-1.7738	-0.2048	-1.1549	-2.5791	-0.5293	-0.2481	-1.1392	0.0281	0.2404	-1.0379	0.4013	0.3538	-0.7176	-0.1703	0.3663	0.6653	-0.1795	-0.9900	0.1905	0.6305	-0.3148	-0.9864	-1.0629	-1.7441	0.6835	-1.7846	-0.2205	-1.1579	-2.5734	-0.5106	-0.2412	-1.1863	-0.0104	0.2428	-1.0243	0.4092	0.3487	-0.7312	-0.1734	0.4038	0.6948	-0.2004	-1.0071	0.2366	0.6784	-0.3310	-1.0074	-1.0373	
-0.0333	 1.43273222520504E-0004	-0.2267	-1.4881	0.6726	-1.8714	-0.2808	-1.1355	-2.5276	-0.4063	-0.2153	-1.4666	-0.2267	0.4369	-0.8817	-0.0205	-0.0710	-0.5630	0.0270	0.1224	0.3339	-0.1639	-0.8737	0.2569	0.6104	-0.4444	-1.0201	-0.7161	-1.4707	0.6729	-1.8769	-0.2883	-1.1369	-2.5247	-0.3968	-0.2121	-1.4896	-0.2456	0.4378	-0.8754	-0.0162	-0.0732	-0.5698	0.0252	0.1406	0.3483	-0.1741	-0.8820	0.2790	0.6335	-0.4526	-1.0305	-0.7030	
0.0000	 1.09857566873626E-0006	-0.4846	-1.1948	0.6635	-1.9693	-0.3591	-1.1177	-2.4770	-0.2814	-0.1811	-1.7967	-0.4846	0.6347	-0.7240	-0.4469	-0.5010	-0.4070	0.2260	-0.1245	-0.0013	-0.1476	-0.7556	0.3222	0.5888	-0.5745	-1.0537	-0.3675	-1.1951	0.6626	-1.9697	-0.3574	-1.1166	-2.4761	-0.2827	-0.1827	-1.7953	-0.4834	0.6339	-0.7251	-0.4452	-0.4989	-0.4071	0.2252	-0.1253	-0.0012	-0.1473	-0.7557	0.3213	0.5875	-0.5750	-1.0537	-0.3670	
0.0333	 1.70648231551361E-0004	-0.7434	-0.9016	0.6547	-2.0672	-0.4379	-1.1008	-2.4263	-0.1565	-0.1472	-2.1263	-0.7434	0.8321	-0.5662	-0.8737	-0.9318	-0.2506	0.4249	-0.3731	-0.3374	-0.1306	-0.6372	0.3866	0.5658	-0.7052	-1.0869	-0.0190	-0.9194	0.6528	-2.0623	-0.4281	-1.0980	-2.4280	-0.1673	-0.1522	-2.1010	-0.7223	0.8300	-0.5745	-0.8756	-0.9267	-0.2440	0.4253	-0.3937	-0.3525	-0.1194	-0.6287	0.3619	0.5397	-0.6978	-1.0765	-0.0312	
0.0667	 6.43272513104701E-0004	-1.0036	-0.6068	0.6458	-2.1654	-0.5183	-1.0851	-2.3766	-0.0320	-0.1129	-2.4559	-1.0036	1.0295	-0.4083	-1.3002	-1.3623	-0.0941	0.6234	-0.6234	-0.6744	-0.1137	-0.5189	0.4498	0.5416	-0.8362	-1.1202	0.3289	-0.6428	0.6420	-2.1561	-0.4994	-1.0800	-2.3804	-0.0535	-0.1228	-2.4060	-0.9623	1.0252	-0.4246	-1.3045	-1.3532	-0.0816	0.6241	-0.6622	-0.7038	-0.0925	-0.5027	0.4026	0.4919	-0.8215	-1.1001	0.3047	
0.1000	 1.37241541894008E-0003	-1.2641	-0.3122	0.6358	-2.2653	-0.5983	-1.0697	-2.3271	0.0916	-0.0797	-2.7841	-1.2641	1.2261	-0.2518	-1.7247	-1.7914	0.0609	0.8199	-0.8734	-1.0110	-0.0978	-0.4023	0.5139	0.5182	-0.9687	-1.1548	0.6780	-0.3631	0.6282	-2.2534	-0.5689	-1.0601	-2.3326	0.0579	-0.0960	-2.7093	-1.2023	1.2189	-0.2773	-1.7303	-1.7776	0.0780	0.8200	-0.9297	-1.0532	-0.0684	-0.3801	0.4454	0.4462	-0.9497	-1.1275	0.6433	
