Arquivo: c:\arq\medidas\BBA_1004_064227\BBA_AMP03C_H.dat
Data: 1004	 Hora:  0658
Comentário: 
NomeParametro	 ValorParametro
Nmedias	5
PausaCorretora	3000
PausaShunt	2000
PausaLeitura	500
NumCiclos	3
 NPassosCor	7
DeltaShunt	3.00
TetaIni	-0.10
TetaFim	0.10
I[mA]	 163.6
ACH07A	DeltaPos^2	AMP03C	AMP01B_0	AMP02A_0	AMP02B_0	AMP03A_0	AMP03B_0	AMP03C_0	AMP04A_0	AMP04B_0	AMP05A_0	AMP05B_0	AMP06A_0	AMP06B_0	AMP07A_0	AMP07B_0	AMP08A_0	AMP08B_0	AMP09A_0	AMP09B_0	AMP10A_0	AMP10B_0	AMU11A_0	AMU11B_0	AMP12A_0	AMP12B_0	AMP01A_0	AMP01B_1	AMP02A_1	AMP02B_1	AMP03A_1	AMP03B_1	AMP03C_1	AMP04A_1	AMP04B_1	AMP05A_1	AMP05B_1	AMP06A_1	AMP06B_1	AMP07A_1	AMP07B_1	AMP08A_1	AMP08B_1	AMP09A_1	AMP09B_1	AMP10A_1	AMP10B_1	AMU11A_1	AMU11B_1	AMP12A_1	AMP12B_1	AMP01A_1	
-0.1000	 5.39481742496935E-0005	-2.0194	0.0812	0.2255	-2.5272	0.3419	-0.1600	-2.0194	-0.2781	-0.5127	-2.1238	-0.4506	1.0894	-0.5643	-1.6420	-1.8672	-0.1209	0.7821	-0.3626	-0.6123	-0.3800	-0.6292	1.1255	1.1684	-1.1504	-1.4261	0.9256	0.0857	0.2180	-2.5313	0.3600	-0.1446	-2.0125	-0.2786	-0.5170	-2.1252	-0.4486	1.0935	-0.5636	-1.6525	-1.8755	-0.1153	0.7865	-0.3733	-0.6235	-0.3784	-0.6247	1.1240	1.1653	-1.1526	-1.4245	0.9348	
-0.0667	 9.55636228748497E-0006	-2.1706	-0.3251	0.3766	-2.3451	0.0917	-0.4881	-2.1706	-0.2633	-0.3943	-2.0462	-0.4885	0.9555	-0.6008	-1.2800	-1.4536	-0.2062	0.6150	-0.2914	-0.4274	-0.3079	-0.6655	0.8810	0.9942	-0.9658	-1.3090	0.5109	-0.3225	0.3742	-2.3469	0.0974	-0.4835	-2.1689	-0.2652	-0.3965	-2.0427	-0.4853	0.9542	-0.6027	-1.2764	-1.4499	-0.2074	0.6133	-0.2880	-0.4235	-0.3097	-0.6674	0.8854	0.9998	-0.9673	-1.3109	0.5139	
-0.0333	 8.39159536443624E-0005	-2.3238	-0.7378	0.5299	-2.1599	-0.1617	-0.8200	-2.3238	-0.2484	-0.2750	-1.9675	-0.5270	0.8202	-0.6377	-0.9122	-1.0337	-0.2921	0.4454	-0.2196	-0.2407	-0.2333	-0.7016	0.6310	0.8158	-0.7785	-1.1902	0.0890	-0.7376	0.5328	-2.1591	-0.1700	-0.8277	-2.3269	-0.2506	-0.2735	-1.9591	-0.5228	0.8134	-0.6418	-0.8949	-1.0185	-0.3007	0.4369	-0.2025	-0.2217	-0.2398	-0.7100	0.6414	0.8304	-0.7794	-1.1950	0.0862	
0.0000	 2.78903058667931E-0004	-2.4766	-1.1529	0.6839	-1.9731	-0.4164	-1.1531	-2.4766	-0.2332	-0.1551	-1.8889	-0.5659	0.6846	-0.6741	-0.5431	-0.6119	-0.3775	0.2750	-0.1493	-0.0545	-0.1583	-0.7374	0.3783	0.6349	-0.5895	-1.0704	-0.3358	-1.1558	0.6926	-1.9693	-0.4389	-1.1731	-2.4849	-0.2353	-0.1498	-1.8757	-0.5609	0.6723	-0.6803	-0.5123	-0.5853	-0.3930	0.2607	-0.1182	-0.0208	-0.1686	-0.7520	0.3947	0.6583	-0.5885	-1.0770	-0.3450	
0.0333	 5.92237112874686E-0004	-2.6296	-1.5687	0.8379	-1.7855	-0.6721	-1.4863	-2.6296	-0.2175	-0.0344	-1.8105	-0.6054	0.5483	-0.7106	-0.1732	-0.1887	-0.4633	0.1041	-0.0796	0.1319	-0.0828	-0.7729	0.1240	0.4524	-0.3995	-0.9490	-0.7631	-1.5736	0.8522	-1.7790	-0.7082	-1.5185	-2.6432	-0.2204	-0.0263	-1.7927	-0.5997	0.5309	-0.7190	-0.1289	-0.1505	-0.4855	0.0835	-0.0347	0.1806	-0.0968	-0.7937	0.1460	0.4844	-0.3980	-0.9587	-0.7785	
0.0667	 1.03985173359036E-0003	-2.7828	-1.9832	0.9919	-1.5972	-0.9289	-1.8194	-2.7828	-0.2012	0.0861	-1.7334	-0.6460	0.4125	-0.7466	0.1949	0.2325	-0.5482	-0.0665	-0.0116	0.3163	-0.0061	-0.8072	-0.1317	0.2680	-0.2092	-0.8273	-1.1907	-1.9906	1.0113	-1.5887	-0.9776	-1.8627	-2.8010	-0.2052	0.0971	-1.7100	-0.6388	0.3894	-0.7575	0.2538	0.2832	-0.5779	-0.0938	0.0476	0.3806	-0.0249	-0.8352	-0.1033	0.3093	-0.2068	-0.8397	-1.2115	
0.1000	 1.58969700505922E-0003	-2.9340	-2.3934	1.1451	-1.4102	-1.1830	-2.1489	-2.9340	-0.1850	0.2058	-1.6575	-0.6872	0.2779	-0.7820	0.5605	0.6506	-0.6321	-0.2357	0.0549	0.4989	0.0702	-0.8410	-0.3868	0.0833	-0.0203	-0.7060	-1.6147	-2.4039	1.1702	-1.3985	-1.2460	-2.2046	-2.9577	-0.1891	0.2202	-1.6295	-0.6796	0.2494	-0.7949	0.6325	0.7120	-0.6685	-0.2692	0.1278	0.5774	0.0475	-0.8750	-0.3530	0.1329	-0.0164	-0.7209	-1.6424	
