Arquivo: c:\arq\medidas\BBA_1004_064227\BBA_AMP01B_H.dat
Data: 1004	 Hora:  0642
Comentário: 
NomeParametro	 ValorParametro
Nmedias	5
PausaCorretora	3000
PausaShunt	2000
PausaLeitura	500
NumCiclos	3
 NPassosCor	7
DeltaShunt	3.00
TetaIni	-0.10
TetaFim	0.10
I[mA]	 166.6
ACH07B	DeltaPos^2	AMP01B	AMP01B_0	AMP02A_0	AMP02B_0	AMP03A_0	AMP03B_0	AMP03C_0	AMP04A_0	AMP04B_0	AMP05A_0	AMP05B_0	AMP06A_0	AMP06B_0	AMP07A_0	AMP07B_0	AMP08A_0	AMP08B_0	AMP09A_0	AMP09B_0	AMP10A_0	AMP10B_0	AMU11A_0	AMU11B_0	AMP12A_0	AMP12B_0	AMP01A_0	AMP01B_1	AMP02A_1	AMP02B_1	AMP03A_1	AMP03B_1	AMP03C_1	AMP04A_1	AMP04B_1	AMP05A_1	AMP05B_1	AMP06A_1	AMP06B_1	AMP07A_1	AMP07B_1	AMP08A_1	AMP08B_1	AMP09A_1	AMP09B_1	AMP10A_1	AMP10B_1	AMU11A_1	AMU11B_1	AMP12A_1	AMP12B_1	AMP01A_1	
-0.1000	 3.77915376033958E-0003	0.0707	0.0707	0.3129	-2.4912	0.1057	-0.3525	-2.0663	-0.1369	-0.3979	-2.4173	-0.7504	1.2017	-0.4224	-1.8285	-1.7343	-0.2333	0.7005	-0.1076	-0.3606	-0.4567	-0.7379	1.2517	1.3390	-1.1423	-1.4803	0.8501	-0.0178	0.3138	-2.4629	0.1337	-0.3537	-2.0797	-0.1759	-0.4103	-2.3170	-0.6679	1.1450	-0.4706	-1.7094	-1.6110	-0.2756	0.6444	-0.0432	-0.2696	-0.4580	-0.7689	1.2254	1.3371	-1.1023	-1.4671	0.7471	
-0.0667	 1.29929965667921E-0003	-0.3448	-0.3448	0.4419	-2.3134	-0.0832	-0.6340	-2.2091	-0.1633	-0.3103	-2.2526	-0.7022	1.0310	-0.5014	-1.4025	-1.3630	-0.2863	0.5580	-0.1080	-0.2477	-0.3584	-0.7419	0.9613	1.1072	-0.9546	-1.3436	0.4453	-0.3963	0.4423	-2.2971	-0.0660	-0.6340	-2.2166	-0.1860	-0.3173	-2.1934	-0.6534	0.9978	-0.5297	-1.3326	-1.2905	-0.3111	0.5249	-0.0704	-0.1947	-0.3588	-0.7599	0.9458	1.1060	-0.9311	-1.3357	0.3854	
-0.0333	 9.99671311415154E-0005	-0.7651	-0.7651	0.5718	-2.1337	-0.2726	-0.9170	-2.3531	-0.1910	-0.2223	-2.0848	-0.6526	0.8586	-0.5819	-0.9699	-0.9865	-0.3394	0.4136	-0.1098	-0.1352	-0.2584	-0.7451	0.6654	0.8705	-0.7654	-1.2052	0.0360	-0.7787	0.5717	-2.1294	-0.2671	-0.9166	-2.3548	-0.1970	-0.2241	-2.0682	-0.6389	0.8494	-0.5898	-0.9507	-0.9665	-0.3464	0.4044	-0.0989	-0.1201	-0.2591	-0.7502	0.6618	0.8705	-0.7585	-1.2030	0.0197	
0.0000	 2.58671511118685E-0004	-1.1876	-1.1876	0.7025	-1.9526	-0.4646	-1.2022	-2.4971	-0.2173	-0.1330	-1.9164	-0.6039	0.6852	-0.6621	-0.5350	-0.6085	-0.3922	0.2686	-0.1122	-0.0224	-0.1580	-0.7481	0.3669	0.6312	-0.5733	-1.0653	-0.3775	-1.1637	0.7019	-1.9602	-0.4698	-1.2000	-2.4926	-0.2078	-0.1303	-1.9426	-0.6245	0.7001	-0.6497	-0.5663	-0.6407	-0.3814	0.2832	-0.1284	-0.0457	-0.1580	-0.7404	0.3747	0.6324	-0.5845	-1.0696	-0.3496	
0.0333	 1.81411189637854E-0003	-1.6111	-1.6111	0.8333	-1.7706	-0.6560	-1.4870	-2.6415	-0.2448	-0.0441	-1.7466	-0.5543	0.5104	-0.7434	-0.0984	-0.2289	-0.4451	0.1229	-0.1160	0.0900	-0.0565	-0.7509	0.0661	0.3892	-0.3812	-0.9246	-0.7931	-1.5492	0.8320	-1.7904	-0.6731	-1.4841	-2.6309	-0.2183	-0.0362	-1.8163	-0.6099	0.5499	-0.7103	-0.1816	-0.3145	-0.4162	0.1616	-0.1592	0.0276	-0.0564	-0.7299	0.0855	0.3919	-0.4093	-0.9345	-0.7204	
0.0667	 4.75207668724597E-0003	-2.0341	-2.0341	0.9645	-1.5875	-0.8482	-1.7713	-2.7857	-0.2717	0.0450	-1.5778	-0.5056	0.3358	-0.8236	0.3379	0.1499	-0.4966	-0.0223	-0.1217	0.2005	0.0455	-0.7523	-0.2372	0.1446	-0.1887	-0.7832	-1.2095	-1.9340	0.9623	-1.6199	-0.8763	-1.7671	-2.7688	-0.2286	0.0578	-1.6910	-0.5961	0.4000	-0.7703	0.2031	0.0114	-0.4502	0.0404	-0.1915	0.1002	0.0458	-0.7184	-0.2048	0.1495	-0.2340	-0.7988	-1.0920	
0.1000	 9.09678595348618E-0003	-2.4562	-2.4562	1.0953	-1.4043	-1.0412	-2.0557	-2.9298	-0.2986	0.1346	-1.4084	-0.4572	0.1607	-0.9043	0.7739	0.5283	-0.5483	-0.1679	-0.1293	0.3093	0.1487	-0.7532	-0.5418	-0.1014	0.0045	-0.6408	-1.6266	-2.3191	1.0928	-1.4486	-1.0807	-2.0511	-2.9067	-0.2387	0.1526	-1.5649	-0.5820	0.2497	-0.8300	0.5872	0.3364	-0.4830	-0.0803	-0.2261	0.1703	0.1493	-0.7063	-0.4978	-0.0953	-0.0577	-0.6620	-1.4645	
