Arquivo: c:\arq\medidas\BBA_1004_064227\BBA_AMP03B_H.dat
Data: 1004	 Hora:  0655
Comentário: 
NomeParametro	 ValorParametro
Nmedias	5
PausaCorretora	3000
PausaShunt	2000
PausaLeitura	500
NumCiclos	3
 NPassosCor	7
DeltaShunt	3.00
TetaIni	-0.10
TetaFim	0.10
I[mA]	 165.0
ACH09B	DeltaPos^2	AMP03B	AMP01B_0	AMP02A_0	AMP02B_0	AMP03A_0	AMP03B_0	AMP03C_0	AMP04A_0	AMP04B_0	AMP05A_0	AMP05B_0	AMP06A_0	AMP06B_0	AMP07A_0	AMP07B_0	AMP08A_0	AMP08B_0	AMP09A_0	AMP09B_0	AMP10A_0	AMP10B_0	AMU11A_0	AMU11B_0	AMP12A_0	AMP12B_0	AMP01A_0	AMP01B_1	AMP02A_1	AMP02B_1	AMP03A_1	AMP03B_1	AMP03C_1	AMP04A_1	AMP04B_1	AMP05A_1	AMP05B_1	AMP06A_1	AMP06B_1	AMP07A_1	AMP07B_1	AMP08A_1	AMP08B_1	AMP09A_1	AMP09B_1	AMP10A_1	AMP10B_1	AMU11A_1	AMU11B_1	AMP12A_1	AMP12B_1	AMP01A_1	
-0.1000	 4.51916061098535E-0003	0.0085	-0.2337	0.1491	-2.4535	0.6465	0.0085	-2.0290	-0.5309	-0.6536	-1.5337	0.0840	0.8074	-0.8448	-1.0896	-0.8544	0.0908	0.5227	-1.2746	-1.0781	-0.1231	-0.3854	0.6065	0.5920	-1.0082	-1.1910	0.7582	-0.2406	0.1909	-2.4370	0.5411	-0.0829	-2.0709	-0.5346	-0.6254	-1.4930	0.0907	0.7614	-0.8636	-0.9702	-0.7546	0.0284	0.4681	-1.1485	-0.9444	-0.1644	-0.4443	0.6717	0.6817	-1.0058	-1.2205	0.7193	
-0.0667	 1.99714780001497E-0003	-0.3731	-0.5368	0.3248	-2.2956	0.2987	-0.3731	-2.1776	-0.4338	-0.4900	-1.6502	-0.1291	0.7665	-0.7890	-0.9094	-0.7720	-0.0616	0.4416	-0.9087	-0.7447	-0.1330	-0.4994	0.5286	0.6023	-0.8701	-1.1507	0.3988	-0.5400	0.3517	-2.2854	0.2301	-0.4320	-2.2046	-0.4364	-0.4715	-1.6220	-0.1233	0.7357	-0.8019	-0.8300	-0.7055	-0.1034	0.4046	-0.8244	-0.6549	-0.1606	-0.5389	0.5727	0.6627	-0.8684	-1.1698	0.3739	
-0.0333	 4.84696241767469E-0004	-0.7581	-0.8436	0.5023	-2.1357	-0.0535	-0.7581	-2.3273	-0.3347	-0.3241	-1.7687	-0.3449	0.7259	-0.7322	-0.7287	-0.6903	-0.2154	0.3594	-0.5396	-0.4090	-0.1422	-0.6144	0.4484	0.6112	-0.7301	-1.1088	0.0351	-0.8437	0.5144	-2.1314	-0.0841	-0.7839	-2.3394	-0.3371	-0.3162	-1.7529	-0.3397	0.7104	-0.7390	-0.6887	-0.6558	-0.2359	0.3411	-0.4976	-0.3643	-0.1559	-0.6339	0.4714	0.6421	-0.7301	-1.1188	0.0244	
0.0000	 1.00586675408016E-0005	-1.1444	-1.1534	0.6801	-1.9746	-0.4070	-1.1444	-2.4768	-0.2357	-0.1580	-1.8883	-0.5619	0.6855	-0.6744	-0.5482	-0.6094	-0.3692	0.2780	-0.1710	-0.0735	-0.1504	-0.7284	0.3662	0.6182	-0.5888	-1.0657	-0.3321	-1.1494	0.6769	-1.9766	-0.3995	-1.1371	-2.4737	-0.2375	-0.1607	-1.8838	-0.5563	0.6849	-0.6759	-0.5477	-0.6077	-0.3690	0.2776	-0.1708	-0.0734	-0.1508	-0.7283	0.3685	0.6199	-0.5900	-1.0662	-0.3271	
0.0333	 5.60426244808518E-0004	-1.5305	-1.4642	0.8582	-1.8125	-0.7609	-1.5305	-2.6267	-0.1360	0.0083	-2.0083	-0.7794	0.6457	-0.6164	-0.3685	-0.5294	-0.5226	0.1965	0.1968	0.2612	-0.1574	-0.8416	0.2815	0.6227	-0.4464	-1.0212	-0.7010	-1.4560	0.8405	-1.8204	-0.7155	-1.4901	-2.6093	-0.1373	-0.0043	-2.0161	-0.7743	0.6604	-0.6125	-0.4073	-0.5601	-0.5013	0.2147	0.1550	0.2169	-0.1444	-0.8218	0.2628	0.5950	-0.4495	-1.0126	-0.6813	
0.0667	 2.12695350166801E-0003	-1.9162	-1.7740	1.0360	-1.6495	-1.1156	-1.9162	-2.7764	-0.0357	0.1753	-2.1300	-0.9979	0.6065	-0.5580	-0.1901	-0.4511	-0.6756	0.1160	0.5642	0.5949	-0.1641	-0.9546	0.1958	0.6264	-0.3038	-0.9767	-1.0706	-1.7621	1.0035	-1.6639	-1.0316	-1.8425	-2.7440	-0.0371	0.1515	-2.1491	-0.9926	0.6362	-0.5486	-0.2677	-0.5135	-0.6337	0.1520	0.4805	0.5064	-0.1376	-0.9154	0.1566	0.5698	-0.3083	-0.9587	-1.0360	
0.1000	 4.72571150485140E-0003	-2.2991	-2.0836	1.2135	-1.4868	-1.4681	-2.2991	-2.9252	0.0636	0.3403	-2.2521	-1.2160	0.5679	-0.4993	-0.0129	-0.3731	-0.8277	0.0358	0.9287	0.9259	-0.1697	-1.0667	0.1089	0.6281	-0.1611	-0.9318	-1.4388	-2.0683	1.1661	-1.5073	-1.3461	-2.1927	-2.8783	0.0630	0.3065	-2.2825	-1.2106	0.6126	-0.4844	-0.1302	-0.4684	-0.7651	0.0904	0.8035	0.7927	-0.1296	-1.0073	0.0490	0.5421	-0.1670	-0.9041	-1.3896	
