Arquivo: c:\arq\medidas\BBA_1004_064227\BBA_AMP08B_V.dat
Data: 1004	 Hora:  0730
Comentário: 
NomeParametro	 ValorParametro
Nmedias	5
PausaCorretora	3000
PausaShunt	2000
PausaLeitura	500
NumCiclos	3
 NPassosCor	7
DeltaShunt	3.00
TetaIni	-0.10
TetaFim	0.10
I[mA]	  37.8
ACV11B	DeltaPos^2	AMP08B	AMP01B_0	AMP02A_0	AMP02B_0	AMP03A_0	AMP03B_0	AMP03C_0	AMP04A_0	AMP04B_0	AMP05A_0	AMP05B_0	AMP06A_0	AMP06B_0	AMP07A_0	AMP07B_0	AMP08A_0	AMP08B_0	AMP09A_0	AMP09B_0	AMP10A_0	AMP10B_0	AMU11A_0	AMU11B_0	AMP12A_0	AMP12B_0	AMP01A_0	AMP01B_1	AMP02A_1	AMP02B_1	AMP03A_1	AMP03B_1	AMP03C_1	AMP04A_1	AMP04B_1	AMP05A_1	AMP05B_1	AMP06A_1	AMP06B_1	AMP07A_1	AMP07B_1	AMP08A_1	AMP08B_1	AMP09A_1	AMP09B_1	AMP10A_1	AMP10B_1	AMU11A_1	AMU11B_1	AMP12A_1	AMP12B_1	AMP01A_1	
-0.1000	 2.31624373151371E-0004	-0.5888	0.5386	0.3447	0.0592	-0.3335	2.2575	1.1710	0.9276	0.4354	1.7671	-0.1037	0.3683	-1.0278	0.1247	0.9081	1.1531	-0.5888	-0.9640	0.6362	1.1591	1.2154	1.3669	0.7266	0.2192	0.1033	-0.2242	0.5301	0.3341	0.0449	-0.3504	2.2755	1.2098	0.9419	0.4356	1.7596	-0.1100	0.3701	-1.0133	0.1480	0.8909	1.1378	-0.6023	-0.9840	0.6540	1.1730	1.2235	1.3694	0.7141	0.2129	0.1112	-0.2077	
-0.0667	 1.10905829385962E-0004	-0.4159	0.2636	0.2226	0.1775	-0.0613	2.2075	0.9503	0.7834	0.2019	1.4867	0.2303	0.6004	-0.9613	0.0920	0.7264	1.1105	-0.4159	-0.6581	0.4466	0.9713	1.0225	1.2367	0.9748	0.4641	0.2737	-0.1044	0.2574	0.2151	0.1676	-0.0732	2.2207	0.9775	0.7930	0.2024	1.4813	0.2262	0.6015	-0.9514	0.1080	0.7146	1.1000	-0.4252	-0.6718	0.4587	0.9807	1.0277	1.2385	0.9664	0.4600	0.2795	-0.0932	
-0.0333	 2.93282856123725E-0005	-0.2399	-0.0166	0.0980	0.2969	0.2156	2.1572	0.7264	0.6363	-0.0359	1.2006	0.5701	0.8365	-0.8936	0.0587	0.5414	1.0672	-0.2399	-0.3463	0.2539	0.7802	0.8261	1.1038	1.2268	0.7130	0.4475	0.0170	-0.0198	0.0941	0.2918	0.2099	2.1638	0.7404	0.6417	-0.0358	1.1978	0.5680	0.8375	-0.8883	0.0671	0.5354	1.0616	-0.2448	-0.3532	0.2602	0.7851	0.8285	1.1045	1.2230	0.7112	0.4506	0.0230	
0.0000	 3.44749010067978E-0007	-0.0627	-0.2989	-0.0281	0.4173	0.4945	2.1059	0.5012	0.4888	-0.2751	0.9117	0.9105	1.0740	-0.8250	0.0254	0.3553	1.0232	-0.0627	-0.0329	0.0594	0.5878	0.6278	0.9704	1.4802	0.9637	0.6225	0.1395	-0.2995	-0.0284	0.4171	0.4944	2.1070	0.5024	0.4890	-0.2754	0.9112	0.9106	1.0741	-0.8246	0.0265	0.3546	1.0224	-0.0631	-0.0331	0.0598	0.5880	0.6274	0.9706	1.4808	0.9643	0.6232	0.1400	
0.0333	 2.03008183358580E-0005	0.1154	-0.5830	-0.1540	0.5379	0.7740	2.0549	0.2745	0.3401	-0.5152	0.6225	1.2527	1.3125	-0.7565	-0.0076	0.1680	0.9790	0.1154	0.2822	-0.1355	0.3944	0.4288	0.8360	1.7344	1.2151	0.7979	0.2622	-0.5808	-0.1509	0.5423	0.7795	2.0503	0.2630	0.3360	-0.5157	0.6243	1.2551	1.3124	-0.7601	-0.0138	0.1728	0.9829	0.1194	0.2887	-0.1408	0.3900	0.4257	0.8354	1.7393	1.2182	0.7963	0.2575	
0.0667	 8.79183809979261E-0005	0.2938	-0.8681	-0.2803	0.6588	1.0532	2.0035	0.0482	0.1917	-0.7553	0.3312	1.5949	1.5505	-0.6874	-0.0409	-0.0194	0.9349	0.2938	0.5975	-0.3312	0.2005	0.2300	0.7017	1.9877	1.4656	0.9740	0.3862	-0.8633	-0.2739	0.6676	1.0644	1.9934	0.0239	0.1832	-0.7561	0.3355	1.5991	1.5500	-0.6956	-0.0546	-0.0092	0.9434	0.3019	0.6107	-0.3423	0.1919	0.2244	0.7000	1.9970	1.4707	0.9698	0.3763	
0.1000	 2.03502234594784E-0004	0.4716	-1.1531	-0.4072	0.7793	1.3317	1.9528	-0.1780	0.0429	-0.9953	0.0393	1.9355	1.7884	-0.6183	-0.0742	-0.2066	0.8905	0.4716	0.9131	-0.5272	0.0067	0.0319	0.5675	2.2401	1.7160	1.1502	0.5108	-1.1457	-0.3976	0.7930	1.3480	1.9367	-0.2150	0.0298	-0.9962	0.0460	1.9426	1.7874	-0.6312	-0.0952	-0.1912	0.9042	0.4840	0.9326	-0.5439	-0.0064	0.0235	0.5650	2.2537	1.7230	1.1436	0.4958	
