Arquivo: c:\arq\medidas\BBA_1004_064227\BBA_AMP12A_V.dat
Data: 1004	 Hora:  0752
Comentário: 
NomeParametro	 ValorParametro
Nmedias	5
PausaCorretora	3000
PausaShunt	2000
PausaLeitura	500
NumCiclos	3
 NPassosCor	7
DeltaShunt	3.00
TetaIni	-0.10
TetaFim	0.10
I[mA]	  35.2
ACV09A	DeltaPos^2	AMP12A	AMP01B_0	AMP02A_0	AMP02B_0	AMP03A_0	AMP03B_0	AMP03C_0	AMP04A_0	AMP04B_0	AMP05A_0	AMP05B_0	AMP06A_0	AMP06B_0	AMP07A_0	AMP07B_0	AMP08A_0	AMP08B_0	AMP09A_0	AMP09B_0	AMP10A_0	AMP10B_0	AMU11A_0	AMU11B_0	AMP12A_0	AMP12B_0	AMP01A_0	AMP01B_1	AMP02A_1	AMP02B_1	AMP03A_1	AMP03B_1	AMP03C_1	AMP04A_1	AMP04B_1	AMP05A_1	AMP05B_1	AMP06A_1	AMP06B_1	AMP07A_1	AMP07B_1	AMP08A_1	AMP08B_1	AMP09A_1	AMP09B_1	AMP10A_1	AMP10B_1	AMU11A_1	AMU11B_1	AMP12A_1	AMP12B_1	AMP01A_1	
-0.1000	 3.00063763756160E-0004	0.3487	-0.1574	-0.2026	-0.2574	-0.5209	2.7828	2.1915	1.1956	0.1053	1.0893	0.1587	0.7530	-0.4435	0.8608	0.0554	0.5835	-0.7510	-0.9356	0.5329	1.1245	1.3039	1.5091	0.6980	0.3487	0.6236	0.5180	-0.1295	-0.1868	-0.2607	-0.5364	2.7789	2.1918	1.2014	0.1255	1.1175	0.1329	0.7323	-0.4557	0.8530	0.0796	0.5943	-0.7603	-0.9570	0.5390	1.1357	1.3243	1.5276	0.6765	0.3294	0.6051	0.5000	
-0.0667	 1.14456758998461E-0004	0.5544	-0.2081	-0.1480	-0.0359	-0.1853	2.5632	1.6416	0.9632	-0.0230	1.0266	0.4095	0.8618	-0.5661	0.5896	0.1500	0.7254	-0.5239	-0.6361	0.3790	0.9495	1.0851	1.3369	0.9599	0.5544	0.6264	0.3968	-0.1908	-0.1383	-0.0379	-0.1951	2.5611	1.6417	0.9669	-0.0105	1.0440	0.3936	0.8490	-0.5737	0.5846	0.1648	0.7323	-0.5295	-0.6494	0.3827	0.9563	1.0973	1.3486	0.9468	0.5423	0.6149	0.3854	
-0.0333	 1.73539914916448E-0005	0.7625	-0.2603	-0.0933	0.1884	0.1544	2.3409	1.0825	0.7278	-0.1527	0.9624	0.6630	0.9723	-0.6894	0.3156	0.2443	0.8685	-0.2943	-0.3324	0.2236	0.7720	0.8628	1.1624	1.2244	0.7625	0.6297	0.2754	-0.2539	-0.0897	0.1874	0.1504	2.3400	1.0829	0.7293	-0.1478	0.9691	0.6569	0.9676	-0.6922	0.3138	0.2501	0.8711	-0.2965	-0.3376	0.2251	0.7745	0.8680	1.1670	1.2192	0.7579	0.6253	0.2707	
0.0000	 6.31526761696024E-0006	0.9732	-0.3143	-0.0392	0.4138	0.4965	2.1157	0.5170	0.4909	-0.2837	0.8974	0.9185	1.0840	-0.8134	0.0395	0.3390	1.0122	-0.0624	-0.0265	0.0666	0.5926	0.6376	0.9860	1.4911	0.9732	0.6344	0.1534	-0.3184	-0.0413	0.4143	0.4990	2.1162	0.5163	0.4897	-0.2865	0.8934	0.9226	1.0871	-0.8116	0.0404	0.3358	1.0110	-0.0609	-0.0232	0.0655	0.5910	0.6349	0.9837	1.4946	0.9760	0.6370	0.1562	
0.0333	 8.64127946277112E-0005	1.1848	-0.3693	0.0148	0.6396	0.8407	1.8886	-0.0522	0.2524	-0.4146	0.8330	1.1756	1.1962	-0.9380	-0.2377	0.4341	1.1565	0.1704	0.2818	-0.0905	0.4127	0.4111	0.8077	1.7588	1.1848	0.6396	0.0323	-0.3843	0.0064	0.6416	0.8491	1.8907	-0.0529	0.2491	-0.4255	0.8178	1.1896	1.2074	-0.9312	-0.2334	0.4210	1.1514	0.1756	0.2936	-0.0942	0.4066	0.4008	0.7979	1.7704	1.1950	0.6491	0.0419	
0.0667	 2.60973456484413E-0004	1.3960	-0.4253	0.0682	0.8656	1.1832	1.6615	-0.6216	0.0143	-0.5454	0.7682	1.4314	1.3077	-1.0622	-0.5150	0.5286	1.3004	0.4030	0.5890	-0.2471	0.2333	0.1847	0.6282	2.0257	1.3960	0.6451	-0.0881	-0.4519	0.0535	0.8686	1.1977	1.6652	-0.6225	0.0084	-0.5640	0.7420	1.4555	1.3271	-1.0507	-0.5078	0.5064	1.2907	0.4120	0.6096	-0.2531	0.2228	0.1662	0.6111	2.0456	1.4138	0.6622	-0.0713	
0.1000	 5.21341367250654E-0004	1.6079	-0.4831	0.1211	1.0912	1.5242	1.4334	-1.1897	-0.2235	-0.6762	0.7033	1.6865	1.4191	-1.1863	-0.7927	0.6238	1.4442	0.6354	0.8971	-0.4030	0.0542	-0.0422	0.4477	2.2916	1.6079	0.6514	-0.2078	-0.5199	0.1006	1.0953	1.5447	1.4387	-1.1905	-0.2313	-0.7028	0.6659	1.7207	1.4466	-1.1701	-0.7821	0.5920	1.4299	0.6478	0.9254	-0.4111	0.0397	-0.0685	0.4233	2.3200	1.6328	0.6758	-0.1837	
