Arquivo: c:\arq\medidas\BBA_0603_073413\BBA_AMP10B_H.dat
Data: 0603	 Hora:  0844
Comentário: 
NomeParametro	 ValorParametro
Nmedias	5
PausaCorretora	3000
PausaShunt	2000
PausaLeitura	500
NumCiclos	3
 NPassosCor	9
DeltaShunt	3.00
TetaIni	-0.20
TetaFim	0.20
I[mA]	  42.1
ACH03A	DeltaPos^2	AMP10B	AMP01B_0	AMP02A_0	AMP02B_0	AMP03A_0	AMP03B_0	AMP04A_0	AMP04B_0	AMP05A_0	AMP05B_0	AMP06A_0	AMP06B_0	AMP07A_0	AMP07B_0	AMP08A_0	AMP08B_0	AMP09A_0	AMP09B_0	AMP10A_0	AMP10B_0	AMP11A_0	AMU11A_0	AMU11B_0	AMP11B_0	AMP12A_0	AMP12B_0	AMP01A_0	AMP01B_1	AMP02A_1	AMP02B_1	AMP03A_1	AMP03B_1	AMP04A_1	AMP04B_1	AMP05A_1	AMP05B_1	AMP06A_1	AMP06B_1	AMP07A_1	AMP07B_1	AMP08A_1	AMP08B_1	AMP09A_1	AMP09B_1	AMP10A_1	AMP10B_1	AMP11A_1	AMU11A_1	AMU11B_1	AMP11B_1	AMP12A_1	AMP12B_1	AMP01A_1	
-0.2000	 3.17407112991032E-0003	-1.8369	-0.4564	1.0801	-2.0284	-1.8941	-2.8788	-0.1062	0.4816	-1.7198	-0.9874	0.0999	-0.8101	1.1515	0.6363	-1.4362	-0.5489	2.0623	2.1391	-1.0664	-1.8369	0.0085	1.9949	2.5579	-3.2558	-0.8816	-1.8931	-0.2116	-0.3933	1.0124	-2.0825	-1.7889	-2.7738	-0.1611	0.4144	-1.6621	-0.9079	0.0779	-0.8560	1.1331	0.6478	-1.4248	-0.5600	1.9826	2.0763	-1.0393	-1.8138	-0.0063	1.9883	2.5256	-3.2174	-0.9254	-1.9098	-0.1264	
-0.1500	 2.08139036736066E-0003	-1.5844	-0.6076	0.9502	-2.0226	-1.4918	-2.4182	-0.1705	0.3002	-1.7132	-0.8381	0.2264	-0.8139	0.7743	0.3779	-1.1903	-0.3746	1.5328	1.6274	-0.8428	-1.5844	0.0286	1.5907	2.0771	-3.0566	-0.8135	-1.7052	-0.2159	-0.5574	0.8956	-2.0658	-1.4052	-2.3319	-0.2147	0.2460	-1.6665	-0.7739	0.2089	-0.8507	0.7607	0.3874	-1.1807	-0.3835	1.4683	1.5766	-0.8201	-1.5658	0.0170	1.5849	2.0508	-3.0258	-0.8486	-1.7182	-0.1479	
-0.1000	 1.22906532904168E-0003	-1.3291	-0.7638	0.8201	-2.0150	-1.0857	-1.9506	-0.2346	0.1180	-1.7079	-0.6889	0.3548	-0.8170	0.3942	0.1158	-0.9420	-0.1979	0.9944	1.1070	-0.6159	-1.3291	-0.0045	1.1784	1.5864	-2.8556	-0.7430	-1.5139	-0.2244	-0.7261	0.7786	-2.0474	-1.0191	-1.8842	-0.2686	0.0764	-1.6717	-0.6394	0.3414	-0.8449	0.3838	0.1233	-0.9343	-0.2045	0.9441	1.0672	-0.5982	-1.3145	0.0239	1.1732	1.5660	-2.8320	-0.7698	-1.5230	-0.1726	
-0.0500	 5.67180202737846E-0004	-1.0731	-0.9239	0.6907	-2.0058	-0.6802	-1.4827	-0.2983	-0.0649	-1.7038	-0.5409	0.4835	-0.8194	0.0130	-0.1479	-0.6924	-0.0208	0.4519	0.5829	-0.3881	-1.0731	0.0291	0.7617	1.0915	-2.6540	-0.6712	-1.3210	-0.2360	-0.8985	0.6629	-2.0271	-0.6342	-1.4370	-0.3205	-0.0926	-1.6791	-0.5071	0.4747	-0.8380	0.0061	-0.1429	-0.6866	-0.0251	0.4173	0.5556	-0.3755	-1.0626	-0.0170	0.7577	1.0769	-2.6383	-0.6886	-1.3266	-0.2014	
0.0000	 1.69236615587434E-0004	-0.8169	-1.0865	0.5632	-1.9948	-0.2758	-1.0156	-0.3600	-0.2458	-1.7018	-0.3950	0.6120	-0.8209	-0.3677	-0.4124	-0.4439	0.1562	-0.0901	0.0590	-0.1605	-0.8169	-0.0058	0.3429	0.5937	-2.4531	-0.5980	-1.1281	-0.2515	-1.0734	0.5485	-2.0056	-0.2514	-0.9911	-0.3723	-0.2607	-1.6878	-0.3758	0.6076	-0.8307	-0.3712	-0.4092	-0.4398	0.1546	-0.1101	0.0430	-0.1529	-0.8106	0.0305	0.3396	0.5844	-2.4443	-0.6067	-1.1302	-0.2330	
0.0500	 5.34804060222560E-0006	-0.5604	-1.2520	0.4367	-1.9824	0.1265	-0.5494	-0.4218	-0.4265	-1.7008	-0.2502	0.7414	-0.8215	-0.7495	-0.6782	-0.1945	0.3335	-0.6339	-0.4663	0.0674	-0.5604	0.0203	-0.0786	0.0920	-2.2521	-0.5230	-0.9336	-0.2705	-1.2514	0.4353	-1.9821	0.1307	-0.5454	-0.4230	-0.4281	-1.6977	-0.2462	0.7413	-0.8221	-0.7494	-0.6767	-0.1925	0.3338	-0.6377	-0.4696	0.0697	-0.5583	0.0196	-0.0808	0.0890	-2.2510	-0.5226	-0.9320	-0.2688	
0.1000	 8.13487082583233E-0005	-0.3044	-1.4215	0.3122	-1.9678	0.5247	-0.0859	-0.4822	-0.6057	-1.7018	-0.1080	0.8706	-0.8209	-1.1303	-0.9445	0.0537	0.5104	-1.1764	-0.9904	0.2956	-0.3044	-0.0013	-0.5025	-0.4104	-2.0515	-0.4462	-0.7378	-0.2938	-1.4329	0.3243	-1.9566	0.5090	-0.1023	-0.4726	-0.5938	-1.7093	-0.1190	0.8747	-0.8127	-1.1269	-0.9449	0.0537	0.5130	-1.1657	-0.9824	0.2931	-0.3060	0.0064	-0.5036	-0.4075	-2.0578	-0.4373	-0.7325	-0.3085	
0.1500	 3.82652233160949E-0004	-0.0491	-1.5937	0.1896	-1.9517	0.9202	0.3743	-0.5411	-0.7837	-1.7040	0.0321	0.9996	-0.8196	-1.5092	-1.2107	0.3011	0.6866	-1.7160	-1.5127	0.5224	-0.0491	-0.0083	-0.9266	-0.9129	-1.8515	-0.3677	-0.5417	-0.3206	-1.6167	0.2141	-1.9302	0.8841	0.3375	-0.5219	-0.7593	-1.7220	0.0066	1.0080	-0.8026	-1.5019	-1.2129	0.2995	0.6917	-1.6900	-1.4921	0.5150	-0.0549	-0.0034	-0.9268	-0.9046	-1.8651	-0.3505	-0.5331	-0.3510	
0.2000	 8.91557008189593E-0004	0.2035	-1.7676	0.0688	-1.9338	1.3075	0.8261	-0.5993	-0.9590	-1.7077	0.1693	1.1275	-0.8175	-1.8821	-1.4746	0.5451	0.8610	-2.2473	-2.0269	0.7479	0.2035	0.0344	-1.3477	-1.4108	-1.6542	-0.2890	-0.3467	-0.3513	-1.8014	0.1061	-1.9025	1.2517	0.7695	-0.5695	-0.9220	-1.7358	0.1296	1.1399	-0.7919	-1.8723	-1.4787	0.5418	0.8680	-2.2069	-1.9947	0.7355	0.1931	-0.0041	-1.3464	-1.3963	-1.6747	-0.2639	-0.3354	-0.3967	
