Arquivo: c:\arq\medidas\BBA_0603_073413\BBA_AMP07B_H.dat
Data: 0603	 Hora:  0821
Comentário: 
NomeParametro	 ValorParametro
Nmedias	5
PausaCorretora	3000
PausaShunt	2000
PausaLeitura	500
NumCiclos	3
 NPassosCor	9
DeltaShunt	1.50
TetaIni	-0.20
TetaFim	0.20
I[mA]	 114.2
ACH01B	DeltaPos^2	AMP07B	AMP01B_0	AMP02A_0	AMP02B_0	AMP03A_0	AMP03B_0	AMP04A_0	AMP04B_0	AMP05A_0	AMP05B_0	AMP06A_0	AMP06B_0	AMP07A_0	AMP07B_0	AMP08A_0	AMP08B_0	AMP09A_0	AMP09B_0	AMP10A_0	AMP10B_0	AMP11A_0	AMU11A_0	AMU11B_0	AMP11B_0	AMP12A_0	AMP12B_0	AMP01A_0	AMP01B_1	AMP02A_1	AMP02B_1	AMP03A_1	AMP03B_1	AMP04A_1	AMP04B_1	AMP05A_1	AMP05B_1	AMP06A_1	AMP06B_1	AMP07A_1	AMP07B_1	AMP08A_1	AMP08B_1	AMP09A_1	AMP09B_1	AMP10A_1	AMP10B_1	AMP11A_1	AMU11A_1	AMU11B_1	AMP11B_1	AMP12A_1	AMP12B_1	AMP01A_1	
-0.2000	 4.95574515618331E-0003	2.0900	-2.8886	0.5791	-1.3931	0.3537	-0.9905	-1.1313	-0.4985	0.3709	1.2774	-0.5475	-1.7872	2.0758	2.0900	-1.3224	-0.9906	1.2876	1.9589	-0.2030	-1.4557	0.0005	-0.1444	0.6150	-2.7083	0.1714	-0.8691	-2.3611	-2.7551	0.5400	-1.4505	0.4106	-0.9044	-1.1209	-0.5242	0.3125	1.2574	-0.4908	-1.7601	1.9383	1.9727	-1.3090	-0.9463	1.2964	1.9302	-0.2387	-1.4586	-0.0083	-0.0426	0.6991	-2.6641	0.1135	-0.9162	-2.2302	
-0.1500	 2.69740792638841E-0003	1.4755	-2.4651	0.5741	-1.5330	0.2200	-0.9792	-0.9392	-0.4391	-0.1306	0.8820	-0.2562	-1.5502	1.4684	1.4755	-1.0942	-0.6986	0.9329	1.4779	-0.1795	-1.2835	-0.0006	-0.0444	0.5875	-2.6377	-0.0056	-0.9174	-1.8549	-2.3671	0.5451	-1.5751	0.2622	-0.9155	-0.9312	-0.4582	-0.1733	0.8673	-0.2144	-1.5302	1.3656	1.3879	-1.0840	-0.6659	0.9381	1.4551	-0.2052	-1.2853	0.0074	0.0295	0.6484	-2.6049	-0.0485	-0.9516	-1.7586	
-0.1000	 1.10090961182970E-0003	0.8501	-2.0376	0.5700	-1.6729	0.0847	-0.9687	-0.7443	-0.3788	-0.6375	0.4811	0.0378	-1.3101	0.8494	0.8501	-0.8621	-0.4033	0.5700	0.9858	-0.1539	-1.1083	0.0173	0.0522	0.5555	-2.5671	-0.1838	-0.9644	-1.3434	-1.9748	0.5516	-1.6996	0.1122	-0.9279	-0.7388	-0.3907	-0.6648	0.4718	0.0647	-1.2973	0.7831	0.7934	-0.8556	-0.3826	0.5729	0.9714	-0.1700	-1.1091	0.0069	0.0985	0.5935	-2.5463	-0.2106	-0.9860	-1.2818	
-0.0500	 1.88828787706336E-0004	0.2145	-1.6055	0.5675	-1.8126	-0.0562	-0.9627	-0.5462	-0.3161	-1.1503	0.0731	0.3340	-1.0673	0.2222	0.2145	-0.6280	-0.1058	0.2020	0.4872	-0.1264	-0.9304	-0.0108	0.1465	0.5204	-2.4971	-0.3617	-1.0103	-0.8276	-1.5792	0.5599	-1.8238	-0.0453	-0.9458	-0.5444	-0.3209	-1.1617	0.0692	0.3453	-1.0619	0.1948	0.1913	-0.6252	-0.0969	0.2034	0.4819	-0.1330	-0.9303	0.0116	0.1658	0.5359	-2.4887	-0.3730	-1.0194	-0.8020	
0.0000	 3.08314959521886E-0005	-0.4240	-1.1746	0.5668	-1.9507	-0.1989	-0.9587	-0.3471	-0.2515	-1.6632	-0.3380	0.6303	-0.8226	-0.4077	-0.4240	-0.3916	0.1926	-0.1706	-0.0145	-0.0969	-0.7506	0.0159	0.2366	0.4806	-2.4286	-0.5383	-1.0542	-0.3135	-1.1852	0.5698	-1.9464	-0.2043	-0.9662	-0.3477	-0.2493	-1.6589	-0.3365	0.6262	-0.8244	-0.3971	-0.4145	-0.3929	0.1893	-0.1706	-0.0117	-0.0945	-0.7506	0.0239	0.2290	0.4743	-2.4321	-0.5337	-1.0505	-0.3237	
0.0500	 6.01444905220804E-0004	-1.0631	-0.7481	0.5687	-2.0853	-0.3478	-0.9614	-0.1466	-0.1844	-2.1755	-0.7516	0.9263	-0.5768	-1.0373	-1.0631	-0.1541	0.4914	-0.5451	-0.5177	-0.0653	-0.5687	0.0032	0.3217	0.4360	-2.3624	-0.7115	-1.0944	0.1951	-0.7950	0.5826	-2.0656	-0.3683	-0.9919	-0.1505	-0.1754	-2.1556	-0.7449	0.9068	-0.5860	-0.9896	-1.0217	-0.1595	0.4758	-0.5473	-0.5068	-0.0529	-0.5683	0.0124	0.2868	0.4071	-2.3779	-0.6915	-1.0786	0.1498	
0.1000	 1.87285337538954E-0003	-1.6986	-0.3243	0.5728	-2.2181	-0.4998	-0.9675	0.0537	-0.1159	-2.6834	-1.1661	1.2204	-0.3309	-1.6630	-1.6986	0.0819	0.7875	-0.9211	-1.0201	-0.0319	-0.3874	0.0039	0.4038	0.3892	-2.2976	-0.8830	-1.1342	0.6998	-0.4079	0.5972	-2.1828	-0.5344	-1.0205	0.0477	-0.0997	-2.6493	-1.1545	1.1864	-0.3471	-1.5776	-1.6257	0.0732	0.7607	-0.9244	-1.0016	-0.0107	-0.3862	-0.0087	0.3424	0.3386	-2.3251	-0.8478	-1.1050	0.6194	
0.1500	 3.80704687521869E-0003	-2.3282	0.0940	0.5783	-2.3482	-0.6531	-0.9768	0.2544	-0.0460	-3.1867	-1.5790	1.5123	-0.0858	-2.2814	-2.3282	0.3175	1.0819	-1.2968	-1.5206	0.0026	-0.2059	-0.0208	0.4816	0.3387	-2.2344	-1.0517	-1.1709	1.1979	-0.0253	0.6128	-2.2981	-0.7039	-1.0537	0.2453	-0.0232	-3.1378	-1.5620	1.4638	-0.1092	-2.1610	-2.2243	0.3057	1.0436	-1.3026	-1.4942	0.0332	-0.2041	-0.0034	0.3939	0.2663	-2.2733	-1.0014	-1.1302	1.0836	
0.2000	 6.05466245211194E-0003	-2.9479	0.5041	0.5865	-2.4743	-0.8108	-0.9923	0.4539	0.0252	-3.6819	-1.9899	1.8010	0.1574	-2.8904	-2.9479	0.5520	1.3731	-1.6708	-2.0153	0.0396	-0.0245	0.0157	0.5541	0.2841	-2.1735	-1.2166	-1.2051	1.6853	0.3547	0.6273	-2.4147	-0.8698	-1.0850	0.4394	0.0512	-3.6180	-1.9666	1.7368	0.1246	-2.7328	-2.8120	0.5337	1.3214	-1.6760	-1.9796	0.0758	-0.0253	-0.0036	0.4449	0.1946	-2.2228	-1.1567	-1.1572	1.5430	
