Arquivo: c:\arq\medidas\BBA_0603_073413\BBA_AMP05A_H.dat
Data: 0603	 Hora:  0801
Comentário: 
NomeParametro	 ValorParametro
Nmedias	5
PausaCorretora	3000
PausaShunt	2000
PausaLeitura	500
NumCiclos	3
 NPassosCor	9
DeltaShunt	1.50
TetaIni	-0.20
TetaFim	0.20
I[mA]	 121.6
ACH11A	DeltaPos^2	AMP05A	AMP01B_0	AMP02A_0	AMP02B_0	AMP03A_0	AMP03B_0	AMP04A_0	AMP04B_0	AMP05A_0	AMP05B_0	AMP06A_0	AMP06B_0	AMP07A_0	AMP07B_0	AMP08A_0	AMP08B_0	AMP09A_0	AMP09B_0	AMP10A_0	AMP10B_0	AMP11A_0	AMU11A_0	AMU11B_0	AMP11B_0	AMP12A_0	AMP12B_0	AMP01A_0	AMP01B_1	AMP02A_1	AMP02B_1	AMP03A_1	AMP03B_1	AMP04A_1	AMP04B_1	AMP05A_1	AMP05B_1	AMP06A_1	AMP06B_1	AMP07A_1	AMP07B_1	AMP08A_1	AMP08B_1	AMP09A_1	AMP09B_1	AMP10A_1	AMP10B_1	AMP11A_1	AMU11A_1	AMU11B_1	AMP11B_1	AMP12A_1	AMP12B_1	AMP01A_1	
-0.2000	 3.52230220379025E-0003	0.4262	-1.7120	0.0269	-1.9671	1.3884	0.2185	-1.3136	-0.9733	0.4262	1.6950	-0.2252	-1.8132	1.0862	1.4345	-0.6389	-0.5211	-0.2243	0.5070	0.4172	-0.7486	0.0383	-1.3666	-1.4630	-2.2023	-0.3143	-0.3383	-0.2613	-1.6049	0.0132	-2.0064	1.3858	0.2476	-1.2818	-0.9734	0.3309	1.5880	-0.1990	-1.7674	1.0574	1.3765	-0.6527	-0.5062	-0.1676	0.5364	0.3728	-0.7740	-0.0146	-1.2594	-1.3602	-2.1772	-0.3597	-0.3872	-0.1702	
-0.1500	 1.92697204890172E-0003	-0.1013	-1.5653	0.1592	-1.9682	0.9950	-0.0700	-1.0712	-0.7950	-0.1013	1.1866	-0.0068	-1.5631	0.7025	0.9614	-0.5732	-0.3377	-0.2170	0.3685	0.2894	-0.7460	0.0046	-0.9693	-0.9870	-2.2553	-0.3751	-0.5151	-0.2552	-1.4859	0.1487	-1.9975	0.9955	-0.0466	-1.0481	-0.7945	-0.1715	1.1075	0.0123	-1.5296	0.6806	0.9190	-0.5835	-0.3271	-0.1755	0.3895	0.2571	-0.7646	-0.0135	-0.8900	-0.9108	-2.2363	-0.4090	-0.5516	-0.1875	
-0.1000	 7.96865590577217E-0004	-0.6346	-1.4187	0.2925	-1.9685	0.5980	-0.3609	-0.8263	-0.6139	-0.6346	0.6715	0.2132	-1.3106	0.3129	0.4816	-0.5067	-0.1530	-0.2119	0.2263	0.1608	-0.7427	-0.0132	-0.5682	-0.5056	-2.3095	-0.4365	-0.6935	-0.2511	-1.3677	0.2862	-1.9870	0.5970	-0.3472	-0.8113	-0.6138	-0.6801	0.6203	0.2254	-1.2889	0.2997	0.4544	-0.5129	-0.1454	-0.1845	0.2403	0.1398	-0.7545	-0.0058	-0.5171	-0.4567	-2.2974	-0.4578	-0.7168	-0.2078	
-0.0500	 1.58370323399139E-0004	-1.1711	-1.2735	0.4278	-1.9679	0.1956	-0.6563	-0.5791	-0.4313	-1.1711	0.1516	0.4346	-1.0564	-0.0791	-0.0025	-0.4385	0.0339	-0.2084	0.0817	0.0322	-0.7381	-0.0080	-0.1657	-0.0221	-2.3645	-0.4967	-0.8722	-0.2494	-1.2508	0.4250	-1.9763	0.1950	-0.6502	-0.5723	-0.4313	-1.1915	0.1287	0.4398	-1.0465	-0.0847	-0.0144	-0.4414	0.0370	-0.1960	0.0886	0.0228	-0.7435	0.0135	-0.1432	-0.0007	-2.3592	-0.5062	-0.8826	-0.2298	
0.0000	 9.25798353341037E-0006	-1.7076	-1.1313	0.5641	-1.9656	-0.2084	-0.9536	-0.3318	-0.2475	-1.7076	-0.3711	0.6560	-0.8009	-0.4730	-0.4887	-0.3687	0.2215	-0.2077	-0.0653	-0.0952	-0.7324	-0.0232	0.2339	0.4588	-2.4211	-0.5554	-1.0498	-0.2507	-1.1370	0.5650	-1.9634	-0.2073	-0.9543	-0.3331	-0.2473	-1.7030	-0.3656	0.6549	-0.8029	-0.4718	-0.4864	-0.3680	0.2209	-0.2110	-0.0670	-0.0927	-0.7310	-0.0046	0.2284	0.4533	-2.4221	-0.5528	-1.0473	-0.2554	
0.0500	 3.51413139289915E-0004	-2.2414	-0.9918	0.7011	-1.9622	-0.6124	-1.2515	-0.0847	-0.0636	-2.2414	-0.8931	0.8767	-0.5457	-0.8678	-0.9749	-0.2988	0.4087	-0.2089	-0.2130	-0.2215	-0.7263	-0.0235	0.6318	0.9374	-2.4782	-0.6133	-1.2263	-0.2548	-1.0255	0.7056	-1.9496	-0.6117	-1.2605	-0.0946	-0.0639	-2.2117	-0.8592	0.8691	-0.5598	-0.8591	-0.9572	-0.2943	0.4044	-0.2276	-0.2226	-0.2072	-0.7179	0.0040	0.5978	0.9046	-2.4861	-0.5987	-1.2106	-0.2832	
0.1000	 1.15302774922568E-0003	-2.7698	-0.8555	0.8391	-1.9568	-1.0184	-1.5522	0.1623	0.1206	-2.7698	-1.4130	1.0973	-0.2908	-1.2614	-1.4591	-0.2273	0.5959	-0.2128	-0.3628	-0.3459	-0.7181	-0.0055	1.0250	1.4102	-2.5370	-0.6689	-1.4010	-0.2626	-0.9173	0.8471	-1.9342	-1.0177	-1.5691	0.1441	0.1204	-2.7166	-1.3514	1.0827	-0.3166	-1.2456	-1.4274	-0.2194	0.5876	-0.2457	-0.3801	-0.3205	-0.7034	-0.0037	0.9631	1.3509	-2.5511	-0.6427	-1.3724	-0.3141	
0.1500	 2.40672961781995E-0003	-3.2942	-0.7237	0.9785	-1.9491	-1.4237	-1.8540	0.4084	0.3052	-3.2942	-1.9308	1.3172	-0.0357	-1.6542	-1.9418	-0.1550	0.7824	-0.2188	-0.5143	-0.4689	-0.7087	0.0179	1.4126	1.8775	-2.5970	-0.7227	-1.5734	-0.2742	-0.8128	0.9895	-1.9166	-1.4230	-1.8788	0.3821	0.3052	-3.2169	-1.8413	1.2962	-0.0736	-1.6319	-1.8953	-0.1433	0.7709	-0.2669	-0.5397	-0.4315	-0.6872	-0.0172	1.3241	1.7926	-2.6174	-0.6848	-1.5320	-0.3484	
0.2000	 4.10759289294984E-0003	-3.8131	-0.5942	1.1181	-1.9405	-1.8285	-2.1565	0.6543	0.4906	-3.8131	-2.4451	1.5365	0.2186	-2.0480	-2.4225	-0.0811	0.9697	-0.2271	-0.6677	-0.5907	-0.6979	-0.0106	1.7977	2.3414	-2.6579	-0.7754	-1.7448	-0.2880	-0.7111	1.1321	-1.8979	-1.8270	-2.1884	0.6199	0.4897	-3.7131	-2.3290	1.5094	0.1691	-2.0177	-2.3618	-0.0655	0.9551	-0.2904	-0.7013	-0.5417	-0.6701	0.0045	1.6817	2.2301	-2.6840	-0.7259	-1.6909	-0.3853	
