Arquivo: c:\arq\medidas\BBA_0603_073413\BBA_AMP04B_V.dat
Data: 0603	 Hora:  0759
Comentário: 
NomeParametro	 ValorParametro
Nmedias	5
PausaCorretora	3000
PausaShunt	2000
PausaLeitura	500
NumCiclos	3
 NPassosCor	9
DeltaShunt	3.00
TetaIni	-0.20
TetaFim	0.20
I[mA]	 121.8
ACV11A	DeltaPos^2	AMP04B	AMP01B_0	AMP02A_0	AMP02B_0	AMP03A_0	AMP03B_0	AMP04A_0	AMP04B_0	AMP05A_0	AMP05B_0	AMP06A_0	AMP06B_0	AMP07A_0	AMP07B_0	AMP08A_0	AMP08B_0	AMP09A_0	AMP09B_0	AMP10A_0	AMP10B_0	AMP11A_0	AMU11A_0	AMU11B_0	AMP11B_0	AMP12A_0	AMP12B_0	AMP01A_0	AMP01B_1	AMP02A_1	AMP02B_1	AMP03A_1	AMP03B_1	AMP04A_1	AMP04B_1	AMP05A_1	AMP05B_1	AMP06A_1	AMP06B_1	AMP07A_1	AMP07B_1	AMP08A_1	AMP08B_1	AMP09A_1	AMP09B_1	AMP10A_1	AMP10B_1	AMP11A_1	AMU11A_1	AMU11B_1	AMP11B_1	AMP12A_1	AMP12B_1	AMP01A_1	
-0.2000	 8.49635861326352E-0004	-1.6708	-2.4425	-1.3487	0.4171	1.3362	2.6653	0.3089	-1.6708	-1.1941	2.6097	2.5185	0.1958	0.7958	-1.5161	0.1267	0.5364	1.4799	-0.2526	-0.1432	-0.8255	-0.0916	-0.6622	2.0767	1.0622	2.0381	2.0872	1.7355	-2.4674	-1.3535	0.4437	1.3836	2.6449	0.2798	-1.7008	-1.2431	2.6453	2.5520	0.2227	0.8196	-1.5620	0.1024	0.5473	1.5115	-0.2547	-0.1573	-0.8592	-0.0920	-0.6950	2.1108	1.0015	2.0693	2.1005	1.7354	
-0.1500	 4.99779276983469E-0004	-1.3333	-1.9390	-1.0401	0.4129	1.1352	2.5330	0.3561	-1.3333	-0.6895	2.1947	2.1671	-0.0468	0.6130	-1.0719	0.3375	0.3895	1.1153	-0.1669	0.0398	-0.4774	-0.0814	-0.2756	1.9369	0.9221	1.7856	1.7435	1.3599	-1.9592	-1.0446	0.4323	1.1712	2.5189	0.3341	-1.3567	-0.7275	2.2217	2.1928	-0.0259	0.6314	-1.1073	0.3187	0.3976	1.1397	-0.1681	0.0291	-0.5032	-0.0969	-0.3013	1.9631	0.8775	1.8091	1.7544	1.3606	
-0.1000	 2.13746075776649E-0004	-0.9864	-1.4187	-0.7219	0.4090	0.9291	2.3961	0.4032	-0.9864	-0.1699	1.7664	1.8045	-0.2981	0.4227	-0.6128	0.5561	0.2407	0.7416	-0.0821	0.2255	-0.1192	-0.0823	0.1224	1.7921	0.7765	1.5227	1.3887	0.9734	-1.4327	-0.7253	0.4215	0.9524	2.3876	0.3894	-1.0015	-0.1947	1.7845	1.8217	-0.2844	0.4352	-0.6358	0.5439	0.2457	0.7577	-0.0826	0.2188	-0.1359	-0.0777	0.1058	1.8090	0.7487	1.5383	1.3965	0.9747	
-0.0500	 4.42428668694685E-0005	-0.6330	-0.8884	-0.3981	0.4058	0.7206	2.2553	0.4511	-0.6330	0.3585	1.3308	1.4353	-0.5544	0.2272	-0.1438	0.7795	0.0910	0.3646	0.0005	0.4124	0.2449	-0.0993	0.5280	1.6430	0.6269	1.2539	1.0273	0.5799	-0.8954	-0.4000	0.4110	0.7312	2.2529	0.4450	-0.6404	0.3472	1.3392	1.4432	-0.5484	0.2326	-0.1541	0.7744	0.0936	0.3725	-0.0001	0.4093	0.2378	-0.1021	0.5208	1.6510	0.6153	1.2608	1.0311	0.5809	
0.0000	 3.97765521592163E-0006	-0.2758	-0.3494	-0.0697	0.4036	0.5106	2.1116	0.4981	-0.2758	0.8911	0.8897	1.0612	-0.8150	0.0271	0.3313	1.0068	-0.0586	-0.0159	0.0815	0.6001	0.6138	-0.0944	0.9386	1.4919	0.4731	0.9799	0.6597	0.1812	-0.3490	-0.0701	0.4018	0.5081	2.1147	0.5000	-0.2743	0.8941	0.8879	1.0596	-0.8169	0.0249	0.3345	1.0088	-0.0585	-0.0167	0.0807	0.6007	0.6166	-0.0903	0.9415	1.4892	0.4775	0.9774	0.6597	0.1824	
0.0500	 1.00668246012423E-0004	0.0838	0.1917	0.2616	0.4020	0.2998	1.9653	0.5448	0.0838	1.4271	0.4464	0.6833	-1.0779	-0.1756	0.8097	1.2359	-0.2082	-0.3974	0.1607	0.7881	0.9851	-0.1047	1.3512	1.3386	0.3162	0.7023	0.2889	-0.2197	0.1991	0.2626	0.3930	0.2843	1.9742	0.5548	0.0938	1.4436	0.4345	0.6725	-1.0874	-0.1848	0.8264	1.2453	-0.2110	-0.4067	0.1604	0.7928	0.9981	-0.0852	1.3629	1.3266	0.3373	0.6917	0.2850	-0.2188	
0.1000	 3.34697771261870E-0004	0.4425	0.7334	0.5925	0.4013	0.0898	1.8176	0.5905	0.4425	1.9607	0.0012	0.3057	-1.3405	-0.3787	1.2879	1.4652	-0.3577	-0.7792	0.2400	0.9760	1.3564	-0.0880	1.7632	1.1869	0.1569	0.4248	-0.0827	-0.6235	0.7479	0.5949	0.3854	0.0612	1.8323	0.6083	0.4611	1.9908	-0.0206	0.2854	-1.3578	-0.3957	1.3176	1.4818	-0.3630	-0.7968	0.2392	0.9842	1.3784	-0.0778	1.7853	1.1649	0.1945	0.4048	-0.0906	-0.6228	
0.1500	 6.88154567670061E-0004	0.7998	1.2730	0.9230	0.4016	-0.1191	1.6694	0.6358	0.7998	2.4888	-0.4420	-0.0711	-1.6018	-0.5807	1.7628	1.6930	-0.5066	-1.1595	0.3183	1.1631	1.7247	-0.1093	2.1726	1.0356	-0.0029	0.1489	-0.4529	-1.0257	1.2940	0.9265	0.3786	-0.1600	1.6898	0.6617	0.8265	2.5319	-0.4733	-0.1003	-1.6266	-0.6048	1.8051	1.7165	-0.5145	-1.1849	0.3178	1.1747	1.7571	-0.0691	2.2036	1.0038	0.0509	0.1201	-0.4646	-1.0248	
0.2000	 1.13295270611679E-0003	1.1550	1.8081	1.2522	0.4020	-0.3263	1.5205	0.6811	1.1550	3.0096	-0.8832	-0.4467	-1.8606	-0.7804	2.2313	1.9188	-0.6562	-1.5380	0.3986	1.3501	2.0904	-0.0836	2.5771	0.8858	-0.1637	-0.1262	-0.8216	-1.4260	1.8353	1.2566	0.3721	-0.3795	1.5465	0.7144	1.1894	3.0646	-0.9231	-0.4844	-1.8922	-0.8111	2.2854	1.9484	-0.6666	-1.5712	0.3984	1.3654	2.1309	-0.0837	2.6166	0.8451	-0.0938	-0.1638	-0.8369	-1.4248	
