Arquivo: c:\arq\medidas\BBA_0603_073413\BBA_AMP09A_H.dat
Data: 0603	 Hora:  0832
Comentário: 
NomeParametro	 ValorParametro
Nmedias	5
PausaCorretora	3000
PausaShunt	2000
PausaLeitura	500
NumCiclos	3
 NPassosCor	9
DeltaShunt	1.50
TetaIni	-0.20
TetaFim	0.20
I[mA]	  91.0
ACH03A	DeltaPos^2	AMP09A	AMP01B_0	AMP02A_0	AMP02B_0	AMP03A_0	AMP03B_0	AMP04A_0	AMP04B_0	AMP05A_0	AMP05B_0	AMP06A_0	AMP06B_0	AMP07A_0	AMP07B_0	AMP08A_0	AMP08B_0	AMP09A_0	AMP09B_0	AMP10A_0	AMP10B_0	AMP11A_0	AMU11A_0	AMU11B_0	AMP11B_0	AMP12A_0	AMP12B_0	AMP01A_0	AMP01B_1	AMP02A_1	AMP02B_1	AMP03A_1	AMP03B_1	AMP04A_1	AMP04B_1	AMP05A_1	AMP05B_1	AMP06A_1	AMP06B_1	AMP07A_1	AMP07B_1	AMP08A_1	AMP08B_1	AMP09A_1	AMP09B_1	AMP10A_1	AMP10B_1	AMP11A_1	AMU11A_1	AMU11B_1	AMP11B_1	AMP12A_1	AMP12B_1	AMP01A_1	
-0.2000	 4.27275047124613E-0003	2.1041	-0.5292	1.1359	-1.9712	-1.9714	-2.9584	-0.0554	0.5316	-1.7430	-1.0242	0.1172	-0.7845	1.1520	0.6317	-1.4294	-0.5314	2.1041	2.1694	-1.0466	-1.8249	-0.0088	1.9637	2.5412	-3.2806	-0.8289	-1.8515	-0.2882	-0.4538	1.0796	-2.0148	-1.8441	-2.8322	-0.0966	0.4759	-1.6791	-0.9351	0.1143	-0.8151	1.1287	0.6397	-1.3926	-0.5212	2.0043	2.0458	-1.0306	-1.7773	0.0247	1.9597	2.5075	-3.2369	-0.8607	-1.8515	-0.1884	
-0.1500	 2.40040067757355E-0003	1.5607	-0.6700	0.9989	-1.9718	-1.5527	-2.4817	-0.1247	0.3436	-1.7299	-0.8652	0.2430	-0.7923	0.7726	0.3725	-1.1795	-0.3560	1.5607	1.6460	-0.8216	-1.5684	0.0301	1.5598	2.0570	-3.0761	-0.7665	-1.6651	-0.2797	-0.6128	0.9562	-2.0051	-1.4585	-2.3877	-0.1562	0.3012	-1.6817	-0.7976	0.2405	-0.8158	0.7556	0.3792	-1.1526	-0.3487	1.4865	1.5532	-0.8102	-1.5332	0.0186	1.5576	2.0326	-3.0431	-0.7906	-1.6660	-0.2042	
-0.1000	 1.07884724303630E-0003	1.0094	-0.8156	0.8608	-1.9714	-1.1308	-1.9989	-0.1940	0.1537	-1.7177	-0.7057	0.3700	-0.8000	0.3885	0.1106	-0.9276	-0.1786	1.0094	1.1146	-0.5947	-1.3093	0.0251	1.1486	1.5639	-2.8689	-0.7017	-1.4766	-0.2744	-0.7780	0.8323	-1.9932	-1.0682	-1.9360	-0.2153	0.1255	-1.6857	-0.6605	0.3687	-0.8152	0.3763	0.1143	-0.9095	-0.1734	0.9589	1.0514	-0.5864	-1.2851	0.0104	1.1461	1.5461	-2.8470	-0.7173	-1.4762	-0.2243	
-0.0500	 2.76563989812501E-0004	0.4544	-0.9641	0.7238	-1.9694	-0.7105	-1.5159	-0.2635	-0.0358	-1.7064	-0.5473	0.4972	-0.8068	0.0040	-0.1534	-0.6762	-0.0023	0.4544	0.5802	-0.3668	-1.0500	-0.0044	0.7337	1.0669	-2.6617	-0.6355	-1.2867	-0.2726	-0.9451	0.7091	-1.9803	-0.6799	-1.4849	-0.2744	-0.0503	-1.6903	-0.5242	0.4968	-0.8146	-0.0023	-0.1514	-0.6663	0.0009	0.4284	0.5478	-0.3625	-1.0373	0.0029	0.7321	1.0574	-2.6508	-0.6434	-1.2865	-0.2470	
0.0000	 9.22667771441146E-0007	-0.1006	-1.1172	0.5885	-1.9647	-0.2901	-1.0328	-0.3313	-0.2237	-1.6975	-0.3914	0.6250	-0.8123	-0.3812	-0.4182	-0.4241	0.1753	-0.1006	0.0455	-0.1386	-0.7902	0.0087	0.3150	0.5655	-2.4554	-0.5677	-1.0950	-0.2754	-1.1167	0.5882	-1.9648	-0.2923	-1.0344	-0.3316	-0.2244	-1.6962	-0.3900	0.6246	-0.8128	-0.3808	-0.4173	-0.4238	0.1752	-0.1021	0.0435	-0.1379	-0.7891	-0.0048	0.3148	0.5650	-2.4557	-0.5676	-1.0948	-0.2751	
0.0500	 2.43236907340897E-0004	-0.6574	-1.2732	0.4549	-1.9584	0.1259	-0.5525	-0.3980	-0.4111	-1.6895	-0.2368	0.7528	-0.8172	-0.7666	-0.6836	-0.1721	0.3524	-0.6574	-0.4902	0.0901	-0.5296	-0.0154	-0.1059	0.0615	-2.2491	-0.4978	-0.9025	-0.2820	-1.2906	0.4686	-1.9481	0.0949	-0.5831	-0.3884	-0.3981	-1.7039	-0.2572	0.7533	-0.8102	-0.7599	-0.6849	-0.1808	0.3502	-0.6330	-0.4608	0.0863	-0.5403	0.0159	-0.1048	0.0695	-2.2603	-0.4902	-0.9026	-0.3058	
0.1000	 9.59296220575002E-0004	-1.2121	-1.4327	0.3230	-1.9503	0.5386	-0.0745	-0.4633	-0.5970	-1.6840	-0.0848	0.8809	-0.8209	-1.1503	-0.9500	0.0790	0.5296	-1.2121	-1.0247	0.3181	-0.2701	-0.0059	-0.5286	-0.4440	-2.0436	-0.4265	-0.7089	-0.2926	-1.4681	0.3503	-1.9293	0.4796	-0.1337	-0.4440	-0.5699	-1.7138	-0.1269	0.8817	-0.8064	-1.1390	-0.9536	0.0614	0.5247	-1.1642	-0.9654	0.3110	-0.2922	0.0225	-0.5264	-0.4278	-2.0652	-0.4112	-0.7093	-0.3406	
0.1500	 2.15239707957096E-0003	-1.7679	-1.5964	0.1924	-1.9401	0.9464	0.3995	-0.5278	-0.7825	-1.6803	0.0655	1.0098	-0.8235	-1.5357	-1.2182	0.3311	0.7079	-1.7679	-1.5599	0.5477	-0.0095	0.0082	-0.9546	-0.9526	-1.8373	-0.3529	-0.5138	-0.3074	-1.6493	0.2329	-1.9089	0.8608	0.3127	-0.4988	-0.7427	-1.7246	0.0023	1.0105	-0.8025	-1.5168	-1.2226	0.3040	0.6994	-1.6940	-1.4693	0.5355	-0.0437	-0.0003	-0.9511	-0.9277	-1.8702	-0.3302	-0.5148	-0.3799	
0.2000	 3.76702634375212E-0003	-2.3156	-1.7607	0.0621	-1.9298	1.3529	0.8712	-0.5926	-0.9672	-1.6777	0.2136	1.1373	-0.8267	-1.9154	-1.4848	0.5793	0.8829	-2.3156	-2.0880	0.7745	0.2480	0.0134	-1.3777	-1.4565	-1.6327	-0.2798	-0.3206	-0.3251	-1.8281	0.1138	-1.8906	1.2400	0.7567	-0.5562	-0.9165	-1.7361	0.1297	1.1369	-0.8001	-1.8888	-1.4890	0.5420	0.8700	-2.2162	-1.9654	0.7562	0.1996	0.0008	-1.3701	-1.4205	-1.6758	-0.2523	-0.3236	-0.4186	
