Arquivo: c:\arq\medidas\BBA_0603_073413\BBA_AMP12A_H.dat
Data: 0603	 Hora:  0904
Comentário: 
NomeParametro	 ValorParametro
Nmedias	5
PausaCorretora	3000
PausaShunt	2000
PausaLeitura	500
NumCiclos	3
 NPassosCor	9
DeltaShunt	3.00
TetaIni	-0.20
TetaFim	0.20
I[mA]	  25.5
ACH07B	DeltaPos^2	AMP12A	AMP01B_0	AMP02A_0	AMP02B_0	AMP03A_0	AMP03B_0	AMP04A_0	AMP04B_0	AMP05A_0	AMP05B_0	AMP06A_0	AMP06B_0	AMP07A_0	AMP07B_0	AMP08A_0	AMP08B_0	AMP09A_0	AMP09B_0	AMP10A_0	AMP10B_0	AMP11A_0	AMU11A_0	AMU11B_0	AMP11B_0	AMP12A_0	AMP12B_0	AMP01A_0	AMP01B_1	AMP02A_1	AMP02B_1	AMP03A_1	AMP03B_1	AMP04A_1	AMP04B_1	AMP05A_1	AMP05B_1	AMP06A_1	AMP06B_1	AMP07A_1	AMP07B_1	AMP08A_1	AMP08B_1	AMP09A_1	AMP09B_1	AMP10A_1	AMP10B_1	AMP11A_1	AMU11A_1	AMU11B_1	AMP11B_1	AMP12A_1	AMP12B_1	AMP01A_1	
-0.2000	 2.33652726628422E-0003	-1.6981	1.4721	-0.2340	-3.1055	0.8848	0.6992	-0.2214	-0.8004	-2.7112	-0.7235	1.6160	-0.3496	-2.8766	-2.6027	-0.1756	0.9793	-0.0178	-0.5454	-0.7899	-0.8343	0.0034	2.1318	2.0331	-1.5765	-1.6981	-1.9957	2.2239	1.4184	-0.2564	-3.1057	0.9156	0.7095	-0.2696	-0.8321	-2.6333	-0.6564	1.5578	-0.4037	-2.7906	-2.5113	-0.2229	0.9218	0.0280	-0.4801	-0.8072	-0.8731	0.0292	2.1139	2.0329	-1.5819	-1.6875	-1.9771	2.1898	
-0.1500	 1.41232823350838E-0003	-1.4500	0.8888	-0.0515	-2.8552	0.6163	0.3042	-0.2546	-0.6738	-2.4904	-0.6654	1.3817	-0.4551	-2.2916	-2.0962	-0.2418	0.7864	-0.0313	-0.4018	-0.6476	-0.8338	0.0125	1.7253	1.7067	-1.7772	-1.4500	-1.8016	1.6617	0.8469	-0.0682	-2.8552	0.6416	0.3135	-0.2919	-0.6980	-2.4297	-0.6138	1.3360	-0.4967	-2.2243	-2.0256	-0.2785	0.7414	0.0041	-0.3510	-0.6609	-0.8636	0.0061	1.7117	1.7068	-1.7815	-1.4413	-1.7873	1.6347	
-0.1000	 6.91425661234520E-0004	-1.1963	0.2925	0.1340	-2.5999	0.3448	-0.0959	-0.2890	-0.5463	-2.2649	-0.6058	1.1416	-0.5627	-1.6913	-1.5790	-0.3095	0.5890	-0.0442	-0.2551	-0.5038	-0.8335	0.0186	1.3119	1.3748	-1.9799	-1.1963	-1.6047	1.0847	0.2630	0.1222	-2.5997	0.3627	-0.0892	-0.3157	-0.5632	-2.2224	-0.5697	1.1099	-0.5917	-1.6441	-1.5293	-0.3347	0.5576	-0.0200	-0.2199	-0.5131	-0.8544	0.0023	1.3020	1.3745	-1.9829	-1.1902	-1.5947	1.0656	
-0.0500	 2.14400065082920E-0004	-0.9395	-0.3114	0.3197	-2.3415	0.0718	-0.4980	-0.3247	-0.4179	-2.0351	-0.5443	0.8989	-0.6717	-1.0813	-1.0549	-0.3780	0.3890	-0.0581	-0.1074	-0.3588	-0.8335	-0.0093	0.8918	1.0385	-2.1837	-0.9395	-1.4052	0.4965	-0.3276	0.3133	-2.3413	0.0815	-0.4949	-0.3393	-0.4274	-2.0114	-0.5245	0.8810	-0.6878	-1.0550	-1.0266	-0.3919	0.3715	-0.0443	-0.0876	-0.3637	-0.8450	-0.0279	0.8862	1.0384	-2.1855	-0.9362	-1.3996	0.4866	
0.0000	 9.02387997926294E-0006	-0.6797	-0.9197	0.5066	-2.0807	-0.2029	-0.9023	-0.3611	-0.2892	-1.8036	-0.4829	0.6544	-0.7811	-0.4664	-0.5267	-0.4461	0.1880	-0.0730	0.0400	-0.2123	-0.8326	0.0211	0.4662	0.6969	-2.3878	-0.6797	-1.2041	-0.0964	-0.9234	0.5052	-2.0805	-0.1995	-0.9007	-0.3643	-0.2914	-1.7986	-0.4789	0.6509	-0.7841	-0.4611	-0.5210	-0.4485	0.1846	-0.0712	0.0434	-0.2128	-0.8348	0.0351	0.4643	0.6963	-2.3881	-0.6788	-1.2022	-0.0984	
0.0500	 8.06574691008155E-0005	-0.4185	-1.5287	0.6933	-1.8187	-0.4771	-1.3050	-0.3963	-0.1605	-1.5709	-0.4209	0.4091	-0.8907	0.1495	0.0012	-0.5130	-0.0131	-0.0907	0.1857	-0.0645	-0.8308	0.0085	0.0369	0.3514	-2.5911	-0.4185	-1.0015	-0.6940	-1.5192	0.6975	-1.8185	-0.4834	-1.3077	-0.3874	-0.1551	-1.5856	-0.4334	0.4197	-0.8806	0.1333	-0.0156	-0.5042	-0.0024	-0.0995	0.1737	-0.0609	-0.8238	-0.0017	0.0399	0.3511	-2.5903	-0.4201	-1.0044	-0.6873	
0.1000	 4.37297423002040E-0004	-0.1565	-2.1366	0.8800	-1.5556	-0.7534	-1.7084	-0.4311	-0.0317	-1.3386	-0.3598	0.1631	-0.9999	0.7635	0.5274	-0.5790	-0.2135	-0.1111	0.3290	0.0844	-0.8280	-0.0103	-0.3951	0.0028	-2.7942	-0.1565	-0.7979	-1.2929	-2.1139	0.8888	-1.5555	-0.7669	-1.7132	-0.4107	-0.0185	-1.3725	-0.3883	0.1884	-0.9767	0.7256	0.4884	-0.5585	-0.1886	-0.1317	0.3004	0.0925	-0.8111	0.0099	-0.3881	0.0022	-2.7920	-0.1607	-0.8048	-1.2771	
0.1500	 1.05668711700689E-0003	0.1060	-2.7386	1.0664	-1.2924	-1.0297	-2.1098	-0.4654	0.0975	-1.1082	-0.3005	-0.0817	-1.1081	1.3732	1.0494	-0.6431	-0.4127	-0.1350	0.4683	0.2340	-0.8231	0.0093	-0.8291	-0.3493	-2.9961	0.1060	-0.5932	-1.8898	-2.7033	1.0807	-1.2924	-1.0503	-2.1172	-0.4332	0.1177	-1.1607	-0.3446	-0.0422	-1.0721	1.3144	0.9887	-0.6114	-0.3737	-0.1669	0.4234	0.2462	-0.7968	0.0012	-0.8181	-0.3500	-2.9925	0.0993	-0.6043	-1.8654	
0.2000	 1.94505383716455E-0003	0.3682	-3.3346	1.2525	-1.0298	-1.3054	-2.5079	-0.4995	0.2262	-0.8791	-0.2429	-0.3255	-1.2150	1.9754	1.5649	-0.7052	-0.6099	-0.1636	0.6026	0.3849	-0.8161	0.0431	-1.2645	-0.7046	-3.1968	0.3682	-0.3877	-2.4820	-3.2858	1.2714	-1.0304	-1.3326	-2.5172	-0.4564	0.2530	-0.9510	-0.3028	-0.2719	-1.1660	1.8967	1.4820	-0.6623	-0.5565	-0.2063	0.5428	0.4009	-0.7801	-0.0101	-1.2486	-0.7047	-3.1912	0.3582	-0.4036	-2.4477	
