Arquivo: c:\arq\medidas\BBA_0603_073413\BBA_AMP12B_V.dat
Data: 0603	 Hora:  0909
Comentário: 
NomeParametro	 ValorParametro
Nmedias	5
PausaCorretora	3000
PausaShunt	2000
PausaLeitura	500
NumCiclos	3
 NPassosCor	9
DeltaShunt	3.00
TetaIni	-0.20
TetaFim	0.20
I[mA]	  20.0
ACV07B	DeltaPos^2	AMP12B	AMP01B_0	AMP02A_0	AMP02B_0	AMP03A_0	AMP03B_0	AMP04A_0	AMP04B_0	AMP05A_0	AMP05B_0	AMP06A_0	AMP06B_0	AMP07A_0	AMP07B_0	AMP08A_0	AMP08B_0	AMP09A_0	AMP09B_0	AMP10A_0	AMP10B_0	AMP11A_0	AMU11A_0	AMU11B_0	AMP11B_0	AMP12A_0	AMP12B_0	AMP01A_0	AMP01B_1	AMP02A_1	AMP02B_1	AMP03A_1	AMP03B_1	AMP04A_1	AMP04B_1	AMP05A_1	AMP05B_1	AMP06A_1	AMP06B_1	AMP07A_1	AMP07B_1	AMP08A_1	AMP08B_1	AMP09A_1	AMP09B_1	AMP10A_1	AMP10B_1	AMP11A_1	AMU11A_1	AMU11B_1	AMP11B_1	AMP12A_1	AMP12B_1	AMP01A_1	
-0.2000	 3.58757137670610E-0003	2.3156	-2.7333	-1.6019	0.1935	1.1072	2.9949	0.5658	-1.7585	-1.4679	2.6060	2.6481	0.5503	1.3397	-1.9702	-0.6683	-1.0602	-0.5939	2.0298	1.4409	-0.3031	-0.0209	-0.6882	1.9125	1.7482	2.0188	2.3156	2.1410	-2.8173	-1.6684	0.1542	1.0830	3.0599	0.6010	-1.7965	-1.5479	2.6346	2.6920	0.6198	1.4276	-2.0707	-0.7357	-1.0782	-0.5817	2.0812	1.4516	-0.3594	-0.0110	-0.7650	1.9541	1.8745	2.0742	2.3774	2.2322	
-0.1500	 2.39986826009300E-0003	1.9327	-2.1828	-1.2429	0.2476	0.9711	2.7884	0.5560	-1.4161	-0.9183	2.2111	2.2858	0.2340	1.0409	-1.4354	-0.2759	-0.8252	-0.4565	1.5761	1.2434	-0.0901	0.0024	-0.3027	1.8228	1.4435	1.7862	1.9327	1.6876	-2.2520	-1.2972	0.2160	0.9523	2.8412	0.5840	-1.4475	-0.9840	2.2354	2.3220	0.2906	1.1124	-1.5184	-0.3309	-0.8399	-0.4463	1.6182	1.2519	-0.1359	0.0039	-0.3653	1.8571	1.5458	1.8314	1.9834	1.7620	
-0.1000	 1.33201668554920E-0003	1.5249	-1.5955	-0.8618	0.3064	0.8294	2.5673	0.5423	-1.0535	-0.3343	1.7935	1.9005	-0.1037	0.7191	-0.8651	0.1403	-0.5776	-0.3138	1.0955	1.0355	0.1380	-0.0204	0.1073	1.7258	1.1165	1.5362	1.5249	1.2058	-1.6472	-0.9021	0.2829	0.8158	2.6063	0.5632	-1.0768	-0.3835	1.8118	1.9278	-0.0616	0.7730	-0.9268	0.0994	-0.5890	-0.3066	1.1272	1.0421	0.1040	0.0042	0.0612	1.7513	1.1920	1.5699	1.5628	1.2608	
-0.0500	 5.33351175117400E-0004	1.1117	-0.9996	-0.4757	0.3668	0.6880	2.3414	0.5295	-0.6870	0.2562	1.3718	1.5104	-0.4477	0.3895	-0.2842	0.5619	-0.3296	-0.1726	0.6099	0.8266	0.3698	0.0102	0.5229	1.6264	0.7812	1.2823	1.1117	0.7173	-1.0322	-0.5011	0.3522	0.6793	2.3663	0.5421	-0.7018	0.2252	1.3832	1.5279	-0.4215	0.4247	-0.3232	0.5363	-0.3365	-0.1680	0.6298	0.8312	0.3483	0.0035	0.4939	1.6420	0.8287	1.3038	1.1360	0.7521	
0.0000	 8.08385303539769E-0005	0.6905	-0.3919	-0.0830	0.4292	0.5451	2.1099	0.5134	-0.3144	0.8544	0.9439	1.1136	-0.7986	0.0525	0.3063	0.9904	-0.0779	-0.0306	0.1172	0.6160	0.6073	-0.0107	0.9453	1.5236	0.4386	1.0218	0.6905	0.2211	-0.4046	-0.0927	0.4236	0.5424	2.1197	0.5192	-0.3200	0.8422	0.9481	1.1201	-0.7882	0.0655	0.2914	0.9801	-0.0806	-0.0291	0.1247	0.6175	0.5976	-0.0122	0.9343	1.5296	0.4570	1.0302	0.7001	0.2347	
0.0500	 3.41394212525071E-0005	0.2647	0.2196	0.3134	0.4930	0.4024	1.8743	0.4980	0.0609	1.4563	0.5129	0.7121	-1.1529	-0.2898	0.9029	1.4218	0.1761	0.1124	-0.3806	0.4035	0.8454	-0.0136	1.3698	1.4193	0.0906	0.7575	0.2647	-0.2788	0.2279	0.3199	0.4967	0.4050	1.8685	0.4949	0.0647	1.4641	0.5099	0.7078	-1.1596	-0.2981	0.9126	1.4288	0.1778	0.1115	-0.3857	0.4026	0.8507	0.0055	1.3774	1.4148	0.0785	0.7518	0.2586	-0.2876	
0.1000	 4.06024012007224E-0004	-0.1630	0.8328	0.7102	0.5575	0.2595	1.6366	0.4815	0.4366	2.0571	0.0793	0.3094	-1.5073	-0.6330	1.4990	1.8543	0.4313	0.2565	-0.8803	0.1896	1.0851	-0.0296	1.7954	1.3155	-0.2598	0.4918	-0.1630	-0.7822	0.8613	0.7328	0.5701	0.2675	1.6155	0.4699	0.4499	2.0840	0.0686	0.2939	-1.5305	-0.6621	1.5328	1.8767	0.4375	0.2524	-0.8977	0.1865	1.1039	-0.0147	1.8215	1.3012	-0.3018	0.4724	-0.1840	-0.8125	
0.1500	 1.15040778899959E-0003	-0.5870	1.4390	1.1044	0.6219	0.1173	1.4002	0.4654	0.8101	2.6482	-0.3520	-0.0905	-1.8573	-0.9715	2.0867	2.2804	0.6851	0.4010	-1.3758	-0.0234	1.3219	-0.0278	2.2159	1.2121	-0.6078	0.2283	-0.5870	-1.2795	1.4871	1.1418	0.6438	0.1307	1.3638	0.4465	0.8315	2.6935	-0.3696	-0.1163	-1.8965	-1.0212	2.1432	2.3181	0.6957	0.3943	-1.4052	-0.0292	1.3535	-0.0054	2.2594	1.1880	-0.6790	0.1962	-0.6225	-1.3308	
0.2000	 2.19166226865627E-0003	-1.0047	2.0343	1.4916	0.6850	-0.0237	1.1662	0.4497	1.1778	3.2263	-0.7780	-0.4860	-2.2001	-1.3027	2.6602	2.6984	0.9375	0.5479	-1.8650	-0.2358	1.5538	0.0065	2.6269	1.1114	-0.9503	-0.0309	-1.0047	-1.7694	2.1001	1.5435	0.7154	-0.0044	1.1151	0.4231	1.2082	3.2872	-0.8017	-0.5217	-2.2539	-1.3715	2.7386	2.7500	0.9519	0.5381	-1.9056	-0.2440	1.5982	0.0106	2.6863	1.0779	-1.0495	-0.0756	-1.0535	-1.8401	
