Arquivo: c:\arq\medidas\BBA_0603_073413\BBA_AMP08A_H.dat
Data: 0603	 Hora:  0825
Comentário: 
NomeParametro	 ValorParametro
Nmedias	5
PausaCorretora	3000
PausaShunt	2000
PausaLeitura	500
NumCiclos	3
 NPassosCor	9
DeltaShunt	3.00
TetaIni	-0.20
TetaFim	0.20
I[mA]	  98.3
ACH03B	DeltaPos^2	AMP08A	AMP01B_0	AMP02A_0	AMP02B_0	AMP03A_0	AMP03B_0	AMP04A_0	AMP04B_0	AMP05A_0	AMP05B_0	AMP06A_0	AMP06B_0	AMP07A_0	AMP07B_0	AMP08A_0	AMP08B_0	AMP09A_0	AMP09B_0	AMP10A_0	AMP10B_0	AMP11A_0	AMU11A_0	AMU11B_0	AMP11B_0	AMP12A_0	AMP12B_0	AMP01A_0	AMP01B_1	AMP02A_1	AMP02B_1	AMP03A_1	AMP03B_1	AMP04A_1	AMP04B_1	AMP05A_1	AMP05B_1	AMP06A_1	AMP06B_1	AMP07A_1	AMP07B_1	AMP08A_1	AMP08B_1	AMP09A_1	AMP09B_1	AMP10A_1	AMP10B_1	AMP11A_1	AMU11A_1	AMU11B_1	AMP11B_1	AMP12A_1	AMP12B_1	AMP01A_1	
-0.2000	 2.99449033123023E-0003	-1.5417	-1.1675	1.3555	-1.6895	-2.3251	-2.7329	-0.3181	0.3498	-1.1556	-0.4653	-0.1415	-1.0624	1.6305	1.1918	-1.5417	-0.7609	2.1780	2.4175	-0.9187	-1.8632	0.0012	1.5605	2.2430	-3.2353	-0.5572	-1.6595	-0.9321	-1.0825	1.2929	-1.7482	-2.2335	-2.6324	-0.3565	0.2909	-1.1332	-0.4165	-0.1434	-1.0898	1.5773	1.1640	-1.5162	-0.7247	2.1208	2.3348	-0.9368	-1.8531	-0.0026	1.5882	2.2474	-3.1947	-0.6098	-1.6897	-0.8336	
-0.1500	 1.67874886944593E-0003	-1.2681	-1.1543	1.1690	-1.7571	-1.8310	-2.3170	-0.3236	0.2076	-1.2822	-0.4409	0.0444	-1.0035	1.1441	0.8046	-1.2681	-0.5319	1.6265	1.8438	-0.7282	-1.6014	0.0330	1.2580	1.8357	-3.0445	-0.5600	-1.5221	-0.7709	-1.0904	1.1216	-1.8005	-1.7628	-2.2419	-0.3526	0.1637	-1.2656	-0.4041	0.0433	-1.0241	1.1036	0.7832	-1.2500	-0.5053	1.5838	1.7821	-0.7416	-1.5932	-0.0051	1.2795	1.8397	-3.0142	-0.5993	-1.5447	-0.6972	
-0.1000	 7.80517084984588E-0004	-0.9932	-1.1433	0.9810	-1.8240	-1.3306	-1.8958	-0.3279	0.0652	-1.4129	-0.4192	0.2327	-0.9430	0.6494	0.4095	-0.9932	-0.3018	1.0662	1.2617	-0.5351	-1.3365	0.0060	0.9503	1.4217	-2.8524	-0.5614	-1.3818	-0.6105	-1.1014	0.9485	-1.8522	-1.2844	-1.8453	-0.3470	0.0350	-1.4021	-0.3939	0.2330	-0.9563	0.6215	0.3954	-0.9798	-0.2826	1.0340	1.2156	-0.5422	-1.3293	-0.0129	0.9624	1.4214	-2.8315	-0.5877	-1.3954	-0.5613	
-0.0500	 2.04414149730195E-0004	-0.7148	-1.1346	0.7915	-1.8907	-0.8244	-1.4711	-0.3311	-0.0777	-1.5466	-0.3994	0.4233	-0.8810	0.1483	0.0086	-0.7148	-0.0691	0.4968	0.6689	-0.3393	-1.0687	0.0081	0.6370	1.0016	-2.6581	-0.5619	-1.2397	-0.4507	-1.1146	0.7752	-1.9037	-0.8008	-1.4450	-0.3404	-0.0925	-1.5416	-0.3867	0.4241	-0.8870	0.1326	0.0005	-0.7056	-0.0573	0.4788	0.6441	-0.3424	-1.0634	0.0005	0.6421	0.9998	-2.6475	-0.5742	-1.2458	-0.4267	
0.0000	 4.05334751538284E-0006	-0.4331	-1.1311	0.6024	-1.9546	-0.3180	-1.0471	-0.3320	-0.2191	-1.6841	-0.3833	0.6164	-0.8160	-0.3586	-0.3979	-0.4331	0.1667	-0.0811	0.0684	-0.1399	-0.7966	-0.0010	0.3160	0.5715	-2.4632	-0.5595	-1.0938	-0.2949	-1.1322	0.6019	-1.9527	-0.3166	-1.0458	-0.3317	-0.2194	-1.6842	-0.3820	0.6178	-0.8155	-0.3610	-0.3990	-0.4300	0.1703	-0.0847	0.0639	-0.1390	-0.7938	0.0045	0.3145	0.5690	-2.4625	-0.5591	-1.0920	-0.2956	
0.0500	 1.55152864160714E-0004	-0.1597	-1.1299	0.4196	-2.0156	0.1726	-0.6366	-0.3319	-0.3549	-1.8202	-0.3705	0.8037	-0.7522	-0.8513	-0.7943	-0.1597	0.3958	-0.6419	-0.5143	0.0531	-0.5326	-0.0107	0.0034	0.1527	-2.2743	-0.5564	-0.9516	-0.1457	-1.1513	0.4340	-1.9994	0.1527	-0.6590	-0.3223	-0.3416	-1.8246	-0.3801	0.8052	-0.7453	-0.8404	-0.7879	-0.1624	0.3909	-0.6317	-0.4995	0.0581	-0.5323	0.0048	-0.0048	0.1489	-2.2833	-0.5436	-0.9421	-0.1700	
0.1000	 6.22436635888519E-0004	0.1162	-1.1328	0.2369	-2.0750	0.6653	-0.2248	-0.3297	-0.4908	-1.9587	-0.3601	0.9931	-0.6861	-1.3471	-1.1952	0.1162	0.6264	-1.2086	-1.1033	0.2488	-0.2661	0.0051	-0.3155	-0.2725	-2.0841	-0.5513	-0.8062	0.0004	-1.1736	0.2659	-2.0453	0.6252	-0.2698	-0.3119	-0.4643	-1.9679	-0.3805	0.9950	-0.6734	-1.3230	-1.1813	0.1080	0.6135	-1.1842	-1.0681	0.2578	-0.2684	0.0136	-0.3298	-0.2769	-2.1024	-0.5261	-0.7901	-0.0465	
0.1500	 1.39149467028422E-0003	0.3916	-1.1395	0.0552	-2.1324	1.1538	0.1833	-0.3261	-0.6248	-2.1000	-0.3530	1.1832	-0.6189	-1.8414	-1.5971	0.3916	0.8573	-1.7735	-1.6900	0.4456	0.0011	-0.0054	-0.6369	-0.7000	-1.8943	-0.5440	-0.6595	0.1424	-1.1990	0.0987	-2.0898	1.0932	0.1153	-0.3002	-0.5848	-2.1129	-0.3831	1.1853	-0.6005	-1.8040	-1.5750	0.3770	0.8360	-1.7354	-1.6352	0.4581	-0.0042	0.0123	-0.6566	-0.7046	-1.9218	-0.5075	-0.6369	0.0737	
0.2000	 2.45637558619586E-0003	0.6658	-1.1496	-0.1246	-2.1884	1.6375	0.5876	-0.3211	-0.7571	-2.2432	-0.3485	1.3726	-0.5505	-2.3317	-1.9977	0.6658	1.0872	-2.3342	-2.2717	0.6418	0.2670	0.0356	-0.9594	-1.1277	-1.7059	-0.5350	-0.5122	0.2817	-1.2283	-0.0672	-2.1323	1.5576	0.4974	-0.2871	-0.7037	-2.2601	-0.3891	1.3747	-0.5261	-2.2823	-1.9686	0.6451	1.0574	-2.2829	-2.1986	0.6583	0.2594	-0.0006	-0.9853	-1.1332	-1.7423	-0.4869	-0.4826	0.1898	
