Arquivo: c:\arq\medidas\BBA_0603_073413\BBA_AMU11B_H.dat
Data: 0603	 Hora:  0856
Comentário: 
NomeParametro	 ValorParametro
Nmedias	5
PausaCorretora	3000
PausaShunt	2000
PausaLeitura	500
NumCiclos	3
 NPassosCor	9
DeltaShunt	1.50
TetaIni	-0.20
TetaFim	0.20
I[mA]	  29.7
ACH05B	DeltaPos^2	AMU11B	AMP01B_0	AMP02A_0	AMP02B_0	AMP03A_0	AMP03B_0	AMP04A_0	AMP04B_0	AMP05A_0	AMP05B_0	AMP06A_0	AMP06B_0	AMP07A_0	AMP07B_0	AMP08A_0	AMP08B_0	AMP09A_0	AMP09B_0	AMP10A_0	AMP10B_0	AMP11A_0	AMU11A_0	AMU11B_0	AMP11B_0	AMP12A_0	AMP12B_0	AMP01A_0	AMP01B_1	AMP02A_1	AMP02B_1	AMP03A_1	AMP03B_1	AMP04A_1	AMP04B_1	AMP05A_1	AMP05B_1	AMP06A_1	AMP06B_1	AMP07A_1	AMP07B_1	AMP08A_1	AMP08B_1	AMP09A_1	AMP09B_1	AMP10A_1	AMP10B_1	AMP11A_1	AMU11A_1	AMU11B_1	AMP11B_1	AMP12A_1	AMP12B_1	AMP01A_1	
-0.2000	 2.41762830963966E-0003	2.6687	0.6725	0.5048	-2.5926	-0.7628	-0.9137	0.3872	-0.0431	-3.6943	-2.0524	0.7573	-0.2115	-0.1806	-0.7782	-0.9947	0.0846	1.4460	1.2075	-1.1003	-1.5302	0.0437	2.3829	2.6687	-2.1411	-1.3576	-2.0947	1.0688	0.6847	0.4678	-2.6095	-0.6717	-0.8336	0.3442	-0.0852	-3.6135	-1.9617	0.7308	-0.2518	-0.1430	-0.7196	-0.9910	0.0658	1.4145	1.1994	-1.0682	-1.5164	-0.0079	2.3035	2.5968	-2.1177	-1.3631	-2.0745	1.1062	
-0.1500	 1.33722169578399E-0003	2.1853	0.2718	0.5083	-2.4622	-0.6304	-0.9172	0.2050	-0.1012	-3.2320	-1.6675	0.7262	-0.3535	-0.2355	-0.7030	-0.8624	0.1048	1.0772	0.9278	-0.8803	-1.3602	0.0061	1.9100	2.1853	-2.2053	-1.1869	-1.8719	0.7745	0.2804	0.4811	-2.4745	-0.5633	-0.8581	0.1731	-0.1323	-3.1711	-1.6000	0.7063	-0.3834	-0.2070	-0.6593	-0.8596	0.0910	1.0541	0.9220	-0.8563	-1.3504	0.0114	1.8506	2.1313	-2.1880	-1.1908	-1.8569	0.8019	
-0.1000	 5.52456544139467E-0004	1.6976	-0.1312	0.5124	-2.3310	-0.4999	-0.9229	0.0239	-0.1585	-2.7651	-1.2814	0.6951	-0.4953	-0.2900	-0.6276	-0.7300	0.1249	0.7083	0.6480	-0.6601	-1.1910	-0.0046	1.4335	1.6976	-2.2704	-1.0151	-1.6490	0.4771	-0.1256	0.4948	-2.3390	-0.4602	-0.8879	0.0022	-0.1788	-2.7250	-1.2371	0.6814	-0.5153	-0.2702	-0.5980	-0.7285	0.1157	0.6941	0.6453	-0.6451	-1.1856	0.0301	1.3944	1.6622	-2.2592	-1.0175	-1.6396	0.4949	
-0.0500	 1.19937364234846E-0004	1.2002	-0.5419	0.5174	-2.1966	-0.3679	-0.9296	-0.1618	-0.2160	-2.2877	-0.8892	0.6639	-0.6394	-0.3460	-0.5518	-0.5963	0.1453	0.3331	0.3635	-0.4371	-1.0195	0.0178	0.9476	1.2002	-2.3370	-0.8395	-1.4221	0.1724	-0.5394	0.5093	-2.2003	-0.3478	-0.9121	-0.1721	-0.2251	-2.2695	-0.8689	0.6578	-0.6482	-0.3373	-0.5389	-0.5956	0.1410	0.3263	0.3621	-0.4297	-1.0164	0.0145	0.9298	1.1842	-2.3320	-0.8409	-1.4177	0.1805	
0.0000	 4.85751530006736E-0006	0.6972	-0.9571	0.5235	-2.0607	-0.2366	-0.9385	-0.3481	-0.2728	-1.8047	-0.4950	0.6325	-0.7837	-0.4025	-0.4759	-0.4618	0.1658	-0.0447	0.0773	-0.2128	-0.8465	0.0074	0.4561	0.6972	-2.4047	-0.6619	-1.1936	-0.1364	-0.9576	0.5251	-2.0597	-0.2407	-0.9419	-0.3462	-0.2708	-1.8085	-0.4989	0.6335	-0.7820	-0.4038	-0.4781	-0.4624	0.1664	-0.0426	0.0784	-0.2141	-0.8472	0.0168	0.4597	0.7007	-2.4056	-0.6618	-1.1946	-0.1381	
0.0500	 2.10360671249732E-0004	0.1940	-1.3716	0.5302	-1.9237	-0.1104	-0.9512	-0.5331	-0.3286	-1.3214	-0.1024	0.6016	-0.9274	-0.4588	-0.4004	-0.3281	0.1864	-0.4198	-0.2068	0.0101	-0.6746	0.0007	-0.0348	0.1940	-2.4726	-0.4844	-0.9659	-0.4478	-1.3753	0.5414	-1.9185	-0.1350	-0.9731	-0.5204	-0.3157	-1.3465	-0.1299	0.6093	-0.9154	-0.4699	-0.4184	-0.3295	0.1919	-0.4107	-0.2049	0.0008	-0.6783	-0.0063	-0.0108	0.2158	-2.4795	-0.4828	-0.9717	-0.4594	
0.1000	 7.87740145921771E-0004	-0.3137	-1.7882	0.5375	-1.7858	0.0215	-0.9607	-0.7192	-0.3846	-0.8348	0.2915	0.5707	-1.0717	-0.5164	-0.3263	-0.1935	0.2076	-0.7985	-0.4947	0.2340	-0.5012	-0.0335	-0.5301	-0.3137	-2.5413	-0.3051	-0.7367	-0.7628	-1.7944	0.5581	-1.7764	-0.0297	-1.0053	-0.6951	-0.3611	-0.8823	0.2397	0.5855	-1.0487	-0.5366	-0.3591	-0.1959	0.2179	-0.7807	-0.4898	0.2156	-0.5093	0.0232	-0.4834	-0.2711	-2.5543	-0.3023	-0.7483	-0.7837	
0.1500	 1.70891171259696E-0003	-0.8207	-2.2033	0.5456	-1.6472	0.1484	-0.9748	-0.9048	-0.4399	-0.3500	0.6819	0.5402	-1.2144	-0.5764	-0.2543	-0.0598	0.2289	-1.1770	-0.7830	0.4571	-0.3283	0.0290	-1.0243	-0.8207	-2.6102	-0.1259	-0.5078	-1.0783	-2.2122	0.5760	-1.6336	0.0727	-1.0403	-0.8687	-0.4049	-0.4192	0.6059	0.5620	-1.1808	-0.6050	-0.3015	-0.0632	0.2439	-1.1484	-0.7742	0.4299	-0.3404	0.0146	-0.9554	-0.7572	-2.6296	-0.1215	-0.5250	-1.1092	
0.2000	 2.95488364803193E-0003	-1.3245	-2.6166	0.5541	-1.5080	0.2742	-0.9896	-1.0904	-0.4944	0.1354	1.0704	0.5100	-1.3571	-0.6335	-0.1803	0.0742	0.2504	-1.5514	-1.0688	0.6780	-0.1567	-0.0122	-1.5155	-1.3245	-2.6805	0.0540	-0.2795	-1.3963	-2.6274	0.5942	-1.4898	0.1747	-1.0762	-1.0419	-0.4484	0.0430	0.9705	0.5389	-1.3128	-0.6736	-0.2448	0.0699	0.2704	-1.5161	-1.0586	0.6430	-0.1714	-0.0099	-1.4264	-1.2429	-2.7053	0.0599	-0.3018	-1.4358	
