Arquivo: c:\arq\medidas\BBA_0603_073413\BBA_AMP09A_V.dat
Data: 0603	 Hora:  0834
Comentário: 
NomeParametro	 ValorParametro
Nmedias	5
PausaCorretora	3000
PausaShunt	2000
PausaLeitura	500
NumCiclos	3
 NPassosCor	9
DeltaShunt	1.50
TetaIni	-0.20
TetaFim	0.20
I[mA]	  74.7
ACV11B	DeltaPos^2	AMP09A	AMP01B_0	AMP02A_0	AMP02B_0	AMP03A_0	AMP03B_0	AMP04A_0	AMP04B_0	AMP05A_0	AMP05B_0	AMP06A_0	AMP06B_0	AMP07A_0	AMP07B_0	AMP08A_0	AMP08B_0	AMP09A_0	AMP09B_0	AMP10A_0	AMP10B_0	AMP11A_0	AMU11A_0	AMU11B_0	AMP11B_0	AMP12A_0	AMP12B_0	AMP01A_0	AMP01B_1	AMP02A_1	AMP02B_1	AMP03A_1	AMP03B_1	AMP04A_1	AMP04B_1	AMP05A_1	AMP05B_1	AMP06A_1	AMP06B_1	AMP07A_1	AMP07B_1	AMP08A_1	AMP08B_1	AMP09A_1	AMP09B_1	AMP10A_1	AMP10B_1	AMP11A_1	AMU11A_1	AMU11B_1	AMP11B_1	AMP12A_1	AMP12B_1	AMP01A_1	
-0.2000	 3.87159071643646E-0003	-1.9399	1.3376	0.6893	-0.3050	-1.1629	2.4150	1.3838	1.1551	2.6044	-1.1549	-0.3511	-1.1752	0.3086	1.4064	1.2287	-1.1703	-1.9399	1.3186	1.7980	1.7980	-0.0545	1.7238	-0.0263	1.8067	-0.4222	-0.3916	-0.5596	1.3483	0.6678	-0.3780	-1.2711	2.4899	1.4607	1.1947	2.6213	-1.2348	-0.3844	-1.1311	0.4032	1.3694	1.1776	-1.2455	-2.0328	1.3655	1.8524	1.8662	-0.0317	1.7776	-0.1098	1.9901	-0.4823	-0.3878	-0.5155	
-0.1500	 2.48433805700445E-0003	-1.4871	0.9474	0.5176	-0.1302	-0.7613	2.3345	1.1690	0.8189	2.2086	-0.6675	-0.0166	-1.0971	0.2330	1.1674	1.1862	-0.9040	-1.4871	1.0198	1.5138	1.5245	-0.0202	1.5495	0.3367	1.4723	-0.0913	-0.1490	-0.3925	0.9565	0.5010	-0.1887	-0.8484	2.3940	1.2307	0.8514	2.2230	-0.7322	-0.0440	-1.0624	0.3078	1.1388	1.1464	-0.9639	-1.5621	1.0574	1.5571	1.5802	-0.0278	1.5927	0.2696	1.6191	-0.1398	-0.1470	-0.3581	
-0.1000	 1.35585392902060E-0003	-1.0184	0.5438	0.3410	0.0501	-0.3459	2.2511	0.9464	0.4717	1.7977	-0.1634	0.3275	-1.0152	0.1565	0.9187	1.1417	-0.6295	-1.0184	0.7131	1.2208	1.2418	-0.0366	1.3667	0.7114	1.1263	0.2503	0.1009	-0.2203	0.5509	0.3289	0.0071	-0.4104	2.2949	0.9921	0.4959	1.8086	-0.2117	0.3075	-0.9897	0.2117	0.8974	1.1125	-0.6737	-1.0744	0.7408	1.2524	1.2819	-0.0354	1.3993	0.6619	1.2348	0.2143	0.1022	-0.1952	
-0.0500	 5.48169037037480E-0004	-0.5413	0.1339	0.1617	0.2333	0.0760	2.1665	0.7205	0.1182	1.3784	0.3486	0.6772	-0.9312	0.0803	0.6645	1.0967	-0.3511	-0.5413	0.4030	0.9222	0.9517	-0.0459	1.1808	1.0903	0.7741	0.5966	0.3547	-0.0461	0.1390	0.1541	0.2060	0.0350	2.1939	0.7494	0.1337	1.3857	0.3176	0.6644	-0.9152	0.1150	0.6515	1.0775	-0.3793	-0.5767	0.4204	0.9428	0.9779	-0.0170	1.2019	1.0590	0.8428	0.5738	0.3553	-0.0303	
0.0000	 9.29888254338275E-0005	-0.0589	-0.2801	-0.0206	0.4175	0.5020	2.0805	0.4925	-0.2391	0.9531	0.8640	1.0309	-0.8453	0.0040	0.4070	1.0480	-0.0705	-0.0589	0.0904	0.6212	0.6590	-0.0304	0.9929	1.4723	0.4189	0.9462	0.6119	0.1299	-0.2782	-0.0236	0.4064	0.4847	2.0920	0.5043	-0.2328	0.9562	0.8513	1.0253	-0.8388	0.0184	0.4019	1.0411	-0.0821	-0.0733	0.0975	0.6294	0.6697	-0.0235	1.0019	1.4589	0.4473	0.9368	0.6119	0.1362	
0.0500	 1.57263209695791E-0005	0.4254	-0.6979	-0.2035	0.6024	0.9290	1.9949	0.2638	-0.5975	0.5259	1.3809	1.3851	-0.7590	-0.0717	0.1484	1.0004	0.2116	0.4254	-0.2243	0.3186	0.3647	-0.0337	0.8036	1.8541	0.0628	1.2961	0.8697	0.3077	-0.6984	-0.2021	0.6072	0.9357	1.9897	0.2591	-0.5999	0.5249	1.3860	1.3872	-0.7619	-0.0774	0.1506	1.0036	0.2164	0.4315	-0.2272	0.3149	0.3606	-0.0266	0.8003	1.8598	0.0509	1.3002	0.8696	0.3046	
0.1000	 3.06769803097789E-0004	0.9094	-1.1154	-0.3875	0.7874	1.3544	1.9091	0.0347	-0.9557	0.0964	1.8964	1.7388	-0.6727	-0.1477	-0.1105	0.9529	0.4932	0.9094	-0.5397	0.0159	0.0714	-0.0390	0.6145	2.2343	-0.2934	1.6439	1.1282	0.4864	-1.1190	-0.3816	0.8079	1.3848	1.8876	0.0130	-0.9667	0.0914	1.9192	1.7483	-0.6849	-0.1739	-0.1003	0.9667	0.5144	0.9361	-0.5528	0.0005	0.0516	-0.0097	0.5995	2.2576	-0.3455	1.6607	1.1273	0.4743	
0.1500	 9.38672706806722E-0004	1.3911	-1.5317	-0.5715	0.9709	1.7752	1.8248	-0.1919	-1.3121	-0.3326	2.4076	2.0903	-0.5867	-0.2238	-0.3684	0.9050	0.7741	1.3911	-0.8545	-0.2861	-0.2202	-0.0349	0.4276	2.6097	-0.6457	1.9881	1.3861	0.6663	-1.5379	-0.5614	1.0062	1.8281	1.7868	-0.2301	-1.3321	-0.3414	2.4470	2.1070	-0.6082	-0.2697	-0.3504	0.9298	0.8109	1.4378	-0.8773	-0.3128	-0.2544	-0.0387	0.4006	2.6505	-0.7372	2.0175	1.3851	0.6454	
0.2000	 1.87744208414198E-0003	1.8700	-1.9464	-0.7558	1.1524	2.1934	1.7415	-0.4176	-1.6673	-0.7600	2.9130	2.4395	-0.5016	-0.3007	-0.6246	0.8591	1.0541	1.8700	-1.1696	-0.5875	-0.5091	-0.0106	0.2435	2.9812	-0.9949	2.3277	1.6435	0.8475	-1.9554	-0.7416	1.2032	2.2685	1.6882	-0.4715	-1.6958	-0.7723	2.9684	2.4625	-0.5321	-0.3659	-0.5992	0.8939	1.1064	1.9358	-1.2015	-0.6257	-0.5579	-0.0318	0.2050	3.0385	-1.1247	2.3690	1.6422	0.8183	
