# EPU80_PH KICKMAP - Kicktable de ID com 3.25 m de comprimento mas comprimento equivalente a 2 IDs
# Author: Ximenes R. Resende @ LNLS, Date: 23-Jan-2014 16:07:37
# ID Length [m]
6.50
# Number of Horizontal Points
81 
# Number of Vertical Points
17 
# Horizontal KickTable in T2m2
START
            -0.03000000 -0.02925000 -0.02850000 -0.02775000 -0.02700000 -0.02625000 -0.02550000 -0.02475000 -0.02400000 -0.02325000 -0.02250000 -0.02175000 -0.02100000 -0.02025000 -0.01950000 -0.01875000 -0.01800000 -0.01725000 -0.01650000 -0.01575000 -0.01500000 -0.01425000 -0.01350000 -0.01275000 -0.01200000 -0.01125000 -0.01050000 -0.00975000 -0.00900000 -0.00825000 -0.00750000 -0.00675000 -0.00600000 -0.00525000 -0.00450000 -0.00375000 -0.00300000 -0.00225000 -0.00150000 -0.00075000 +0.00000000 +0.00075000 +0.00150000 +0.00225000 +0.00300000 +0.00375000 +0.00450000 +0.00525000 +0.00600000 +0.00675000 +0.00750000 +0.00825000 +0.00900000 +0.00975000 +0.01050000 +0.01125000 +0.01200000 +0.01275000 +0.01350000 +0.01425000 +0.01500000 +0.01575000 +0.01650000 +0.01725000 +0.01800000 +0.01875000 +0.01950000 +0.02025000 +0.02100000 +0.02175000 +0.02250000 +0.02325000 +0.02400000 +0.02475000 +0.02550000 +0.02625000 +0.02700000 +0.02775000 +0.02850000 +0.02925000 +0.03000000 
+0.00725000 -2.500E-03 -2.379E-03 -2.248E-03 -2.119E-03 -1.994E-03 -1.873E-03 -1.757E-03 -1.645E-03 -1.539E-03 -1.438E-03 -1.343E-03 -1.253E-03 -1.167E-03 -1.087E-03 -1.011E-03 -9.397E-04 -8.726E-04 -8.095E-04 -7.502E-04 -6.945E-04 -6.420E-04 -5.926E-04 -5.461E-04 -5.023E-04 -4.610E-04 -4.219E-04 -3.849E-04 -3.498E-04 -3.164E-04 -2.846E-04 -2.542E-04 -2.251E-04 -1.970E-04 -1.699E-04 -1.435E-04 -1.176E-04 -9.166E-05 -6.479E-05 -2.595E-05 +3.959E-06 +0.000E+00 -3.959E-06 +2.595E-05 +6.479E-05 +9.166E-05 +1.176E-04 +1.435E-04 +1.699E-04 +1.970E-04 +2.251E-04 +2.542E-04 +2.846E-04 +3.164E-04 +3.498E-04 +3.849E-04 +4.219E-04 +4.610E-04 +5.023E-04 +5.461E-04 +5.926E-04 +6.420E-04 +6.945E-04 +7.502E-04 +8.095E-04 +8.726E-04 +9.397E-04 +1.011E-03 +1.087E-03 +1.167E-03 +1.253E-03 +1.343E-03 +1.438E-03 +1.539E-03 +1.645E-03 +1.757E-03 +1.873E-03 +1.994E-03 +2.119E-03 +2.248E-03 +2.379E-03 +2.500E-03 
+0.00634375 -2.697E-03 -2.548E-03 -2.388E-03 -2.235E-03 -2.090E-03 -1.953E-03 -1.823E-03 -1.700E-03 -1.585E-03 -1.476E-03 -1.373E-03 -1.277E-03 -1.187E-03 -1.103E-03 -1.024E-03 -9.497E-04 -8.803E-04 -8.153E-04 -7.544E-04 -6.973E-04 -6.438E-04 -5.936E-04 -5.464E-04 -5.020E-04 -4.603E-04 -4.209E-04 -3.836E-04 -3.484E-04 -3.149E-04 -2.831E-04 -2.527E-04 -2.236E-04 -1.956E-04 -1.685E-04 -1.421E-04 -1.162E-04 -9.039E-05 -6.405E-05 -3.692E-05 -1.236E-05 +0.000E+00 +1.236E-05 +3.692E-05 +6.405E-05 +9.039E-05 +1.162E-04 +1.421E-04 +1.685E-04 +1.956E-04 +2.236E-04 +2.527E-04 +2.831E-04 +3.149E-04 +3.484E-04 +3.836E-04 +4.209E-04 +4.603E-04 +5.020E-04 +5.464E-04 +5.936E-04 +6.438E-04 +6.973E-04 +7.544E-04 +8.153E-04 +8.803E-04 +9.497E-04 +1.024E-03 +1.103E-03 +1.187E-03 +1.277E-03 +1.373E-03 +1.476E-03 +1.585E-03 +1.700E-03 +1.823E-03 +1.953E-03 +2.090E-03 +2.235E-03 +2.388E-03 +2.548E-03 +2.697E-03 
+0.00543750 -2.865E-03 -2.691E-03 -2.508E-03 -2.335E-03 -2.174E-03 -2.023E-03 -1.881E-03 -1.748E-03 -1.624E-03 -1.508E-03 -1.400E-03 -1.299E-03 -1.205E-03 -1.117E-03 -1.035E-03 -9.582E-04 -8.868E-04 -8.201E-04 -7.578E-04 -6.996E-04 -6.452E-04 -5.942E-04 -5.465E-04 -5.017E-04 -4.596E-04 -4.199E-04 -3.825E-04 -3.471E-04 -3.136E-04 -2.817E-04 -2.514E-04 -2.223E-04 -1.944E-04 -1.674E-04 -1.412E-04 -1.156E-04 -9.040E-05 -6.554E-05 -4.135E-05 -1.727E-05 +0.000E+00 +1.727E-05 +4.135E-05 +6.554E-05 +9.040E-05 +1.156E-04 +1.412E-04 +1.674E-04 +1.944E-04 +2.223E-04 +2.514E-04 +2.817E-04 +3.136E-04 +3.471E-04 +3.825E-04 +4.199E-04 +4.596E-04 +5.017E-04 +5.465E-04 +5.942E-04 +6.452E-04 +6.996E-04 +7.578E-04 +8.201E-04 +8.868E-04 +9.582E-04 +1.035E-03 +1.117E-03 +1.205E-03 +1.299E-03 +1.400E-03 +1.508E-03 +1.624E-03 +1.748E-03 +1.881E-03 +2.023E-03 +2.174E-03 +2.335E-03 +2.508E-03 +2.691E-03 +2.865E-03 
+0.00453125 -2.999E-03 -2.808E-03 -2.606E-03 -2.418E-03 -2.244E-03 -2.081E-03 -1.929E-03 -1.788E-03 -1.657E-03 -1.535E-03 -1.422E-03 -1.317E-03 -1.219E-03 -1.128E-03 -1.044E-03 -9.651E-04 -8.920E-04 -8.239E-04 -7.605E-04 -7.013E-04 -6.461E-04 -5.946E-04 -5.463E-04 -5.012E-04 -4.588E-04 -4.189E-04 -3.813E-04 -3.459E-04 -3.123E-04 -2.805E-04 -2.501E-04 -2.211E-04 -1.933E-04 -1.665E-04 -1.405E-04 -1.153E-04 -9.060E-05 -6.648E-05 -4.296E-05 -1.850E-05 +0.000E+00 +1.850E-05 +4.296E-05 +6.648E-05 +9.060E-05 +1.153E-04 +1.405E-04 +1.665E-04 +1.933E-04 +2.211E-04 +2.501E-04 +2.805E-04 +3.123E-04 +3.459E-04 +3.813E-04 +4.189E-04 +4.588E-04 +5.012E-04 +5.463E-04 +5.946E-04 +6.461E-04 +7.013E-04 +7.605E-04 +8.239E-04 +8.920E-04 +9.651E-04 +1.044E-03 +1.128E-03 +1.219E-03 +1.317E-03 +1.422E-03 +1.535E-03 +1.657E-03 +1.788E-03 +1.929E-03 +2.081E-03 +2.244E-03 +2.418E-03 +2.606E-03 +2.808E-03 +2.999E-03 
+0.00362500 -3.102E-03 -2.898E-03 -2.683E-03 -2.484E-03 -2.299E-03 -2.127E-03 -1.968E-03 -1.821E-03 -1.684E-03 -1.557E-03 -1.440E-03 -1.331E-03 -1.231E-03 -1.137E-03 -1.051E-03 -9.706E-04 -8.960E-04 -8.268E-04 -7.625E-04 -7.026E-04 -6.468E-04 -5.947E-04 -5.461E-04 -5.006E-04 -4.580E-04 -4.180E-04 -3.803E-04 -3.448E-04 -3.112E-04 -2.794E-04 -2.491E-04 -2.202E-04 -1.925E-04 -1.658E-04 -1.400E-04 -1.150E-04 -9.068E-05 -6.688E-05 -4.354E-05 -1.889E-05 +0.000E+00 +1.889E-05 +4.354E-05 +6.688E-05 +9.068E-05 +1.150E-04 +1.400E-04 +1.658E-04 +1.925E-04 +2.202E-04 +2.491E-04 +2.794E-04 +3.112E-04 +3.448E-04 +3.803E-04 +4.180E-04 +4.580E-04 +5.006E-04 +5.461E-04 +5.947E-04 +6.468E-04 +7.026E-04 +7.625E-04 +8.268E-04 +8.960E-04 +9.706E-04 +1.051E-03 +1.137E-03 +1.231E-03 +1.331E-03 +1.440E-03 +1.557E-03 +1.684E-03 +1.821E-03 +1.968E-03 +2.127E-03 +2.299E-03 +2.484E-03 +2.683E-03 +2.898E-03 +3.102E-03 
+0.00271875 -3.175E-03 -2.964E-03 -2.740E-03 -2.533E-03 -2.341E-03 -2.163E-03 -1.998E-03 -1.845E-03 -1.704E-03 -1.574E-03 -1.454E-03 -1.342E-03 -1.240E-03 -1.144E-03 -1.056E-03 -9.747E-04 -8.991E-04 -8.289E-04 -7.639E-04 -7.034E-04 -6.471E-04 -5.947E-04 -5.458E-04 -5.001E-04 -4.573E-04 -4.172E-04 -3.794E-04 -3.439E-04 -3.103E-04 -2.785E-04 -2.482E-04 -2.194E-04 -1.918E-04 -1.652E-04 -1.396E-04 -1.148E-04 -9.064E-05 -6.701E-05 -4.374E-05 -1.901E-05 +0.000E+00 +1.901E-05 +4.374E-05 +6.701E-05 +9.064E-05 +1.148E-04 +1.396E-04 +1.652E-04 +1.918E-04 +2.194E-04 +2.482E-04 +2.785E-04 +3.103E-04 +3.439E-04 +3.794E-04 +4.172E-04 +4.573E-04 +5.001E-04 +5.458E-04 +5.947E-04 +6.471E-04 +7.034E-04 +7.639E-04 +8.289E-04 +8.991E-04 +9.747E-04 +1.056E-03 +1.144E-03 +1.240E-03 +1.342E-03 +1.454E-03 +1.574E-03 +1.704E-03 +1.845E-03 +1.998E-03 +2.163E-03 +2.341E-03 +2.533E-03 +2.740E-03 +2.964E-03 +3.175E-03 
+0.00181250 -3.224E-03 -3.008E-03 -2.780E-03 -2.567E-03 -2.370E-03 -2.188E-03 -2.019E-03 -1.863E-03 -1.719E-03 -1.586E-03 -1.463E-03 -1.350E-03 -1.246E-03 -1.149E-03 -1.060E-03 -9.775E-04 -9.011E-04 -8.304E-04 -7.648E-04 -7.039E-04 -6.473E-04 -5.946E-04 -5.455E-04 -4.996E-04 -4.567E-04 -4.165E-04 -3.788E-04 -3.432E-04 -3.096E-04 -2.778E-04 -2.476E-04 -2.188E-04 -1.913E-04 -1.648E-04 -1.393E-04 -1.146E-04 -9.056E-05 -6.701E-05 -4.379E-05 -1.905E-05 +0.000E+00 +1.905E-05 +4.379E-05 +6.701E-05 +9.056E-05 +1.146E-04 +1.393E-04 +1.648E-04 +1.913E-04 +2.188E-04 +2.476E-04 +2.778E-04 +3.096E-04 +3.432E-04 +3.788E-04 +4.165E-04 +4.567E-04 +4.996E-04 +5.455E-04 +5.946E-04 +6.473E-04 +7.039E-04 +7.648E-04 +8.304E-04 +9.011E-04 +9.775E-04 +1.060E-03 +1.149E-03 +1.246E-03 +1.350E-03 +1.463E-03 +1.586E-03 +1.719E-03 +1.863E-03 +2.019E-03 +2.188E-03 +2.370E-03 +2.567E-03 +2.780E-03 +3.008E-03 +3.224E-03 
+0.00090625 -3.252E-03 -3.033E-03 -2.802E-03 -2.587E-03 -2.387E-03 -2.202E-03 -2.031E-03 -1.873E-03 -1.727E-03 -1.593E-03 -1.469E-03 -1.355E-03 -1.249E-03 -1.152E-03 -1.062E-03 -9.792E-04 -9.023E-04 -8.312E-04 -7.653E-04 -7.042E-04 -6.474E-04 -5.945E-04 -5.453E-04 -4.994E-04 -4.564E-04 -4.162E-04 -3.784E-04 -3.428E-04 -3.092E-04 -2.774E-04 -2.472E-04 -2.185E-04 -1.910E-04 -1.646E-04 -1.391E-04 -1.145E-04 -9.049E-05 -6.699E-05 -4.379E-05 -1.906E-05 +0.000E+00 +1.906E-05 +4.379E-05 +6.699E-05 +9.049E-05 +1.145E-04 +1.391E-04 +1.646E-04 +1.910E-04 +2.185E-04 +2.472E-04 +2.774E-04 +3.092E-04 +3.428E-04 +3.784E-04 +4.162E-04 +4.564E-04 +4.994E-04 +5.453E-04 +5.945E-04 +6.474E-04 +7.042E-04 +7.653E-04 +8.312E-04 +9.023E-04 +9.792E-04 +1.062E-03 +1.152E-03 +1.249E-03 +1.355E-03 +1.469E-03 +1.593E-03 +1.727E-03 +1.873E-03 +2.031E-03 +2.202E-03 +2.387E-03 +2.587E-03 +2.802E-03 +3.033E-03 +3.252E-03 
+0.00000000 -3.261E-03 -3.041E-03 -2.809E-03 -2.594E-03 -2.393E-03 -2.207E-03 -2.035E-03 -1.877E-03 -1.730E-03 -1.595E-03 -1.471E-03 -1.356E-03 -1.251E-03 -1.153E-03 -1.063E-03 -9.797E-04 -9.027E-04 -8.315E-04 -7.655E-04 -7.043E-04 -6.474E-04 -5.945E-04 -5.452E-04 -4.993E-04 -4.563E-04 -4.160E-04 -3.782E-04 -3.426E-04 -3.091E-04 -2.773E-04 -2.471E-04 -2.184E-04 -1.909E-04 -1.645E-04 -1.391E-04 -1.144E-04 -9.046E-05 -6.698E-05 -4.379E-05 -1.906E-05 +0.000E+00 +1.906E-05 +4.379E-05 +6.698E-05 +9.046E-05 +1.144E-04 +1.391E-04 +1.645E-04 +1.909E-04 +2.184E-04 +2.471E-04 +2.773E-04 +3.091E-04 +3.426E-04 +3.782E-04 +4.160E-04 +4.563E-04 +4.993E-04 +5.452E-04 +5.945E-04 +6.474E-04 +7.043E-04 +7.655E-04 +8.315E-04 +9.027E-04 +9.797E-04 +1.063E-03 +1.153E-03 +1.251E-03 +1.356E-03 +1.471E-03 +1.595E-03 +1.730E-03 +1.877E-03 +2.035E-03 +2.207E-03 +2.393E-03 +2.594E-03 +2.809E-03 +3.041E-03 +3.261E-03 
-0.00090625 -3.252E-03 -3.033E-03 -2.802E-03 -2.587E-03 -2.387E-03 -2.202E-03 -2.031E-03 -1.873E-03 -1.727E-03 -1.593E-03 -1.469E-03 -1.355E-03 -1.249E-03 -1.152E-03 -1.062E-03 -9.792E-04 -9.023E-04 -8.312E-04 -7.653E-04 -7.042E-04 -6.474E-04 -5.945E-04 -5.453E-04 -4.994E-04 -4.564E-04 -4.162E-04 -3.784E-04 -3.428E-04 -3.092E-04 -2.774E-04 -2.472E-04 -2.185E-04 -1.910E-04 -1.646E-04 -1.391E-04 -1.145E-04 -9.049E-05 -6.699E-05 -4.379E-05 -1.906E-05 +0.000E+00 +1.906E-05 +4.379E-05 +6.699E-05 +9.049E-05 +1.145E-04 +1.391E-04 +1.646E-04 +1.910E-04 +2.185E-04 +2.472E-04 +2.774E-04 +3.092E-04 +3.428E-04 +3.784E-04 +4.162E-04 +4.564E-04 +4.994E-04 +5.453E-04 +5.945E-04 +6.474E-04 +7.042E-04 +7.653E-04 +8.312E-04 +9.023E-04 +9.792E-04 +1.062E-03 +1.152E-03 +1.249E-03 +1.355E-03 +1.469E-03 +1.593E-03 +1.727E-03 +1.873E-03 +2.031E-03 +2.202E-03 +2.387E-03 +2.587E-03 +2.802E-03 +3.033E-03 +3.252E-03 
-0.00181250 -3.224E-03 -3.008E-03 -2.780E-03 -2.567E-03 -2.370E-03 -2.188E-03 -2.019E-03 -1.863E-03 -1.719E-03 -1.586E-03 -1.463E-03 -1.350E-03 -1.246E-03 -1.149E-03 -1.060E-03 -9.775E-04 -9.011E-04 -8.304E-04 -7.648E-04 -7.039E-04 -6.473E-04 -5.946E-04 -5.455E-04 -4.996E-04 -4.567E-04 -4.165E-04 -3.788E-04 -3.432E-04 -3.096E-04 -2.778E-04 -2.476E-04 -2.188E-04 -1.913E-04 -1.648E-04 -1.393E-04 -1.146E-04 -9.056E-05 -6.701E-05 -4.379E-05 -1.905E-05 +0.000E+00 +1.905E-05 +4.379E-05 +6.701E-05 +9.056E-05 +1.146E-04 +1.393E-04 +1.648E-04 +1.913E-04 +2.188E-04 +2.476E-04 +2.778E-04 +3.096E-04 +3.432E-04 +3.788E-04 +4.165E-04 +4.567E-04 +4.996E-04 +5.455E-04 +5.946E-04 +6.473E-04 +7.039E-04 +7.648E-04 +8.304E-04 +9.011E-04 +9.775E-04 +1.060E-03 +1.149E-03 +1.246E-03 +1.350E-03 +1.463E-03 +1.586E-03 +1.719E-03 +1.863E-03 +2.019E-03 +2.188E-03 +2.370E-03 +2.567E-03 +2.780E-03 +3.008E-03 +3.224E-03 
-0.00271875 -3.175E-03 -2.964E-03 -2.740E-03 -2.533E-03 -2.341E-03 -2.163E-03 -1.998E-03 -1.845E-03 -1.704E-03 -1.574E-03 -1.454E-03 -1.342E-03 -1.240E-03 -1.144E-03 -1.056E-03 -9.747E-04 -8.991E-04 -8.289E-04 -7.639E-04 -7.034E-04 -6.471E-04 -5.947E-04 -5.458E-04 -5.001E-04 -4.573E-04 -4.172E-04 -3.794E-04 -3.439E-04 -3.103E-04 -2.785E-04 -2.482E-04 -2.194E-04 -1.918E-04 -1.652E-04 -1.396E-04 -1.148E-04 -9.064E-05 -6.701E-05 -4.374E-05 -1.901E-05 +0.000E+00 +1.901E-05 +4.374E-05 +6.701E-05 +9.064E-05 +1.148E-04 +1.396E-04 +1.652E-04 +1.918E-04 +2.194E-04 +2.482E-04 +2.785E-04 +3.103E-04 +3.439E-04 +3.794E-04 +4.172E-04 +4.573E-04 +5.001E-04 +5.458E-04 +5.947E-04 +6.471E-04 +7.034E-04 +7.639E-04 +8.289E-04 +8.991E-04 +9.747E-04 +1.056E-03 +1.144E-03 +1.240E-03 +1.342E-03 +1.454E-03 +1.574E-03 +1.704E-03 +1.845E-03 +1.998E-03 +2.163E-03 +2.341E-03 +2.533E-03 +2.740E-03 +2.964E-03 +3.175E-03 
-0.00362500 -3.102E-03 -2.898E-03 -2.683E-03 -2.484E-03 -2.299E-03 -2.127E-03 -1.968E-03 -1.821E-03 -1.684E-03 -1.557E-03 -1.440E-03 -1.331E-03 -1.231E-03 -1.137E-03 -1.051E-03 -9.706E-04 -8.960E-04 -8.268E-04 -7.625E-04 -7.026E-04 -6.468E-04 -5.947E-04 -5.461E-04 -5.006E-04 -4.580E-04 -4.180E-04 -3.803E-04 -3.448E-04 -3.112E-04 -2.794E-04 -2.491E-04 -2.202E-04 -1.925E-04 -1.658E-04 -1.400E-04 -1.150E-04 -9.068E-05 -6.688E-05 -4.354E-05 -1.889E-05 +0.000E+00 +1.889E-05 +4.354E-05 +6.688E-05 +9.068E-05 +1.150E-04 +1.400E-04 +1.658E-04 +1.925E-04 +2.202E-04 +2.491E-04 +2.794E-04 +3.112E-04 +3.448E-04 +3.803E-04 +4.180E-04 +4.580E-04 +5.006E-04 +5.461E-04 +5.947E-04 +6.468E-04 +7.026E-04 +7.625E-04 +8.268E-04 +8.960E-04 +9.706E-04 +1.051E-03 +1.137E-03 +1.231E-03 +1.331E-03 +1.440E-03 +1.557E-03 +1.684E-03 +1.821E-03 +1.968E-03 +2.127E-03 +2.299E-03 +2.484E-03 +2.683E-03 +2.898E-03 +3.102E-03 
-0.00453125 -2.999E-03 -2.808E-03 -2.606E-03 -2.418E-03 -2.244E-03 -2.081E-03 -1.929E-03 -1.788E-03 -1.657E-03 -1.535E-03 -1.422E-03 -1.317E-03 -1.219E-03 -1.128E-03 -1.044E-03 -9.651E-04 -8.920E-04 -8.239E-04 -7.605E-04 -7.013E-04 -6.461E-04 -5.946E-04 -5.463E-04 -5.012E-04 -4.588E-04 -4.189E-04 -3.813E-04 -3.459E-04 -3.123E-04 -2.805E-04 -2.501E-04 -2.211E-04 -1.933E-04 -1.665E-04 -1.405E-04 -1.153E-04 -9.060E-05 -6.648E-05 -4.296E-05 -1.850E-05 +0.000E+00 +1.850E-05 +4.296E-05 +6.648E-05 +9.060E-05 +1.153E-04 +1.405E-04 +1.665E-04 +1.933E-04 +2.211E-04 +2.501E-04 +2.805E-04 +3.123E-04 +3.459E-04 +3.813E-04 +4.189E-04 +4.588E-04 +5.012E-04 +5.463E-04 +5.946E-04 +6.461E-04 +7.013E-04 +7.605E-04 +8.239E-04 +8.920E-04 +9.651E-04 +1.044E-03 +1.128E-03 +1.219E-03 +1.317E-03 +1.422E-03 +1.535E-03 +1.657E-03 +1.788E-03 +1.929E-03 +2.081E-03 +2.244E-03 +2.418E-03 +2.606E-03 +2.808E-03 +2.999E-03 
-0.00543750 -2.865E-03 -2.691E-03 -2.508E-03 -2.335E-03 -2.174E-03 -2.023E-03 -1.881E-03 -1.748E-03 -1.624E-03 -1.508E-03 -1.400E-03 -1.299E-03 -1.205E-03 -1.117E-03 -1.035E-03 -9.582E-04 -8.868E-04 -8.201E-04 -7.578E-04 -6.996E-04 -6.452E-04 -5.942E-04 -5.465E-04 -5.017E-04 -4.596E-04 -4.199E-04 -3.825E-04 -3.471E-04 -3.136E-04 -2.817E-04 -2.514E-04 -2.223E-04 -1.944E-04 -1.674E-04 -1.412E-04 -1.156E-04 -9.040E-05 -6.554E-05 -4.135E-05 -1.727E-05 +0.000E+00 +1.727E-05 +4.135E-05 +6.554E-05 +9.040E-05 +1.156E-04 +1.412E-04 +1.674E-04 +1.944E-04 +2.223E-04 +2.514E-04 +2.817E-04 +3.136E-04 +3.471E-04 +3.825E-04 +4.199E-04 +4.596E-04 +5.017E-04 +5.465E-04 +5.942E-04 +6.452E-04 +6.996E-04 +7.578E-04 +8.201E-04 +8.868E-04 +9.582E-04 +1.035E-03 +1.117E-03 +1.205E-03 +1.299E-03 +1.400E-03 +1.508E-03 +1.624E-03 +1.748E-03 +1.881E-03 +2.023E-03 +2.174E-03 +2.335E-03 +2.508E-03 +2.691E-03 +2.865E-03 
-0.00634375 -2.697E-03 -2.548E-03 -2.388E-03 -2.235E-03 -2.090E-03 -1.953E-03 -1.823E-03 -1.700E-03 -1.585E-03 -1.476E-03 -1.373E-03 -1.277E-03 -1.187E-03 -1.103E-03 -1.024E-03 -9.497E-04 -8.803E-04 -8.153E-04 -7.544E-04 -6.973E-04 -6.438E-04 -5.936E-04 -5.464E-04 -5.020E-04 -4.603E-04 -4.209E-04 -3.836E-04 -3.484E-04 -3.149E-04 -2.831E-04 -2.527E-04 -2.236E-04 -1.956E-04 -1.685E-04 -1.421E-04 -1.162E-04 -9.039E-05 -6.405E-05 -3.692E-05 -1.236E-05 +0.000E+00 +1.236E-05 +3.692E-05 +6.405E-05 +9.039E-05 +1.162E-04 +1.421E-04 +1.685E-04 +1.956E-04 +2.236E-04 +2.527E-04 +2.831E-04 +3.149E-04 +3.484E-04 +3.836E-04 +4.209E-04 +4.603E-04 +5.020E-04 +5.464E-04 +5.936E-04 +6.438E-04 +6.973E-04 +7.544E-04 +8.153E-04 +8.803E-04 +9.497E-04 +1.024E-03 +1.103E-03 +1.187E-03 +1.277E-03 +1.373E-03 +1.476E-03 +1.585E-03 +1.700E-03 +1.823E-03 +1.953E-03 +2.090E-03 +2.235E-03 +2.388E-03 +2.548E-03 +2.697E-03 
-0.00725000 -2.500E-03 -2.379E-03 -2.248E-03 -2.119E-03 -1.994E-03 -1.873E-03 -1.757E-03 -1.645E-03 -1.539E-03 -1.438E-03 -1.343E-03 -1.253E-03 -1.167E-03 -1.087E-03 -1.011E-03 -9.397E-04 -8.726E-04 -8.095E-04 -7.502E-04 -6.945E-04 -6.420E-04 -5.926E-04 -5.461E-04 -5.023E-04 -4.610E-04 -4.219E-04 -3.849E-04 -3.498E-04 -3.164E-04 -2.846E-04 -2.542E-04 -2.251E-04 -1.970E-04 -1.699E-04 -1.435E-04 -1.176E-04 -9.166E-05 -6.479E-05 -2.595E-05 +3.959E-06 +0.000E+00 -3.959E-06 +2.595E-05 +6.479E-05 +9.166E-05 +1.176E-04 +1.435E-04 +1.699E-04 +1.970E-04 +2.251E-04 +2.542E-04 +2.846E-04 +3.164E-04 +3.498E-04 +3.849E-04 +4.219E-04 +4.610E-04 +5.023E-04 +5.461E-04 +5.926E-04 +6.420E-04 +6.945E-04 +7.502E-04 +8.095E-04 +8.726E-04 +9.397E-04 +1.011E-03 +1.087E-03 +1.167E-03 +1.253E-03 +1.343E-03 +1.438E-03 +1.539E-03 +1.645E-03 +1.757E-03 +1.873E-03 +1.994E-03 +2.119E-03 +2.248E-03 +2.379E-03 +2.500E-03 
# Vertical KickTable in T2m2
START
            -0.03000000 -0.02925000 -0.02850000 -0.02775000 -0.02700000 -0.02625000 -0.02550000 -0.02475000 -0.02400000 -0.02325000 -0.02250000 -0.02175000 -0.02100000 -0.02025000 -0.01950000 -0.01875000 -0.01800000 -0.01725000 -0.01650000 -0.01575000 -0.01500000 -0.01425000 -0.01350000 -0.01275000 -0.01200000 -0.01125000 -0.01050000 -0.00975000 -0.00900000 -0.00825000 -0.00750000 -0.00675000 -0.00600000 -0.00525000 -0.00450000 -0.00375000 -0.00300000 -0.00225000 -0.00150000 -0.00075000 +0.00000000 +0.00075000 +0.00150000 +0.00225000 +0.00300000 +0.00375000 +0.00450000 +0.00525000 +0.00600000 +0.00675000 +0.00750000 +0.00825000 +0.00900000 +0.00975000 +0.01050000 +0.01125000 +0.01200000 +0.01275000 +0.01350000 +0.01425000 +0.01500000 +0.01575000 +0.01650000 +0.01725000 +0.01800000 +0.01875000 +0.01950000 +0.02025000 +0.02100000 +0.02175000 +0.02250000 +0.02325000 +0.02400000 +0.02475000 +0.02550000 +0.02625000 +0.02700000 +0.02775000 +0.02850000 +0.02925000 +0.03000000 
+0.00725000 -1.246E-02 -1.230E-02 -1.217E-02 -1.206E-02 -1.196E-02 -1.189E-02 -1.182E-02 -1.177E-02 -1.173E-02 -1.169E-02 -1.166E-02 -1.164E-02 -1.162E-02 -1.160E-02 -1.159E-02 -1.158E-02 -1.157E-02 -1.157E-02 -1.156E-02 -1.156E-02 -1.156E-02 -1.156E-02 -1.155E-02 -1.155E-02 -1.155E-02 -1.156E-02 -1.156E-02 -1.156E-02 -1.156E-02 -1.156E-02 -1.156E-02 -1.156E-02 -1.156E-02 -1.157E-02 -1.157E-02 -1.157E-02 -1.157E-02 -1.157E-02 -1.157E-02 -1.156E-02 -1.152E-02 -1.156E-02 -1.157E-02 -1.157E-02 -1.157E-02 -1.157E-02 -1.157E-02 -1.157E-02 -1.156E-02 -1.156E-02 -1.156E-02 -1.156E-02 -1.156E-02 -1.156E-02 -1.156E-02 -1.156E-02 -1.155E-02 -1.155E-02 -1.155E-02 -1.156E-02 -1.156E-02 -1.156E-02 -1.156E-02 -1.157E-02 -1.157E-02 -1.158E-02 -1.159E-02 -1.160E-02 -1.162E-02 -1.164E-02 -1.166E-02 -1.169E-02 -1.173E-02 -1.177E-02 -1.182E-02 -1.189E-02 -1.196E-02 -1.206E-02 -1.217E-02 -1.230E-02 -1.246E-02 
+0.00634375 -1.053E-02 -1.039E-02 -1.027E-02 -1.018E-02 -1.009E-02 -1.003E-02 -9.969E-03 -9.922E-03 -9.884E-03 -9.852E-03 -9.826E-03 -9.804E-03 -9.787E-03 -9.773E-03 -9.762E-03 -9.754E-03 -9.747E-03 -9.742E-03 -9.738E-03 -9.735E-03 -9.734E-03 -9.733E-03 -9.732E-03 -9.732E-03 -9.733E-03 -9.734E-03 -9.734E-03 -9.736E-03 -9.737E-03 -9.738E-03 -9.739E-03 -9.740E-03 -9.741E-03 -9.742E-03 -9.743E-03 -9.744E-03 -9.745E-03 -9.745E-03 -9.743E-03 -9.737E-03 -9.725E-03 -9.737E-03 -9.743E-03 -9.745E-03 -9.745E-03 -9.744E-03 -9.743E-03 -9.742E-03 -9.741E-03 -9.740E-03 -9.739E-03 -9.738E-03 -9.737E-03 -9.736E-03 -9.734E-03 -9.734E-03 -9.733E-03 -9.732E-03 -9.732E-03 -9.733E-03 -9.734E-03 -9.735E-03 -9.738E-03 -9.742E-03 -9.747E-03 -9.754E-03 -9.762E-03 -9.773E-03 -9.787E-03 -9.804E-03 -9.826E-03 -9.852E-03 -9.884E-03 -9.922E-03 -9.969E-03 -1.003E-02 -1.009E-02 -1.018E-02 -1.027E-02 -1.039E-02 -1.053E-02 
+0.00543750 -8.618E-03 -8.502E-03 -8.403E-03 -8.321E-03 -8.252E-03 -8.194E-03 -8.146E-03 -8.106E-03 -8.073E-03 -8.045E-03 -8.023E-03 -8.005E-03 -7.990E-03 -7.979E-03 -7.969E-03 -7.962E-03 -7.956E-03 -7.952E-03 -7.949E-03 -7.947E-03 -7.946E-03 -7.945E-03 -7.945E-03 -7.945E-03 -7.946E-03 -7.947E-03 -7.947E-03 -7.948E-03 -7.949E-03 -7.951E-03 -7.952E-03 -7.953E-03 -7.954E-03 -7.955E-03 -7.955E-03 -7.956E-03 -7.956E-03 -7.956E-03 -7.954E-03 -7.952E-03 -7.951E-03 -7.952E-03 -7.954E-03 -7.956E-03 -7.956E-03 -7.956E-03 -7.955E-03 -7.955E-03 -7.954E-03 -7.953E-03 -7.952E-03 -7.951E-03 -7.949E-03 -7.948E-03 -7.947E-03 -7.947E-03 -7.946E-03 -7.945E-03 -7.945E-03 -7.945E-03 -7.946E-03 -7.947E-03 -7.949E-03 -7.952E-03 -7.956E-03 -7.962E-03 -7.969E-03 -7.979E-03 -7.990E-03 -8.005E-03 -8.023E-03 -8.045E-03 -8.073E-03 -8.106E-03 -8.146E-03 -8.194E-03 -8.252E-03 -8.321E-03 -8.403E-03 -8.502E-03 -8.618E-03 
+0.00453125 -6.914E-03 -6.823E-03 -6.744E-03 -6.678E-03 -6.622E-03 -6.575E-03 -6.535E-03 -6.502E-03 -6.475E-03 -6.453E-03 -6.435E-03 -6.420E-03 -6.408E-03 -6.398E-03 -6.391E-03 -6.385E-03 -6.380E-03 -6.377E-03 -6.375E-03 -6.373E-03 -6.372E-03 -6.372E-03 -6.372E-03 -6.372E-03 -6.373E-03 -6.374E-03 -6.375E-03 -6.375E-03 -6.376E-03 -6.377E-03 -6.378E-03 -6.379E-03 -6.380E-03 -6.381E-03 -6.381E-03 -6.382E-03 -6.382E-03 -6.382E-03 -6.381E-03 -6.380E-03 -6.380E-03 -6.380E-03 -6.381E-03 -6.382E-03 -6.382E-03 -6.382E-03 -6.381E-03 -6.381E-03 -6.380E-03 -6.379E-03 -6.378E-03 -6.377E-03 -6.376E-03 -6.375E-03 -6.375E-03 -6.374E-03 -6.373E-03 -6.372E-03 -6.372E-03 -6.372E-03 -6.372E-03 -6.373E-03 -6.375E-03 -6.377E-03 -6.380E-03 -6.385E-03 -6.391E-03 -6.398E-03 -6.408E-03 -6.420E-03 -6.435E-03 -6.453E-03 -6.475E-03 -6.502E-03 -6.535E-03 -6.575E-03 -6.622E-03 -6.678E-03 -6.744E-03 -6.823E-03 -6.914E-03 
+0.00362500 -5.348E-03 -5.279E-03 -5.220E-03 -5.169E-03 -5.126E-03 -5.089E-03 -5.058E-03 -5.032E-03 -5.011E-03 -4.994E-03 -4.979E-03 -4.967E-03 -4.958E-03 -4.951E-03 -4.945E-03 -4.940E-03 -4.937E-03 -4.934E-03 -4.933E-03 -4.932E-03 -4.931E-03 -4.931E-03 -4.931E-03 -4.931E-03 -4.932E-03 -4.933E-03 -4.933E-03 -4.934E-03 -4.935E-03 -4.936E-03 -4.937E-03 -4.937E-03 -4.938E-03 -4.939E-03 -4.939E-03 -4.939E-03 -4.940E-03 -4.939E-03 -4.939E-03 -4.939E-03 -4.939E-03 -4.939E-03 -4.939E-03 -4.939E-03 -4.940E-03 -4.939E-03 -4.939E-03 -4.939E-03 -4.938E-03 -4.937E-03 -4.937E-03 -4.936E-03 -4.935E-03 -4.934E-03 -4.933E-03 -4.933E-03 -4.932E-03 -4.931E-03 -4.931E-03 -4.931E-03 -4.931E-03 -4.932E-03 -4.933E-03 -4.934E-03 -4.937E-03 -4.940E-03 -4.945E-03 -4.951E-03 -4.958E-03 -4.967E-03 -4.979E-03 -4.994E-03 -5.011E-03 -5.032E-03 -5.058E-03 -5.089E-03 -5.126E-03 -5.169E-03 -5.220E-03 -5.279E-03 -5.348E-03 
+0.00271875 -3.890E-03 -3.843E-03 -3.801E-03 -3.764E-03 -3.733E-03 -3.706E-03 -3.684E-03 -3.665E-03 -3.649E-03 -3.636E-03 -3.626E-03 -3.617E-03 -3.610E-03 -3.605E-03 -3.600E-03 -3.597E-03 -3.595E-03 -3.593E-03 -3.592E-03 -3.591E-03 -3.591E-03 -3.591E-03 -3.591E-03 -3.591E-03 -3.592E-03 -3.592E-03 -3.593E-03 -3.593E-03 -3.594E-03 -3.595E-03 -3.595E-03 -3.596E-03 -3.596E-03 -3.597E-03 -3.597E-03 -3.597E-03 -3.598E-03 -3.598E-03 -3.598E-03 -3.597E-03 -3.597E-03 -3.597E-03 -3.598E-03 -3.598E-03 -3.598E-03 -3.597E-03 -3.597E-03 -3.597E-03 -3.596E-03 -3.596E-03 -3.595E-03 -3.595E-03 -3.594E-03 -3.593E-03 -3.593E-03 -3.592E-03 -3.592E-03 -3.591E-03 -3.591E-03 -3.591E-03 -3.591E-03 -3.591E-03 -3.592E-03 -3.593E-03 -3.595E-03 -3.597E-03 -3.600E-03 -3.605E-03 -3.610E-03 -3.617E-03 -3.626E-03 -3.636E-03 -3.649E-03 -3.665E-03 -3.684E-03 -3.706E-03 -3.733E-03 -3.764E-03 -3.801E-03 -3.843E-03 -3.890E-03 
+0.00181250 -2.510E-03 -2.481E-03 -2.455E-03 -2.432E-03 -2.411E-03 -2.394E-03 -2.380E-03 -2.368E-03 -2.357E-03 -2.349E-03 -2.342E-03 -2.337E-03 -2.332E-03 -2.329E-03 -2.326E-03 -2.324E-03 -2.322E-03 -2.321E-03 -2.320E-03 -2.320E-03 -2.320E-03 -2.320E-03 -2.320E-03 -2.320E-03 -2.320E-03 -2.321E-03 -2.321E-03 -2.322E-03 -2.322E-03 -2.323E-03 -2.323E-03 -2.323E-03 -2.324E-03 -2.324E-03 -2.324E-03 -2.324E-03 -2.324E-03 -2.325E-03 -2.325E-03 -2.324E-03 -2.324E-03 -2.324E-03 -2.325E-03 -2.325E-03 -2.324E-03 -2.324E-03 -2.324E-03 -2.324E-03 -2.324E-03 -2.323E-03 -2.323E-03 -2.323E-03 -2.322E-03 -2.322E-03 -2.321E-03 -2.321E-03 -2.320E-03 -2.320E-03 -2.320E-03 -2.320E-03 -2.320E-03 -2.320E-03 -2.320E-03 -2.321E-03 -2.322E-03 -2.324E-03 -2.326E-03 -2.329E-03 -2.332E-03 -2.337E-03 -2.342E-03 -2.349E-03 -2.357E-03 -2.368E-03 -2.380E-03 -2.394E-03 -2.411E-03 -2.432E-03 -2.455E-03 -2.481E-03 -2.510E-03 
+0.00090625 -1.084E-03 -1.072E-03 -1.061E-03 -1.051E-03 -1.042E-03 -1.035E-03 -1.029E-03 -1.023E-03 -1.019E-03 -1.015E-03 -1.012E-03 -1.010E-03 -1.008E-03 -1.006E-03 -1.005E-03 -1.004E-03 -1.004E-03 -1.003E-03 -1.003E-03 -1.003E-03 -1.003E-03 -1.003E-03 -1.003E-03 -1.003E-03 -1.003E-03 -1.003E-03 -1.003E-03 -1.003E-03 -1.004E-03 -1.004E-03 -1.004E-03 -1.004E-03 -1.004E-03 -1.005E-03 -1.005E-03 -1.005E-03 -1.005E-03 -1.005E-03 -1.005E-03 -1.005E-03 -1.005E-03 -1.005E-03 -1.005E-03 -1.005E-03 -1.005E-03 -1.005E-03 -1.005E-03 -1.005E-03 -1.004E-03 -1.004E-03 -1.004E-03 -1.004E-03 -1.004E-03 -1.003E-03 -1.003E-03 -1.003E-03 -1.003E-03 -1.003E-03 -1.003E-03 -1.003E-03 -1.003E-03 -1.003E-03 -1.003E-03 -1.003E-03 -1.004E-03 -1.004E-03 -1.005E-03 -1.006E-03 -1.008E-03 -1.010E-03 -1.012E-03 -1.015E-03 -1.019E-03 -1.023E-03 -1.029E-03 -1.035E-03 -1.042E-03 -1.051E-03 -1.061E-03 -1.072E-03 -1.084E-03 
+0.00000000 +0.000E+00 +0.000E+00 +0.000E+00 +0.000E+00 +0.000E+00 +0.000E+00 +0.000E+00 +0.000E+00 +0.000E+00 +0.000E+00 +0.000E+00 +0.000E+00 +0.000E+00 +0.000E+00 +0.000E+00 +0.000E+00 +0.000E+00 +0.000E+00 +0.000E+00 +0.000E+00 +0.000E+00 +0.000E+00 +0.000E+00 +0.000E+00 +0.000E+00 +0.000E+00 +0.000E+00 +0.000E+00 +0.000E+00 +0.000E+00 +0.000E+00 +0.000E+00 +0.000E+00 +0.000E+00 +0.000E+00 +0.000E+00 +0.000E+00 +0.000E+00 +0.000E+00 +0.000E+00 +0.000E+00 +0.000E+00 +0.000E+00 +0.000E+00 +0.000E+00 +0.000E+00 +0.000E+00 +0.000E+00 +0.000E+00 +0.000E+00 +0.000E+00 +0.000E+00 +0.000E+00 +0.000E+00 +0.000E+00 +0.000E+00 +0.000E+00 +0.000E+00 +0.000E+00 +0.000E+00 +0.000E+00 +0.000E+00 +0.000E+00 +0.000E+00 +0.000E+00 +0.000E+00 +0.000E+00 +0.000E+00 +0.000E+00 +0.000E+00 +0.000E+00 +0.000E+00 +0.000E+00 +0.000E+00 +0.000E+00 +0.000E+00 +0.000E+00 +0.000E+00 +0.000E+00 +0.000E+00 +0.000E+00 
-0.00090625 +1.084E-03 +1.072E-03 +1.061E-03 +1.051E-03 +1.042E-03 +1.035E-03 +1.029E-03 +1.023E-03 +1.019E-03 +1.015E-03 +1.012E-03 +1.010E-03 +1.008E-03 +1.006E-03 +1.005E-03 +1.004E-03 +1.004E-03 +1.003E-03 +1.003E-03 +1.003E-03 +1.003E-03 +1.003E-03 +1.003E-03 +1.003E-03 +1.003E-03 +1.003E-03 +1.003E-03 +1.003E-03 +1.004E-03 +1.004E-03 +1.004E-03 +1.004E-03 +1.004E-03 +1.005E-03 +1.005E-03 +1.005E-03 +1.005E-03 +1.005E-03 +1.005E-03 +1.005E-03 +1.005E-03 +1.005E-03 +1.005E-03 +1.005E-03 +1.005E-03 +1.005E-03 +1.005E-03 +1.005E-03 +1.004E-03 +1.004E-03 +1.004E-03 +1.004E-03 +1.004E-03 +1.003E-03 +1.003E-03 +1.003E-03 +1.003E-03 +1.003E-03 +1.003E-03 +1.003E-03 +1.003E-03 +1.003E-03 +1.003E-03 +1.003E-03 +1.004E-03 +1.004E-03 +1.005E-03 +1.006E-03 +1.008E-03 +1.010E-03 +1.012E-03 +1.015E-03 +1.019E-03 +1.023E-03 +1.029E-03 +1.035E-03 +1.042E-03 +1.051E-03 +1.061E-03 +1.072E-03 +1.084E-03 
-0.00181250 +2.510E-03 +2.481E-03 +2.455E-03 +2.432E-03 +2.411E-03 +2.394E-03 +2.380E-03 +2.368E-03 +2.357E-03 +2.349E-03 +2.342E-03 +2.337E-03 +2.332E-03 +2.329E-03 +2.326E-03 +2.324E-03 +2.322E-03 +2.321E-03 +2.320E-03 +2.320E-03 +2.320E-03 +2.320E-03 +2.320E-03 +2.320E-03 +2.320E-03 +2.321E-03 +2.321E-03 +2.322E-03 +2.322E-03 +2.323E-03 +2.323E-03 +2.323E-03 +2.324E-03 +2.324E-03 +2.324E-03 +2.324E-03 +2.324E-03 +2.325E-03 +2.325E-03 +2.324E-03 +2.324E-03 +2.324E-03 +2.325E-03 +2.325E-03 +2.324E-03 +2.324E-03 +2.324E-03 +2.324E-03 +2.324E-03 +2.323E-03 +2.323E-03 +2.323E-03 +2.322E-03 +2.322E-03 +2.321E-03 +2.321E-03 +2.320E-03 +2.320E-03 +2.320E-03 +2.320E-03 +2.320E-03 +2.320E-03 +2.320E-03 +2.321E-03 +2.322E-03 +2.324E-03 +2.326E-03 +2.329E-03 +2.332E-03 +2.337E-03 +2.342E-03 +2.349E-03 +2.357E-03 +2.368E-03 +2.380E-03 +2.394E-03 +2.411E-03 +2.432E-03 +2.455E-03 +2.481E-03 +2.510E-03 
-0.00271875 +3.890E-03 +3.843E-03 +3.801E-03 +3.764E-03 +3.733E-03 +3.706E-03 +3.684E-03 +3.665E-03 +3.649E-03 +3.636E-03 +3.626E-03 +3.617E-03 +3.610E-03 +3.605E-03 +3.600E-03 +3.597E-03 +3.595E-03 +3.593E-03 +3.592E-03 +3.591E-03 +3.591E-03 +3.591E-03 +3.591E-03 +3.591E-03 +3.592E-03 +3.592E-03 +3.593E-03 +3.593E-03 +3.594E-03 +3.595E-03 +3.595E-03 +3.596E-03 +3.596E-03 +3.597E-03 +3.597E-03 +3.597E-03 +3.598E-03 +3.598E-03 +3.598E-03 +3.597E-03 +3.597E-03 +3.597E-03 +3.598E-03 +3.598E-03 +3.598E-03 +3.597E-03 +3.597E-03 +3.597E-03 +3.596E-03 +3.596E-03 +3.595E-03 +3.595E-03 +3.594E-03 +3.593E-03 +3.593E-03 +3.592E-03 +3.592E-03 +3.591E-03 +3.591E-03 +3.591E-03 +3.591E-03 +3.591E-03 +3.592E-03 +3.593E-03 +3.595E-03 +3.597E-03 +3.600E-03 +3.605E-03 +3.610E-03 +3.617E-03 +3.626E-03 +3.636E-03 +3.649E-03 +3.665E-03 +3.684E-03 +3.706E-03 +3.733E-03 +3.764E-03 +3.801E-03 +3.843E-03 +3.890E-03 
-0.00362500 +5.348E-03 +5.279E-03 +5.220E-03 +5.169E-03 +5.126E-03 +5.089E-03 +5.058E-03 +5.032E-03 +5.011E-03 +4.994E-03 +4.979E-03 +4.967E-03 +4.958E-03 +4.951E-03 +4.945E-03 +4.940E-03 +4.937E-03 +4.934E-03 +4.933E-03 +4.932E-03 +4.931E-03 +4.931E-03 +4.931E-03 +4.931E-03 +4.932E-03 +4.933E-03 +4.933E-03 +4.934E-03 +4.935E-03 +4.936E-03 +4.937E-03 +4.937E-03 +4.938E-03 +4.939E-03 +4.939E-03 +4.939E-03 +4.940E-03 +4.939E-03 +4.939E-03 +4.939E-03 +4.939E-03 +4.939E-03 +4.939E-03 +4.939E-03 +4.940E-03 +4.939E-03 +4.939E-03 +4.939E-03 +4.938E-03 +4.937E-03 +4.937E-03 +4.936E-03 +4.935E-03 +4.934E-03 +4.933E-03 +4.933E-03 +4.932E-03 +4.931E-03 +4.931E-03 +4.931E-03 +4.931E-03 +4.932E-03 +4.933E-03 +4.934E-03 +4.937E-03 +4.940E-03 +4.945E-03 +4.951E-03 +4.958E-03 +4.967E-03 +4.979E-03 +4.994E-03 +5.011E-03 +5.032E-03 +5.058E-03 +5.089E-03 +5.126E-03 +5.169E-03 +5.220E-03 +5.279E-03 +5.348E-03 
-0.00453125 +6.914E-03 +6.823E-03 +6.744E-03 +6.678E-03 +6.622E-03 +6.575E-03 +6.535E-03 +6.502E-03 +6.475E-03 +6.453E-03 +6.435E-03 +6.420E-03 +6.408E-03 +6.398E-03 +6.391E-03 +6.385E-03 +6.380E-03 +6.377E-03 +6.375E-03 +6.373E-03 +6.372E-03 +6.372E-03 +6.372E-03 +6.372E-03 +6.373E-03 +6.374E-03 +6.375E-03 +6.375E-03 +6.376E-03 +6.377E-03 +6.378E-03 +6.379E-03 +6.380E-03 +6.381E-03 +6.381E-03 +6.382E-03 +6.382E-03 +6.382E-03 +6.381E-03 +6.380E-03 +6.380E-03 +6.380E-03 +6.381E-03 +6.382E-03 +6.382E-03 +6.382E-03 +6.381E-03 +6.381E-03 +6.380E-03 +6.379E-03 +6.378E-03 +6.377E-03 +6.376E-03 +6.375E-03 +6.375E-03 +6.374E-03 +6.373E-03 +6.372E-03 +6.372E-03 +6.372E-03 +6.372E-03 +6.373E-03 +6.375E-03 +6.377E-03 +6.380E-03 +6.385E-03 +6.391E-03 +6.398E-03 +6.408E-03 +6.420E-03 +6.435E-03 +6.453E-03 +6.475E-03 +6.502E-03 +6.535E-03 +6.575E-03 +6.622E-03 +6.678E-03 +6.744E-03 +6.823E-03 +6.914E-03 
-0.00543750 +8.618E-03 +8.502E-03 +8.403E-03 +8.321E-03 +8.252E-03 +8.194E-03 +8.146E-03 +8.106E-03 +8.073E-03 +8.045E-03 +8.023E-03 +8.005E-03 +7.990E-03 +7.979E-03 +7.969E-03 +7.962E-03 +7.956E-03 +7.952E-03 +7.949E-03 +7.947E-03 +7.946E-03 +7.945E-03 +7.945E-03 +7.945E-03 +7.946E-03 +7.947E-03 +7.947E-03 +7.948E-03 +7.949E-03 +7.951E-03 +7.952E-03 +7.953E-03 +7.954E-03 +7.955E-03 +7.955E-03 +7.956E-03 +7.956E-03 +7.956E-03 +7.954E-03 +7.952E-03 +7.951E-03 +7.952E-03 +7.954E-03 +7.956E-03 +7.956E-03 +7.956E-03 +7.955E-03 +7.955E-03 +7.954E-03 +7.953E-03 +7.952E-03 +7.951E-03 +7.949E-03 +7.948E-03 +7.947E-03 +7.947E-03 +7.946E-03 +7.945E-03 +7.945E-03 +7.945E-03 +7.946E-03 +7.947E-03 +7.949E-03 +7.952E-03 +7.956E-03 +7.962E-03 +7.969E-03 +7.979E-03 +7.990E-03 +8.005E-03 +8.023E-03 +8.045E-03 +8.073E-03 +8.106E-03 +8.146E-03 +8.194E-03 +8.252E-03 +8.321E-03 +8.403E-03 +8.502E-03 +8.618E-03 
-0.00634375 +1.053E-02 +1.039E-02 +1.027E-02 +1.018E-02 +1.009E-02 +1.003E-02 +9.969E-03 +9.922E-03 +9.884E-03 +9.852E-03 +9.826E-03 +9.804E-03 +9.787E-03 +9.773E-03 +9.762E-03 +9.754E-03 +9.747E-03 +9.742E-03 +9.738E-03 +9.735E-03 +9.734E-03 +9.733E-03 +9.732E-03 +9.732E-03 +9.733E-03 +9.734E-03 +9.734E-03 +9.736E-03 +9.737E-03 +9.738E-03 +9.739E-03 +9.740E-03 +9.741E-03 +9.742E-03 +9.743E-03 +9.744E-03 +9.745E-03 +9.745E-03 +9.743E-03 +9.737E-03 +9.725E-03 +9.737E-03 +9.743E-03 +9.745E-03 +9.745E-03 +9.744E-03 +9.743E-03 +9.742E-03 +9.741E-03 +9.740E-03 +9.739E-03 +9.738E-03 +9.737E-03 +9.736E-03 +9.734E-03 +9.734E-03 +9.733E-03 +9.732E-03 +9.732E-03 +9.733E-03 +9.734E-03 +9.735E-03 +9.738E-03 +9.742E-03 +9.747E-03 +9.754E-03 +9.762E-03 +9.773E-03 +9.787E-03 +9.804E-03 +9.826E-03 +9.852E-03 +9.884E-03 +9.922E-03 +9.969E-03 +1.003E-02 +1.009E-02 +1.018E-02 +1.027E-02 +1.039E-02 +1.053E-02 
-0.00725000 +1.246E-02 +1.230E-02 +1.217E-02 +1.206E-02 +1.196E-02 +1.189E-02 +1.182E-02 +1.177E-02 +1.173E-02 +1.169E-02 +1.166E-02 +1.164E-02 +1.162E-02 +1.160E-02 +1.159E-02 +1.158E-02 +1.157E-02 +1.157E-02 +1.156E-02 +1.156E-02 +1.156E-02 +1.156E-02 +1.155E-02 +1.155E-02 +1.155E-02 +1.156E-02 +1.156E-02 +1.156E-02 +1.156E-02 +1.156E-02 +1.156E-02 +1.156E-02 +1.156E-02 +1.157E-02 +1.157E-02 +1.157E-02 +1.157E-02 +1.157E-02 +1.157E-02 +1.156E-02 +1.152E-02 +1.156E-02 +1.157E-02 +1.157E-02 +1.157E-02 +1.157E-02 +1.157E-02 +1.157E-02 +1.156E-02 +1.156E-02 +1.156E-02 +1.156E-02 +1.156E-02 +1.156E-02 +1.156E-02 +1.156E-02 +1.155E-02 +1.155E-02 +1.155E-02 +1.156E-02 +1.156E-02 +1.156E-02 +1.156E-02 +1.157E-02 +1.157E-02 +1.158E-02 +1.159E-02 +1.160E-02 +1.162E-02 +1.164E-02 +1.166E-02 +1.169E-02 +1.173E-02 +1.177E-02 +1.182E-02 +1.189E-02 +1.196E-02 +1.206E-02 +1.217E-02 +1.230E-02 +1.246E-02 
