# EPU80_CP KICKMAP 
# Author: Ximenes R. Resende @ LNLS, Date: 31-Jul-2015 21:39:33
# ID Length [m]
3.6000
# Number of Horizontal Points
81 
# Number of Vertical Points
17 
# Horizontal KickTable in T2m2
START
            -0.01200000 -0.01170000 -0.01140000 -0.01110000 -0.01080000 -0.01050000 -0.01020000 -0.00990000 -0.00960000 -0.00930000 -0.00900000 -0.00870000 -0.00840000 -0.00810000 -0.00780000 -0.00750000 -0.00720000 -0.00690000 -0.00660000 -0.00630000 -0.00600000 -0.00570000 -0.00540000 -0.00510000 -0.00480000 -0.00450000 -0.00420000 -0.00390000 -0.00360000 -0.00330000 -0.00300000 -0.00270000 -0.00240000 -0.00210000 -0.00180000 -0.00150000 -0.00120000 -0.00090000 -0.00060000 -0.00030000 +0.00000000 +0.00030000 +0.00060000 +0.00090000 +0.00120000 +0.00150000 +0.00180000 +0.00210000 +0.00240000 +0.00270000 +0.00300000 +0.00330000 +0.00360000 +0.00390000 +0.00420000 +0.00450000 +0.00480000 +0.00510000 +0.00540000 +0.00570000 +0.00600000 +0.00630000 +0.00660000 +0.00690000 +0.00720000 +0.00750000 +0.00780000 +0.00810000 +0.00840000 +0.00870000 +0.00900000 +0.00930000 +0.00960000 +0.00990000 +0.01020000 +0.01050000 +0.01080000 +0.01110000 +0.01140000 +0.01170000 +0.01200000 
+0.00450000 -1.296E-02 -1.353E-02 -1.420E-02 -1.491E-02 -1.564E-02 -1.642E-02 -1.724E-02 -1.809E-02 -1.900E-02 -1.995E-02 -2.095E-02 -2.200E-02 -2.311E-02 -2.428E-02 -2.552E-02 -2.683E-02 -2.821E-02 -2.968E-02 -3.125E-02 -3.291E-02 -3.469E-02 -3.658E-02 -3.862E-02 -4.081E-02 -4.317E-02 -4.573E-02 -4.849E-02 -5.149E-02 -5.474E-02 -5.825E-02 -6.201E-02 -6.597E-02 -7.000E-02 -7.384E-02 -7.695E-02 -7.842E-02 -7.667E-02 -6.948E-02 -5.437E-02 -3.034E-02 +0.000E+00 +3.034E-02 +5.437E-02 +6.948E-02 +7.667E-02 +7.842E-02 +7.695E-02 +7.384E-02 +7.000E-02 +6.597E-02 +6.201E-02 +5.825E-02 +5.474E-02 +5.149E-02 +4.849E-02 +4.573E-02 +4.317E-02 +4.081E-02 +3.862E-02 +3.658E-02 +3.469E-02 +3.291E-02 +3.125E-02 +2.968E-02 +2.821E-02 +2.683E-02 +2.552E-02 +2.428E-02 +2.311E-02 +2.200E-02 +2.095E-02 +1.995E-02 +1.900E-02 +1.809E-02 +1.724E-02 +1.642E-02 +1.564E-02 +1.491E-02 +1.420E-02 +1.353E-02 +1.296E-02 
+0.00393750 -1.283E-02 -1.340E-02 -1.406E-02 -1.475E-02 -1.547E-02 -1.623E-02 -1.702E-02 -1.785E-02 -1.872E-02 -1.963E-02 -2.059E-02 -2.159E-02 -2.264E-02 -2.374E-02 -2.489E-02 -2.610E-02 -2.737E-02 -2.869E-02 -3.008E-02 -3.154E-02 -3.307E-02 -3.467E-02 -3.634E-02 -3.809E-02 -3.992E-02 -4.182E-02 -4.379E-02 -4.580E-02 -4.783E-02 -4.984E-02 -5.173E-02 -5.339E-02 -5.463E-02 -5.515E-02 -5.456E-02 -5.229E-02 -4.770E-02 -4.017E-02 -2.935E-02 -1.558E-02 +0.000E+00 +1.558E-02 +2.935E-02 +4.017E-02 +4.770E-02 +5.229E-02 +5.456E-02 +5.515E-02 +5.463E-02 +5.339E-02 +5.173E-02 +4.984E-02 +4.783E-02 +4.580E-02 +4.379E-02 +4.182E-02 +3.992E-02 +3.809E-02 +3.634E-02 +3.467E-02 +3.307E-02 +3.154E-02 +3.008E-02 +2.869E-02 +2.737E-02 +2.610E-02 +2.489E-02 +2.374E-02 +2.264E-02 +2.159E-02 +2.059E-02 +1.963E-02 +1.872E-02 +1.785E-02 +1.702E-02 +1.623E-02 +1.547E-02 +1.475E-02 +1.406E-02 +1.340E-02 +1.283E-02 
+0.00337500 -1.273E-02 -1.329E-02 -1.394E-02 -1.461E-02 -1.532E-02 -1.606E-02 -1.684E-02 -1.764E-02 -1.849E-02 -1.937E-02 -2.029E-02 -2.124E-02 -2.224E-02 -2.327E-02 -2.435E-02 -2.546E-02 -2.662E-02 -2.782E-02 -2.905E-02 -3.032E-02 -3.163E-02 -3.296E-02 -3.432E-02 -3.569E-02 -3.707E-02 -3.842E-02 -3.974E-02 -4.098E-02 -4.210E-02 -4.303E-02 -4.368E-02 -4.394E-02 -4.364E-02 -4.261E-02 -4.059E-02 -3.736E-02 -3.269E-02 -2.645E-02 -1.869E-02 -9.694E-03 +0.000E+00 +9.694E-03 +1.869E-02 +2.645E-02 +3.269E-02 +3.736E-02 +4.059E-02 +4.261E-02 +4.364E-02 +4.394E-02 +4.368E-02 +4.303E-02 +4.210E-02 +4.098E-02 +3.974E-02 +3.842E-02 +3.707E-02 +3.569E-02 +3.432E-02 +3.296E-02 +3.163E-02 +3.032E-02 +2.905E-02 +2.782E-02 +2.662E-02 +2.546E-02 +2.435E-02 +2.327E-02 +2.224E-02 +2.124E-02 +2.029E-02 +1.937E-02 +1.849E-02 +1.764E-02 +1.684E-02 +1.606E-02 +1.532E-02 +1.461E-02 +1.394E-02 +1.329E-02 +1.273E-02 
+0.00281250 -1.265E-02 -1.320E-02 -1.384E-02 -1.451E-02 -1.520E-02 -1.593E-02 -1.669E-02 -1.748E-02 -1.830E-02 -1.915E-02 -2.003E-02 -2.095E-02 -2.190E-02 -2.288E-02 -2.389E-02 -2.492E-02 -2.598E-02 -2.707E-02 -2.817E-02 -2.928E-02 -3.040E-02 -3.152E-02 -3.261E-02 -3.367E-02 -3.469E-02 -3.562E-02 -3.645E-02 -3.712E-02 -3.761E-02 -3.783E-02 -3.772E-02 -3.718E-02 -3.612E-02 -3.442E-02 -3.196E-02 -2.866E-02 -2.445E-02 -1.934E-02 -1.342E-02 -6.876E-03 +0.000E+00 +6.876E-03 +1.342E-02 +1.934E-02 +2.445E-02 +2.866E-02 +3.196E-02 +3.442E-02 +3.612E-02 +3.718E-02 +3.772E-02 +3.783E-02 +3.761E-02 +3.712E-02 +3.645E-02 +3.562E-02 +3.469E-02 +3.367E-02 +3.261E-02 +3.152E-02 +3.040E-02 +2.928E-02 +2.817E-02 +2.707E-02 +2.598E-02 +2.492E-02 +2.389E-02 +2.288E-02 +2.190E-02 +2.095E-02 +2.003E-02 +1.915E-02 +1.830E-02 +1.748E-02 +1.669E-02 +1.593E-02 +1.520E-02 +1.451E-02 +1.384E-02 +1.320E-02 +1.265E-02 
+0.00225000 -1.259E-02 -1.313E-02 -1.377E-02 -1.443E-02 -1.511E-02 -1.583E-02 -1.657E-02 -1.734E-02 -1.814E-02 -1.897E-02 -1.983E-02 -2.071E-02 -2.162E-02 -2.256E-02 -2.351E-02 -2.448E-02 -2.547E-02 -2.646E-02 -2.745E-02 -2.844E-02 -2.941E-02 -3.034E-02 -3.123E-02 -3.206E-02 -3.280E-02 -3.342E-02 -3.389E-02 -3.418E-02 -3.424E-02 -3.402E-02 -3.346E-02 -3.249E-02 -3.107E-02 -2.911E-02 -2.658E-02 -2.344E-02 -1.969E-02 -1.536E-02 -1.055E-02 -5.368E-03 +0.000E+00 +5.368E-03 +1.055E-02 +1.536E-02 +1.969E-02 +2.344E-02 +2.658E-02 +2.911E-02 +3.107E-02 +3.249E-02 +3.346E-02 +3.402E-02 +3.424E-02 +3.418E-02 +3.389E-02 +3.342E-02 +3.280E-02 +3.206E-02 +3.123E-02 +3.034E-02 +2.941E-02 +2.844E-02 +2.745E-02 +2.646E-02 +2.547E-02 +2.448E-02 +2.351E-02 +2.256E-02 +2.162E-02 +2.071E-02 +1.983E-02 +1.897E-02 +1.814E-02 +1.734E-02 +1.657E-02 +1.583E-02 +1.511E-02 +1.443E-02 +1.377E-02 +1.313E-02 +1.259E-02 
+0.00168750 -1.254E-02 -1.308E-02 -1.371E-02 -1.436E-02 -1.504E-02 -1.575E-02 -1.648E-02 -1.724E-02 -1.803E-02 -1.884E-02 -1.968E-02 -2.054E-02 -2.141E-02 -2.231E-02 -2.322E-02 -2.414E-02 -2.507E-02 -2.599E-02 -2.690E-02 -2.779E-02 -2.864E-02 -2.944E-02 -3.018E-02 -3.083E-02 -3.138E-02 -3.178E-02 -3.201E-02 -3.205E-02 -3.184E-02 -3.135E-02 -3.053E-02 -2.934E-02 -2.775E-02 -2.572E-02 -2.322E-02 -2.026E-02 -1.686E-02 -1.304E-02 -8.898E-03 -4.512E-03 +0.000E+00 +4.512E-03 +8.898E-03 +1.304E-02 +1.686E-02 +2.026E-02 +2.322E-02 +2.572E-02 +2.775E-02 +2.934E-02 +3.053E-02 +3.135E-02 +3.184E-02 +3.205E-02 +3.201E-02 +3.178E-02 +3.138E-02 +3.083E-02 +3.018E-02 +2.944E-02 +2.864E-02 +2.779E-02 +2.690E-02 +2.599E-02 +2.507E-02 +2.414E-02 +2.322E-02 +2.231E-02 +2.141E-02 +2.054E-02 +1.968E-02 +1.884E-02 +1.803E-02 +1.724E-02 +1.648E-02 +1.575E-02 +1.504E-02 +1.436E-02 +1.371E-02 +1.308E-02 +1.254E-02 
+0.00112500 -1.251E-02 -1.305E-02 -1.367E-02 -1.432E-02 -1.500E-02 -1.570E-02 -1.642E-02 -1.717E-02 -1.795E-02 -1.875E-02 -1.957E-02 -2.041E-02 -2.127E-02 -2.214E-02 -2.302E-02 -2.390E-02 -2.479E-02 -2.566E-02 -2.651E-02 -2.733E-02 -2.810E-02 -2.882E-02 -2.945E-02 -2.998E-02 -3.040E-02 -3.066E-02 -3.074E-02 -3.061E-02 -3.024E-02 -2.959E-02 -2.863E-02 -2.733E-02 -2.567E-02 -2.362E-02 -2.118E-02 -1.837E-02 -1.519E-02 -1.170E-02 -7.950E-03 -4.022E-03 +0.000E+00 +4.022E-03 +7.950E-03 +1.170E-02 +1.519E-02 +1.837E-02 +2.118E-02 +2.362E-02 +2.567E-02 +2.733E-02 +2.863E-02 +2.959E-02 +3.024E-02 +3.061E-02 +3.074E-02 +3.066E-02 +3.040E-02 +2.998E-02 +2.945E-02 +2.882E-02 +2.810E-02 +2.733E-02 +2.651E-02 +2.566E-02 +2.479E-02 +2.390E-02 +2.302E-02 +2.214E-02 +2.127E-02 +2.041E-02 +1.957E-02 +1.875E-02 +1.795E-02 +1.717E-02 +1.642E-02 +1.570E-02 +1.500E-02 +1.432E-02 +1.367E-02 +1.305E-02 +1.251E-02 
+0.00056250 -1.249E-02 -1.303E-02 -1.365E-02 -1.430E-02 -1.497E-02 -1.567E-02 -1.639E-02 -1.713E-02 -1.790E-02 -1.869E-02 -1.951E-02 -2.034E-02 -2.118E-02 -2.204E-02 -2.290E-02 -2.376E-02 -2.462E-02 -2.546E-02 -2.628E-02 -2.706E-02 -2.778E-02 -2.844E-02 -2.902E-02 -2.948E-02 -2.982E-02 -3.000E-02 -3.000E-02 -2.979E-02 -2.933E-02 -2.860E-02 -2.757E-02 -2.622E-02 -2.453E-02 -2.248E-02 -2.009E-02 -1.736E-02 -1.431E-02 -1.099E-02 -7.456E-03 -3.768E-03 +0.000E+00 +3.768E-03 +7.456E-03 +1.099E-02 +1.431E-02 +1.736E-02 +2.009E-02 +2.248E-02 +2.453E-02 +2.622E-02 +2.757E-02 +2.860E-02 +2.933E-02 +2.979E-02 +3.000E-02 +3.000E-02 +2.982E-02 +2.948E-02 +2.902E-02 +2.844E-02 +2.778E-02 +2.706E-02 +2.628E-02 +2.546E-02 +2.462E-02 +2.376E-02 +2.290E-02 +2.204E-02 +2.118E-02 +2.034E-02 +1.951E-02 +1.869E-02 +1.790E-02 +1.713E-02 +1.639E-02 +1.567E-02 +1.497E-02 +1.430E-02 +1.365E-02 +1.303E-02 +1.249E-02 
+0.00000000 -1.249E-02 -1.302E-02 -1.364E-02 -1.429E-02 -1.496E-02 -1.566E-02 -1.638E-02 -1.712E-02 -1.789E-02 -1.868E-02 -1.948E-02 -2.031E-02 -2.115E-02 -2.200E-02 -2.286E-02 -2.372E-02 -2.456E-02 -2.539E-02 -2.620E-02 -2.696E-02 -2.768E-02 -2.832E-02 -2.887E-02 -2.932E-02 -2.963E-02 -2.979E-02 -2.976E-02 -2.952E-02 -2.903E-02 -2.828E-02 -2.723E-02 -2.586E-02 -2.416E-02 -2.212E-02 -1.974E-02 -1.704E-02 -1.403E-02 -1.077E-02 -7.303E-03 -3.688E-03 +0.000E+00 +3.688E-03 +7.303E-03 +1.077E-02 +1.403E-02 +1.704E-02 +1.974E-02 +2.212E-02 +2.416E-02 +2.586E-02 +2.723E-02 +2.828E-02 +2.903E-02 +2.952E-02 +2.976E-02 +2.979E-02 +2.963E-02 +2.932E-02 +2.887E-02 +2.832E-02 +2.768E-02 +2.696E-02 +2.620E-02 +2.539E-02 +2.456E-02 +2.372E-02 +2.286E-02 +2.200E-02 +2.115E-02 +2.031E-02 +1.948E-02 +1.868E-02 +1.789E-02 +1.712E-02 +1.638E-02 +1.566E-02 +1.496E-02 +1.429E-02 +1.364E-02 +1.302E-02 +1.249E-02 
-0.00056250 -1.249E-02 -1.303E-02 -1.365E-02 -1.430E-02 -1.497E-02 -1.567E-02 -1.639E-02 -1.713E-02 -1.790E-02 -1.869E-02 -1.951E-02 -2.034E-02 -2.118E-02 -2.204E-02 -2.290E-02 -2.376E-02 -2.462E-02 -2.546E-02 -2.628E-02 -2.706E-02 -2.778E-02 -2.844E-02 -2.902E-02 -2.948E-02 -2.982E-02 -3.000E-02 -3.000E-02 -2.979E-02 -2.933E-02 -2.860E-02 -2.757E-02 -2.622E-02 -2.453E-02 -2.248E-02 -2.009E-02 -1.736E-02 -1.431E-02 -1.099E-02 -7.456E-03 -3.768E-03 +0.000E+00 +3.768E-03 +7.456E-03 +1.099E-02 +1.431E-02 +1.736E-02 +2.009E-02 +2.248E-02 +2.453E-02 +2.622E-02 +2.757E-02 +2.860E-02 +2.933E-02 +2.979E-02 +3.000E-02 +3.000E-02 +2.982E-02 +2.948E-02 +2.902E-02 +2.844E-02 +2.778E-02 +2.706E-02 +2.628E-02 +2.546E-02 +2.462E-02 +2.376E-02 +2.290E-02 +2.204E-02 +2.118E-02 +2.034E-02 +1.951E-02 +1.869E-02 +1.790E-02 +1.713E-02 +1.639E-02 +1.567E-02 +1.497E-02 +1.430E-02 +1.365E-02 +1.303E-02 +1.249E-02 
-0.00112500 -1.251E-02 -1.305E-02 -1.367E-02 -1.432E-02 -1.500E-02 -1.570E-02 -1.642E-02 -1.717E-02 -1.795E-02 -1.875E-02 -1.957E-02 -2.041E-02 -2.127E-02 -2.214E-02 -2.302E-02 -2.390E-02 -2.479E-02 -2.566E-02 -2.651E-02 -2.733E-02 -2.810E-02 -2.882E-02 -2.945E-02 -2.998E-02 -3.040E-02 -3.066E-02 -3.074E-02 -3.061E-02 -3.024E-02 -2.959E-02 -2.863E-02 -2.733E-02 -2.567E-02 -2.362E-02 -2.118E-02 -1.837E-02 -1.519E-02 -1.170E-02 -7.950E-03 -4.022E-03 +0.000E+00 +4.022E-03 +7.950E-03 +1.170E-02 +1.519E-02 +1.837E-02 +2.118E-02 +2.362E-02 +2.567E-02 +2.733E-02 +2.863E-02 +2.959E-02 +3.024E-02 +3.061E-02 +3.074E-02 +3.066E-02 +3.040E-02 +2.998E-02 +2.945E-02 +2.882E-02 +2.810E-02 +2.733E-02 +2.651E-02 +2.566E-02 +2.479E-02 +2.390E-02 +2.302E-02 +2.214E-02 +2.127E-02 +2.041E-02 +1.957E-02 +1.875E-02 +1.795E-02 +1.717E-02 +1.642E-02 +1.570E-02 +1.500E-02 +1.432E-02 +1.367E-02 +1.305E-02 +1.251E-02 
-0.00168750 -1.254E-02 -1.308E-02 -1.371E-02 -1.436E-02 -1.504E-02 -1.575E-02 -1.648E-02 -1.724E-02 -1.803E-02 -1.884E-02 -1.968E-02 -2.054E-02 -2.141E-02 -2.231E-02 -2.322E-02 -2.414E-02 -2.507E-02 -2.599E-02 -2.690E-02 -2.779E-02 -2.864E-02 -2.944E-02 -3.018E-02 -3.083E-02 -3.138E-02 -3.178E-02 -3.201E-02 -3.205E-02 -3.184E-02 -3.135E-02 -3.053E-02 -2.934E-02 -2.775E-02 -2.572E-02 -2.322E-02 -2.026E-02 -1.686E-02 -1.304E-02 -8.898E-03 -4.512E-03 +0.000E+00 +4.512E-03 +8.898E-03 +1.304E-02 +1.686E-02 +2.026E-02 +2.322E-02 +2.572E-02 +2.775E-02 +2.934E-02 +3.053E-02 +3.135E-02 +3.184E-02 +3.205E-02 +3.201E-02 +3.178E-02 +3.138E-02 +3.083E-02 +3.018E-02 +2.944E-02 +2.864E-02 +2.779E-02 +2.690E-02 +2.599E-02 +2.507E-02 +2.414E-02 +2.322E-02 +2.231E-02 +2.141E-02 +2.054E-02 +1.968E-02 +1.884E-02 +1.803E-02 +1.724E-02 +1.648E-02 +1.575E-02 +1.504E-02 +1.436E-02 +1.371E-02 +1.308E-02 +1.254E-02 
-0.00225000 -1.259E-02 -1.313E-02 -1.377E-02 -1.443E-02 -1.511E-02 -1.583E-02 -1.657E-02 -1.734E-02 -1.814E-02 -1.897E-02 -1.983E-02 -2.071E-02 -2.162E-02 -2.256E-02 -2.351E-02 -2.448E-02 -2.547E-02 -2.646E-02 -2.745E-02 -2.844E-02 -2.941E-02 -3.034E-02 -3.123E-02 -3.206E-02 -3.280E-02 -3.342E-02 -3.389E-02 -3.418E-02 -3.424E-02 -3.402E-02 -3.346E-02 -3.249E-02 -3.107E-02 -2.911E-02 -2.658E-02 -2.344E-02 -1.969E-02 -1.536E-02 -1.055E-02 -5.368E-03 +0.000E+00 +5.368E-03 +1.055E-02 +1.536E-02 +1.969E-02 +2.344E-02 +2.658E-02 +2.911E-02 +3.107E-02 +3.249E-02 +3.346E-02 +3.402E-02 +3.424E-02 +3.418E-02 +3.389E-02 +3.342E-02 +3.280E-02 +3.206E-02 +3.123E-02 +3.034E-02 +2.941E-02 +2.844E-02 +2.745E-02 +2.646E-02 +2.547E-02 +2.448E-02 +2.351E-02 +2.256E-02 +2.162E-02 +2.071E-02 +1.983E-02 +1.897E-02 +1.814E-02 +1.734E-02 +1.657E-02 +1.583E-02 +1.511E-02 +1.443E-02 +1.377E-02 +1.313E-02 +1.259E-02 
-0.00281250 -1.265E-02 -1.320E-02 -1.384E-02 -1.451E-02 -1.520E-02 -1.593E-02 -1.669E-02 -1.748E-02 -1.830E-02 -1.915E-02 -2.003E-02 -2.095E-02 -2.190E-02 -2.288E-02 -2.389E-02 -2.492E-02 -2.598E-02 -2.707E-02 -2.817E-02 -2.928E-02 -3.040E-02 -3.152E-02 -3.261E-02 -3.367E-02 -3.469E-02 -3.562E-02 -3.645E-02 -3.712E-02 -3.761E-02 -3.783E-02 -3.772E-02 -3.718E-02 -3.612E-02 -3.442E-02 -3.196E-02 -2.866E-02 -2.445E-02 -1.934E-02 -1.342E-02 -6.876E-03 +0.000E+00 +6.876E-03 +1.342E-02 +1.934E-02 +2.445E-02 +2.866E-02 +3.196E-02 +3.442E-02 +3.612E-02 +3.718E-02 +3.772E-02 +3.783E-02 +3.761E-02 +3.712E-02 +3.645E-02 +3.562E-02 +3.469E-02 +3.367E-02 +3.261E-02 +3.152E-02 +3.040E-02 +2.928E-02 +2.817E-02 +2.707E-02 +2.598E-02 +2.492E-02 +2.389E-02 +2.288E-02 +2.190E-02 +2.095E-02 +2.003E-02 +1.915E-02 +1.830E-02 +1.748E-02 +1.669E-02 +1.593E-02 +1.520E-02 +1.451E-02 +1.384E-02 +1.320E-02 +1.265E-02 
-0.00337500 -1.273E-02 -1.329E-02 -1.394E-02 -1.461E-02 -1.532E-02 -1.606E-02 -1.684E-02 -1.764E-02 -1.849E-02 -1.937E-02 -2.029E-02 -2.124E-02 -2.224E-02 -2.327E-02 -2.435E-02 -2.546E-02 -2.662E-02 -2.782E-02 -2.905E-02 -3.032E-02 -3.163E-02 -3.296E-02 -3.432E-02 -3.569E-02 -3.707E-02 -3.842E-02 -3.974E-02 -4.098E-02 -4.210E-02 -4.303E-02 -4.368E-02 -4.394E-02 -4.364E-02 -4.261E-02 -4.059E-02 -3.736E-02 -3.269E-02 -2.645E-02 -1.869E-02 -9.694E-03 +0.000E+00 +9.694E-03 +1.869E-02 +2.645E-02 +3.269E-02 +3.736E-02 +4.059E-02 +4.261E-02 +4.364E-02 +4.394E-02 +4.368E-02 +4.303E-02 +4.210E-02 +4.098E-02 +3.974E-02 +3.842E-02 +3.707E-02 +3.569E-02 +3.432E-02 +3.296E-02 +3.163E-02 +3.032E-02 +2.905E-02 +2.782E-02 +2.662E-02 +2.546E-02 +2.435E-02 +2.327E-02 +2.224E-02 +2.124E-02 +2.029E-02 +1.937E-02 +1.849E-02 +1.764E-02 +1.684E-02 +1.606E-02 +1.532E-02 +1.461E-02 +1.394E-02 +1.329E-02 +1.273E-02 
-0.00393750 -1.283E-02 -1.340E-02 -1.406E-02 -1.475E-02 -1.547E-02 -1.623E-02 -1.702E-02 -1.785E-02 -1.872E-02 -1.963E-02 -2.059E-02 -2.159E-02 -2.264E-02 -2.374E-02 -2.489E-02 -2.610E-02 -2.737E-02 -2.869E-02 -3.008E-02 -3.154E-02 -3.307E-02 -3.467E-02 -3.634E-02 -3.809E-02 -3.992E-02 -4.182E-02 -4.379E-02 -4.580E-02 -4.783E-02 -4.984E-02 -5.173E-02 -5.339E-02 -5.463E-02 -5.515E-02 -5.456E-02 -5.229E-02 -4.770E-02 -4.017E-02 -2.935E-02 -1.558E-02 +0.000E+00 +1.558E-02 +2.935E-02 +4.017E-02 +4.770E-02 +5.229E-02 +5.456E-02 +5.515E-02 +5.463E-02 +5.339E-02 +5.173E-02 +4.984E-02 +4.783E-02 +4.580E-02 +4.379E-02 +4.182E-02 +3.992E-02 +3.809E-02 +3.634E-02 +3.467E-02 +3.307E-02 +3.154E-02 +3.008E-02 +2.869E-02 +2.737E-02 +2.610E-02 +2.489E-02 +2.374E-02 +2.264E-02 +2.159E-02 +2.059E-02 +1.963E-02 +1.872E-02 +1.785E-02 +1.702E-02 +1.623E-02 +1.547E-02 +1.475E-02 +1.406E-02 +1.340E-02 +1.283E-02 
-0.00450000 -1.296E-02 -1.353E-02 -1.420E-02 -1.491E-02 -1.564E-02 -1.642E-02 -1.724E-02 -1.809E-02 -1.900E-02 -1.995E-02 -2.095E-02 -2.200E-02 -2.311E-02 -2.428E-02 -2.552E-02 -2.683E-02 -2.821E-02 -2.968E-02 -3.125E-02 -3.291E-02 -3.469E-02 -3.658E-02 -3.862E-02 -4.081E-02 -4.317E-02 -4.573E-02 -4.849E-02 -5.149E-02 -5.474E-02 -5.825E-02 -6.201E-02 -6.597E-02 -7.000E-02 -7.384E-02 -7.695E-02 -7.842E-02 -7.667E-02 -6.948E-02 -5.437E-02 -3.034E-02 +0.000E+00 +3.034E-02 +5.437E-02 +6.948E-02 +7.667E-02 +7.842E-02 +7.695E-02 +7.384E-02 +7.000E-02 +6.597E-02 +6.201E-02 +5.825E-02 +5.474E-02 +5.149E-02 +4.849E-02 +4.573E-02 +4.317E-02 +4.081E-02 +3.862E-02 +3.658E-02 +3.469E-02 +3.291E-02 +3.125E-02 +2.968E-02 +2.821E-02 +2.683E-02 +2.552E-02 +2.428E-02 +2.311E-02 +2.200E-02 +2.095E-02 +1.995E-02 +1.900E-02 +1.809E-02 +1.724E-02 +1.642E-02 +1.564E-02 +1.491E-02 +1.420E-02 +1.353E-02 +1.296E-02 
# Vertical KickTable in T2m2
START
            -0.01200000 -0.01170000 -0.01140000 -0.01110000 -0.01080000 -0.01050000 -0.01020000 -0.00990000 -0.00960000 -0.00930000 -0.00900000 -0.00870000 -0.00840000 -0.00810000 -0.00780000 -0.00750000 -0.00720000 -0.00690000 -0.00660000 -0.00630000 -0.00600000 -0.00570000 -0.00540000 -0.00510000 -0.00480000 -0.00450000 -0.00420000 -0.00390000 -0.00360000 -0.00330000 -0.00300000 -0.00270000 -0.00240000 -0.00210000 -0.00180000 -0.00150000 -0.00120000 -0.00090000 -0.00060000 -0.00030000 +0.00000000 +0.00030000 +0.00060000 +0.00090000 +0.00120000 +0.00150000 +0.00180000 +0.00210000 +0.00240000 +0.00270000 +0.00300000 +0.00330000 +0.00360000 +0.00390000 +0.00420000 +0.00450000 +0.00480000 +0.00510000 +0.00540000 +0.00570000 +0.00600000 +0.00630000 +0.00660000 +0.00690000 +0.00720000 +0.00750000 +0.00780000 +0.00810000 +0.00840000 +0.00870000 +0.00900000 +0.00930000 +0.00960000 +0.00990000 +0.01020000 +0.01050000 +0.01080000 +0.01110000 +0.01140000 +0.01170000 +0.01200000 
+0.00450000 -4.027E-02 -4.034E-02 -4.042E-02 -4.051E-02 -4.061E-02 -4.071E-02 -4.083E-02 -4.096E-02 -4.111E-02 -4.128E-02 -4.146E-02 -4.168E-02 -4.192E-02 -4.221E-02 -4.253E-02 -4.291E-02 -4.334E-02 -4.385E-02 -4.445E-02 -4.515E-02 -4.597E-02 -4.695E-02 -4.810E-02 -4.948E-02 -5.113E-02 -5.312E-02 -5.551E-02 -5.842E-02 -6.197E-02 -6.632E-02 -7.170E-02 -7.836E-02 -8.666E-02 -9.700E-02 -1.098E-01 -1.254E-01 -1.437E-01 -1.638E-01 -1.832E-01 -1.978E-01 -2.034E-01 -1.978E-01 -1.832E-01 -1.638E-01 -1.437E-01 -1.254E-01 -1.098E-01 -9.700E-02 -8.666E-02 -7.836E-02 -7.170E-02 -6.632E-02 -6.197E-02 -5.842E-02 -5.551E-02 -5.312E-02 -5.113E-02 -4.948E-02 -4.810E-02 -4.695E-02 -4.597E-02 -4.515E-02 -4.445E-02 -4.385E-02 -4.334E-02 -4.291E-02 -4.253E-02 -4.221E-02 -4.192E-02 -4.168E-02 -4.146E-02 -4.128E-02 -4.111E-02 -4.096E-02 -4.083E-02 -4.071E-02 -4.061E-02 -4.051E-02 -4.042E-02 -4.034E-02 -4.027E-02 
+0.00393750 -3.434E-02 -3.440E-02 -3.446E-02 -3.454E-02 -3.462E-02 -3.471E-02 -3.481E-02 -3.493E-02 -3.505E-02 -3.520E-02 -3.536E-02 -3.555E-02 -3.577E-02 -3.602E-02 -3.631E-02 -3.665E-02 -3.704E-02 -3.750E-02 -3.805E-02 -3.868E-02 -3.944E-02 -4.033E-02 -4.139E-02 -4.265E-02 -4.414E-02 -4.594E-02 -4.808E-02 -5.065E-02 -5.374E-02 -5.745E-02 -6.191E-02 -6.726E-02 -7.364E-02 -8.120E-02 -9.000E-02 -9.997E-02 -1.108E-01 -1.217E-01 -1.315E-01 -1.384E-01 -1.409E-01 -1.384E-01 -1.315E-01 -1.217E-01 -1.108E-01 -9.997E-02 -9.000E-02 -8.120E-02 -7.364E-02 -6.726E-02 -6.191E-02 -5.745E-02 -5.374E-02 -5.065E-02 -4.808E-02 -4.594E-02 -4.414E-02 -4.265E-02 -4.139E-02 -4.033E-02 -3.944E-02 -3.868E-02 -3.805E-02 -3.750E-02 -3.704E-02 -3.665E-02 -3.631E-02 -3.602E-02 -3.577E-02 -3.555E-02 -3.536E-02 -3.520E-02 -3.505E-02 -3.493E-02 -3.481E-02 -3.471E-02 -3.462E-02 -3.454E-02 -3.446E-02 -3.440E-02 -3.434E-02 
+0.00337500 -2.840E-02 -2.845E-02 -2.850E-02 -2.856E-02 -2.863E-02 -2.870E-02 -2.879E-02 -2.888E-02 -2.899E-02 -2.911E-02 -2.925E-02 -2.941E-02 -2.959E-02 -2.981E-02 -3.006E-02 -3.035E-02 -3.069E-02 -3.109E-02 -3.156E-02 -3.212E-02 -3.277E-02 -3.355E-02 -3.447E-02 -3.556E-02 -3.685E-02 -3.837E-02 -4.018E-02 -4.231E-02 -4.483E-02 -4.778E-02 -5.123E-02 -5.522E-02 -5.979E-02 -6.492E-02 -7.053E-02 -7.643E-02 -8.233E-02 -8.776E-02 -9.219E-02 -9.509E-02 -9.610E-02 -9.509E-02 -9.219E-02 -8.776E-02 -8.233E-02 -7.643E-02 -7.053E-02 -6.492E-02 -5.979E-02 -5.522E-02 -5.123E-02 -4.778E-02 -4.483E-02 -4.231E-02 -4.018E-02 -3.837E-02 -3.685E-02 -3.556E-02 -3.447E-02 -3.355E-02 -3.277E-02 -3.212E-02 -3.156E-02 -3.109E-02 -3.069E-02 -3.035E-02 -3.006E-02 -2.981E-02 -2.959E-02 -2.941E-02 -2.925E-02 -2.911E-02 -2.899E-02 -2.888E-02 -2.879E-02 -2.870E-02 -2.863E-02 -2.856E-02 -2.850E-02 -2.845E-02 -2.840E-02 
+0.00281250 -2.302E-02 -2.306E-02 -2.310E-02 -2.315E-02 -2.321E-02 -2.326E-02 -2.333E-02 -2.341E-02 -2.349E-02 -2.359E-02 -2.370E-02 -2.383E-02 -2.398E-02 -2.416E-02 -2.437E-02 -2.461E-02 -2.489E-02 -2.523E-02 -2.562E-02 -2.609E-02 -2.663E-02 -2.728E-02 -2.804E-02 -2.893E-02 -2.999E-02 -3.122E-02 -3.266E-02 -3.434E-02 -3.628E-02 -3.851E-02 -4.105E-02 -4.389E-02 -4.703E-02 -5.043E-02 -5.398E-02 -5.758E-02 -6.102E-02 -6.409E-02 -6.654E-02 -6.812E-02 -6.868E-02 -6.812E-02 -6.654E-02 -6.409E-02 -6.102E-02 -5.758E-02 -5.398E-02 -5.043E-02 -4.703E-02 -4.389E-02 -4.105E-02 -3.851E-02 -3.628E-02 -3.434E-02 -3.266E-02 -3.122E-02 -2.999E-02 -2.893E-02 -2.804E-02 -2.728E-02 -2.663E-02 -2.609E-02 -2.562E-02 -2.523E-02 -2.489E-02 -2.461E-02 -2.437E-02 -2.416E-02 -2.398E-02 -2.383E-02 -2.370E-02 -2.359E-02 -2.349E-02 -2.341E-02 -2.333E-02 -2.326E-02 -2.321E-02 -2.315E-02 -2.310E-02 -2.306E-02 -2.302E-02 
+0.00225000 -1.802E-02 -1.805E-02 -1.809E-02 -1.812E-02 -1.816E-02 -1.821E-02 -1.826E-02 -1.832E-02 -1.838E-02 -1.846E-02 -1.855E-02 -1.865E-02 -1.877E-02 -1.891E-02 -1.907E-02 -1.926E-02 -1.949E-02 -1.975E-02 -2.007E-02 -2.043E-02 -2.087E-02 -2.138E-02 -2.198E-02 -2.268E-02 -2.349E-02 -2.444E-02 -2.554E-02 -2.680E-02 -2.823E-02 -2.985E-02 -3.164E-02 -3.362E-02 -3.573E-02 -3.796E-02 -4.022E-02 -4.243E-02 -4.449E-02 -4.626E-02 -4.763E-02 -4.850E-02 -4.879E-02 -4.850E-02 -4.763E-02 -4.626E-02 -4.449E-02 -4.243E-02 -4.022E-02 -3.796E-02 -3.573E-02 -3.362E-02 -3.164E-02 -2.985E-02 -2.823E-02 -2.680E-02 -2.554E-02 -2.444E-02 -2.349E-02 -2.268E-02 -2.198E-02 -2.138E-02 -2.087E-02 -2.043E-02 -2.007E-02 -1.975E-02 -1.949E-02 -1.926E-02 -1.907E-02 -1.891E-02 -1.877E-02 -1.865E-02 -1.855E-02 -1.846E-02 -1.838E-02 -1.832E-02 -1.826E-02 -1.821E-02 -1.816E-02 -1.812E-02 -1.809E-02 -1.805E-02 -1.802E-02 
+0.00168750 -1.330E-02 -1.332E-02 -1.334E-02 -1.337E-02 -1.340E-02 -1.343E-02 -1.347E-02 -1.351E-02 -1.356E-02 -1.361E-02 -1.368E-02 -1.375E-02 -1.384E-02 -1.394E-02 -1.406E-02 -1.421E-02 -1.437E-02 -1.457E-02 -1.480E-02 -1.508E-02 -1.540E-02 -1.577E-02 -1.621E-02 -1.672E-02 -1.732E-02 -1.800E-02 -1.878E-02 -1.967E-02 -2.067E-02 -2.178E-02 -2.300E-02 -2.431E-02 -2.569E-02 -2.711E-02 -2.852E-02 -2.988E-02 -3.112E-02 -3.217E-02 -3.298E-02 -3.349E-02 -3.366E-02 -3.349E-02 -3.298E-02 -3.217E-02 -3.112E-02 -2.988E-02 -2.852E-02 -2.711E-02 -2.569E-02 -2.431E-02 -2.300E-02 -2.178E-02 -2.067E-02 -1.967E-02 -1.878E-02 -1.800E-02 -1.732E-02 -1.672E-02 -1.621E-02 -1.577E-02 -1.540E-02 -1.508E-02 -1.480E-02 -1.457E-02 -1.437E-02 -1.421E-02 -1.406E-02 -1.394E-02 -1.384E-02 -1.375E-02 -1.368E-02 -1.361E-02 -1.356E-02 -1.351E-02 -1.347E-02 -1.343E-02 -1.340E-02 -1.337E-02 -1.334E-02 -1.332E-02 -1.330E-02 
+0.00112500 -8.767E-03 -8.780E-03 -8.795E-03 -8.812E-03 -8.831E-03 -8.852E-03 -8.875E-03 -8.902E-03 -8.934E-03 -8.970E-03 -9.012E-03 -9.061E-03 -9.119E-03 -9.186E-03 -9.266E-03 -9.359E-03 -9.469E-03 -9.599E-03 -9.752E-03 -9.932E-03 -1.014E-02 -1.039E-02 -1.068E-02 -1.101E-02 -1.140E-02 -1.184E-02 -1.234E-02 -1.290E-02 -1.353E-02 -1.422E-02 -1.497E-02 -1.577E-02 -1.660E-02 -1.744E-02 -1.827E-02 -1.906E-02 -1.976E-02 -2.036E-02 -2.081E-02 -2.109E-02 -2.119E-02 -2.109E-02 -2.081E-02 -2.036E-02 -1.976E-02 -1.906E-02 -1.827E-02 -1.744E-02 -1.660E-02 -1.577E-02 -1.497E-02 -1.422E-02 -1.353E-02 -1.290E-02 -1.234E-02 -1.184E-02 -1.140E-02 -1.101E-02 -1.068E-02 -1.039E-02 -1.014E-02 -9.932E-03 -9.752E-03 -9.599E-03 -9.469E-03 -9.359E-03 -9.266E-03 -9.186E-03 -9.119E-03 -9.061E-03 -9.012E-03 -8.970E-03 -8.934E-03 -8.902E-03 -8.875E-03 -8.852E-03 -8.831E-03 -8.812E-03 -8.795E-03 -8.780E-03 -8.767E-03 
+0.00056250 -4.354E-03 -4.361E-03 -4.368E-03 -4.376E-03 -4.385E-03 -4.396E-03 -4.407E-03 -4.421E-03 -4.436E-03 -4.454E-03 -4.474E-03 -4.499E-03 -4.527E-03 -4.561E-03 -4.600E-03 -4.646E-03 -4.701E-03 -4.766E-03 -4.842E-03 -4.931E-03 -5.035E-03 -5.157E-03 -5.299E-03 -5.464E-03 -5.652E-03 -5.868E-03 -6.112E-03 -6.386E-03 -6.689E-03 -7.021E-03 -7.377E-03 -7.754E-03 -8.144E-03 -8.536E-03 -8.920E-03 -9.280E-03 -9.603E-03 -9.873E-03 -1.008E-02 -1.020E-02 -1.025E-02 -1.020E-02 -1.008E-02 -9.873E-03 -9.603E-03 -9.280E-03 -8.920E-03 -8.536E-03 -8.144E-03 -7.754E-03 -7.377E-03 -7.021E-03 -6.689E-03 -6.386E-03 -6.112E-03 -5.868E-03 -5.652E-03 -5.464E-03 -5.299E-03 -5.157E-03 -5.035E-03 -4.931E-03 -4.842E-03 -4.766E-03 -4.701E-03 -4.646E-03 -4.600E-03 -4.561E-03 -4.527E-03 -4.499E-03 -4.474E-03 -4.454E-03 -4.436E-03 -4.421E-03 -4.407E-03 -4.396E-03 -4.385E-03 -4.376E-03 -4.368E-03 -4.361E-03 -4.354E-03 
+0.00000000 +0.000E+00 +0.000E+00 +0.000E+00 +0.000E+00 +0.000E+00 +0.000E+00 +0.000E+00 +0.000E+00 +0.000E+00 +0.000E+00 +0.000E+00 +0.000E+00 +0.000E+00 +0.000E+00 +0.000E+00 +0.000E+00 +0.000E+00 +0.000E+00 +0.000E+00 +0.000E+00 +0.000E+00 +0.000E+00 +0.000E+00 +0.000E+00 +0.000E+00 +0.000E+00 +0.000E+00 +0.000E+00 +0.000E+00 +0.000E+00 +0.000E+00 +0.000E+00 +0.000E+00 +0.000E+00 +0.000E+00 +0.000E+00 +0.000E+00 +0.000E+00 +0.000E+00 +0.000E+00 +0.000E+00 +0.000E+00 +0.000E+00 +0.000E+00 +0.000E+00 +0.000E+00 +0.000E+00 +0.000E+00 +0.000E+00 +0.000E+00 +0.000E+00 +0.000E+00 +0.000E+00 +0.000E+00 +0.000E+00 +0.000E+00 +0.000E+00 +0.000E+00 +0.000E+00 +0.000E+00 +0.000E+00 +0.000E+00 +0.000E+00 +0.000E+00 +0.000E+00 +0.000E+00 +0.000E+00 +0.000E+00 +0.000E+00 +0.000E+00 +0.000E+00 +0.000E+00 +0.000E+00 +0.000E+00 +0.000E+00 +0.000E+00 +0.000E+00 +0.000E+00 +0.000E+00 +0.000E+00 +0.000E+00 
-0.00056250 +4.354E-03 +4.361E-03 +4.368E-03 +4.376E-03 +4.385E-03 +4.396E-03 +4.407E-03 +4.421E-03 +4.436E-03 +4.454E-03 +4.474E-03 +4.499E-03 +4.527E-03 +4.561E-03 +4.600E-03 +4.646E-03 +4.701E-03 +4.766E-03 +4.842E-03 +4.931E-03 +5.035E-03 +5.157E-03 +5.299E-03 +5.464E-03 +5.652E-03 +5.868E-03 +6.112E-03 +6.386E-03 +6.689E-03 +7.021E-03 +7.377E-03 +7.754E-03 +8.144E-03 +8.536E-03 +8.920E-03 +9.280E-03 +9.603E-03 +9.873E-03 +1.008E-02 +1.020E-02 +1.025E-02 +1.020E-02 +1.008E-02 +9.873E-03 +9.603E-03 +9.280E-03 +8.920E-03 +8.536E-03 +8.144E-03 +7.754E-03 +7.377E-03 +7.021E-03 +6.689E-03 +6.386E-03 +6.112E-03 +5.868E-03 +5.652E-03 +5.464E-03 +5.299E-03 +5.157E-03 +5.035E-03 +4.931E-03 +4.842E-03 +4.766E-03 +4.701E-03 +4.646E-03 +4.600E-03 +4.561E-03 +4.527E-03 +4.499E-03 +4.474E-03 +4.454E-03 +4.436E-03 +4.421E-03 +4.407E-03 +4.396E-03 +4.385E-03 +4.376E-03 +4.368E-03 +4.361E-03 +4.354E-03 
-0.00112500 +8.767E-03 +8.780E-03 +8.795E-03 +8.812E-03 +8.831E-03 +8.852E-03 +8.875E-03 +8.902E-03 +8.934E-03 +8.970E-03 +9.012E-03 +9.061E-03 +9.119E-03 +9.186E-03 +9.266E-03 +9.359E-03 +9.469E-03 +9.599E-03 +9.752E-03 +9.932E-03 +1.014E-02 +1.039E-02 +1.068E-02 +1.101E-02 +1.140E-02 +1.184E-02 +1.234E-02 +1.290E-02 +1.353E-02 +1.422E-02 +1.497E-02 +1.577E-02 +1.660E-02 +1.744E-02 +1.827E-02 +1.906E-02 +1.976E-02 +2.036E-02 +2.081E-02 +2.109E-02 +2.119E-02 +2.109E-02 +2.081E-02 +2.036E-02 +1.976E-02 +1.906E-02 +1.827E-02 +1.744E-02 +1.660E-02 +1.577E-02 +1.497E-02 +1.422E-02 +1.353E-02 +1.290E-02 +1.234E-02 +1.184E-02 +1.140E-02 +1.101E-02 +1.068E-02 +1.039E-02 +1.014E-02 +9.932E-03 +9.752E-03 +9.599E-03 +9.469E-03 +9.359E-03 +9.266E-03 +9.186E-03 +9.119E-03 +9.061E-03 +9.012E-03 +8.970E-03 +8.934E-03 +8.902E-03 +8.875E-03 +8.852E-03 +8.831E-03 +8.812E-03 +8.795E-03 +8.780E-03 +8.767E-03 
-0.00168750 +1.330E-02 +1.332E-02 +1.334E-02 +1.337E-02 +1.340E-02 +1.343E-02 +1.347E-02 +1.351E-02 +1.356E-02 +1.361E-02 +1.368E-02 +1.375E-02 +1.384E-02 +1.394E-02 +1.406E-02 +1.421E-02 +1.437E-02 +1.457E-02 +1.480E-02 +1.508E-02 +1.540E-02 +1.577E-02 +1.621E-02 +1.672E-02 +1.732E-02 +1.800E-02 +1.878E-02 +1.967E-02 +2.067E-02 +2.178E-02 +2.300E-02 +2.431E-02 +2.569E-02 +2.711E-02 +2.852E-02 +2.988E-02 +3.112E-02 +3.217E-02 +3.298E-02 +3.349E-02 +3.366E-02 +3.349E-02 +3.298E-02 +3.217E-02 +3.112E-02 +2.988E-02 +2.852E-02 +2.711E-02 +2.569E-02 +2.431E-02 +2.300E-02 +2.178E-02 +2.067E-02 +1.967E-02 +1.878E-02 +1.800E-02 +1.732E-02 +1.672E-02 +1.621E-02 +1.577E-02 +1.540E-02 +1.508E-02 +1.480E-02 +1.457E-02 +1.437E-02 +1.421E-02 +1.406E-02 +1.394E-02 +1.384E-02 +1.375E-02 +1.368E-02 +1.361E-02 +1.356E-02 +1.351E-02 +1.347E-02 +1.343E-02 +1.340E-02 +1.337E-02 +1.334E-02 +1.332E-02 +1.330E-02 
-0.00225000 +1.802E-02 +1.805E-02 +1.809E-02 +1.812E-02 +1.816E-02 +1.821E-02 +1.826E-02 +1.832E-02 +1.838E-02 +1.846E-02 +1.855E-02 +1.865E-02 +1.877E-02 +1.891E-02 +1.907E-02 +1.926E-02 +1.949E-02 +1.975E-02 +2.007E-02 +2.043E-02 +2.087E-02 +2.138E-02 +2.198E-02 +2.268E-02 +2.349E-02 +2.444E-02 +2.554E-02 +2.680E-02 +2.823E-02 +2.985E-02 +3.164E-02 +3.362E-02 +3.573E-02 +3.796E-02 +4.022E-02 +4.243E-02 +4.449E-02 +4.626E-02 +4.763E-02 +4.850E-02 +4.879E-02 +4.850E-02 +4.763E-02 +4.626E-02 +4.449E-02 +4.243E-02 +4.022E-02 +3.796E-02 +3.573E-02 +3.362E-02 +3.164E-02 +2.985E-02 +2.823E-02 +2.680E-02 +2.554E-02 +2.444E-02 +2.349E-02 +2.268E-02 +2.198E-02 +2.138E-02 +2.087E-02 +2.043E-02 +2.007E-02 +1.975E-02 +1.949E-02 +1.926E-02 +1.907E-02 +1.891E-02 +1.877E-02 +1.865E-02 +1.855E-02 +1.846E-02 +1.838E-02 +1.832E-02 +1.826E-02 +1.821E-02 +1.816E-02 +1.812E-02 +1.809E-02 +1.805E-02 +1.802E-02 
-0.00281250 +2.302E-02 +2.306E-02 +2.310E-02 +2.315E-02 +2.321E-02 +2.326E-02 +2.333E-02 +2.341E-02 +2.349E-02 +2.359E-02 +2.370E-02 +2.383E-02 +2.398E-02 +2.416E-02 +2.437E-02 +2.461E-02 +2.489E-02 +2.523E-02 +2.562E-02 +2.609E-02 +2.663E-02 +2.728E-02 +2.804E-02 +2.893E-02 +2.999E-02 +3.122E-02 +3.266E-02 +3.434E-02 +3.628E-02 +3.851E-02 +4.105E-02 +4.389E-02 +4.703E-02 +5.043E-02 +5.398E-02 +5.758E-02 +6.102E-02 +6.409E-02 +6.654E-02 +6.812E-02 +6.868E-02 +6.812E-02 +6.654E-02 +6.409E-02 +6.102E-02 +5.758E-02 +5.398E-02 +5.043E-02 +4.703E-02 +4.389E-02 +4.105E-02 +3.851E-02 +3.628E-02 +3.434E-02 +3.266E-02 +3.122E-02 +2.999E-02 +2.893E-02 +2.804E-02 +2.728E-02 +2.663E-02 +2.609E-02 +2.562E-02 +2.523E-02 +2.489E-02 +2.461E-02 +2.437E-02 +2.416E-02 +2.398E-02 +2.383E-02 +2.370E-02 +2.359E-02 +2.349E-02 +2.341E-02 +2.333E-02 +2.326E-02 +2.321E-02 +2.315E-02 +2.310E-02 +2.306E-02 +2.302E-02 
-0.00337500 +2.840E-02 +2.845E-02 +2.850E-02 +2.856E-02 +2.863E-02 +2.870E-02 +2.879E-02 +2.888E-02 +2.899E-02 +2.911E-02 +2.925E-02 +2.941E-02 +2.959E-02 +2.981E-02 +3.006E-02 +3.035E-02 +3.069E-02 +3.109E-02 +3.156E-02 +3.212E-02 +3.277E-02 +3.355E-02 +3.447E-02 +3.556E-02 +3.685E-02 +3.837E-02 +4.018E-02 +4.231E-02 +4.483E-02 +4.778E-02 +5.123E-02 +5.522E-02 +5.979E-02 +6.492E-02 +7.053E-02 +7.643E-02 +8.233E-02 +8.776E-02 +9.219E-02 +9.509E-02 +9.610E-02 +9.509E-02 +9.219E-02 +8.776E-02 +8.233E-02 +7.643E-02 +7.053E-02 +6.492E-02 +5.979E-02 +5.522E-02 +5.123E-02 +4.778E-02 +4.483E-02 +4.231E-02 +4.018E-02 +3.837E-02 +3.685E-02 +3.556E-02 +3.447E-02 +3.355E-02 +3.277E-02 +3.212E-02 +3.156E-02 +3.109E-02 +3.069E-02 +3.035E-02 +3.006E-02 +2.981E-02 +2.959E-02 +2.941E-02 +2.925E-02 +2.911E-02 +2.899E-02 +2.888E-02 +2.879E-02 +2.870E-02 +2.863E-02 +2.856E-02 +2.850E-02 +2.845E-02 +2.840E-02 
-0.00393750 +3.434E-02 +3.440E-02 +3.446E-02 +3.454E-02 +3.462E-02 +3.471E-02 +3.481E-02 +3.493E-02 +3.505E-02 +3.520E-02 +3.536E-02 +3.555E-02 +3.577E-02 +3.602E-02 +3.631E-02 +3.665E-02 +3.704E-02 +3.750E-02 +3.805E-02 +3.868E-02 +3.944E-02 +4.033E-02 +4.139E-02 +4.265E-02 +4.414E-02 +4.594E-02 +4.808E-02 +5.065E-02 +5.374E-02 +5.745E-02 +6.191E-02 +6.726E-02 +7.364E-02 +8.120E-02 +9.000E-02 +9.997E-02 +1.108E-01 +1.217E-01 +1.315E-01 +1.384E-01 +1.409E-01 +1.384E-01 +1.315E-01 +1.217E-01 +1.108E-01 +9.997E-02 +9.000E-02 +8.120E-02 +7.364E-02 +6.726E-02 +6.191E-02 +5.745E-02 +5.374E-02 +5.065E-02 +4.808E-02 +4.594E-02 +4.414E-02 +4.265E-02 +4.139E-02 +4.033E-02 +3.944E-02 +3.868E-02 +3.805E-02 +3.750E-02 +3.704E-02 +3.665E-02 +3.631E-02 +3.602E-02 +3.577E-02 +3.555E-02 +3.536E-02 +3.520E-02 +3.505E-02 +3.493E-02 +3.481E-02 +3.471E-02 +3.462E-02 +3.454E-02 +3.446E-02 +3.440E-02 +3.434E-02 
-0.00450000 +4.027E-02 +4.034E-02 +4.042E-02 +4.051E-02 +4.061E-02 +4.071E-02 +4.083E-02 +4.096E-02 +4.111E-02 +4.128E-02 +4.146E-02 +4.168E-02 +4.192E-02 +4.221E-02 +4.253E-02 +4.291E-02 +4.334E-02 +4.385E-02 +4.445E-02 +4.515E-02 +4.597E-02 +4.695E-02 +4.810E-02 +4.948E-02 +5.113E-02 +5.312E-02 +5.551E-02 +5.842E-02 +6.197E-02 +6.632E-02 +7.170E-02 +7.836E-02 +8.666E-02 +9.700E-02 +1.098E-01 +1.254E-01 +1.437E-01 +1.638E-01 +1.832E-01 +1.978E-01 +2.034E-01 +1.978E-01 +1.832E-01 +1.638E-01 +1.437E-01 +1.254E-01 +1.098E-01 +9.700E-02 +8.666E-02 +7.836E-02 +7.170E-02 +6.632E-02 +6.197E-02 +5.842E-02 +5.551E-02 +5.312E-02 +5.113E-02 +4.948E-02 +4.810E-02 +4.695E-02 +4.597E-02 +4.515E-02 +4.445E-02 +4.385E-02 +4.334E-02 +4.291E-02 +4.253E-02 +4.221E-02 +4.192E-02 +4.168E-02 +4.146E-02 +4.128E-02 +4.111E-02 +4.096E-02 +4.083E-02 +4.071E-02 +4.061E-02 +4.051E-02 +4.042E-02 +4.034E-02 +4.027E-02 
