# SCW4T KICKMAP 
# Author: Ximenes R. Resende @ LNLS, Date: 24-Jan-2014 09:23:24
# ID Length [m]
0.9470
# Number of Horizontal Points
81 
# Number of Vertical Points
17 
# Horizontal KickTable in T2m2
START
            -0.03000000 -0.02925000 -0.02850000 -0.02775000 -0.02700000 -0.02625000 -0.02550000 -0.02475000 -0.02400000 -0.02325000 -0.02250000 -0.02175000 -0.02100000 -0.02025000 -0.01950000 -0.01875000 -0.01800000 -0.01725000 -0.01650000 -0.01575000 -0.01500000 -0.01425000 -0.01350000 -0.01275000 -0.01200000 -0.01125000 -0.01050000 -0.00975000 -0.00900000 -0.00825000 -0.00750000 -0.00675000 -0.00600000 -0.00525000 -0.00450000 -0.00375000 -0.00300000 -0.00225000 -0.00150000 -0.00075000 +0.00000000 +0.00075000 +0.00150000 +0.00225000 +0.00300000 +0.00375000 +0.00450000 +0.00525000 +0.00600000 +0.00675000 +0.00750000 +0.00825000 +0.00900000 +0.00975000 +0.01050000 +0.01125000 +0.01200000 +0.01275000 +0.01350000 +0.01425000 +0.01500000 +0.01575000 +0.01650000 +0.01725000 +0.01800000 +0.01875000 +0.01950000 +0.02025000 +0.02100000 +0.02175000 +0.02250000 +0.02325000 +0.02400000 +0.02475000 +0.02550000 +0.02625000 +0.02700000 +0.02775000 +0.02850000 +0.02925000 +0.03000000 
+0.00770000 -1.090E-02 -1.017E-02 -9.403E-03 -8.680E-03 -8.002E-03 -7.368E-03 -6.776E-03 -6.225E-03 -5.713E-03 -5.238E-03 -4.799E-03 -4.393E-03 -4.018E-03 -3.672E-03 -3.354E-03 -3.061E-03 -2.791E-03 -2.544E-03 -2.316E-03 -2.107E-03 -1.915E-03 -1.738E-03 -1.576E-03 -1.427E-03 -1.289E-03 -1.163E-03 -1.046E-03 -9.373E-04 -8.368E-04 -7.434E-04 -6.561E-04 -5.743E-04 -4.970E-04 -4.235E-04 -3.528E-04 -2.836E-04 -2.137E-04 -1.392E-04 -5.240E-05 -1.373E-06 +0.000E+00 +1.373E-06 +5.240E-05 +1.392E-04 +2.137E-04 +2.836E-04 +3.528E-04 +4.235E-04 +4.970E-04 +5.743E-04 +6.561E-04 +7.434E-04 +8.368E-04 +9.373E-04 +1.046E-03 +1.163E-03 +1.289E-03 +1.427E-03 +1.576E-03 +1.738E-03 +1.915E-03 +2.107E-03 +2.316E-03 +2.544E-03 +2.791E-03 +3.061E-03 +3.354E-03 +3.672E-03 +4.018E-03 +4.393E-03 +4.799E-03 +5.238E-03 +5.713E-03 +6.225E-03 +6.776E-03 +7.368E-03 +8.002E-03 +8.680E-03 +9.403E-03 +1.017E-02 +1.090E-02 
+0.00673750 -1.139E-02 -1.057E-02 -9.708E-03 -8.912E-03 -8.177E-03 -7.496E-03 -6.867E-03 -6.287E-03 -5.752E-03 -5.258E-03 -4.804E-03 -4.387E-03 -4.004E-03 -3.652E-03 -3.329E-03 -3.032E-03 -2.761E-03 -2.512E-03 -2.284E-03 -2.075E-03 -1.884E-03 -1.708E-03 -1.547E-03 -1.399E-03 -1.263E-03 -1.138E-03 -1.023E-03 -9.161E-04 -8.174E-04 -7.256E-04 -6.401E-04 -5.599E-04 -4.843E-04 -4.125E-04 -3.438E-04 -2.771E-04 -2.118E-04 -1.475E-04 -8.669E-05 -3.301E-05 +0.000E+00 +3.301E-05 +8.669E-05 +1.475E-04 +2.118E-04 +2.771E-04 +3.438E-04 +4.125E-04 +4.843E-04 +5.599E-04 +6.401E-04 +7.256E-04 +8.174E-04 +9.161E-04 +1.023E-03 +1.138E-03 +1.263E-03 +1.399E-03 +1.547E-03 +1.708E-03 +1.884E-03 +2.075E-03 +2.284E-03 +2.512E-03 +2.761E-03 +3.032E-03 +3.329E-03 +3.652E-03 +4.004E-03 +4.387E-03 +4.804E-03 +5.258E-03 +5.752E-03 +6.287E-03 +6.867E-03 +7.496E-03 +8.177E-03 +8.912E-03 +9.708E-03 +1.057E-02 +1.139E-02 
+0.00577500 -1.168E-02 -1.080E-02 -9.891E-03 -9.051E-03 -8.279E-03 -7.568E-03 -6.915E-03 -6.314E-03 -5.763E-03 -5.257E-03 -4.793E-03 -4.368E-03 -3.979E-03 -3.623E-03 -3.298E-03 -3.000E-03 -2.728E-03 -2.479E-03 -2.251E-03 -2.043E-03 -1.852E-03 -1.678E-03 -1.519E-03 -1.372E-03 -1.238E-03 -1.114E-03 -1.001E-03 -8.960E-04 -7.989E-04 -7.089E-04 -6.251E-04 -5.466E-04 -4.728E-04 -4.030E-04 -3.364E-04 -2.726E-04 -2.112E-04 -1.522E-04 -9.631E-05 -4.071E-05 +0.000E+00 +4.071E-05 +9.631E-05 +1.522E-04 +2.112E-04 +2.726E-04 +3.364E-04 +4.030E-04 +4.728E-04 +5.466E-04 +6.251E-04 +7.089E-04 +7.989E-04 +8.960E-04 +1.001E-03 +1.114E-03 +1.238E-03 +1.372E-03 +1.519E-03 +1.678E-03 +1.852E-03 +2.043E-03 +2.251E-03 +2.479E-03 +2.728E-03 +3.000E-03 +3.298E-03 +3.623E-03 +3.979E-03 +4.368E-03 +4.793E-03 +5.257E-03 +5.763E-03 +6.314E-03 +6.915E-03 +7.568E-03 +8.279E-03 +9.051E-03 +9.891E-03 +1.080E-02 +1.168E-02 
+0.00481250 -1.181E-02 -1.091E-02 -9.977E-03 -9.116E-03 -8.324E-03 -7.596E-03 -6.928E-03 -6.316E-03 -5.755E-03 -5.241E-03 -4.772E-03 -4.342E-03 -3.950E-03 -3.592E-03 -3.265E-03 -2.966E-03 -2.694E-03 -2.446E-03 -2.219E-03 -2.012E-03 -1.823E-03 -1.650E-03 -1.492E-03 -1.347E-03 -1.214E-03 -1.093E-03 -9.807E-04 -8.775E-04 -7.822E-04 -6.938E-04 -6.115E-04 -5.347E-04 -4.626E-04 -3.946E-04 -3.301E-04 -2.686E-04 -2.097E-04 -1.532E-04 -9.881E-05 -4.258E-05 +0.000E+00 +4.258E-05 +9.881E-05 +1.532E-04 +2.097E-04 +2.686E-04 +3.301E-04 +3.946E-04 +4.626E-04 +5.347E-04 +6.115E-04 +6.938E-04 +7.822E-04 +8.775E-04 +9.807E-04 +1.093E-03 +1.214E-03 +1.347E-03 +1.492E-03 +1.650E-03 +1.823E-03 +2.012E-03 +2.219E-03 +2.446E-03 +2.694E-03 +2.966E-03 +3.265E-03 +3.592E-03 +3.950E-03 +4.342E-03 +4.772E-03 +5.241E-03 +5.755E-03 +6.316E-03 +6.928E-03 +7.596E-03 +8.324E-03 +9.116E-03 +9.977E-03 +1.091E-02 +1.181E-02 
+0.00385000 -1.183E-02 -1.093E-02 -9.995E-03 -9.128E-03 -8.330E-03 -7.595E-03 -6.920E-03 -6.302E-03 -5.736E-03 -5.218E-03 -4.745E-03 -4.313E-03 -3.919E-03 -3.560E-03 -3.233E-03 -2.935E-03 -2.663E-03 -2.415E-03 -2.190E-03 -1.984E-03 -1.796E-03 -1.625E-03 -1.468E-03 -1.325E-03 -1.194E-03 -1.074E-03 -9.632E-04 -8.615E-04 -7.676E-04 -6.807E-04 -5.999E-04 -5.246E-04 -4.540E-04 -3.875E-04 -3.246E-04 -2.647E-04 -2.075E-04 -1.524E-04 -9.892E-05 -4.285E-05 +0.000E+00 +4.285E-05 +9.892E-05 +1.524E-04 +2.075E-04 +2.647E-04 +3.246E-04 +3.875E-04 +4.540E-04 +5.246E-04 +5.999E-04 +6.807E-04 +7.676E-04 +8.615E-04 +9.632E-04 +1.074E-03 +1.194E-03 +1.325E-03 +1.468E-03 +1.625E-03 +1.796E-03 +1.984E-03 +2.190E-03 +2.415E-03 +2.663E-03 +2.935E-03 +3.233E-03 +3.560E-03 +3.919E-03 +4.313E-03 +4.745E-03 +5.218E-03 +5.736E-03 +6.302E-03 +6.920E-03 +7.595E-03 +8.330E-03 +9.128E-03 +9.995E-03 +1.093E-02 +1.183E-02 
+0.00288750 -1.178E-02 -1.090E-02 -9.974E-03 -9.112E-03 -8.314E-03 -7.578E-03 -6.901E-03 -6.280E-03 -5.712E-03 -5.193E-03 -4.718E-03 -4.286E-03 -3.891E-03 -3.532E-03 -3.205E-03 -2.907E-03 -2.636E-03 -2.390E-03 -2.165E-03 -1.960E-03 -1.774E-03 -1.604E-03 -1.449E-03 -1.307E-03 -1.177E-03 -1.058E-03 -9.489E-04 -8.484E-04 -7.558E-04 -6.701E-04 -5.905E-04 -5.164E-04 -4.470E-04 -3.817E-04 -3.200E-04 -2.613E-04 -2.052E-04 -1.510E-04 -9.829E-05 -4.266E-05 +0.000E+00 +4.266E-05 +9.829E-05 +1.510E-04 +2.052E-04 +2.613E-04 +3.200E-04 +3.817E-04 +4.470E-04 +5.164E-04 +5.905E-04 +6.701E-04 +7.558E-04 +8.484E-04 +9.489E-04 +1.058E-03 +1.177E-03 +1.307E-03 +1.449E-03 +1.604E-03 +1.774E-03 +1.960E-03 +2.165E-03 +2.390E-03 +2.636E-03 +2.907E-03 +3.205E-03 +3.532E-03 +3.891E-03 +4.286E-03 +4.718E-03 +5.193E-03 +5.712E-03 +6.280E-03 +6.901E-03 +7.578E-03 +8.314E-03 +9.112E-03 +9.974E-03 +1.090E-02 +1.178E-02 
+0.00192500 -1.172E-02 -1.085E-02 -9.939E-03 -9.085E-03 -8.291E-03 -7.557E-03 -6.880E-03 -6.259E-03 -5.691E-03 -5.171E-03 -4.696E-03 -4.263E-03 -3.869E-03 -3.510E-03 -3.183E-03 -2.886E-03 -2.616E-03 -2.370E-03 -2.146E-03 -1.943E-03 -1.757E-03 -1.588E-03 -1.434E-03 -1.293E-03 -1.164E-03 -1.046E-03 -9.383E-04 -8.388E-04 -7.471E-04 -6.623E-04 -5.836E-04 -5.103E-04 -4.418E-04 -3.774E-04 -3.166E-04 -2.587E-04 -2.033E-04 -1.498E-04 -9.758E-05 -4.238E-05 +0.000E+00 +4.238E-05 +9.758E-05 +1.498E-04 +2.033E-04 +2.587E-04 +3.166E-04 +3.774E-04 +4.418E-04 +5.103E-04 +5.836E-04 +6.623E-04 +7.471E-04 +8.388E-04 +9.383E-04 +1.046E-03 +1.164E-03 +1.293E-03 +1.434E-03 +1.588E-03 +1.757E-03 +1.943E-03 +2.146E-03 +2.370E-03 +2.616E-03 +2.886E-03 +3.183E-03 +3.510E-03 +3.869E-03 +4.263E-03 +4.696E-03 +5.171E-03 +5.691E-03 +6.259E-03 +6.880E-03 +7.557E-03 +8.291E-03 +9.085E-03 +9.939E-03 +1.085E-02 +1.172E-02 
+0.00096250 -1.167E-02 -1.082E-02 -9.911E-03 -9.062E-03 -8.272E-03 -7.540E-03 -6.865E-03 -6.244E-03 -5.676E-03 -5.156E-03 -4.681E-03 -4.249E-03 -3.854E-03 -3.496E-03 -3.170E-03 -2.873E-03 -2.603E-03 -2.358E-03 -2.135E-03 -1.932E-03 -1.747E-03 -1.579E-03 -1.425E-03 -1.285E-03 -1.157E-03 -1.039E-03 -9.318E-04 -8.329E-04 -7.417E-04 -6.575E-04 -5.794E-04 -5.067E-04 -4.387E-04 -3.748E-04 -3.144E-04 -2.570E-04 -2.021E-04 -1.490E-04 -9.708E-05 -4.217E-05 +0.000E+00 +4.217E-05 +9.708E-05 +1.490E-04 +2.021E-04 +2.570E-04 +3.144E-04 +3.748E-04 +4.387E-04 +5.067E-04 +5.794E-04 +6.575E-04 +7.417E-04 +8.329E-04 +9.318E-04 +1.039E-03 +1.157E-03 +1.285E-03 +1.425E-03 +1.579E-03 +1.747E-03 +1.932E-03 +2.135E-03 +2.358E-03 +2.603E-03 +2.873E-03 +3.170E-03 +3.496E-03 +3.854E-03 +4.249E-03 +4.681E-03 +5.156E-03 +5.676E-03 +6.244E-03 +6.865E-03 +7.540E-03 +8.272E-03 +9.062E-03 +9.911E-03 +1.082E-02 +1.167E-02 
+0.00000000 -1.165E-02 -1.080E-02 -9.900E-03 -9.054E-03 -8.265E-03 -7.534E-03 -6.859E-03 -6.239E-03 -5.670E-03 -5.151E-03 -4.676E-03 -4.243E-03 -3.850E-03 -3.491E-03 -3.165E-03 -2.869E-03 -2.599E-03 -2.354E-03 -2.131E-03 -1.928E-03 -1.744E-03 -1.575E-03 -1.422E-03 -1.282E-03 -1.154E-03 -1.037E-03 -9.296E-04 -8.309E-04 -7.399E-04 -6.559E-04 -5.780E-04 -5.054E-04 -4.376E-04 -3.739E-04 -3.137E-04 -2.565E-04 -2.016E-04 -1.487E-04 -9.689E-05 -4.210E-05 +0.000E+00 +4.210E-05 +9.689E-05 +1.487E-04 +2.016E-04 +2.565E-04 +3.137E-04 +3.739E-04 +4.376E-04 +5.054E-04 +5.780E-04 +6.559E-04 +7.399E-04 +8.309E-04 +9.296E-04 +1.037E-03 +1.154E-03 +1.282E-03 +1.422E-03 +1.575E-03 +1.744E-03 +1.928E-03 +2.131E-03 +2.354E-03 +2.599E-03 +2.869E-03 +3.165E-03 +3.491E-03 +3.850E-03 +4.243E-03 +4.676E-03 +5.151E-03 +5.670E-03 +6.239E-03 +6.859E-03 +7.534E-03 +8.265E-03 +9.054E-03 +9.900E-03 +1.080E-02 +1.165E-02 
-0.00096250 -1.167E-02 -1.082E-02 -9.911E-03 -9.062E-03 -8.272E-03 -7.540E-03 -6.865E-03 -6.244E-03 -5.676E-03 -5.156E-03 -4.681E-03 -4.249E-03 -3.854E-03 -3.496E-03 -3.170E-03 -2.873E-03 -2.603E-03 -2.358E-03 -2.135E-03 -1.932E-03 -1.747E-03 -1.579E-03 -1.425E-03 -1.285E-03 -1.157E-03 -1.039E-03 -9.318E-04 -8.329E-04 -7.417E-04 -6.575E-04 -5.794E-04 -5.067E-04 -4.387E-04 -3.748E-04 -3.144E-04 -2.570E-04 -2.021E-04 -1.490E-04 -9.708E-05 -4.217E-05 +0.000E+00 +4.217E-05 +9.708E-05 +1.490E-04 +2.021E-04 +2.570E-04 +3.144E-04 +3.748E-04 +4.387E-04 +5.067E-04 +5.794E-04 +6.575E-04 +7.417E-04 +8.329E-04 +9.318E-04 +1.039E-03 +1.157E-03 +1.285E-03 +1.425E-03 +1.579E-03 +1.747E-03 +1.932E-03 +2.135E-03 +2.358E-03 +2.603E-03 +2.873E-03 +3.170E-03 +3.496E-03 +3.854E-03 +4.249E-03 +4.681E-03 +5.156E-03 +5.676E-03 +6.244E-03 +6.865E-03 +7.540E-03 +8.272E-03 +9.062E-03 +9.911E-03 +1.082E-02 +1.167E-02 
-0.00192500 -1.172E-02 -1.085E-02 -9.939E-03 -9.085E-03 -8.291E-03 -7.557E-03 -6.880E-03 -6.259E-03 -5.691E-03 -5.171E-03 -4.696E-03 -4.263E-03 -3.869E-03 -3.510E-03 -3.183E-03 -2.886E-03 -2.616E-03 -2.370E-03 -2.146E-03 -1.943E-03 -1.757E-03 -1.588E-03 -1.434E-03 -1.293E-03 -1.164E-03 -1.046E-03 -9.383E-04 -8.388E-04 -7.471E-04 -6.623E-04 -5.836E-04 -5.103E-04 -4.418E-04 -3.774E-04 -3.166E-04 -2.587E-04 -2.033E-04 -1.498E-04 -9.758E-05 -4.238E-05 +0.000E+00 +4.238E-05 +9.758E-05 +1.498E-04 +2.033E-04 +2.587E-04 +3.166E-04 +3.774E-04 +4.418E-04 +5.103E-04 +5.836E-04 +6.623E-04 +7.471E-04 +8.388E-04 +9.383E-04 +1.046E-03 +1.164E-03 +1.293E-03 +1.434E-03 +1.588E-03 +1.757E-03 +1.943E-03 +2.146E-03 +2.370E-03 +2.616E-03 +2.886E-03 +3.183E-03 +3.510E-03 +3.869E-03 +4.263E-03 +4.696E-03 +5.171E-03 +5.691E-03 +6.259E-03 +6.880E-03 +7.557E-03 +8.291E-03 +9.085E-03 +9.939E-03 +1.085E-02 +1.172E-02 
-0.00288750 -1.178E-02 -1.090E-02 -9.974E-03 -9.112E-03 -8.314E-03 -7.578E-03 -6.901E-03 -6.280E-03 -5.712E-03 -5.193E-03 -4.718E-03 -4.286E-03 -3.891E-03 -3.532E-03 -3.205E-03 -2.907E-03 -2.636E-03 -2.390E-03 -2.165E-03 -1.960E-03 -1.774E-03 -1.604E-03 -1.449E-03 -1.307E-03 -1.177E-03 -1.058E-03 -9.489E-04 -8.484E-04 -7.558E-04 -6.701E-04 -5.905E-04 -5.164E-04 -4.470E-04 -3.817E-04 -3.200E-04 -2.613E-04 -2.052E-04 -1.510E-04 -9.829E-05 -4.266E-05 +0.000E+00 +4.266E-05 +9.829E-05 +1.510E-04 +2.052E-04 +2.613E-04 +3.200E-04 +3.817E-04 +4.470E-04 +5.164E-04 +5.905E-04 +6.701E-04 +7.558E-04 +8.484E-04 +9.489E-04 +1.058E-03 +1.177E-03 +1.307E-03 +1.449E-03 +1.604E-03 +1.774E-03 +1.960E-03 +2.165E-03 +2.390E-03 +2.636E-03 +2.907E-03 +3.205E-03 +3.532E-03 +3.891E-03 +4.286E-03 +4.718E-03 +5.193E-03 +5.712E-03 +6.280E-03 +6.901E-03 +7.578E-03 +8.314E-03 +9.112E-03 +9.974E-03 +1.090E-02 +1.178E-02 
-0.00385000 -1.183E-02 -1.093E-02 -9.995E-03 -9.128E-03 -8.330E-03 -7.595E-03 -6.920E-03 -6.302E-03 -5.736E-03 -5.218E-03 -4.745E-03 -4.313E-03 -3.919E-03 -3.560E-03 -3.233E-03 -2.935E-03 -2.663E-03 -2.415E-03 -2.190E-03 -1.984E-03 -1.796E-03 -1.625E-03 -1.468E-03 -1.325E-03 -1.194E-03 -1.074E-03 -9.632E-04 -8.615E-04 -7.676E-04 -6.807E-04 -5.999E-04 -5.246E-04 -4.540E-04 -3.875E-04 -3.246E-04 -2.647E-04 -2.075E-04 -1.524E-04 -9.892E-05 -4.285E-05 +0.000E+00 +4.285E-05 +9.892E-05 +1.524E-04 +2.075E-04 +2.647E-04 +3.246E-04 +3.875E-04 +4.540E-04 +5.246E-04 +5.999E-04 +6.807E-04 +7.676E-04 +8.615E-04 +9.632E-04 +1.074E-03 +1.194E-03 +1.325E-03 +1.468E-03 +1.625E-03 +1.796E-03 +1.984E-03 +2.190E-03 +2.415E-03 +2.663E-03 +2.935E-03 +3.233E-03 +3.560E-03 +3.919E-03 +4.313E-03 +4.745E-03 +5.218E-03 +5.736E-03 +6.302E-03 +6.920E-03 +7.595E-03 +8.330E-03 +9.128E-03 +9.995E-03 +1.093E-02 +1.183E-02 
-0.00481250 -1.181E-02 -1.091E-02 -9.977E-03 -9.116E-03 -8.324E-03 -7.596E-03 -6.928E-03 -6.316E-03 -5.755E-03 -5.241E-03 -4.772E-03 -4.342E-03 -3.950E-03 -3.592E-03 -3.265E-03 -2.966E-03 -2.694E-03 -2.446E-03 -2.219E-03 -2.012E-03 -1.823E-03 -1.650E-03 -1.492E-03 -1.347E-03 -1.214E-03 -1.093E-03 -9.807E-04 -8.775E-04 -7.822E-04 -6.938E-04 -6.115E-04 -5.347E-04 -4.626E-04 -3.946E-04 -3.301E-04 -2.686E-04 -2.097E-04 -1.532E-04 -9.881E-05 -4.258E-05 +0.000E+00 +4.258E-05 +9.881E-05 +1.532E-04 +2.097E-04 +2.686E-04 +3.301E-04 +3.946E-04 +4.626E-04 +5.347E-04 +6.115E-04 +6.938E-04 +7.822E-04 +8.775E-04 +9.807E-04 +1.093E-03 +1.214E-03 +1.347E-03 +1.492E-03 +1.650E-03 +1.823E-03 +2.012E-03 +2.219E-03 +2.446E-03 +2.694E-03 +2.966E-03 +3.265E-03 +3.592E-03 +3.950E-03 +4.342E-03 +4.772E-03 +5.241E-03 +5.755E-03 +6.316E-03 +6.928E-03 +7.596E-03 +8.324E-03 +9.116E-03 +9.977E-03 +1.091E-02 +1.181E-02 
-0.00577500 -1.168E-02 -1.080E-02 -9.891E-03 -9.051E-03 -8.279E-03 -7.568E-03 -6.915E-03 -6.314E-03 -5.763E-03 -5.257E-03 -4.793E-03 -4.368E-03 -3.979E-03 -3.623E-03 -3.298E-03 -3.000E-03 -2.728E-03 -2.479E-03 -2.251E-03 -2.043E-03 -1.852E-03 -1.678E-03 -1.519E-03 -1.372E-03 -1.238E-03 -1.114E-03 -1.001E-03 -8.960E-04 -7.989E-04 -7.089E-04 -6.251E-04 -5.466E-04 -4.728E-04 -4.030E-04 -3.364E-04 -2.726E-04 -2.112E-04 -1.522E-04 -9.631E-05 -4.071E-05 +0.000E+00 +4.071E-05 +9.631E-05 +1.522E-04 +2.112E-04 +2.726E-04 +3.364E-04 +4.030E-04 +4.728E-04 +5.466E-04 +6.251E-04 +7.089E-04 +7.989E-04 +8.960E-04 +1.001E-03 +1.114E-03 +1.238E-03 +1.372E-03 +1.519E-03 +1.678E-03 +1.852E-03 +2.043E-03 +2.251E-03 +2.479E-03 +2.728E-03 +3.000E-03 +3.298E-03 +3.623E-03 +3.979E-03 +4.368E-03 +4.793E-03 +5.257E-03 +5.763E-03 +6.314E-03 +6.915E-03 +7.568E-03 +8.279E-03 +9.051E-03 +9.891E-03 +1.080E-02 +1.168E-02 
-0.00673750 -1.139E-02 -1.057E-02 -9.708E-03 -8.912E-03 -8.177E-03 -7.496E-03 -6.867E-03 -6.287E-03 -5.752E-03 -5.258E-03 -4.804E-03 -4.387E-03 -4.004E-03 -3.652E-03 -3.329E-03 -3.032E-03 -2.761E-03 -2.512E-03 -2.284E-03 -2.075E-03 -1.884E-03 -1.708E-03 -1.547E-03 -1.399E-03 -1.263E-03 -1.138E-03 -1.023E-03 -9.161E-04 -8.174E-04 -7.256E-04 -6.401E-04 -5.599E-04 -4.843E-04 -4.125E-04 -3.438E-04 -2.771E-04 -2.118E-04 -1.475E-04 -8.669E-05 -3.301E-05 +0.000E+00 +3.301E-05 +8.669E-05 +1.475E-04 +2.118E-04 +2.771E-04 +3.438E-04 +4.125E-04 +4.843E-04 +5.599E-04 +6.401E-04 +7.256E-04 +8.174E-04 +9.161E-04 +1.023E-03 +1.138E-03 +1.263E-03 +1.399E-03 +1.547E-03 +1.708E-03 +1.884E-03 +2.075E-03 +2.284E-03 +2.512E-03 +2.761E-03 +3.032E-03 +3.329E-03 +3.652E-03 +4.004E-03 +4.387E-03 +4.804E-03 +5.258E-03 +5.752E-03 +6.287E-03 +6.867E-03 +7.496E-03 +8.177E-03 +8.912E-03 +9.708E-03 +1.057E-02 +1.139E-02 
-0.00770000 -1.090E-02 -1.017E-02 -9.403E-03 -8.680E-03 -8.002E-03 -7.368E-03 -6.776E-03 -6.225E-03 -5.713E-03 -5.238E-03 -4.799E-03 -4.393E-03 -4.018E-03 -3.672E-03 -3.354E-03 -3.061E-03 -2.791E-03 -2.544E-03 -2.316E-03 -2.107E-03 -1.915E-03 -1.738E-03 -1.576E-03 -1.427E-03 -1.289E-03 -1.163E-03 -1.046E-03 -9.373E-04 -8.368E-04 -7.434E-04 -6.561E-04 -5.743E-04 -4.970E-04 -4.235E-04 -3.528E-04 -2.836E-04 -2.137E-04 -1.392E-04 -5.240E-05 -1.373E-06 +0.000E+00 +1.373E-06 +5.240E-05 +1.392E-04 +2.137E-04 +2.836E-04 +3.528E-04 +4.235E-04 +4.970E-04 +5.743E-04 +6.561E-04 +7.434E-04 +8.368E-04 +9.373E-04 +1.046E-03 +1.163E-03 +1.289E-03 +1.427E-03 +1.576E-03 +1.738E-03 +1.915E-03 +2.107E-03 +2.316E-03 +2.544E-03 +2.791E-03 +3.061E-03 +3.354E-03 +3.672E-03 +4.018E-03 +4.393E-03 +4.799E-03 +5.238E-03 +5.713E-03 +6.225E-03 +6.776E-03 +7.368E-03 +8.002E-03 +8.680E-03 +9.403E-03 +1.017E-02 +1.090E-02 
# Vertical KickTable in T2m2
START
            -0.03000000 -0.02925000 -0.02850000 -0.02775000 -0.02700000 -0.02625000 -0.02550000 -0.02475000 -0.02400000 -0.02325000 -0.02250000 -0.02175000 -0.02100000 -0.02025000 -0.01950000 -0.01875000 -0.01800000 -0.01725000 -0.01650000 -0.01575000 -0.01500000 -0.01425000 -0.01350000 -0.01275000 -0.01200000 -0.01125000 -0.01050000 -0.00975000 -0.00900000 -0.00825000 -0.00750000 -0.00675000 -0.00600000 -0.00525000 -0.00450000 -0.00375000 -0.00300000 -0.00225000 -0.00150000 -0.00075000 +0.00000000 +0.00075000 +0.00150000 +0.00225000 +0.00300000 +0.00375000 +0.00450000 +0.00525000 +0.00600000 +0.00675000 +0.00750000 +0.00825000 +0.00900000 +0.00975000 +0.01050000 +0.01125000 +0.01200000 +0.01275000 +0.01350000 +0.01425000 +0.01500000 +0.01575000 +0.01650000 +0.01725000 +0.01800000 +0.01875000 +0.01950000 +0.02025000 +0.02100000 +0.02175000 +0.02250000 +0.02325000 +0.02400000 +0.02475000 +0.02550000 +0.02625000 +0.02700000 +0.02775000 +0.02850000 +0.02925000 +0.03000000 
+0.00770000 -8.809E-02 -8.768E-02 -8.736E-02 -8.712E-02 -8.693E-02 -8.680E-02 -8.670E-02 -8.662E-02 -8.658E-02 -8.654E-02 -8.653E-02 -8.652E-02 -8.653E-02 -8.654E-02 -8.656E-02 -8.657E-02 -8.660E-02 -8.662E-02 -8.664E-02 -8.667E-02 -8.669E-02 -8.672E-02 -8.674E-02 -8.676E-02 -8.678E-02 -8.680E-02 -8.682E-02 -8.684E-02 -8.685E-02 -8.687E-02 -8.688E-02 -8.689E-02 -8.691E-02 -8.692E-02 -8.692E-02 -8.693E-02 -8.693E-02 -8.693E-02 -8.692E-02 -8.688E-02 -8.686E-02 -8.688E-02 -8.692E-02 -8.693E-02 -8.693E-02 -8.693E-02 -8.692E-02 -8.692E-02 -8.691E-02 -8.689E-02 -8.688E-02 -8.687E-02 -8.685E-02 -8.684E-02 -8.682E-02 -8.680E-02 -8.678E-02 -8.676E-02 -8.674E-02 -8.672E-02 -8.669E-02 -8.667E-02 -8.664E-02 -8.662E-02 -8.660E-02 -8.657E-02 -8.656E-02 -8.654E-02 -8.653E-02 -8.652E-02 -8.653E-02 -8.654E-02 -8.658E-02 -8.662E-02 -8.670E-02 -8.680E-02 -8.693E-02 -8.712E-02 -8.736E-02 -8.768E-02 -8.809E-02 
+0.00673750 -7.182E-02 -7.155E-02 -7.134E-02 -7.118E-02 -7.106E-02 -7.097E-02 -7.090E-02 -7.086E-02 -7.084E-02 -7.083E-02 -7.082E-02 -7.083E-02 -7.084E-02 -7.086E-02 -7.088E-02 -7.091E-02 -7.093E-02 -7.096E-02 -7.098E-02 -7.101E-02 -7.103E-02 -7.106E-02 -7.108E-02 -7.110E-02 -7.112E-02 -7.114E-02 -7.116E-02 -7.118E-02 -7.119E-02 -7.121E-02 -7.122E-02 -7.123E-02 -7.124E-02 -7.125E-02 -7.126E-02 -7.126E-02 -7.127E-02 -7.127E-02 -7.126E-02 -7.124E-02 -7.123E-02 -7.124E-02 -7.126E-02 -7.127E-02 -7.127E-02 -7.126E-02 -7.126E-02 -7.125E-02 -7.124E-02 -7.123E-02 -7.122E-02 -7.121E-02 -7.119E-02 -7.118E-02 -7.116E-02 -7.114E-02 -7.112E-02 -7.110E-02 -7.108E-02 -7.106E-02 -7.103E-02 -7.101E-02 -7.098E-02 -7.096E-02 -7.093E-02 -7.091E-02 -7.088E-02 -7.086E-02 -7.084E-02 -7.083E-02 -7.082E-02 -7.083E-02 -7.084E-02 -7.086E-02 -7.090E-02 -7.097E-02 -7.106E-02 -7.118E-02 -7.134E-02 -7.155E-02 -7.182E-02 
+0.00577500 -5.620E-02 -5.606E-02 -5.595E-02 -5.586E-02 -5.580E-02 -5.575E-02 -5.572E-02 -5.571E-02 -5.570E-02 -5.571E-02 -5.572E-02 -5.573E-02 -5.575E-02 -5.578E-02 -5.580E-02 -5.583E-02 -5.585E-02 -5.588E-02 -5.591E-02 -5.593E-02 -5.596E-02 -5.598E-02 -5.600E-02 -5.602E-02 -5.604E-02 -5.606E-02 -5.608E-02 -5.609E-02 -5.611E-02 -5.612E-02 -5.613E-02 -5.614E-02 -5.615E-02 -5.616E-02 -5.617E-02 -5.617E-02 -5.617E-02 -5.617E-02 -5.617E-02 -5.617E-02 -5.616E-02 -5.617E-02 -5.617E-02 -5.617E-02 -5.617E-02 -5.617E-02 -5.617E-02 -5.616E-02 -5.615E-02 -5.614E-02 -5.613E-02 -5.612E-02 -5.611E-02 -5.609E-02 -5.608E-02 -5.606E-02 -5.604E-02 -5.602E-02 -5.600E-02 -5.598E-02 -5.596E-02 -5.593E-02 -5.591E-02 -5.588E-02 -5.585E-02 -5.583E-02 -5.580E-02 -5.578E-02 -5.575E-02 -5.573E-02 -5.572E-02 -5.571E-02 -5.570E-02 -5.571E-02 -5.572E-02 -5.575E-02 -5.580E-02 -5.586E-02 -5.595E-02 -5.606E-02 -5.620E-02 
+0.00481250 -4.320E-02 -4.316E-02 -4.312E-02 -4.309E-02 -4.306E-02 -4.305E-02 -4.305E-02 -4.305E-02 -4.306E-02 -4.307E-02 -4.309E-02 -4.311E-02 -4.314E-02 -4.316E-02 -4.319E-02 -4.321E-02 -4.324E-02 -4.326E-02 -4.329E-02 -4.331E-02 -4.333E-02 -4.335E-02 -4.337E-02 -4.339E-02 -4.341E-02 -4.343E-02 -4.344E-02 -4.346E-02 -4.347E-02 -4.348E-02 -4.349E-02 -4.350E-02 -4.351E-02 -4.352E-02 -4.352E-02 -4.353E-02 -4.353E-02 -4.353E-02 -4.353E-02 -4.353E-02 -4.353E-02 -4.353E-02 -4.353E-02 -4.353E-02 -4.353E-02 -4.353E-02 -4.352E-02 -4.352E-02 -4.351E-02 -4.350E-02 -4.349E-02 -4.348E-02 -4.347E-02 -4.346E-02 -4.344E-02 -4.343E-02 -4.341E-02 -4.339E-02 -4.337E-02 -4.335E-02 -4.333E-02 -4.331E-02 -4.329E-02 -4.326E-02 -4.324E-02 -4.321E-02 -4.319E-02 -4.316E-02 -4.314E-02 -4.311E-02 -4.309E-02 -4.307E-02 -4.306E-02 -4.305E-02 -4.305E-02 -4.305E-02 -4.306E-02 -4.309E-02 -4.312E-02 -4.316E-02 -4.320E-02 
+0.00385000 -3.222E-02 -3.223E-02 -3.224E-02 -3.224E-02 -3.225E-02 -3.225E-02 -3.226E-02 -3.228E-02 -3.229E-02 -3.231E-02 -3.233E-02 -3.235E-02 -3.238E-02 -3.240E-02 -3.242E-02 -3.245E-02 -3.247E-02 -3.249E-02 -3.251E-02 -3.253E-02 -3.255E-02 -3.257E-02 -3.259E-02 -3.261E-02 -3.262E-02 -3.264E-02 -3.265E-02 -3.266E-02 -3.267E-02 -3.268E-02 -3.269E-02 -3.270E-02 -3.270E-02 -3.271E-02 -3.271E-02 -3.272E-02 -3.272E-02 -3.272E-02 -3.272E-02 -3.272E-02 -3.272E-02 -3.272E-02 -3.272E-02 -3.272E-02 -3.272E-02 -3.272E-02 -3.271E-02 -3.271E-02 -3.270E-02 -3.270E-02 -3.269E-02 -3.268E-02 -3.267E-02 -3.266E-02 -3.265E-02 -3.264E-02 -3.262E-02 -3.261E-02 -3.259E-02 -3.257E-02 -3.255E-02 -3.253E-02 -3.251E-02 -3.249E-02 -3.247E-02 -3.245E-02 -3.242E-02 -3.240E-02 -3.238E-02 -3.235E-02 -3.233E-02 -3.231E-02 -3.229E-02 -3.228E-02 -3.226E-02 -3.225E-02 -3.225E-02 -3.224E-02 -3.224E-02 -3.223E-02 -3.222E-02 
+0.00288750 -2.275E-02 -2.279E-02 -2.282E-02 -2.284E-02 -2.286E-02 -2.288E-02 -2.289E-02 -2.291E-02 -2.293E-02 -2.295E-02 -2.296E-02 -2.298E-02 -2.300E-02 -2.302E-02 -2.304E-02 -2.306E-02 -2.308E-02 -2.310E-02 -2.312E-02 -2.313E-02 -2.315E-02 -2.316E-02 -2.318E-02 -2.319E-02 -2.320E-02 -2.321E-02 -2.322E-02 -2.323E-02 -2.324E-02 -2.325E-02 -2.325E-02 -2.326E-02 -2.326E-02 -2.327E-02 -2.327E-02 -2.327E-02 -2.328E-02 -2.328E-02 -2.328E-02 -2.328E-02 -2.328E-02 -2.328E-02 -2.328E-02 -2.328E-02 -2.328E-02 -2.327E-02 -2.327E-02 -2.327E-02 -2.326E-02 -2.326E-02 -2.325E-02 -2.325E-02 -2.324E-02 -2.323E-02 -2.322E-02 -2.321E-02 -2.320E-02 -2.319E-02 -2.318E-02 -2.316E-02 -2.315E-02 -2.313E-02 -2.312E-02 -2.310E-02 -2.308E-02 -2.306E-02 -2.304E-02 -2.302E-02 -2.300E-02 -2.298E-02 -2.296E-02 -2.295E-02 -2.293E-02 -2.291E-02 -2.289E-02 -2.288E-02 -2.286E-02 -2.284E-02 -2.282E-02 -2.279E-02 -2.275E-02 
+0.00192500 -1.437E-02 -1.441E-02 -1.444E-02 -1.446E-02 -1.448E-02 -1.449E-02 -1.451E-02 -1.452E-02 -1.454E-02 -1.455E-02 -1.457E-02 -1.458E-02 -1.459E-02 -1.461E-02 -1.462E-02 -1.464E-02 -1.465E-02 -1.466E-02 -1.467E-02 -1.468E-02 -1.469E-02 -1.470E-02 -1.471E-02 -1.472E-02 -1.473E-02 -1.474E-02 -1.474E-02 -1.475E-02 -1.476E-02 -1.476E-02 -1.477E-02 -1.477E-02 -1.477E-02 -1.478E-02 -1.478E-02 -1.478E-02 -1.478E-02 -1.478E-02 -1.478E-02 -1.478E-02 -1.478E-02 -1.478E-02 -1.478E-02 -1.478E-02 -1.478E-02 -1.478E-02 -1.478E-02 -1.478E-02 -1.477E-02 -1.477E-02 -1.477E-02 -1.476E-02 -1.476E-02 -1.475E-02 -1.474E-02 -1.474E-02 -1.473E-02 -1.472E-02 -1.471E-02 -1.470E-02 -1.469E-02 -1.468E-02 -1.467E-02 -1.466E-02 -1.465E-02 -1.464E-02 -1.462E-02 -1.461E-02 -1.459E-02 -1.458E-02 -1.457E-02 -1.455E-02 -1.454E-02 -1.452E-02 -1.451E-02 -1.449E-02 -1.448E-02 -1.446E-02 -1.444E-02 -1.441E-02 -1.437E-02 
+0.00096250 -6.123E-03 -6.145E-03 -6.161E-03 -6.173E-03 -6.183E-03 -6.191E-03 -6.199E-03 -6.206E-03 -6.213E-03 -6.220E-03 -6.227E-03 -6.233E-03 -6.240E-03 -6.246E-03 -6.252E-03 -6.258E-03 -6.264E-03 -6.270E-03 -6.275E-03 -6.280E-03 -6.285E-03 -6.289E-03 -6.294E-03 -6.297E-03 -6.301E-03 -6.304E-03 -6.307E-03 -6.310E-03 -6.313E-03 -6.315E-03 -6.317E-03 -6.319E-03 -6.320E-03 -6.321E-03 -6.322E-03 -6.323E-03 -6.324E-03 -6.324E-03 -6.325E-03 -6.325E-03 -6.325E-03 -6.325E-03 -6.325E-03 -6.324E-03 -6.324E-03 -6.323E-03 -6.322E-03 -6.321E-03 -6.320E-03 -6.319E-03 -6.317E-03 -6.315E-03 -6.313E-03 -6.310E-03 -6.307E-03 -6.304E-03 -6.301E-03 -6.297E-03 -6.294E-03 -6.289E-03 -6.285E-03 -6.280E-03 -6.275E-03 -6.270E-03 -6.264E-03 -6.258E-03 -6.252E-03 -6.246E-03 -6.240E-03 -6.233E-03 -6.227E-03 -6.220E-03 -6.213E-03 -6.206E-03 -6.199E-03 -6.191E-03 -6.183E-03 -6.173E-03 -6.161E-03 -6.145E-03 -6.123E-03 
+0.00000000 +0.000E+00 +0.000E+00 +0.000E+00 +0.000E+00 +0.000E+00 +0.000E+00 +0.000E+00 +0.000E+00 +0.000E+00 +0.000E+00 +0.000E+00 +0.000E+00 +0.000E+00 +0.000E+00 +0.000E+00 +0.000E+00 +0.000E+00 +0.000E+00 +0.000E+00 +0.000E+00 +0.000E+00 +0.000E+00 +0.000E+00 +0.000E+00 +0.000E+00 +0.000E+00 +0.000E+00 +0.000E+00 +0.000E+00 +0.000E+00 +0.000E+00 +0.000E+00 +0.000E+00 +0.000E+00 +0.000E+00 +0.000E+00 +0.000E+00 +0.000E+00 +0.000E+00 +0.000E+00 +0.000E+00 +0.000E+00 +0.000E+00 +0.000E+00 +0.000E+00 +0.000E+00 +0.000E+00 +0.000E+00 +0.000E+00 +0.000E+00 +0.000E+00 +0.000E+00 +0.000E+00 +0.000E+00 +0.000E+00 +0.000E+00 +0.000E+00 +0.000E+00 +0.000E+00 +0.000E+00 +0.000E+00 +0.000E+00 +0.000E+00 +0.000E+00 +0.000E+00 +0.000E+00 +0.000E+00 +0.000E+00 +0.000E+00 +0.000E+00 +0.000E+00 +0.000E+00 +0.000E+00 +0.000E+00 +0.000E+00 +0.000E+00 +0.000E+00 +0.000E+00 +0.000E+00 +0.000E+00 +0.000E+00 
-0.00096250 +6.123E-03 +6.145E-03 +6.161E-03 +6.173E-03 +6.183E-03 +6.191E-03 +6.199E-03 +6.206E-03 +6.213E-03 +6.220E-03 +6.227E-03 +6.233E-03 +6.240E-03 +6.246E-03 +6.252E-03 +6.258E-03 +6.264E-03 +6.270E-03 +6.275E-03 +6.280E-03 +6.285E-03 +6.289E-03 +6.294E-03 +6.297E-03 +6.301E-03 +6.304E-03 +6.307E-03 +6.310E-03 +6.313E-03 +6.315E-03 +6.317E-03 +6.319E-03 +6.320E-03 +6.321E-03 +6.322E-03 +6.323E-03 +6.324E-03 +6.324E-03 +6.325E-03 +6.325E-03 +6.325E-03 +6.325E-03 +6.325E-03 +6.324E-03 +6.324E-03 +6.323E-03 +6.322E-03 +6.321E-03 +6.320E-03 +6.319E-03 +6.317E-03 +6.315E-03 +6.313E-03 +6.310E-03 +6.307E-03 +6.304E-03 +6.301E-03 +6.297E-03 +6.294E-03 +6.289E-03 +6.285E-03 +6.280E-03 +6.275E-03 +6.270E-03 +6.264E-03 +6.258E-03 +6.252E-03 +6.246E-03 +6.240E-03 +6.233E-03 +6.227E-03 +6.220E-03 +6.213E-03 +6.206E-03 +6.199E-03 +6.191E-03 +6.183E-03 +6.173E-03 +6.161E-03 +6.145E-03 +6.123E-03 
-0.00192500 +1.437E-02 +1.441E-02 +1.444E-02 +1.446E-02 +1.448E-02 +1.449E-02 +1.451E-02 +1.452E-02 +1.454E-02 +1.455E-02 +1.457E-02 +1.458E-02 +1.459E-02 +1.461E-02 +1.462E-02 +1.464E-02 +1.465E-02 +1.466E-02 +1.467E-02 +1.468E-02 +1.469E-02 +1.470E-02 +1.471E-02 +1.472E-02 +1.473E-02 +1.474E-02 +1.474E-02 +1.475E-02 +1.476E-02 +1.476E-02 +1.477E-02 +1.477E-02 +1.477E-02 +1.478E-02 +1.478E-02 +1.478E-02 +1.478E-02 +1.478E-02 +1.478E-02 +1.478E-02 +1.478E-02 +1.478E-02 +1.478E-02 +1.478E-02 +1.478E-02 +1.478E-02 +1.478E-02 +1.478E-02 +1.477E-02 +1.477E-02 +1.477E-02 +1.476E-02 +1.476E-02 +1.475E-02 +1.474E-02 +1.474E-02 +1.473E-02 +1.472E-02 +1.471E-02 +1.470E-02 +1.469E-02 +1.468E-02 +1.467E-02 +1.466E-02 +1.465E-02 +1.464E-02 +1.462E-02 +1.461E-02 +1.459E-02 +1.458E-02 +1.457E-02 +1.455E-02 +1.454E-02 +1.452E-02 +1.451E-02 +1.449E-02 +1.448E-02 +1.446E-02 +1.444E-02 +1.441E-02 +1.437E-02 
-0.00288750 +2.275E-02 +2.279E-02 +2.282E-02 +2.284E-02 +2.286E-02 +2.288E-02 +2.289E-02 +2.291E-02 +2.293E-02 +2.295E-02 +2.296E-02 +2.298E-02 +2.300E-02 +2.302E-02 +2.304E-02 +2.306E-02 +2.308E-02 +2.310E-02 +2.312E-02 +2.313E-02 +2.315E-02 +2.316E-02 +2.318E-02 +2.319E-02 +2.320E-02 +2.321E-02 +2.322E-02 +2.323E-02 +2.324E-02 +2.325E-02 +2.325E-02 +2.326E-02 +2.326E-02 +2.327E-02 +2.327E-02 +2.327E-02 +2.328E-02 +2.328E-02 +2.328E-02 +2.328E-02 +2.328E-02 +2.328E-02 +2.328E-02 +2.328E-02 +2.328E-02 +2.327E-02 +2.327E-02 +2.327E-02 +2.326E-02 +2.326E-02 +2.325E-02 +2.325E-02 +2.324E-02 +2.323E-02 +2.322E-02 +2.321E-02 +2.320E-02 +2.319E-02 +2.318E-02 +2.316E-02 +2.315E-02 +2.313E-02 +2.312E-02 +2.310E-02 +2.308E-02 +2.306E-02 +2.304E-02 +2.302E-02 +2.300E-02 +2.298E-02 +2.296E-02 +2.295E-02 +2.293E-02 +2.291E-02 +2.289E-02 +2.288E-02 +2.286E-02 +2.284E-02 +2.282E-02 +2.279E-02 +2.275E-02 
-0.00385000 +3.222E-02 +3.223E-02 +3.224E-02 +3.224E-02 +3.225E-02 +3.225E-02 +3.226E-02 +3.228E-02 +3.229E-02 +3.231E-02 +3.233E-02 +3.235E-02 +3.238E-02 +3.240E-02 +3.242E-02 +3.245E-02 +3.247E-02 +3.249E-02 +3.251E-02 +3.253E-02 +3.255E-02 +3.257E-02 +3.259E-02 +3.261E-02 +3.262E-02 +3.264E-02 +3.265E-02 +3.266E-02 +3.267E-02 +3.268E-02 +3.269E-02 +3.270E-02 +3.270E-02 +3.271E-02 +3.271E-02 +3.272E-02 +3.272E-02 +3.272E-02 +3.272E-02 +3.272E-02 +3.272E-02 +3.272E-02 +3.272E-02 +3.272E-02 +3.272E-02 +3.272E-02 +3.271E-02 +3.271E-02 +3.270E-02 +3.270E-02 +3.269E-02 +3.268E-02 +3.267E-02 +3.266E-02 +3.265E-02 +3.264E-02 +3.262E-02 +3.261E-02 +3.259E-02 +3.257E-02 +3.255E-02 +3.253E-02 +3.251E-02 +3.249E-02 +3.247E-02 +3.245E-02 +3.242E-02 +3.240E-02 +3.238E-02 +3.235E-02 +3.233E-02 +3.231E-02 +3.229E-02 +3.228E-02 +3.226E-02 +3.225E-02 +3.225E-02 +3.224E-02 +3.224E-02 +3.223E-02 +3.222E-02 
-0.00481250 +4.320E-02 +4.316E-02 +4.312E-02 +4.309E-02 +4.306E-02 +4.305E-02 +4.305E-02 +4.305E-02 +4.306E-02 +4.307E-02 +4.309E-02 +4.311E-02 +4.314E-02 +4.316E-02 +4.319E-02 +4.321E-02 +4.324E-02 +4.326E-02 +4.329E-02 +4.331E-02 +4.333E-02 +4.335E-02 +4.337E-02 +4.339E-02 +4.341E-02 +4.343E-02 +4.344E-02 +4.346E-02 +4.347E-02 +4.348E-02 +4.349E-02 +4.350E-02 +4.351E-02 +4.352E-02 +4.352E-02 +4.353E-02 +4.353E-02 +4.353E-02 +4.353E-02 +4.353E-02 +4.353E-02 +4.353E-02 +4.353E-02 +4.353E-02 +4.353E-02 +4.353E-02 +4.352E-02 +4.352E-02 +4.351E-02 +4.350E-02 +4.349E-02 +4.348E-02 +4.347E-02 +4.346E-02 +4.344E-02 +4.343E-02 +4.341E-02 +4.339E-02 +4.337E-02 +4.335E-02 +4.333E-02 +4.331E-02 +4.329E-02 +4.326E-02 +4.324E-02 +4.321E-02 +4.319E-02 +4.316E-02 +4.314E-02 +4.311E-02 +4.309E-02 +4.307E-02 +4.306E-02 +4.305E-02 +4.305E-02 +4.305E-02 +4.306E-02 +4.309E-02 +4.312E-02 +4.316E-02 +4.320E-02 
-0.00577500 +5.620E-02 +5.606E-02 +5.595E-02 +5.586E-02 +5.580E-02 +5.575E-02 +5.572E-02 +5.571E-02 +5.570E-02 +5.571E-02 +5.572E-02 +5.573E-02 +5.575E-02 +5.578E-02 +5.580E-02 +5.583E-02 +5.585E-02 +5.588E-02 +5.591E-02 +5.593E-02 +5.596E-02 +5.598E-02 +5.600E-02 +5.602E-02 +5.604E-02 +5.606E-02 +5.608E-02 +5.609E-02 +5.611E-02 +5.612E-02 +5.613E-02 +5.614E-02 +5.615E-02 +5.616E-02 +5.617E-02 +5.617E-02 +5.617E-02 +5.617E-02 +5.617E-02 +5.617E-02 +5.616E-02 +5.617E-02 +5.617E-02 +5.617E-02 +5.617E-02 +5.617E-02 +5.617E-02 +5.616E-02 +5.615E-02 +5.614E-02 +5.613E-02 +5.612E-02 +5.611E-02 +5.609E-02 +5.608E-02 +5.606E-02 +5.604E-02 +5.602E-02 +5.600E-02 +5.598E-02 +5.596E-02 +5.593E-02 +5.591E-02 +5.588E-02 +5.585E-02 +5.583E-02 +5.580E-02 +5.578E-02 +5.575E-02 +5.573E-02 +5.572E-02 +5.571E-02 +5.570E-02 +5.571E-02 +5.572E-02 +5.575E-02 +5.580E-02 +5.586E-02 +5.595E-02 +5.606E-02 +5.620E-02 
-0.00673750 +7.182E-02 +7.155E-02 +7.134E-02 +7.118E-02 +7.106E-02 +7.097E-02 +7.090E-02 +7.086E-02 +7.084E-02 +7.083E-02 +7.082E-02 +7.083E-02 +7.084E-02 +7.086E-02 +7.088E-02 +7.091E-02 +7.093E-02 +7.096E-02 +7.098E-02 +7.101E-02 +7.103E-02 +7.106E-02 +7.108E-02 +7.110E-02 +7.112E-02 +7.114E-02 +7.116E-02 +7.118E-02 +7.119E-02 +7.121E-02 +7.122E-02 +7.123E-02 +7.124E-02 +7.125E-02 +7.126E-02 +7.126E-02 +7.127E-02 +7.127E-02 +7.126E-02 +7.124E-02 +7.123E-02 +7.124E-02 +7.126E-02 +7.127E-02 +7.127E-02 +7.126E-02 +7.126E-02 +7.125E-02 +7.124E-02 +7.123E-02 +7.122E-02 +7.121E-02 +7.119E-02 +7.118E-02 +7.116E-02 +7.114E-02 +7.112E-02 +7.110E-02 +7.108E-02 +7.106E-02 +7.103E-02 +7.101E-02 +7.098E-02 +7.096E-02 +7.093E-02 +7.091E-02 +7.088E-02 +7.086E-02 +7.084E-02 +7.083E-02 +7.082E-02 +7.083E-02 +7.084E-02 +7.086E-02 +7.090E-02 +7.097E-02 +7.106E-02 +7.118E-02 +7.134E-02 +7.155E-02 +7.182E-02 
-0.00770000 +8.809E-02 +8.768E-02 +8.736E-02 +8.712E-02 +8.693E-02 +8.680E-02 +8.670E-02 +8.662E-02 +8.658E-02 +8.654E-02 +8.653E-02 +8.652E-02 +8.653E-02 +8.654E-02 +8.656E-02 +8.657E-02 +8.660E-02 +8.662E-02 +8.664E-02 +8.667E-02 +8.669E-02 +8.672E-02 +8.674E-02 +8.676E-02 +8.678E-02 +8.680E-02 +8.682E-02 +8.684E-02 +8.685E-02 +8.687E-02 +8.688E-02 +8.689E-02 +8.691E-02 +8.692E-02 +8.692E-02 +8.693E-02 +8.693E-02 +8.693E-02 +8.692E-02 +8.688E-02 +8.686E-02 +8.688E-02 +8.692E-02 +8.693E-02 +8.693E-02 +8.693E-02 +8.692E-02 +8.692E-02 +8.691E-02 +8.689E-02 +8.688E-02 +8.687E-02 +8.685E-02 +8.684E-02 +8.682E-02 +8.680E-02 +8.678E-02 +8.676E-02 +8.674E-02 +8.672E-02 +8.669E-02 +8.667E-02 +8.664E-02 +8.662E-02 +8.660E-02 +8.657E-02 +8.656E-02 +8.654E-02 +8.653E-02 +8.652E-02 +8.653E-02 +8.654E-02 +8.658E-02 +8.662E-02 +8.670E-02 +8.680E-02 +8.693E-02 +8.712E-02 +8.736E-02 +8.768E-02 +8.809E-02 
