Arquivo: c:\arq\medidas\BBA_2205_071750\BBA_AMP04A_H.dat
Data: 2205	 Hora:  0736
Comentário: 
NomeParametro	 ValorParametro
Nmedias	5
PausaCorretora	3000
PausaShunt	2000
PausaLeitura	500
NumCiclos	3
 NPassosCor	7
DeltaShunt	3.00
TetaIni	-0.10
TetaFim	0.10
I[mA]	 146.2
ACH09A	DeltaPos^2	AMP04A	AMP01B_0	AMP02A_0	AMP02B_0	AMP03A_0	AMP03B_0	AMP03C_0	AMP04A_0	AMP04B_0	AMP05A_0	AMP05B_0	AMP06A_0	AMP06B_0	AMP07A_0	AMP07B_0	AMP08A_0	AMP08B_0	AMP09A_0	AMP09B_0	AMP10A_0	AMP10B_0	AMU11A_0	AMU11B_0	AMP12A_0	AMP12B_0	AMP01A_0	AMP01B_1	AMP02A_1	AMP02B_1	AMP03A_1	AMP03B_1	AMP03C_1	AMP04A_1	AMP04B_1	AMP05A_1	AMP05B_1	AMP06A_1	AMP06B_1	AMP07A_1	AMP07B_1	AMP08A_1	AMP08B_1	AMP09A_1	AMP09B_1	AMP10A_1	AMP10B_1	AMU11A_1	AMU11B_1	AMP12A_1	AMP12B_1	AMP01A_1	
-0.1000	 2.30347394417523E-0003	-0.6500	-0.4203	0.1620	-2.4271	0.7304	-0.0007	-2.0365	-0.6500	-0.6506	-1.3093	0.2719	0.6723	-0.9469	-0.8229	-0.5770	-0.0089	0.4031	-1.1354	-1.2560	-0.0118	-0.2741	0.3415	0.3170	-0.9270	-1.0665	0.6284	-0.3526	0.1505	-2.4618	0.6959	-0.0098	-2.0275	-0.6282	-0.6229	-1.3621	0.2002	0.6605	-0.9371	-0.8072	-0.5870	-0.0523	0.3809	-1.0619	-1.1983	-0.0689	-0.3235	0.4299	0.4097	-0.9732	-1.1226	0.6737	
-0.0667	 1.75532065610879E-0003	-0.5226	-0.6621	0.3407	-2.2876	0.3529	-0.3894	-2.1778	-0.5226	-0.4746	-1.5015	-0.0043	0.6716	-0.8552	-0.7261	-0.5826	-0.1341	0.3603	-0.8088	-0.8579	-0.0641	-0.4250	0.3546	0.4240	-0.8183	-1.0674	0.3104	-0.6032	0.3311	-2.3178	0.3222	-0.3980	-2.1700	-0.5030	-0.4500	-1.5482	-0.0680	0.6615	-0.8458	-0.7129	-0.5917	-0.1718	0.3414	-0.7447	-0.8075	-0.1141	-0.4680	0.4315	0.5047	-0.8582	-1.1160	0.3494	
-0.0333	 1.29856538249014E-0003	-0.3936	-0.9067	0.5210	-2.1466	-0.0279	-0.7810	-2.3200	-0.3936	-0.2973	-1.6961	-0.2835	0.6717	-0.7621	-0.6303	-0.5899	-0.2598	0.3180	-0.4809	-0.4564	-0.1167	-0.5761	0.3669	0.5309	-0.7085	-1.0676	-0.0103	-0.8560	0.5130	-2.1722	-0.0551	-0.7887	-2.3133	-0.3765	-0.2755	-1.7365	-0.3386	0.6633	-0.7538	-0.6190	-0.5982	-0.2916	0.3025	-0.4256	-0.4133	-0.1598	-0.6129	0.4328	0.6001	-0.7429	-1.1094	0.0231	
0.0000	 9.19728365800327E-0004	-0.2642	-1.1525	0.7015	-2.0049	-0.4105	-1.1732	-2.4616	-0.2642	-0.1201	-1.8911	-0.5630	0.6725	-0.6685	-0.5357	-0.5983	-0.3844	0.2767	-0.1541	-0.0554	-0.1677	-0.7265	0.3773	0.6360	-0.5973	-1.0664	-0.3327	-1.1100	0.6951	-2.0260	-0.4325	-1.1792	-2.4563	-0.2499	-0.1014	-1.9250	-0.6094	0.6652	-0.6614	-0.5258	-0.6054	-0.4119	0.2632	-0.1074	-0.0194	-0.2045	-0.7577	0.4326	0.6942	-0.6263	-1.1014	-0.3048	
0.0333	 6.16240363008379E-0004	-0.1350	-1.3984	0.8822	-1.8620	-0.7921	-1.5645	-2.6039	-0.1350	0.0571	-2.0870	-0.8431	0.6737	-0.5746	-0.4426	-0.6086	-0.5087	0.2357	0.1718	0.3442	-0.2186	-0.8764	0.3860	0.7395	-0.4858	-1.0647	-0.6566	-1.3633	0.8768	-1.8796	-0.8100	-1.5688	-2.5992	-0.1232	0.0724	-2.1147	-0.8810	0.6684	-0.5683	-0.4346	-0.6142	-0.5309	0.2249	0.2097	0.3734	-0.2488	-0.9021	0.4313	0.7871	-0.5098	-1.0937	-0.6335	
0.0667	 3.63738099675420E-0004	-0.0059	-1.6444	1.0622	-1.7194	-1.1728	-1.9539	-2.7454	-0.0059	0.2336	-2.2836	-1.1236	0.6762	-0.4800	-0.3506	-0.6198	-0.6325	0.1953	0.4966	0.7427	-0.2694	-1.0268	0.3941	0.8422	-0.3748	-1.0629	-0.9803	-1.6175	1.0587	-1.7328	-1.1877	-1.9582	-2.7418	0.0044	0.2465	-2.3052	-1.1532	0.6720	-0.4749	-0.3449	-0.6248	-0.6493	0.1873	0.5256	0.7646	-0.2921	-1.0456	0.4290	0.8785	-0.3930	-1.0850	-0.9625	
0.1000	 1.70989098466093E-0004	0.1238	-1.8894	1.2411	-1.5776	-1.5524	-2.3411	-2.8863	0.1238	0.4096	-2.4800	-1.4033	0.6792	-0.3856	-0.2613	-0.6331	-0.7552	0.1562	0.8188	1.1380	-0.3195	-1.1754	0.4015	0.9435	-0.2636	-1.0610	-1.3015	-1.8709	1.2392	-1.5859	-1.5628	-2.3439	-2.8836	0.1315	0.4194	-2.4954	-1.4244	0.6769	-0.3809	-0.2579	-0.6373	-0.7663	0.1512	0.8386	1.1529	-0.3350	-1.1881	0.4253	0.9683	-0.2759	-1.0754	-1.2895	
