Arquivo: c:\arq\medidas\BBA_2205_071750\BBA_AMP07B_V.dat
Data: 2205	 Hora:  0759
Comentário: 
NomeParametro	 ValorParametro
Nmedias	5
PausaCorretora	3000
PausaShunt	2000
PausaLeitura	500
NumCiclos	3
 NPassosCor	7
DeltaShunt	3.00
TetaIni	-0.10
TetaFim	0.10
I[mA]	  53.8
ACV07B	DeltaPos^2	AMP07B	AMP01B_0	AMP02A_0	AMP02B_0	AMP03A_0	AMP03B_0	AMP03C_0	AMP04A_0	AMP04B_0	AMP05A_0	AMP05B_0	AMP06A_0	AMP06B_0	AMP07A_0	AMP07B_0	AMP08A_0	AMP08B_0	AMP09A_0	AMP09B_0	AMP10A_0	AMP10B_0	AMU11A_0	AMU11B_0	AMP12A_0	AMP12B_0	AMP01A_0	AMP01B_1	AMP02A_1	AMP02B_1	AMP03A_1	AMP03B_1	AMP03C_1	AMP04A_1	AMP04B_1	AMP05A_1	AMP05B_1	AMP06A_1	AMP06B_1	AMP07A_1	AMP07B_1	AMP08A_1	AMP08B_1	AMP09A_1	AMP09B_1	AMP10A_1	AMP10B_1	AMU11A_1	AMU11B_1	AMP12A_1	AMP12B_1	AMP01A_1	
-0.1000	 6.18616351580372E-0003	-0.7475	-1.4412	-0.7495	0.3574	0.8524	2.5219	1.0023	0.4514	-1.0107	-0.2386	1.7833	1.8544	-0.1770	0.6015	-0.7475	0.2264	-0.5202	-0.2794	0.9647	0.9715	0.1689	0.1694	1.7069	1.5025	1.3975	1.0261	-1.5720	-0.8304	0.3542	0.8974	2.5609	1.0501	0.4439	-1.0961	-0.3700	1.8869	1.9444	-0.1062	0.6634	-0.8713	0.1354	-0.5718	-0.3066	1.0680	1.0141	0.1151	0.0778	1.7343	1.5641	1.4848	1.1258	
-0.0667	 2.91982668351211E-0003	-0.3988	-1.0804	-0.5224	0.3758	0.7423	2.4044	0.8465	0.4632	-0.7768	0.1245	1.5076	1.6074	-0.3796	0.4191	-0.3988	0.4789	-0.3721	-0.1966	0.6735	0.8483	0.3150	0.4244	1.6372	1.3321	1.1532	0.7448	-1.1705	-0.5777	0.3738	0.7731	2.4310	0.8787	0.4577	-0.8355	0.0342	1.5792	1.6692	-0.3311	0.4620	-0.4842	0.4167	-0.4072	-0.2148	0.7440	0.8773	0.2780	0.3615	1.6566	1.3747	1.2133	0.8133	
-0.0333	 8.02347841890365E-0004	-0.0422	-0.7104	-0.2892	0.3947	0.6290	2.2834	0.6863	0.4746	-0.5375	0.4952	1.2263	1.3543	-0.5874	0.2318	-0.0422	0.7375	-0.2204	-0.1124	0.3760	0.7223	0.4645	0.6847	1.5656	1.1579	0.9027	0.4571	-0.7583	-0.3184	0.3940	0.6460	2.2975	0.7021	0.4716	-0.5685	0.4482	1.2645	1.3872	-0.5620	0.2545	-0.0871	0.7050	-0.2386	-0.1216	0.4124	0.7372	0.4452	0.6524	1.5762	1.1800	0.9340	0.4930	
0.0000	 3.40823933175157E-0006	0.3179	-0.3362	-0.0540	0.4142	0.5154	2.1605	0.5238	0.4862	-0.2959	0.8684	0.9417	1.0987	-0.7974	0.0417	0.3179	0.9992	-0.0675	-0.0281	0.0751	0.5954	0.6157	0.9479	1.4931	0.9804	0.6490	0.1666	-0.3399	-0.0556	0.4151	0.5179	2.1606	0.5224	0.4848	-0.2982	0.8656	0.9454	1.1008	-0.7962	0.0427	0.3155	0.9974	-0.0682	-0.0282	0.0763	0.5958	0.6149	0.9469	1.4945	0.9815	0.6510	0.1687	
0.0333	 6.33152001720383E-0004	0.6810	0.0399	0.1836	0.4341	0.4013	2.0360	0.3591	0.4968	-0.0528	1.2447	0.6559	0.8401	-1.0092	-0.1506	0.6810	1.2625	0.0868	0.0568	-0.2275	0.4679	0.7688	1.2123	1.4197	0.8016	0.3935	-0.1255	0.0801	0.2095	0.4365	0.3895	2.0224	0.3402	0.4978	-0.0263	1.2863	0.6252	0.8124	-1.0326	-0.1714	0.7208	1.2916	0.1040	0.0661	-0.2619	0.4537	0.7862	1.2430	1.4118	0.7811	0.3653	-0.1574	
0.0667	 2.71376645441225E-0003	1.0446	0.4161	0.4207	0.4544	0.2874	1.9109	0.1932	0.5075	0.1912	1.6206	0.3685	0.5816	-1.2213	-0.3440	1.0446	1.5257	0.2416	0.1427	-0.5313	0.3394	0.9222	1.4771	1.3461	0.6223	0.1372	-0.4195	0.5011	0.4740	0.4584	0.2610	1.8830	0.1564	0.5103	0.2463	1.7063	0.3030	0.5229	-1.2687	-0.3865	1.1272	1.5861	0.2766	0.1614	-0.6017	0.3110	0.9579	1.5391	1.3293	0.5805	0.0788	-0.4857	
0.1000	 6.20701424810764E-0003	1.4062	0.7916	0.6574	0.4747	0.1735	1.7856	0.0278	0.5181	0.4334	1.9938	0.0815	0.3234	-1.4324	-0.5366	1.4062	1.7880	0.3964	0.2285	-0.8352	0.2111	1.0745	1.7408	1.2738	0.4436	-0.1188	-0.7130	0.9211	0.7383	0.4806	0.1328	1.7437	-0.0269	0.5230	0.5174	2.1232	-0.0186	0.2345	-1.5042	-0.6006	1.5304	1.8788	0.4488	0.2567	-0.9412	0.1677	1.1289	1.8342	1.2476	0.3801	-0.2066	-0.8129	
