Arquivo: c:\arq\medidas\BBA_2205_071750\BBA_AMP12A_V.dat
Data: 2205	 Hora:  0827
Comentário: 
NomeParametro	 ValorParametro
Nmedias	5
PausaCorretora	3000
PausaShunt	2000
PausaLeitura	500
NumCiclos	3
 NPassosCor	7
DeltaShunt	3.00
TetaIni	-0.10
TetaFim	0.10
I[mA]	  32.5
ACV09A	DeltaPos^2	AMP12A	AMP01B_0	AMP02A_0	AMP02B_0	AMP03A_0	AMP03B_0	AMP03C_0	AMP04A_0	AMP04B_0	AMP05A_0	AMP05B_0	AMP06A_0	AMP06B_0	AMP07A_0	AMP07B_0	AMP08A_0	AMP08B_0	AMP09A_0	AMP09B_0	AMP10A_0	AMP10B_0	AMU11A_0	AMU11B_0	AMP12A_0	AMP12B_0	AMP01A_0	AMP01B_1	AMP02A_1	AMP02B_1	AMP03A_1	AMP03B_1	AMP03C_1	AMP04A_1	AMP04B_1	AMP05A_1	AMP05B_1	AMP06A_1	AMP06B_1	AMP07A_1	AMP07B_1	AMP08A_1	AMP08B_1	AMP09A_1	AMP09B_1	AMP10A_1	AMP10B_1	AMU11A_1	AMU11B_1	AMP12A_1	AMP12B_1	AMP01A_1	
-0.1000	 3.45626140450879E-0004	0.3450	-0.1516	-0.1979	-0.2506	-0.5110	2.8231	2.1806	1.1877	0.1102	1.0963	0.1546	0.7498	-0.4465	0.8556	0.0599	0.5867	-0.7452	-0.9332	0.5220	1.1193	1.3070	1.5238	0.6994	0.3450	0.6209	0.5126	-0.1217	-0.1813	-0.2550	-0.5269	2.8124	2.1816	1.1945	0.1324	1.1250	0.1258	0.7263	-0.4598	0.8415	0.0851	0.5978	-0.7558	-0.9532	0.5294	1.1319	1.3277	1.5363	0.6739	0.3242	0.6010	0.4921	
-0.0667	 1.70008621763417E-0004	0.5489	-0.2041	-0.1467	-0.0360	-0.1835	2.6114	1.6496	0.9625	-0.0156	1.0327	0.4013	0.8575	-0.5646	0.5925	0.1510	0.7238	-0.5246	-0.6406	0.3770	0.9502	1.0901	1.3517	0.9588	0.5489	0.6267	0.3973	-0.1832	-0.1354	-0.0392	-0.1953	2.6020	1.6504	0.9670	-0.0001	1.0518	0.3800	0.8405	-0.5738	0.5820	0.1675	0.7312	-0.5322	-0.6545	0.3826	0.9591	1.1041	1.3575	0.9392	0.5349	0.6129	0.3832	
-0.0333	 5.66076222433462E-0005	0.7558	-0.2582	-0.0958	0.1814	0.1484	2.3972	1.1101	0.7344	-0.1432	0.9676	0.6507	0.9662	-0.6837	0.3265	0.2422	0.8619	-0.3015	-0.3441	0.2303	0.7794	0.8702	1.1760	1.2200	0.7558	0.6329	0.2811	-0.2466	-0.0894	0.1794	0.1404	2.3892	1.1103	0.7371	-0.1348	0.9774	0.6372	0.9565	-0.6886	0.3198	0.2497	0.8657	-0.3059	-0.3519	0.2342	0.7843	0.8772	1.1761	1.2067	0.7477	0.6254	0.2738	
0.0000	 4.70100099732030E-0006	0.9639	-0.3129	-0.0444	0.3996	0.4820	2.1785	0.5630	0.5046	-0.2714	0.9022	0.9007	1.0756	-0.8037	0.0575	0.3342	1.0012	-0.0763	-0.0452	0.0826	0.6076	0.6477	0.9982	1.4829	0.9639	0.6400	0.1643	-0.3116	-0.0440	0.3988	0.4796	2.1738	0.5626	0.5047	-0.2705	0.9014	0.8966	1.0740	-0.8040	0.0555	0.3324	1.0010	-0.0771	-0.0457	0.0844	0.6076	0.6476	0.9930	1.4777	0.9632	0.6395	0.1641	
0.0333	 4.22961236750335E-0005	1.1729	-0.3678	0.0070	0.6185	0.8162	1.9580	0.0130	0.2738	-0.3995	0.8375	1.1515	1.1850	-0.9245	-0.2126	0.4262	1.1409	0.1496	0.2548	-0.0653	0.4350	0.4241	0.8183	1.7452	1.1729	0.6471	0.0477	-0.3780	0.0012	0.6193	0.8198	1.9563	0.0123	0.2716	-0.4070	0.8260	1.1584	1.1924	-0.9199	-0.2097	0.4150	1.1365	0.1530	0.2622	-0.0664	0.4300	0.4164	0.8078	1.7490	1.1803	0.6540	0.0550	
0.0667	 1.76866619216710E-0004	1.3820	-0.4239	0.0579	0.8374	1.1492	1.7370	-0.5376	0.0431	-0.5273	0.7730	1.4008	1.2941	-1.0450	-0.4823	0.5181	1.2802	0.3747	0.5535	-0.2122	0.2623	0.2006	0.6377	2.0061	1.3820	0.6547	-0.0683	-0.4451	0.0458	0.8398	1.1594	1.7380	-0.5390	0.0383	-0.5430	0.7505	1.4188	1.3100	-1.0355	-0.4755	0.4979	1.2719	0.3825	0.5696	-0.2165	0.2527	0.1850	0.6216	2.0198	1.3966	0.6687	-0.0537	
0.1000	 4.13576265061687E-0004	1.5911	-0.4810	0.1083	1.0558	1.4803	1.5161	-1.0876	-0.1873	-0.6551	0.7079	1.6499	1.4029	-1.1655	-0.7512	0.6097	1.4197	0.6002	0.8520	-0.3585	0.0896	-0.0235	0.4566	2.2668	1.5911	0.6628	-0.1830	-0.5137	0.0901	1.0602	1.4979	1.5194	-1.0898	-0.1950	-0.6794	0.6743	1.6791	1.4274	-1.1511	-0.7420	0.5805	1.4074	0.6121	0.8771	-0.3661	0.0753	-0.0470	0.4342	2.2903	1.6134	0.6844	-0.1615	
