Arquivo: c:\arq\medidas\BBA_2205_071750\BBA_AMP01B_H.dat
Data: 2205	 Hora:  0718
Comentário: 
NomeParametro	 ValorParametro
Nmedias	5
PausaCorretora	3000
PausaShunt	2000
PausaLeitura	500
NumCiclos	3
 NPassosCor	7
DeltaShunt	3.00
TetaIni	-0.10
TetaFim	0.10
I[mA]	 147.8
ACH07B	DeltaPos^2	AMP01B	AMP01B_0	AMP02A_0	AMP02B_0	AMP03A_0	AMP03B_0	AMP03C_0	AMP04A_0	AMP04B_0	AMP05A_0	AMP05B_0	AMP06A_0	AMP06B_0	AMP07A_0	AMP07B_0	AMP08A_0	AMP08B_0	AMP09A_0	AMP09B_0	AMP10A_0	AMP10B_0	AMU11A_0	AMU11B_0	AMP12A_0	AMP12B_0	AMP01A_0	AMP01B_1	AMP02A_1	AMP02B_1	AMP03A_1	AMP03B_1	AMP03C_1	AMP04A_1	AMP04B_1	AMP05A_1	AMP05B_1	AMP06A_1	AMP06B_1	AMP07A_1	AMP07B_1	AMP08A_1	AMP08B_1	AMP09A_1	AMP09B_1	AMP10A_1	AMP10B_1	AMU11A_1	AMU11B_1	AMP12A_1	AMP12B_1	AMP01A_1	
-0.1000	 4.41363710340657E-0003	0.1145	0.1145	0.3232	-2.5380	0.1198	-0.3526	-2.0387	-0.1558	-0.3678	-2.4573	-0.7700	1.2209	-0.3958	-1.8857	-1.7907	-0.2132	0.7362	-0.1525	-0.4111	-0.4572	-0.7056	1.2493	1.3271	-1.1618	-1.4745	0.8923	0.0180	0.3253	-2.5064	0.1487	-0.3553	-2.0539	-0.1975	-0.3806	-2.3498	-0.6819	1.1600	-0.4470	-1.7564	-1.6570	-0.2593	0.6752	-0.0826	-0.3126	-0.4590	-0.7395	1.2211	1.3250	-1.1187	-1.4602	0.7811	
-0.0667	 1.52375031431369E-0003	-0.3154	-0.3154	0.4546	-2.3551	-0.0699	-0.6390	-2.1859	-0.1862	-0.2795	-2.2807	-0.7135	1.0421	-0.4809	-1.4419	-1.4010	-0.2738	0.5845	-0.1403	-0.2823	-0.3611	-0.7158	0.9585	1.0985	-0.9701	-1.3380	0.4747	-0.3719	0.4557	-2.3366	-0.0532	-0.6408	-2.1942	-0.2108	-0.2869	-2.2173	-0.6615	1.0063	-0.5108	-1.3657	-1.3221	-0.3005	0.5492	-0.0991	-0.2244	-0.3622	-0.7353	0.9422	1.0974	-0.9446	-1.3292	0.4096	
-0.0333	 1.31982388853500E-0004	-0.7513	-0.7513	0.5879	-2.1690	-0.2632	-0.9299	-2.3346	-0.2167	-0.1897	-2.1020	-0.6571	0.8609	-0.5664	-0.9919	-1.0064	-0.3346	0.4313	-0.1284	-0.1525	-0.2638	-0.7258	0.6628	0.8656	-0.7758	-1.1988	0.0511	-0.7667	0.5879	-2.1636	-0.2572	-0.9292	-2.3361	-0.2244	-0.1925	-2.0832	-0.6413	0.8505	-0.5754	-0.9694	-0.9828	-0.3426	0.4206	-0.1159	-0.1353	-0.2646	-0.7319	0.6584	0.8656	-0.7685	-1.1967	0.0331	
0.0000	 2.76947189267956E-0004	-1.1894	-1.1894	0.7218	-1.9821	-0.4567	-1.2209	-2.4829	-0.2484	-0.1004	-1.9212	-0.6000	0.6791	-0.6528	-0.5375	-0.6086	-0.3957	0.2768	-0.1174	-0.0231	-0.1656	-0.7356	0.3636	0.6299	-0.5796	-1.0593	-0.3762	-1.1645	0.7203	-1.9897	-0.4622	-1.2188	-2.4778	-0.2380	-0.0977	-1.9480	-0.6209	0.6946	-0.6399	-0.5700	-0.6418	-0.3842	0.2921	-0.1347	-0.0475	-0.1655	-0.7272	0.3711	0.6304	-0.5902	-1.0626	-0.3475	
0.0333	 2.02910052395954E-0003	-1.6294	-1.6294	0.8551	-1.7935	-0.6514	-1.5132	-2.6319	-0.2790	-0.0098	-1.7394	-0.5425	0.4956	-0.7398	-0.0829	-0.2104	-0.4556	0.1225	-0.1087	0.1057	-0.0653	-0.7437	0.0615	0.3908	-0.3827	-0.9179	-0.8062	-1.5622	0.8533	-1.8150	-0.6676	-1.5083	-2.6196	-0.2511	-0.0021	-1.8123	-0.6001	0.5375	-0.7049	-0.1708	-0.3009	-0.4252	0.1634	-0.1548	0.0391	-0.0655	-0.7218	0.0816	0.3930	-0.4119	-0.9277	-0.7289	
0.0667	 5.40036929471483E-0003	-2.0679	-2.0679	0.9894	-1.6045	-0.8455	-1.8042	-2.7804	-0.3098	0.0804	-1.5580	-0.4858	0.3122	-0.8261	0.3716	0.1870	-0.5159	-0.0326	-0.1011	0.2332	0.0342	-0.7524	-0.2422	0.1501	-0.1853	-0.7762	-1.2369	-1.9598	0.9862	-1.6394	-0.8742	-1.7983	-2.7613	-0.2641	0.0934	-1.6776	-0.5806	0.3806	-0.7692	0.2279	0.0394	-0.4656	0.0349	-0.1767	0.1251	0.0350	-0.7157	-0.2087	0.1540	-0.2326	-0.7918	-1.1122	
0.1000	 1.02976479987723E-0002	-2.5042	-2.5042	1.1229	-1.4155	-1.0404	-2.0945	-2.9285	-0.3403	0.1707	-1.3765	-0.4294	0.1286	-0.9124	0.8255	0.5837	-0.5751	-0.1871	-0.0954	0.3584	0.1352	-0.7598	-0.5475	-0.0925	0.0128	-0.6333	-1.6676	-2.3557	1.1188	-1.4640	-1.0799	-2.0864	-2.9027	-0.2775	0.1884	-1.5420	-0.5607	0.2230	-0.8339	0.6274	0.3801	-0.5055	-0.0938	-0.1996	0.2097	0.1356	-0.7096	-0.5011	-0.0867	-0.0535	-0.6560	-1.4946	
