Arquivo: c:\arq\medidas\BBA_2205_071750\BBA_AMP07A_V.dat
Data: 2205	 Hora:  0756
Comentário: 
NomeParametro	 ValorParametro
Nmedias	5
PausaCorretora	3000
PausaShunt	2000
PausaLeitura	500
NumCiclos	3
 NPassosCor	7
DeltaShunt	3.00
TetaIni	-0.10
TetaFim	0.10
I[mA]	  70.8
ACV01B	DeltaPos^2	AMP07A	AMP01B_0	AMP02A_0	AMP02B_0	AMP03A_0	AMP03B_0	AMP03C_0	AMP04A_0	AMP04B_0	AMP05A_0	AMP05B_0	AMP06A_0	AMP06B_0	AMP07A_0	AMP07B_0	AMP08A_0	AMP08B_0	AMP09A_0	AMP09B_0	AMP10A_0	AMP10B_0	AMU11A_0	AMU11B_0	AMP12A_0	AMP12B_0	AMP01A_0	AMP01B_1	AMP02A_1	AMP02B_1	AMP03A_1	AMP03B_1	AMP03C_1	AMP04A_1	AMP04B_1	AMP05A_1	AMP05B_1	AMP06A_1	AMP06B_1	AMP07A_1	AMP07B_1	AMP08A_1	AMP08B_1	AMP09A_1	AMP09B_1	AMP10A_1	AMP10B_1	AMU11A_1	AMU11B_1	AMP12A_1	AMP12B_1	AMP01A_1	
-0.1000	 5.60127498192760E-0003	1.0064	-1.3008	-0.7750	-0.0140	0.2549	2.8608	1.8873	0.8497	-0.7249	-0.0263	1.2785	1.5971	-0.0276	1.0064	-0.8055	0.2542	-0.2654	0.1150	0.6439	0.7069	-0.0150	0.0949	1.9794	1.6542	1.2665	0.7252	-1.4048	-0.8552	-0.0571	0.2330	2.9340	2.0280	0.8851	-0.7765	-0.1296	1.3231	1.6565	0.0569	1.1138	-0.8659	0.1911	-0.3360	0.0397	0.7580	0.7737	-0.0231	0.0463	1.9574	1.6722	1.3421	0.8338	
-0.0667	 2.76861401418931E-0003	0.7016	-1.0000	-0.5491	0.1227	0.3406	2.6407	1.4561	0.7332	-0.5927	0.2521	1.1768	1.4430	-0.2692	0.7016	-0.4538	0.4874	-0.2042	0.0686	0.4670	0.6726	0.1833	0.3621	1.8267	1.4432	1.0742	0.5515	-1.0731	-0.6056	0.0925	0.3252	2.6925	1.5552	0.7581	-0.6290	0.1794	1.2084	1.4845	-0.2096	0.7778	-0.4967	0.4429	-0.2538	0.0167	0.5469	0.7190	0.1776	0.3275	1.8118	1.4560	1.1273	0.6275	
-0.0333	 8.23709403508710E-0004	0.3866	-0.6878	-0.3157	0.2634	0.4289	2.4126	1.0086	0.6130	-0.4556	0.5402	1.0710	1.2831	-0.5194	0.3866	-0.0888	0.7289	-0.1413	0.0211	0.2835	0.6377	0.3887	0.6388	1.6681	1.2248	0.8745	0.3719	-0.7278	-0.3465	0.2469	0.4208	2.4409	1.0627	0.6266	-0.4754	0.5007	1.0884	1.3061	-0.4866	0.4282	-0.1125	0.7045	-0.1679	-0.0066	0.3274	0.6626	0.3854	0.6197	1.6606	1.2319	0.9037	0.4130	
0.0000	 1.88458038976955E-0005	0.0672	-0.3717	-0.0793	0.4051	0.5179	2.1806	0.5546	0.4917	-0.3157	0.8317	0.9635	1.1203	-0.7726	0.0672	0.2803	0.9731	-0.0771	-0.0267	0.0981	0.6017	0.5964	0.9184	1.5072	1.0020	0.6726	0.1899	-0.3779	-0.0839	0.4029	0.5169	2.1849	0.5623	0.4938	-0.3191	0.8258	0.9660	1.1241	-0.7674	0.0737	0.2764	0.9693	-0.0810	-0.0303	0.1048	0.6054	0.5955	0.9154	1.5069	1.0036	0.6771	0.1962	
0.0333	 4.01116830717297E-0004	-0.2531	-0.0565	0.1573	0.5472	0.6078	1.9472	0.0988	0.3700	-0.1761	1.1239	0.8556	0.9572	-1.0260	-0.2531	0.6499	1.2179	-0.0127	-0.0742	-0.0882	0.5659	0.8041	1.1969	1.3462	0.7792	0.4704	0.0085	-0.0286	0.1790	0.5585	0.6137	1.9277	0.0607	0.3607	-0.1624	1.1518	0.8439	0.9413	-1.0485	-0.2815	0.6658	1.2347	0.0062	-0.0537	-0.1185	0.5483	0.8062	1.2102	1.3526	0.7751	0.4500	-0.0204	
0.0667	 1.99539634725574E-0003	-0.5750	0.2588	0.3937	0.6896	0.6972	1.7127	-0.3593	0.2482	-0.0361	1.4168	0.7475	0.7933	-1.2797	-0.5750	1.0206	1.4626	0.0515	-0.1219	-0.2746	0.5305	1.0128	1.4765	1.1846	0.5560	0.2675	-0.1736	0.3208	0.4413	0.7151	0.7105	1.6686	-0.4444	0.2272	-0.0052	1.4785	0.7207	0.7582	-1.3299	-0.6387	1.0568	1.5001	0.0942	-0.0773	-0.3421	0.4911	1.0177	1.5059	1.1984	0.5450	0.2224	-0.2380	
0.1000	 4.77658550170487E-0003	-0.8970	0.5743	0.6299	0.8323	0.7875	1.4767	-0.8181	0.1263	0.1041	1.7093	0.6386	0.6293	-1.5338	-0.8970	1.3905	1.7073	0.1164	-0.1699	-0.4615	0.4946	1.2215	1.7563	1.0220	0.3316	0.0652	-0.3555	0.6706	0.7038	0.8716	0.8077	1.4079	-0.9493	0.0938	0.1524	1.8048	0.5969	0.5737	-1.6111	-0.9956	1.4469	1.7648	0.1813	-0.1013	-0.5659	0.4340	1.2294	1.8021	1.0426	0.3146	-0.0049	-0.4554	
