Arquivo: c:\arq\medidas\BBA_2205_071750\BBA_AMP05B_H.dat
Data: 2205	 Hora:  0745
Comentário: 
NomeParametro	 ValorParametro
Nmedias	5
PausaCorretora	3000
PausaShunt	2000
PausaLeitura	500
NumCiclos	3
 NPassosCor	7
DeltaShunt	3.00
TetaIni	-0.10
TetaFim	0.10
I[mA]	 145.3
ACH01B	DeltaPos^2	AMP05B	AMP01B_0	AMP02A_0	AMP02B_0	AMP03A_0	AMP03B_0	AMP03C_0	AMP04A_0	AMP04B_0	AMP05A_0	AMP05B_0	AMP06A_0	AMP06B_0	AMP07A_0	AMP07B_0	AMP08A_0	AMP08B_0	AMP09A_0	AMP09B_0	AMP10A_0	AMP10B_0	AMU11A_0	AMU11B_0	AMP12A_0	AMP12B_0	AMP01A_0	AMP01B_1	AMP02A_1	AMP02B_1	AMP03A_1	AMP03B_1	AMP03C_1	AMP04A_1	AMP04B_1	AMP05A_1	AMP05B_1	AMP06A_1	AMP06B_1	AMP07A_1	AMP07B_1	AMP08A_1	AMP08B_1	AMP09A_1	AMP09B_1	AMP10A_1	AMP10B_1	AMU11A_1	AMU11B_1	AMP12A_1	AMP12B_1	AMP01A_1	
-0.1000	 1.51044719285955E-0003	0.3066	-2.1218	0.7255	-1.6807	-0.1292	-1.2141	-2.6257	-0.6862	-0.2398	-0.7855	0.3066	0.0213	-1.1932	0.8614	0.8206	-0.8863	-0.3758	0.6314	1.0320	-0.1979	-1.0996	0.1079	0.6447	-0.1685	-0.9340	-1.4517	-2.0649	0.7278	-1.6982	-0.1548	-1.2194	-2.6175	-0.6563	-0.2283	-0.8612	0.2450	0.0255	-1.1715	0.8715	0.8102	-0.9072	-0.3794	0.6902	1.0780	-0.2306	-1.1261	0.1806	0.7203	-0.1942	-0.9669	-1.4111	
-0.0667	 6.75587504776015E-0004	0.0495	-1.8183	0.7129	-1.7835	-0.2011	-1.1879	-2.5707	-0.5618	-0.2090	-1.1199	0.0495	0.2226	-1.0346	0.4297	0.3855	-0.7275	-0.1731	0.3809	0.6922	-0.1820	-0.9800	0.1762	0.6243	-0.3023	-0.9687	-1.0953	-1.7804	0.7143	-1.7951	-0.2184	-1.1914	-2.5650	-0.5412	-0.2012	-1.1707	0.0080	0.2252	-1.0199	0.4365	0.3787	-0.7412	-0.1754	0.4198	0.7227	-0.2037	-0.9976	0.2249	0.6748	-0.3195	-0.9909	-1.0682	
-0.0333	 1.73113300112621E-0004	-0.2111	-1.5140	0.7011	-1.8862	-0.2755	-1.1633	-2.5159	-0.4354	-0.1766	-1.4567	-0.2111	0.4257	-0.8740	-0.0074	-0.0548	-0.5663	0.0320	0.1261	0.3470	-0.1644	-0.8578	0.2426	0.6009	-0.4359	-1.0024	-0.7369	-1.4946	0.7012	-1.8923	-0.2834	-1.1649	-2.5128	-0.4254	-0.1732	-1.4823	-0.2319	0.4269	-0.8668	-0.0031	-0.0573	-0.5737	0.0302	0.1456	0.3625	-0.1757	-0.8674	0.2673	0.6264	-0.4445	-1.0137	-0.7223	
0.0000	 2.08059998714273E-0007	-0.4748	-1.2075	0.6898	-1.9887	-0.3516	-1.1399	-2.4616	-0.3081	-0.1439	-1.7963	-0.4748	0.6303	-0.7113	-0.4486	-0.4995	-0.4042	0.2382	-0.1324	-0.0025	-0.1464	-0.7346	0.3079	0.5759	-0.5692	-1.0357	-0.3762	-1.2074	0.6894	-1.9887	-0.3513	-1.1399	-2.4607	-0.3074	-0.1440	-1.7967	-0.4749	0.6300	-0.7115	-0.4475	-0.4988	-0.4039	0.2383	-0.1321	-0.0016	-0.1459	-0.7344	0.3082	0.5758	-0.5697	-1.0355	-0.3758	
0.0333	 1.68078747416713E-0004	-0.7401	-0.9010	0.6792	-2.0907	-0.4296	-1.1180	-2.4075	-0.1794	-0.1101	-2.1361	-0.7401	0.8352	-0.5481	-0.8911	-0.9463	-0.2406	0.4452	-0.3919	-0.3527	-0.1267	-0.6101	0.3721	0.5493	-0.7028	-1.0682	-0.0159	-0.9199	0.6782	-2.0852	-0.4206	-1.1161	-2.4095	-0.1892	-0.1140	-2.1115	-0.7195	0.8331	-0.5554	-0.8927	-0.9415	-0.2337	0.4461	-0.4117	-0.3674	-0.1154	-0.6011	0.3474	0.5233	-0.6947	-1.0571	-0.0288	
0.0667	 6.77019911182354E-0004	-1.0063	-0.5955	0.6695	-2.1918	-0.5090	-1.0979	-2.3539	-0.0509	-0.0757	-2.4750	-1.0063	1.0394	-0.3844	-1.3327	-1.3929	-0.0769	0.6517	-0.6533	-0.7045	-0.1073	-0.4853	0.4343	0.5207	-0.8359	-1.1001	0.3427	-0.6340	0.6677	-2.1803	-0.4915	-1.0942	-2.3584	-0.0705	-0.0833	-2.4253	-0.9649	1.0359	-0.3991	-1.3376	-1.3839	-0.0632	0.6534	-0.6928	-0.7344	-0.0849	-0.4677	0.3854	0.4695	-0.8186	-1.0776	0.3159	
0.1000	 1.53801569071361E-0003	-1.2727	-0.2917	0.6610	-2.2922	-0.5898	-1.0794	-2.3011	0.0781	-0.0404	-2.8129	-1.2727	1.2436	-0.2206	-1.7726	-1.8373	0.0868	0.8572	-0.9151	-1.0561	-0.0867	-0.3602	0.4948	0.4908	-0.9682	-1.1310	0.6994	-0.3500	0.6585	-2.2743	-0.5645	-1.0748	-2.3084	0.0486	-0.0517	-2.7382	-1.2109	1.2385	-0.2429	-1.7801	-1.8250	0.1078	0.8608	-0.9744	-1.1011	-0.0523	-0.3333	0.4207	0.4136	-0.9421	-1.0968	0.6586	
