Arquivo: c:\arq\medidas\BBA_2205_071750\BBA_AMP06B_H.dat
Data: 2205	 Hora:  0752
Comentário: 
NomeParametro	 ValorParametro
Nmedias	5
PausaCorretora	3000
PausaShunt	2000
PausaLeitura	500
NumCiclos	3
 NPassosCor	7
DeltaShunt	3.00
TetaIni	-0.10
TetaFim	0.10
I[mA]	 143.6
ACH01A	DeltaPos^2	AMP06B	AMP01B_0	AMP02A_0	AMP02B_0	AMP03A_0	AMP03B_0	AMP03C_0	AMP04A_0	AMP04B_0	AMP05A_0	AMP05B_0	AMP06A_0	AMP06B_0	AMP07A_0	AMP07B_0	AMP08A_0	AMP08B_0	AMP09A_0	AMP09B_0	AMP10A_0	AMP10B_0	AMU11A_0	AMU11B_0	AMP12A_0	AMP12B_0	AMP01A_0	AMP01B_1	AMP02A_1	AMP02B_1	AMP03A_1	AMP03B_1	AMP03C_1	AMP04A_1	AMP04B_1	AMP05A_1	AMP05B_1	AMP06A_1	AMP06B_1	AMP07A_1	AMP07B_1	AMP08A_1	AMP08B_1	AMP09A_1	AMP09B_1	AMP10A_1	AMP10B_1	AMU11A_1	AMU11B_1	AMP12A_1	AMP12B_1	AMP01A_1	
-0.1000	 7.08428191965930E-0004	-1.1146	-2.2757	0.8518	-1.5874	-0.4051	-1.4900	-2.7225	-0.5873	-0.1127	-0.9477	0.0928	0.0389	-1.1146	0.8987	0.7818	-0.9668	-0.3916	0.8507	1.2021	-0.3247	-1.2012	0.3793	0.9262	-0.2680	-1.0609	-1.3001	-2.2268	0.8374	-1.6122	-0.4060	-1.4761	-2.7107	-0.5803	-0.1212	-0.9908	0.0631	0.0602	-1.1006	0.8825	0.7522	-0.9801	-0.3914	0.8736	1.2115	-0.3526	-1.2193	0.4265	0.9704	-0.2983	-1.0903	-1.2594	
-0.0667	 4.23715560946938E-0004	-0.9805	-1.9231	0.7988	-1.7196	-0.3881	-1.3746	-2.6362	-0.4939	-0.1224	-1.2302	-0.0960	0.2358	-0.9805	0.4533	0.3582	-0.7806	-0.1826	0.5272	0.8048	-0.2662	-1.0474	0.3580	0.8122	-0.3689	-1.0536	-0.9916	-1.8856	0.7878	-1.7388	-0.3891	-1.3639	-2.6269	-0.4884	-0.1288	-1.2633	-0.1189	0.2525	-0.9699	0.4414	0.3354	-0.7909	-0.1824	0.5453	0.8128	-0.2885	-1.0616	0.3945	0.8465	-0.3925	-1.0765	-0.9605	
-0.0333	 1.95899043484825E-0004	-0.8466	-1.5681	0.7453	-1.8527	-0.3715	-1.2591	-2.5493	-0.4007	-0.1326	-1.5133	-0.2859	0.4328	-0.8466	0.0061	-0.0673	-0.5937	0.0270	0.2009	0.4051	-0.2075	-0.8923	0.3352	0.6962	-0.4702	-1.0456	-0.6824	-1.5429	0.7385	-1.8647	-0.3729	-1.2524	-2.5433	-0.3955	-0.1360	-1.5370	-0.3022	0.4455	-0.8384	-0.0025	-0.0839	-0.6003	0.0278	0.2132	0.4099	-0.2221	-0.9014	0.3596	0.7189	-0.4861	-1.0611	-0.6617	
0.0000	 5.89644975529974E-0005	-0.7119	-1.2127	0.6926	-1.9855	-0.3559	-1.1451	-2.4630	-0.3061	-0.1411	-1.7966	-0.4768	0.6300	-0.7119	-0.4429	-0.4951	-0.4058	0.2371	-0.1274	0.0029	-0.1473	-0.7364	0.3101	0.5778	-0.5707	-1.0368	-0.3738	-1.1992	0.6900	-1.9908	-0.3584	-1.1425	-2.4600	-0.3019	-0.1418	-1.8113	-0.4870	0.6388	-0.7060	-0.4481	-0.5048	-0.4089	0.2386	-0.1208	0.0049	-0.1549	-0.7405	0.3229	0.5898	-0.5785	-1.0443	-0.3635	
0.0333	 4.45124265228886E-0006	-0.5768	-0.8586	0.6407	-2.1168	-0.3419	-1.0323	-2.3778	-0.2113	-0.1489	-2.0796	-0.6685	0.8267	-0.5768	-0.8915	-0.9228	-0.2180	0.4464	-0.4562	-0.3988	-0.0864	-0.5800	0.2826	0.4572	-0.6696	-1.0264	-0.0685	-0.8573	0.6415	-2.1159	-0.3447	-1.0336	-2.3774	-0.2084	-0.1478	-2.0846	-0.6721	0.8312	-0.5737	-0.8927	-0.9259	-0.2181	0.4481	-0.4552	-0.3992	-0.0873	-0.5796	0.2843	0.4585	-0.6698	-1.0268	-0.0680	
0.0667	 2.80433706475912E-0005	-0.4427	-0.5079	0.5896	-2.2464	-0.3289	-0.9212	-2.2930	-0.1173	-0.1566	-2.3594	-0.8589	1.0213	-0.4427	-1.3347	-1.3461	-0.0314	0.6539	-0.7844	-0.7987	-0.0245	-0.4239	0.2533	0.3354	-0.7669	-1.0156	0.2328	-0.5180	0.5943	-2.2390	-0.3325	-0.9263	-2.2953	-0.1155	-0.1532	-2.3554	-0.8566	1.0216	-0.4424	-1.3324	-1.3425	-0.0283	0.6559	-0.7882	-0.8013	-0.0193	-0.4196	0.2442	0.3264	-0.7606	-1.0087	0.2232	
0.1000	 1.23333739231682E-0004	-0.3085	-0.1594	0.5398	-2.3752	-0.3177	-0.8121	-2.2087	-0.0230	-0.1634	-2.6380	-1.0500	1.2156	-0.3085	-1.7763	-1.7680	0.1550	0.8603	-1.1118	-1.1976	0.0375	-0.2681	0.2221	0.2122	-0.8629	-1.0034	0.5314	-0.1804	0.5483	-2.3618	-0.3215	-0.8207	-2.2139	-0.0217	-0.1573	-2.6252	-1.0418	1.2120	-0.3109	-1.7706	-1.7585	0.1611	0.8627	-1.1209	-1.2021	0.0491	-0.2594	0.2022	0.1931	-0.8490	-0.9895	0.5124	
