Arquivo: c:\arq\medidas\BBA_2205_071750\BBA_AMP02B_H.dat
Data: 2205	 Hora:  0724
Comentário: 
NomeParametro	 ValorParametro
Nmedias	5
PausaCorretora	3000
PausaShunt	2000
PausaLeitura	500
NumCiclos	3
 NPassosCor	7
DeltaShunt	3.00
TetaIni	-0.10
TetaFim	0.10
I[mA]	 147.3
ACH07A	DeltaPos^2	AMP02B	AMP01B_0	AMP02A_0	AMP02B_0	AMP03A_0	AMP03B_0	AMP03C_0	AMP04A_0	AMP04B_0	AMP05A_0	AMP05B_0	AMP06A_0	AMP06B_0	AMP07A_0	AMP07B_0	AMP08A_0	AMP08B_0	AMP09A_0	AMP09B_0	AMP10A_0	AMP10B_0	AMU11A_0	AMU11B_0	AMP12A_0	AMP12B_0	AMP01A_0	AMP01B_1	AMP02A_1	AMP02B_1	AMP03A_1	AMP03B_1	AMP03C_1	AMP04A_1	AMP04B_1	AMP05A_1	AMP05B_1	AMP06A_1	AMP06B_1	AMP07A_1	AMP07B_1	AMP08A_1	AMP08B_1	AMP09A_1	AMP09B_1	AMP10A_1	AMP10B_1	AMU11A_1	AMU11B_1	AMP12A_1	AMP12B_1	AMP01A_1	
-0.1000	 6.66048253168787E-0003	-2.5775	0.1185	0.2188	-2.5775	0.4020	-0.1120	-1.9718	-0.2986	-0.4994	-2.1801	-0.4682	1.1300	-0.5307	-1.7582	-1.9715	-0.0697	0.8437	-0.4691	-0.7283	-0.3568	-0.5671	1.0805	1.1020	-1.1658	-1.4020	0.9761	0.0443	0.2581	-2.5503	0.3880	-0.1617	-2.0066	-0.3515	-0.5141	-2.0829	-0.4052	1.0378	-0.5990	-1.5999	-1.8221	-0.1607	0.7475	-0.3460	-0.5806	-0.4038	-0.6473	1.0981	1.1534	-1.1548	-1.4305	0.8720	
-0.0667	 5.18892931901107E-0003	-2.3887	-0.3017	0.3779	-2.3887	0.1354	-0.4611	-2.1340	-0.2866	-0.3751	-2.0890	-0.5019	0.9826	-0.5740	-1.3641	-1.5292	-0.1712	0.6615	-0.3660	-0.5085	-0.2935	-0.6184	0.8470	0.9461	-0.9772	-1.2904	0.5444	-0.3676	0.4133	-2.3636	0.1227	-0.5055	-2.1648	-0.3325	-0.3872	-2.0032	-0.4467	0.9015	-0.6336	-1.2239	-1.3969	-0.2514	0.5763	-0.2576	-0.3780	-0.3339	-0.6885	0.8624	0.9914	-0.9671	-1.3151	0.4524	
-0.0333	 3.87723557739009E-0003	-2.1967	-0.7285	0.5396	-2.1967	-0.1350	-0.8147	-2.2980	-0.2740	-0.2490	-1.9963	-0.5356	0.8334	-0.6179	-0.9636	-1.0794	-0.2739	0.4756	-0.2632	-0.2865	-0.2282	-0.6697	0.6083	0.7863	-0.7858	-1.1764	0.1050	-0.7855	0.5705	-2.1740	-0.1465	-0.8534	-2.3246	-0.3134	-0.2589	-1.9228	-0.4885	0.7636	-0.6685	-0.8421	-0.9651	-0.3431	0.4022	-0.1690	-0.1734	-0.2632	-0.7305	0.6219	0.8259	-0.7769	-1.1974	0.0255	
0.0000	 2.74414435030145E-0003	-2.0019	-1.1581	0.7020	-2.0019	-0.4077	-1.1700	-2.4624	-0.2610	-0.1221	-1.9043	-0.5702	0.6838	-0.6609	-0.5609	-0.6268	-0.3766	0.2893	-0.1601	-0.0641	-0.1619	-0.7204	0.3669	0.6243	-0.5929	-1.0613	-0.3375	-1.2058	0.7285	-1.9830	-0.4173	-1.2023	-2.4845	-0.2940	-0.1301	-1.8418	-0.5305	0.6248	-0.7036	-0.4587	-0.5309	-0.4346	0.2276	-0.0811	0.0310	-0.1912	-0.7713	0.3785	0.6580	-0.5846	-1.0793	-0.4048	
0.0333	 1.80162513548027E-0003	-1.8071	-1.5874	0.8642	-1.8071	-0.6801	-1.5241	-2.6262	-0.2480	0.0045	-1.8121	-0.6052	0.5339	-0.7044	-0.1579	-0.1740	-0.4786	0.1026	-0.0593	0.1576	-0.0956	-0.7717	0.1240	0.4604	-0.3996	-0.9455	-0.7815	-1.6259	0.8862	-1.7914	-0.6882	-1.5508	-2.6443	-0.2741	-0.0014	-1.7618	-0.5735	0.4863	-0.7386	-0.0756	-0.0968	-0.5254	0.0527	0.0055	0.2357	-0.1188	-0.8122	0.1340	0.4884	-0.3926	-0.9595	-0.8365	
0.0667	 1.06743449566844E-0003	-1.6117	-2.0160	1.0263	-1.6117	-0.9535	-1.8782	-2.7898	-0.2344	0.1318	-1.7204	-0.6405	0.3840	-0.7475	0.2435	0.2773	-0.5801	-0.0840	0.0404	0.3777	-0.0276	-0.8210	-0.1205	0.2946	-0.2058	-0.8288	-1.2262	-2.0452	1.0439	-1.5994	-0.9594	-1.8984	-2.8038	-0.2541	0.1276	-1.6823	-0.6169	0.3476	-0.7730	0.3068	0.3362	-0.6163	-0.1221	0.0914	0.4381	-0.0461	-0.8526	-0.1119	0.3173	-0.2000	-0.8399	-1.2684	
0.1000	 5.29844464358317E-0004	-1.4165	-2.4415	1.1880	-1.4165	-1.2258	-2.2300	-2.9526	-0.2206	0.2583	-1.6304	-0.6774	0.2351	-0.7896	0.6422	0.7258	-0.6806	-0.2696	0.1383	0.5952	0.0401	-0.8696	-0.3661	0.1270	-0.0123	-0.7119	-1.6693	-2.4610	1.2007	-1.4077	-1.2302	-2.2444	-2.9622	-0.2336	0.2561	-1.6037	-0.6610	0.2097	-0.8069	0.6871	0.7670	-0.7058	-0.2959	0.1750	0.6388	0.0273	-0.8914	-0.3589	0.1444	-0.0076	-0.7195	-1.6983	
