Arquivo: c:\arq\medidas\BBA_2205_071750\BBA_AMP04A_V.dat
Data: 2205	 Hora:  0738
Comentário: 
NomeParametro	 ValorParametro
Nmedias	5
PausaCorretora	3000
PausaShunt	2000
PausaLeitura	500
NumCiclos	3
 NPassosCor	7
DeltaShunt	3.00
TetaIni	-0.10
TetaFim	0.10
I[mA]	 146.0
ACV11A	DeltaPos^2	AMP04A	AMP01B_0	AMP02A_0	AMP02B_0	AMP03A_0	AMP03B_0	AMP03C_0	AMP04A_0	AMP04B_0	AMP05A_0	AMP05B_0	AMP06A_0	AMP06B_0	AMP07A_0	AMP07B_0	AMP08A_0	AMP08B_0	AMP09A_0	AMP09B_0	AMP10A_0	AMP10B_0	AMU11A_0	AMU11B_0	AMP12A_0	AMP12B_0	AMP01A_0	AMP01B_1	AMP02A_1	AMP02B_1	AMP03A_1	AMP03B_1	AMP03C_1	AMP04A_1	AMP04B_1	AMP05A_1	AMP05B_1	AMP06A_1	AMP06B_1	AMP07A_1	AMP07B_1	AMP08A_1	AMP08B_1	AMP09A_1	AMP09B_1	AMP10A_1	AMP10B_1	AMU11A_1	AMU11B_1	AMP12A_1	AMP12B_1	AMP01A_1	
-0.1000	 1.19928027330737E-0005	0.3544	-1.3475	-0.6609	0.4556	0.9625	2.3864	0.7130	0.3544	-0.9995	-0.1618	1.8064	1.8137	-0.3379	0.3506	-0.5677	0.5952	0.2687	0.7613	-0.1560	0.1879	-0.0983	0.1701	1.7982	1.5353	1.3237	0.8843	-1.3438	-0.6581	0.4584	0.9650	2.3830	0.7051	0.3516	-1.0021	-0.1654	1.8119	1.8164	-0.3379	0.3494	-0.5692	0.5950	0.2718	0.7655	-0.1597	0.1846	-0.1012	0.1685	1.8028	1.5392	1.3223	0.8797	
-0.0667	 3.29047795720406E-0006	0.3915	-1.0209	-0.4638	0.4464	0.8255	2.3067	0.6378	0.3915	-0.7764	0.1673	1.5270	1.5807	-0.4911	0.2422	-0.2821	0.7266	0.1659	0.5156	-0.0893	0.3137	0.1284	0.4181	1.7056	1.3588	1.1046	0.6482	-1.0181	-0.4622	0.4476	0.8260	2.3049	0.6346	0.3901	-0.7772	0.1655	1.5299	1.5823	-0.4907	0.2422	-0.2833	0.7262	0.1672	0.5170	-0.0908	0.3118	0.1266	0.4168	1.7088	1.3610	1.1042	0.6451	
-0.0333	 7.47844100865784E-0007	0.4288	-0.6875	-0.2637	0.4371	0.6863	2.2248	0.5615	0.4288	-0.5489	0.5018	1.2424	1.3439	-0.6468	0.1313	0.0086	0.8605	0.0613	0.2658	-0.0224	0.4406	0.3590	0.6704	1.6109	1.1790	0.8819	0.4080	-0.6859	-0.2633	0.4369	0.6850	2.2249	0.5620	0.4291	-0.5485	0.5015	1.2427	1.3439	-0.6462	0.1325	0.0076	0.8601	0.0612	0.2648	-0.0221	0.4409	0.3580	0.6694	1.6127	1.1807	0.8817	0.4070	
0.0000	 3.62408160206397E-0006	0.4664	-0.3509	-0.0613	0.4284	0.5463	2.1423	0.4832	0.4664	-0.3198	0.8376	0.9550	1.1050	-0.8043	0.0190	0.3018	0.9967	-0.0432	0.0140	0.0439	0.5688	0.5917	0.9246	1.5153	0.9968	0.6565	0.1660	-0.3502	-0.0623	0.4264	0.5433	2.1444	0.4880	0.4679	-0.3179	0.8393	0.9526	1.1036	-0.8037	0.0208	0.3018	0.9954	-0.0451	0.0106	0.0466	0.5707	0.5923	0.9242	1.5151	0.9972	0.6573	0.1663	
0.0333	 1.26916081925981E-0005	0.5036	-0.0137	0.1425	0.4196	0.4060	2.0583	0.4039	0.5036	-0.0896	1.1758	0.6668	0.8643	-0.9629	-0.0949	0.5969	1.1332	-0.1481	-0.2381	0.1105	0.6971	0.8261	1.1797	1.4188	0.8129	0.4298	-0.0773	-0.0137	0.1405	0.4159	0.4007	2.0626	0.4128	0.5067	-0.0864	1.1791	0.6620	0.8610	-0.9621	-0.0916	0.5978	1.1317	-0.1515	-0.2439	0.1154	0.7007	0.8279	1.1799	1.4172	0.8125	0.4313	-0.0751	
0.0667	 2.78284795076710E-0005	0.5406	0.3240	0.3463	0.4109	0.2655	1.9741	0.3236	0.5406	0.1411	1.5135	0.3773	0.6228	-1.1218	-0.2093	0.8922	1.2698	-0.2529	-0.4906	0.1765	0.8258	1.0605	1.4348	1.3224	0.6287	0.2024	-0.3219	0.3230	0.3433	0.4059	0.2584	1.9800	0.3371	0.5454	0.1459	1.5187	0.3698	0.6182	-1.1206	-0.2046	0.8936	1.2685	-0.2580	-0.4990	0.1835	0.8312	1.0634	1.4353	1.3193	0.6276	0.2045	-0.3178	
0.1000	 4.75038653572761E-0005	0.5779	0.6621	0.5496	0.4024	0.1249	1.8895	0.2432	0.5779	0.3713	1.8502	0.0876	0.3816	-1.2801	-0.3233	1.1870	1.4060	-0.3575	-0.7434	0.2423	0.9540	1.2946	1.6903	1.2267	0.4446	-0.0251	-0.5668	0.6599	0.5454	0.3961	0.1161	1.8971	0.2607	0.5842	0.3774	1.8571	0.0772	0.3754	-1.2788	-0.3174	1.1892	1.4048	-0.3643	-0.7537	0.2513	0.9613	1.2987	1.6910	1.2219	0.4425	-0.0222	-0.5612	
