Arquivo: c:\arq\medidas\BBA_2205_071750\BBA_AMP05A_V.dat
Data: 2205	 Hora:  0744
Comentário: 
NomeParametro	 ValorParametro
Nmedias	5
PausaCorretora	3000
PausaShunt	2000
PausaLeitura	500
NumCiclos	3
 NPassosCor	7
DeltaShunt	3.00
TetaIni	-0.10
TetaFim	0.10
I[mA]	 145.5
ACV11B	DeltaPos^2	AMP05A	AMP01B_0	AMP02A_0	AMP02B_0	AMP03A_0	AMP03B_0	AMP03C_0	AMP04A_0	AMP04B_0	AMP05A_0	AMP05B_0	AMP06A_0	AMP06B_0	AMP07A_0	AMP07B_0	AMP08A_0	AMP08B_0	AMP09A_0	AMP09B_0	AMP10A_0	AMP10B_0	AMU11A_0	AMU11B_0	AMP12A_0	AMP12B_0	AMP01A_0	AMP01B_1	AMP02A_1	AMP02B_1	AMP03A_1	AMP03B_1	AMP03C_1	AMP04A_1	AMP04B_1	AMP05A_1	AMP05B_1	AMP06A_1	AMP06B_1	AMP07A_1	AMP07B_1	AMP08A_1	AMP08B_1	AMP09A_1	AMP09B_1	AMP10A_1	AMP10B_1	AMU11A_1	AMU11B_1	AMP12A_1	AMP12B_1	AMP01A_1	
-0.1000	 2.96945057426966E-0003	1.7148	0.5007	0.3178	0.0574	-0.3021	2.3031	1.1756	0.9199	0.4089	1.7148	-0.0634	0.3938	-1.0039	0.1280	0.8508	1.1175	-0.5916	-0.9416	0.6517	1.1625	1.1836	1.3141	0.7580	0.2463	0.1319	-0.2007	0.5772	0.3549	0.0319	-0.3678	2.3091	1.2184	0.9529	0.4713	1.7955	-0.0990	0.3468	-1.0691	0.0497	0.9495	1.1803	-0.5816	-0.9636	0.6125	1.1603	1.2424	1.3879	0.7086	0.1843	0.0834	-0.2393	
-0.0667	 1.31347110969845E-0003	1.4545	0.2453	0.2048	0.1698	-0.0460	2.2548	0.9660	0.7834	0.1909	1.4545	0.2493	0.6083	-0.9525	0.0811	0.6953	1.0903	-0.4189	-0.6473	0.4554	0.9768	1.0093	1.2062	0.9885	0.4718	0.2888	-0.0914	0.2960	0.2297	0.1529	-0.0894	2.2587	0.9937	0.8050	0.2320	1.5085	0.2255	0.5772	-0.9959	0.0288	0.7614	1.1323	-0.4122	-0.6616	0.4293	0.9755	1.0485	1.2557	0.9556	0.4311	0.2567	-0.1168	
-0.0333	 3.12789857581221E-0004	1.1893	-0.0148	0.0892	0.2836	0.2146	2.2057	0.7522	0.6442	-0.0317	1.1893	0.5674	0.8270	-0.9000	0.0328	0.5371	1.0625	-0.2430	-0.3475	0.2556	0.7879	0.8315	1.0961	1.2230	0.7018	0.4488	0.0200	0.0098	0.1019	0.2757	0.1940	2.2073	0.7646	0.6544	-0.0118	1.2156	0.5556	0.8119	-0.9214	0.0075	0.5695	1.0834	-0.2393	-0.3540	0.2427	0.7869	0.8510	1.1202	1.2067	0.6817	0.4331	0.0074	
0.0000	 1.62927986484666E-0006	0.9214	-0.2767	-0.0274	0.3980	0.4764	2.1565	0.5375	0.5041	-0.2552	0.9214	0.8861	1.0468	-0.8470	-0.0150	0.3777	1.0344	-0.0661	-0.0463	0.0544	0.5977	0.6524	0.9861	1.4587	0.9329	0.6106	0.1317	-0.2783	-0.0276	0.3991	0.4792	2.1557	0.5343	0.5028	-0.2565	0.9200	0.8866	1.0480	-0.8460	-0.0135	0.3765	1.0338	-0.0654	-0.0446	0.0544	0.5975	0.6515	0.9851	1.4594	0.9337	0.6108	0.1321	
0.0333	 4.04119642053893E-0004	0.6536	-0.5399	-0.1436	0.5126	0.7392	2.1068	0.3223	0.3640	-0.4793	0.6536	1.2063	1.2670	-0.7941	-0.0631	0.2184	1.0061	0.1117	0.2565	-0.1476	0.4068	0.4730	0.8754	1.6946	1.1646	0.7719	0.2442	-0.5685	-0.1567	0.5230	0.7648	2.1034	0.3040	0.3509	-0.5025	0.6239	1.2195	1.2844	-0.7705	-0.0344	0.1825	0.9837	0.1090	0.2658	-0.1338	0.4073	0.4516	0.8488	1.7123	1.1869	0.7895	0.2582	
0.0667	 1.51766282829551E-0003	0.3835	-0.8044	-0.2607	0.6271	1.0020	2.0574	0.1069	0.2234	-0.7042	0.3835	1.5268	1.4870	-0.7407	-0.1113	0.0575	0.9775	0.2898	0.5595	-0.3502	0.2155	0.2935	0.7645	1.9306	1.3964	0.9343	0.3580	-0.8596	-0.2870	0.6466	1.0510	2.0514	0.0728	0.1985	-0.7489	0.3255	1.5524	1.5210	-0.6948	-0.0556	-0.0122	0.9336	0.2842	0.5775	-0.3237	0.2165	0.2517	0.7123	1.9651	1.4395	0.9683	0.3846	
0.1000	 3.35282697242607E-0003	0.1106	-1.0708	-0.3794	0.7427	1.2660	2.0078	-0.1096	0.0816	-0.9307	0.1106	1.8492	1.7092	-0.6871	-0.1599	-0.1040	0.9487	0.4693	0.8651	-0.5554	0.0224	0.1127	0.6531	2.1673	1.6292	1.0981	0.4726	-1.1532	-0.4183	0.7714	1.3379	1.9991	-0.1601	0.0447	-0.9973	0.0243	1.8866	1.7592	-0.6186	-0.0775	-0.2076	0.8834	0.4603	0.8920	-0.5153	0.0241	0.0503	0.5752	2.2186	1.6933	1.1489	0.5126	
