Arquivo: c:\arq\medidas\BBA_2205_071750\BBA_AMP09A_H.dat
Data: 2205	 Hora:  0807
Comentário: 
NomeParametro	 ValorParametro
Nmedias	5
PausaCorretora	3000
PausaShunt	2000
PausaLeitura	500
NumCiclos	3
 NPassosCor	7
DeltaShunt	3.00
TetaIni	-0.10
TetaFim	0.10
I[mA]	  45.9
ACH03B	DeltaPos^2	AMP09A	AMP01B_0	AMP02A_0	AMP02B_0	AMP03A_0	AMP03B_0	AMP03C_0	AMP04A_0	AMP04B_0	AMP05A_0	AMP05B_0	AMP06A_0	AMP06B_0	AMP07A_0	AMP07B_0	AMP08A_0	AMP08B_0	AMP09A_0	AMP09B_0	AMP10A_0	AMP10B_0	AMU11A_0	AMU11B_0	AMP12A_0	AMP12B_0	AMP01A_0	AMP01B_1	AMP02A_1	AMP02B_1	AMP03A_1	AMP03B_1	AMP03C_1	AMP04A_1	AMP04B_1	AMP05A_1	AMP05B_1	AMP06A_1	AMP06B_1	AMP07A_1	AMP07B_1	AMP08A_1	AMP08B_1	AMP09A_1	AMP09B_1	AMP10A_1	AMP10B_1	AMU11A_1	AMU11B_1	AMP12A_1	AMP12B_1	AMP01A_1	
-0.1000	 4.14753393247991E-0003	1.0284	-1.1255	1.0192	-1.9206	-1.3070	-1.9317	-2.8338	-0.3376	0.0993	-1.5155	-0.5011	0.2322	-0.8652	0.5649	0.3098	-0.9921	-0.2575	1.0284	1.1910	-0.5883	-1.3129	1.0136	1.4869	-0.6406	-1.3860	-0.6003	-1.0492	0.9635	-1.9635	-1.1878	-1.8102	-2.7911	-0.3780	0.0442	-1.4536	-0.4136	0.2295	-0.8943	0.5397	0.3152	-0.9540	-0.2464	0.9237	1.0615	-0.5707	-1.2633	1.0056	1.4490	-0.6732	-1.3846	-0.5013	
-0.0667	 1.89125392420965E-0003	0.6642	-1.1353	0.9037	-1.9561	-0.9986	-1.6748	-2.7152	-0.3351	0.0142	-1.6072	-0.4972	0.3547	-0.8218	0.2479	0.0551	-0.8135	-0.1086	0.6642	0.8168	-0.4575	-1.1402	0.8011	1.2089	-0.6331	-1.2886	-0.5134	-1.0885	0.8678	-1.9815	-0.9193	-1.5954	-2.6878	-0.3616	-0.0212	-1.5639	-0.4381	0.3523	-0.8406	0.2316	0.0585	-0.7865	-0.1009	0.5881	0.7245	-0.4429	-1.1044	0.7878	1.1759	-0.6514	-1.2841	-0.4531	
-0.0333	 5.26170602541669E-0004	0.3013	-1.1461	0.7889	-1.9910	-0.6919	-1.4198	-2.5972	-0.3321	-0.0697	-1.6993	-0.4947	0.4764	-0.7782	-0.0669	-0.1988	-0.6362	0.0396	0.3013	0.4441	-0.3278	-0.9683	0.5887	0.9309	-0.6253	-1.1915	-0.4286	-1.1272	0.7725	-1.9999	-0.6523	-1.3818	-2.5850	-0.3455	-0.0868	-1.6740	-0.4630	0.4742	-0.7874	-0.0734	-0.1962	-0.6208	0.0434	0.2568	0.3920	-0.3169	-0.9469	0.5733	0.9056	-0.6303	-1.1851	-0.4045	
0.0000	 3.27351400501210E-0005	-0.0596	-1.1583	0.6752	-2.0252	-0.3874	-1.1675	-2.4800	-0.3290	-0.1528	-1.7913	-0.4935	0.5975	-0.7344	-0.3803	-0.4523	-0.4604	0.1868	-0.0596	0.0734	-0.1988	-0.7982	0.3766	0.6531	-0.6171	-1.0951	-0.3456	-1.1616	0.6757	-2.0216	-0.3848	-1.1667	-2.4811	-0.3306	-0.1533	-1.7847	-0.4879	0.5960	-0.7350	-0.3781	-0.4499	-0.4569	0.1870	-0.0707	0.0617	-0.1938	-0.7919	0.3653	0.6411	-0.6124	-1.0897	-0.3509	
0.0333	 2.90850333648857E-0004	-0.4216	-1.1713	0.5619	-2.0593	-0.0830	-0.9148	-2.3632	-0.3254	-0.2353	-1.8842	-0.4930	0.7188	-0.6899	-0.6948	-0.7063	-0.2843	0.3341	-0.4216	-0.2978	-0.0689	-0.6273	0.1630	0.3736	-0.6082	-0.9976	-0.2640	-1.1949	0.5781	-2.0442	-0.1156	-0.9492	-2.3768	-0.3151	-0.2198	-1.8968	-0.5135	0.7181	-0.6822	-0.6850	-0.7057	-0.2925	0.3312	-0.3993	-0.2694	-0.0706	-0.6364	0.1576	0.3760	-0.5953	-0.9941	-0.2959	
0.0667	 1.26659999721625E-0003	-0.7844	-1.1864	0.4488	-2.0918	0.2212	-0.6628	-2.2463	-0.3206	-0.3173	-1.9783	-0.4938	0.8404	-0.6450	-1.0095	-0.9614	-0.1076	0.4818	-0.7844	-0.6698	0.0614	-0.4559	-0.0518	0.0924	-0.5981	-0.8993	-0.1838	-1.2316	0.4810	-2.0655	0.1544	-0.7321	-2.2725	-0.2992	-0.2859	-2.0093	-0.5401	0.8405	-0.6289	-0.9929	-0.9626	-0.1275	0.4753	-0.7299	-0.6023	0.0535	-0.4804	-0.0533	0.1076	-0.5764	-0.8973	-0.2432	
0.1000	 3.01199102070682E-0003	-1.1465	-1.2033	0.3364	-2.1240	0.5236	-0.4130	-2.1295	-0.3161	-0.3988	-2.0729	-0.4957	0.9619	-0.5998	-1.3229	-1.2160	0.0687	0.6288	-1.1465	-1.0422	0.1917	-0.2845	-0.2682	-0.1895	-0.5873	-0.8004	-0.1052	-1.2712	0.3859	-2.0844	0.4209	-0.5187	-2.1692	-0.2819	-0.3505	-2.1226	-0.5681	0.9627	-0.5746	-1.2997	-1.2199	0.0376	0.6196	-1.0614	-0.9359	0.1790	-0.3240	-0.2676	-0.1634	-0.5556	-0.7991	-0.1943	
