Arquivo: c:\arq\medidas\BBA_2205_071750\BBA_AMU11A_H.dat
Data: 2205	 Hora:  0820
Comentário: 
NomeParametro	 ValorParametro
Nmedias	5
PausaCorretora	3000
PausaShunt	2000
PausaLeitura	500
NumCiclos	3
 NPassosCor	7
DeltaShunt	3.00
TetaIni	-0.10
TetaFim	0.10
I[mA]	  32.5
ACH05A	DeltaPos^2	AMU11A	AMP01B_0	AMP02A_0	AMP02B_0	AMP03A_0	AMP03B_0	AMP03C_0	AMP04A_0	AMP04B_0	AMP05A_0	AMP05B_0	AMP06A_0	AMP06B_0	AMP07A_0	AMP07B_0	AMP08A_0	AMP08B_0	AMP09A_0	AMP09B_0	AMP10A_0	AMP10B_0	AMU11A_0	AMU11B_0	AMP12A_0	AMP12B_0	AMP01A_0	AMP01B_1	AMP02A_1	AMP02B_1	AMP03A_1	AMP03B_1	AMP03C_1	AMP04A_1	AMP04B_1	AMP05A_1	AMP05B_1	AMP06A_1	AMP06B_1	AMP07A_1	AMP07B_1	AMP08A_1	AMP08B_1	AMP09A_1	AMP09B_1	AMP10A_1	AMP10B_1	AMU11A_1	AMU11B_1	AMP12A_1	AMP12B_1	AMP01A_1	
-0.1000	 2.68370651226890E-0003	1.3918	-0.0946	0.5131	-2.4287	-0.3469	-0.8340	-2.2228	-0.0446	-0.1766	-2.6536	-1.4862	0.8139	-0.3202	-0.6100	-0.9485	-0.5968	0.3029	0.4654	0.3508	-0.6253	-1.0414	1.3918	1.6116	-1.1029	-1.5765	0.5482	-0.1127	0.4834	-2.4341	-0.2671	-0.7710	-2.2105	-0.0918	-0.2139	-2.5583	-1.3906	0.7733	-0.3687	-0.5382	-0.8604	-0.6122	0.2674	0.4706	0.3823	-0.6052	-1.0459	1.3218	1.5239	-1.0958	-1.5455	0.5585	
-0.0667	 1.37834569021103E-0003	1.0805	-0.4154	0.5562	-2.3110	-0.3482	-0.9272	-2.2982	-0.1359	-0.1740	-2.3883	-1.1765	0.7467	-0.4496	-0.5425	-0.7982	-0.5534	0.2672	0.2967	0.2588	-0.4934	-0.9657	1.0805	1.3155	-0.9585	-1.4313	0.2808	-0.4270	0.5352	-2.3149	-0.2910	-0.8817	-2.2880	-0.1697	-0.2007	-2.3188	-1.1071	0.7174	-0.4838	-0.4900	-0.7346	-0.5647	0.2417	0.3015	0.2822	-0.4799	-0.9691	1.0321	1.2552	-0.9536	-1.4097	0.2889	
-0.0333	 4.39295697695042E-0004	0.7637	-0.7415	0.6003	-2.1911	-0.3507	-1.0225	-2.3749	-0.2283	-0.1714	-2.1179	-0.8623	0.6782	-0.5806	-0.4738	-0.6460	-0.5097	0.2306	0.1257	0.1663	-0.3601	-0.8895	0.7637	1.0146	-0.8117	-1.2842	0.0086	-0.7478	0.5884	-2.1932	-0.3183	-0.9967	-2.3692	-0.2475	-0.1864	-2.0786	-0.8232	0.6613	-0.6002	-0.4445	-0.6100	-0.5165	0.2160	0.1289	0.1800	-0.3527	-0.8916	0.7367	0.9810	-0.8088	-1.2719	0.0135	
0.0000	 2.31746592151864E-0005	0.4447	-1.0692	0.6452	-2.0703	-0.3541	-1.1188	-2.4517	-0.3207	-0.1682	-1.8466	-0.5472	0.6092	-0.7120	-0.4058	-0.4934	-0.4661	0.1940	-0.0459	0.0727	-0.2264	-0.8127	0.4447	0.7120	-0.6640	-1.1369	-0.2660	-1.0700	0.6422	-2.0708	-0.3462	-1.1122	-2.4500	-0.3249	-0.1717	-1.8378	-0.5384	0.6054	-0.7165	-0.3988	-0.4850	-0.4678	0.1905	-0.0437	0.0769	-0.2250	-0.8138	0.4398	0.7052	-0.6638	-1.1342	-0.2641	
0.0333	 1.32473394988186E-0004	0.1240	-1.3977	0.6900	-1.9485	-0.3575	-1.2157	-2.5292	-0.4134	-0.1648	-1.5737	-0.2312	0.5404	-0.8435	-0.3373	-0.3403	-0.4220	0.1573	-0.2175	-0.0208	-0.0922	-0.7360	0.1240	0.4070	-0.5155	-0.9880	-0.5432	-1.3930	0.6963	-1.9477	-0.3747	-1.2285	-2.5317	-0.4032	-0.1570	-1.5955	-0.2523	0.5493	-0.8332	-0.3535	-0.3597	-0.4187	0.1650	-0.2178	-0.0269	-0.0970	-0.7353	0.1407	0.4273	-0.5175	-0.9954	-0.5441	
0.0667	 7.83294764621727E-0004	-0.1987	-1.7275	0.7358	-1.8254	-0.3624	-1.3142	-2.6072	-0.5062	-0.1608	-1.2997	0.0859	0.4711	-0.9752	-0.2690	-0.1871	-0.3774	0.1208	-0.3906	-0.1150	0.0425	-0.6585	-0.1987	0.1003	-0.3659	-0.8389	-0.8223	-1.7169	0.7506	-1.8239	-0.4041	-1.3459	-2.6137	-0.4808	-0.1413	-1.3527	0.0341	0.4933	-0.9500	-0.3083	-0.2346	-0.3699	0.1394	-0.3921	-0.1307	0.0312	-0.6571	-0.1591	0.1485	-0.3710	-0.8564	-0.8258	
0.1000	 1.94035289280854E-0003	-0.5219	-2.0559	0.7824	-1.7019	-0.3684	-1.4135	-2.6855	-0.5979	-0.1561	-1.0272	0.4004	0.4023	-1.1063	-0.2011	-0.0351	-0.3328	0.0844	-0.5638	-0.2095	0.1772	-0.5806	-0.5219	-0.2068	-0.2158	-0.6893	-1.1027	-2.0402	0.8059	-1.6996	-0.4344	-1.4637	-2.6958	-0.5585	-0.1256	-1.1103	0.3197	0.4374	-1.0665	-0.2630	-0.1099	-0.3208	0.1142	-0.5668	-0.2350	0.1594	-0.5781	-0.4594	-0.1307	-0.2240	-0.7171	-1.1086	
