# multipoles are divided by excitation current and units are [T], [m] and [A]
# harmonics (dipole n=0): 00 01 02 03 04 05 06 07 08 09 10 11 
# MAG_LABEL   CURRENT[A]   <NORMAL_MULTIPOLES/CURRENT>[T/m^(n-1)/A]   <SKEW_MULTIPOLES/CURRENT>[T/m^(n-1)/A]
BQD-001   +7.967370e+00   +8.607645e-07 -1.669858e-02 -3.817053e-04 +4.723123e-03 +3.119024e-01 +8.226735e+02 -3.309575e+02 -2.710147e+04 +2.970349e+06 -2.152005e+09 -1.106666e+10 +1.007085e+11   +7.654083e-07 +1.334934e-05 +6.248142e-04 -1.618796e-02 -4.207366e-01 -2.142683e+01 -1.245381e+03 -2.286475e+04 -2.859400e+06 -2.863546e+08 -3.434111e+09 -2.250641e+11   
BQD-002   +7.979595e+00   +9.617727e-07 -1.667468e-02 -2.410344e-04 -5.301112e-03 +1.814799e-01 +8.369114e+02 -8.174422e+02 -2.220104e+04 +5.617274e+05 -2.263718e+09 -8.658690e+09 +4.312943e+11   +8.236195e-07 +1.860987e-05 +6.521045e-04 -7.949261e-03 -3.487737e-01 +4.446409e+00 -3.401826e+02 +5.075791e+04 -5.557020e+05 +1.755886e+08 +2.193473e+09 +3.751222e+11   
BQD-003   +7.954990e+00   +3.691379e-07 -1.639536e-02 -6.771795e-04 +1.986759e-04 +2.736513e-01 +7.997472e+02 -6.787687e+02 -4.772802e+04 +1.295563e+06 -2.264076e+09 -3.446718e+09 -7.769513e+11   +7.111605e-07 +2.201530e-05 +8.170956e-04 -6.717347e-03 -4.655277e-01 -1.132425e+01 -1.016540e+03 -4.038950e+04 -9.580936e+05 -2.892508e+07 -7.105593e+09 -1.465041e+11   
BQD-004   +7.963655e+00   +7.947602e-07 -1.668706e-02 -2.899160e-04 +2.282640e-03 +3.940157e-01 +8.308795e+02 -4.197225e+02 +2.450347e+04 +7.332565e+04 -2.246354e+09 -4.618903e+09 +7.823596e+10   +3.174839e-07 +1.254318e-05 +3.815371e-04 -2.436668e-02 -6.424736e-01 -3.706755e+01 -2.457502e+03 -1.072100e+05 -6.674710e+06 -4.098389e+08 -3.174060e+10 -1.518904e+12   
BQD-005   +7.958473e+00   +9.669537e-07 -1.670148e-02 -2.677902e-04 -6.453413e-03 +2.283060e-01 +8.248322e+02 -2.083711e+02 -1.092358e+04 +1.044499e+06 -2.251056e+09 -4.854841e+09 -2.580985e+11   +1.202523e-06 +1.963946e-05 +3.947436e-04 -1.417553e-02 -4.434746e-01 -6.075743e+00 -9.788232e+02 -3.738767e+04 -4.126297e+06 -1.579909e+08 -2.178786e+09 -3.260250e+11   
BQD-006   +7.974981e+00   +6.116738e-07 -1.681275e-02 -5.602086e-04 -1.461526e-03 +5.289213e-01 +8.668575e+02 -4.756742e+02 +3.213199e+04 +3.797682e+06 -2.020337e+09 +3.278948e+09 +5.172121e+11   +8.731808e-07 +1.392556e-05 +7.560002e-04 -1.588825e-02 -7.220581e-01 -2.479294e+01 -7.942179e+02 -7.533406e+04 -5.212440e+06 -3.317304e+08 -1.620804e+10 -3.972725e+11   
BQD-007   +7.961536e+00   +1.037704e-06 -1.672750e-02 -4.168672e-04 -5.372378e-03 +1.895176e-01 +8.383002e+02 -3.347640e+02 +2.367394e+04 +1.005122e+06 -2.202866e+09 +7.585025e+08 +6.893504e+10   +9.083895e-07 +1.341794e-05 +5.395137e-04 -1.873085e-02 -9.039831e-01 -3.001562e+01 -2.616342e+03 -1.272932e+05 -8.029194e+06 -3.792968e+08 -1.000058e+10 -1.464812e+12   
BQD-008   +7.966169e+00   +1.297212e-06 -1.673259e-02 -2.375781e-04 +3.788718e-04 +1.150933e-01 +8.359880e+02 -6.117668e+02 +1.270902e+02 -2.435602e+06 -2.294674e+09 -9.435352e+08 +1.096348e+11   +9.063852e-07 +5.528629e-06 +5.748004e-04 -1.548487e-02 -9.111175e-01 -2.239248e+01 -2.170136e+03 -1.016105e+05 -6.496616e+06 -3.274223e+08 -1.909042e+10 -9.508817e+11   
BQD-009   +7.963204e+00   +7.983981e-07 -1.670903e-02 -3.048259e-04 -5.030448e-04 -3.967928e-02 +8.324195e+02 -2.574284e+02 -1.456228e+04 -1.122656e+06 -2.231106e+09 -2.667921e+09 -2.094039e+11   +9.418858e-07 +1.414286e-05 +8.713313e-04 +4.935221e-03 +5.043092e-01 +4.244418e+01 +9.985949e+02 +9.732452e+04 +6.329569e+06 +3.624731e+08 +2.234761e+10 +6.098692e+11   
BQD-010   +7.959354e+00   +6.779992e-07 -1.671912e-02 -4.541642e-04 +2.932327e-03 +1.889554e-01 +8.234489e+02 -3.779496e+02 -4.092474e+04 -1.482772e+06 -2.370344e+09 -1.186440e+09 -5.302393e+11   +9.687584e-07 +2.036606e-05 +4.802576e-04 -1.490764e-02 -5.177351e-01 -2.182742e+01 -2.018331e+03 -4.244897e+04 -4.375459e+06 -1.544147e+08 -1.580922e+10 -4.598009e+11   
BQD-011   +7.955336e+00   +7.819403e-07 -1.670197e-02 -4.203790e-04 +3.307320e-04 +1.812123e-01 +8.389213e+02 -7.726464e+02 +3.105531e+04 +1.099511e+06 -1.999075e+09 +1.661157e+09 -2.551937e+11   +9.745025e-07 +1.371995e-05 +3.865520e-04 -1.887014e-02 -8.637116e-01 -3.767646e+01 -1.926200e+03 -1.068844e+05 -5.456152e+06 -3.186964e+08 -2.644028e+10 -1.431125e+12   
BQD-012   +7.962999e+00   +1.322804e-06 -1.670628e-02 -1.543503e-04 +7.140429e-04 +1.113064e-01 +8.368271e+02 +5.354705e+02 -1.385028e+04 -1.202802e+06 -2.315042e+09 -4.268850e+09 -1.370146e+11   +1.366771e-06 +1.768473e-05 +3.391246e-04 -9.905199e-03 -4.815217e-01 -2.180314e+01 -8.512876e+02 -3.697334e+04 +8.216581e+05 -2.144863e+08 -1.188689e+10 -5.370233e+11   
BQD-013   +7.955708e+00   +1.009206e-06 -1.671868e-02 -2.009130e-04 -1.745841e-02 +2.506558e-02 +8.377202e+02 -3.756981e+02 -4.643441e+04 +8.839719e+05 -2.051477e+09 -8.295645e+09 -1.147043e+12   +8.574226e-07 +1.741629e-05 +7.421267e-04 -2.068367e-02 -9.270413e-01 -1.956207e+01 -1.380245e+03 -2.910738e+04 -3.432924e+06 -1.297296e+08 -1.719526e+10 -7.051023e+11   
BQD-014   +7.961006e+00   +1.184708e-06 -1.671928e-02 -1.529826e-04 -4.442476e-03 +1.080391e-01 +8.290322e+02 -1.297965e+02 +1.794645e+04 +7.365236e+05 -2.324788e+09 -3.545542e+10 +1.857569e+10   +1.376189e-06 +2.108702e-05 +7.359775e-04 -1.008529e-02 -4.041374e-01 -8.849313e+00 -1.020154e+03 -1.325850e+04 -1.815144e+06 -1.505253e+08 -6.527459e+09 -3.804917e+11   
BQD-015   +7.955234e+00   +1.190207e-06 -1.672956e-02 -2.064065e-04 -1.733303e-03 +1.792004e-01 +8.287906e+02 -4.400253e+02 +7.792313e+03 +1.203553e+06 -2.184625e+09 +4.181737e+09 -6.749194e+10   +1.060624e-06 +1.641311e-05 +9.708477e-04 -1.304423e-03 -1.059980e-01 +1.735026e+01 -1.700224e+02 +5.818167e+04 +9.865868e+05 +6.774858e+07 +5.117036e+09 +2.146770e+11   
BQD-016   +7.956780e+00   +1.041877e-06 -1.672067e-02 -1.833697e-04 -3.574477e-03 -7.235955e-02 +8.206018e+02 -3.982947e+02 +6.695629e+03 +7.160922e+03 -2.146129e+09 +8.109088e+09 -4.582729e+10   +9.272886e-07 +1.979341e-05 +1.466392e-03 +1.846996e-02 +7.682833e-01 +8.098598e+01 +4.363841e+03 +2.329936e+05 +1.494752e+07 +5.437990e+08 +4.152888e+10 +2.339059e+12   
BQD-017   +7.956093e+00   +9.533021e-07 -1.672144e-02 -5.051516e-04 -1.682806e-03 +2.533271e-01 +8.901476e+02 -4.512862e+02 +2.677855e+04 +1.153512e+06 -2.071186e+09 -1.116051e+10 +6.473662e+11   +9.400663e-07 +1.910643e-05 +6.355418e-04 -4.785654e-03 +1.906470e-02 -6.872674e+01 -4.675198e+02 -5.446358e+04 -7.190394e+05 -3.281396e+07 +3.569807e+09 -7.990441e+11   
BQD-018   +7.952241e+00   +1.146235e-06 -1.675070e-02 -3.719673e-04 -1.195180e-03 +2.411984e-01 +8.198188e+02 +4.731735e+02 +3.549952e+04 +1.747769e+06 -2.449086e+09 +2.755526e+09 +1.808694e+11   +1.104031e-06 +1.699269e-05 +1.174888e-03 +1.360408e-02 +8.315573e-01 +7.020063e+01 +3.280304e+03 +2.404975e+05 +8.318300e+06 +7.030045e+08 +3.414630e+10 +2.369380e+12   
BQD-019   +7.958213e+00   +1.060903e-06 -1.671954e-02 -7.773499e-05 +8.384891e-03 +1.117108e-01 +8.189547e+02 -8.086490e+01 -2.576828e+04 +1.665216e+06 -2.156913e+09 -2.149260e+09 -1.913084e+11   +9.382859e-07 +1.025944e-05 +8.217868e-04 -8.032571e-03 -3.779923e-01 +7.454891e+00 -3.954486e+02 +9.052831e+03 -3.118238e+05 +1.323719e+08 +1.731441e+09 -6.917861e+10   
BQD-020   +8.003623e+00   +8.314733e-07 -1.644144e-02 -3.798625e-04 -5.657770e-03 +1.339453e-01 +8.181336e+02 +1.230841e+03 +1.686040e+04 +3.536650e+06 -2.029858e+09 +2.956502e+10 -2.469975e+11   +1.033797e-06 +9.627119e-06 +5.856859e-04 +3.096554e-04 -1.286726e-01 +1.157538e+01 +9.885066e+02 +9.597567e+04 -5.592175e+05 +6.112788e+07 +1.446915e+10 -2.102440e+11   
BQD-021   +7.958205e+00   +9.915527e-07 -1.671154e-02 -2.987855e-04 +3.574605e-04 +2.731698e-01 +8.215834e+02 -8.743895e+02 +2.171984e+04 +2.226266e+06 -2.203380e+09 -9.764515e+09 -2.667733e+11   +9.598661e-07 +1.336539e-05 +8.076927e-04 -9.068855e-03 -4.414351e-01 -4.044177e-01 -1.576002e+03 -2.607849e+04 +1.736098e+06 +4.984600e+07 -1.349166e+10 -2.263935e+11   
BQD-022   +7.954410e+00   +8.149613e-07 -1.672042e-02 -4.041885e-04 -8.610284e-03 -2.784310e-01 +8.396380e+02 -4.167785e+02 +1.039205e+05 -3.232221e+06 -2.286764e+09 +7.864023e+09 +3.278271e+11   +6.457214e-07 +1.613391e-05 +5.396511e-04 -1.830431e-02 -1.565246e+00 -3.771435e+01 -3.026903e+03 -8.890505e+04 -2.301750e+06 -4.486161e+08 -1.655335e+10 -1.327176e+12   
BQD-023   +7.960097e+00   +9.393710e-07 -1.670365e-02 -3.369448e-04 -7.842603e-03 +6.544051e-02 +8.361916e+02 -6.592604e+02 +2.731693e+04 +1.729014e+05 -2.262264e+09 -2.181453e+09 -3.562130e+11   +1.083590e-06 +1.815234e-05 +4.696867e-04 -6.147902e-03 -3.292868e-01 -5.198684e-01 -2.122367e+00 -4.819763e+04 -1.541280e+05 -1.915252e+08 -5.888038e+09 -7.406753e+11   
BQD-024   +7.960970e+00   +8.990922e-07 -1.674576e-02 -4.266864e-04 -4.146171e-03 -5.010678e-02 +8.311952e+02 +3.782999e+02 -2.096959e+04 +1.265739e+06 -2.092176e+09 +1.795443e+09 +1.140216e+11   +9.548270e-07 +1.507020e-05 +3.909643e-04 -1.393771e-02 -6.163331e-01 -3.127278e+01 -1.995497e+03 -5.180812e+04 -4.908023e+06 -2.477047e+08 -2.020295e+10 -5.571546e+11   
BQD-026   +7.988764e+00   +1.078291e-06 -1.671186e-02 -3.324295e-04 +3.281960e-03 +1.091909e-01 +8.218712e+02 +2.321084e+02 -1.126597e+04 +2.302792e+06 -2.274001e+09 +7.930284e+09 -6.813481e+10   +1.133897e-06 +1.694521e-05 +8.320093e-04 +3.975709e-03 +3.376471e-01 +3.695398e+01 +1.559111e+03 +1.054619e+05 +4.625533e+06 +3.896673e+08 +2.024866e+10 +7.606757e+11   
BQD-027   +7.985001e+00   +1.361460e-06 -1.669531e-02 -1.461766e-04 -2.351505e-03 -9.908441e-02 +8.380391e+02 -3.324154e+02 +1.635816e+03 -2.089520e+06 -2.106804e+09 -2.123442e+09 -4.377874e+11   +1.137994e-06 +2.217970e-05 +5.481173e-04 -1.223381e-02 -1.604133e-01 +9.270765e+00 -3.060417e+02 +3.369511e+04 +3.638053e+06 +9.674983e+07 +2.571139e+09 +2.149837e+11   
