# Author : Radia User
# 
# Total Length of Longitudinal Interval [m]
3.6
# Number of Horizontal Points
81
# Number of Vertical Points
17
# Total Horizontal 2nd Order Kick [T2m2]
START
                -1.00000e-02  -9.75000e-03  -9.50000e-03  -9.25000e-03  -9.00000e-03  -8.75000e-03  -8.50000e-03  -8.25000e-03  -8.00000e-03  -7.75000e-03  -7.50000e-03  -7.25000e-03  -7.00000e-03  -6.75000e-03  -6.50000e-03  -6.25000e-03  -6.00000e-03  -5.75000e-03  -5.50000e-03  -5.25000e-03  -5.00000e-03  -4.75000e-03  -4.50000e-03  -4.25000e-03  -4.00000e-03  -3.75000e-03  -3.50000e-03  -3.25000e-03  -3.00000e-03  -2.75000e-03  -2.50000e-03  -2.25000e-03  -2.00000e-03  -1.75000e-03  -1.50000e-03  -1.25000e-03  -1.00000e-03  -7.50000e-04  -5.00000e-04  -2.50000e-04   0.00000e+00   2.50000e-04   5.00000e-04   7.50000e-04   1.00000e-03   1.25000e-03   1.50000e-03   1.75000e-03   2.00000e-03   2.25000e-03   2.50000e-03   2.75000e-03   3.00000e-03   3.25000e-03   3.50000e-03   3.75000e-03   4.00000e-03   4.25000e-03   4.50000e-03   4.75000e-03   5.00000e-03   5.25000e-03   5.50000e-03   5.75000e-03   6.00000e-03   6.25000e-03   6.50000e-03   6.75000e-03   7.00000e-03   7.25000e-03   7.50000e-03   7.75000e-03   8.00000e-03   8.25000e-03   8.50000e-03   8.75000e-03   9.00000e-03   9.25000e-03   9.50000e-03   9.75000e-03   1.00000e-02
   6.00000e-03  -6.89969e-04  -7.76732e-04  -9.49064e-04  -1.11902e-03  -1.28818e-03  -1.46238e-03  -1.65478e-03  -1.89104e-03  -2.21767e-03  -2.71573e-03  -3.52254e-03  -4.86475e-03  -7.10639e-03  -1.08255e-02  -1.70373e-02  -1.34494e-02   2.15328e-01   2.41696e-01   3.69714e-02   2.49782e-02   2.15782e-02   1.94576e-02   1.77674e-02   1.63132e-02   1.50203e-02   1.38438e-02   1.27516e-02   1.17202e-02   1.07328e-02   9.77731e-03   8.84530e-03   7.93055e-03   7.02858e-03   6.13602e-03   5.25034e-03   4.36962e-03   3.49237e-03   2.61750e-03   1.74417e-03   8.71732e-04  -3.11550e-07  -8.72402e-04  -1.74499e-03  -2.61861e-03  -3.49395e-03  -4.37194e-03  -5.25385e-03  -6.14140e-03  -7.03689e-03  -7.94348e-03  -8.86552e-03  -9.80906e-03  -1.07827e-02  -1.17986e-02  -1.28744e-02  -1.40352e-02  -1.53162e-02  -1.67654e-02  -1.84476e-02  -2.04543e-02  -2.29555e-02  -2.63845e-02  -2.93167e-02  -3.37205e-01  -3.62075e-01  -8.62815e-02  -8.52982e-02  -7.11897e-02  -5.82973e-02  -4.69709e-02  -3.73580e-02  -2.94102e-02  -2.29626e-02  -1.78064e-02  -1.37301e-02  -1.05398e-02  -8.06604e-03  -6.16586e-03  -4.72071e-03  -3.63375e-03  -3.16897e-03
   5.25000e-03   2.99216e-04   1.77123e-04  -7.48945e-05  -3.50521e-04  -6.73537e-04  -1.08875e-03  -1.67570e-03  -2.57036e-03  -3.99826e-03  -6.32242e-03  -1.01199e-02  -1.64043e-02  -1.28735e-02   2.15831e-01   2.42123e-01   3.73628e-02   2.53573e-02   2.19555e-02   1.98426e-02   1.81697e-02   1.67419e-02   1.54846e-02   1.43528e-02   1.33143e-02   1.23455e-02   1.14296e-02   1.05543e-02   9.71112e-03   8.89358e-03   8.09696e-03   7.31756e-03   6.55243e-03   5.79914e-03   5.05561e-03   4.32009e-03   3.59103e-03   2.86708e-03   2.14704e-03   1.42981e-03   7.14408e-04  -1.01474e-07  -7.14625e-04  -1.43007e-03  -2.14737e-03  -2.86755e-03  -3.59171e-03  -4.32108e-03  -5.05709e-03  -5.80137e-03  -6.55584e-03  -7.32281e-03  -8.10510e-03  -8.90629e-03  -9.73105e-03  -1.05857e-02  -1.14789e-02  -1.24232e-02  -1.34361e-02  -1.45428e-02  -1.57785e-02  -1.71913e-02  -1.88459e-02  -2.08340e-02  -2.33251e-02  -2.67527e-02  -2.96917e-02  -3.37599e-01  -3.62538e-01  -8.68348e-02  -8.59218e-02  -7.18897e-02  -5.90772e-02  -4.78343e-02  -3.83077e-02  -3.04483e-02  -2.40900e-02  -1.90228e-02  -1.50337e-02  -1.19271e-02  -9.53160e-03  -8.49194e-03
   4.50000e-03   1.40645e-03   1.17443e-03   6.45639e-04  -6.15015e-05  -1.07967e-03  -2.63152e-03  -5.07769e-03  -8.99308e-03  -1.53889e-02  -1.19521e-02   2.16603e-01   2.42728e-01   3.78812e-02   2.58254e-02   2.23854e-02   2.02455e-02   1.85559e-02   1.71213e-02   1.58665e-02   1.47460e-02   1.37270e-02   1.27858e-02   1.19050e-02   1.10724e-02   1.02789e-02   9.51814e-03   8.78500e-03   8.07565e-03   7.38693e-03   6.71618e-03   6.06110e-03   5.41965e-03   4.79001e-03   4.17049e-03   3.55957e-03   2.95580e-03   2.35785e-03   1.76447e-03   1.17446e-03   5.86660e-04  -3.49396e-08  -5.86735e-04  -1.17454e-03  -1.76458e-03  -2.35800e-03  -2.95601e-03  -3.55986e-03  -4.17093e-03  -4.79065e-03  -5.42060e-03  -6.06252e-03  -6.71834e-03  -7.39025e-03  -8.08078e-03  -8.79298e-03  -9.53062e-03  -1.02986e-02  -1.11033e-02  -1.19538e-02  -1.28626e-02  -1.38476e-02  -1.49343e-02  -1.61582e-02  -1.75678e-02  -1.92280e-02  -2.12311e-02  -2.37469e-02  -2.72090e-02  -3.01922e-02  -3.38170e-01  -3.63270e-01  -8.77332e-02  -8.69274e-02  -7.30106e-02  -6.03180e-02  -4.91983e-02  -3.97968e-02  -3.20620e-02  -2.58250e-02  -2.08725e-02  -1.86896e-02
   3.75000e-03   2.02453e-03   1.32977e-03  -4.00274e-04  -3.02994e-03  -7.12822e-03  -1.37008e-02  -1.04204e-02   2.17879e-01   2.43717e-01   3.87113e-02   2.65507e-02   2.30238e-02   2.08127e-02   1.90663e-02   1.75880e-02   1.63013e-02   1.51594e-02   1.41289e-02   1.31848e-02   1.23093e-02   1.14893e-02   1.07153e-02   9.98045e-03   9.27931e-03   8.60772e-03   7.96226e-03   7.34004e-03   6.73856e-03   6.15561e-03   5.58920e-03   5.03748e-03   4.49878e-03   3.97150e-03   3.45415e-03   2.94534e-03   2.44372e-03   1.94800e-03   1.45696e-03   9.69390e-04   4.84117e-04  -1.24745e-08  -4.84143e-04  -9.69421e-04  -1.45700e-03  -1.94806e-03  -2.44379e-03  -2.94544e-03  -3.45429e-03  -3.97169e-03  -4.49906e-03  -5.03790e-03  -5.58981e-03  -6.15653e-03  -6.73994e-03  -7.34214e-03  -7.96549e-03  -8.61273e-03  -9.28712e-03  -9.99270e-03  -1.07346e-02  -1.15197e-02  -1.23574e-02  -1.32607e-02  -1.42483e-02  -1.53461e-02  -1.65906e-02  -1.80311e-02  -1.97337e-02  -2.17916e-02  -2.43758e-02  -2.79206e-02  -3.10012e-02  -3.39124e-01  -3.64508e-01  -8.92432e-02  -8.86090e-02  -7.48744e-02  -6.23681e-02  -5.14351e-02  -4.22150e-02  -3.80360e-02
   3.00000e-03  -1.23951e-03  -3.89372e-03  -1.07653e-02  -7.76303e-03   2.20104e-01   2.45464e-01   4.01753e-02   2.78122e-02   2.41137e-02   2.17585e-02   1.98925e-02   1.83160e-02   1.69498e-02   1.57447e-02   1.46650e-02   1.36841e-02   1.27824e-02   1.19455e-02   1.11629e-02   1.04267e-02   9.73071e-03   9.07020e-03   8.44121e-03   7.84046e-03   7.26511e-03   6.71267e-03   6.18094e-03   5.66789e-03   5.17171e-03   4.69069e-03   4.22325e-03   3.76791e-03   3.32325e-03   2.88794e-03   2.46071e-03   2.04031e-03   1.62555e-03   1.21528e-03   8.08338e-04   4.03614e-04  -4.47131e-09  -4.03624e-04  -8.08349e-04  -1.21529e-03  -1.62557e-03  -2.04033e-03  -2.46074e-03  -2.88799e-03  -3.32331e-03  -3.76800e-03  -4.22338e-03  -4.69088e-03  -5.17198e-03  -5.66829e-03  -6.18152e-03  -6.71355e-03  -7.26644e-03  -7.84249e-03  -8.44435e-03  -9.07506e-03  -9.73832e-03  -1.04386e-02  -1.11818e-02  -1.19754e-02  -1.28298e-02  -1.37590e-02  -1.47830e-02  -1.59293e-02  -1.72361e-02  -1.87549e-02  -2.05539e-02  -2.27289e-02  -2.54533e-02  -2.91639e-02  -3.24376e-02  -3.40850e-01  -3.66717e-01  -9.18954e-02  -9.15632e-02  -7.81404e-02  -7.16820e-02
   2.25000e-03   4.20428e-03   2.24311e-01   2.48816e-01   4.29839e-02   3.01985e-02   2.61439e-02   2.34917e-02   2.13796e-02   1.96005e-02   1.80684e-02   1.67281e-02   1.55388e-02   1.44695e-02   1.34972e-02   1.26045e-02   1.17786e-02   1.10095e-02   1.02896e-02   9.61288e-03   8.97428e-03   8.36970e-03   7.79565e-03   7.24914e-03   6.72751e-03   6.22845e-03   5.74985e-03   5.28983e-03   4.84665e-03   4.41872e-03   4.00455e-03   3.60276e-03   3.21202e-03   2.83109e-03   2.45876e-03   2.09389e-03   1.73535e-03   1.38205e-03   1.03291e-03   6.86884e-04   3.42925e-04  -1.49206e-09  -3.42928e-04  -6.86888e-04  -1.03292e-03  -1.38205e-03  -1.73536e-03  -2.09390e-03  -2.45878e-03  -2.83111e-03  -3.21205e-03  -3.60280e-03  -4.00461e-03  -4.41881e-03  -4.84677e-03  -5.29001e-03  -5.75011e-03  -6.22882e-03  -6.72807e-03  -7.24997e-03  -7.79692e-03  -8.37164e-03  -8.97729e-03  -9.61758e-03  -1.02970e-02  -1.10211e-02  -1.17970e-02  -1.26337e-02  -1.35436e-02  -1.45430e-02  -1.56547e-02  -1.69098e-02  -1.83505e-02  -2.00331e-02  -2.20317e-02  -2.44482e-02  -2.74630e-02  -3.15189e-02  -3.52001e-02  -3.44282e-01  -3.71062e-01  -9.00727e-02
   1.50000e-03   3.83608e-02   3.53136e-02   3.03689e-02   2.69993e-02   2.43127e-02   2.20747e-02   2.01758e-02   1.85418e-02   1.71167e-02   1.58575e-02   1.47317e-02   1.37148e-02   1.27880e-02   1.19370e-02   1.11506e-02   1.04199e-02   9.73781e-03   9.09839e-03   8.49684e-03   7.92905e-03   7.39155e-03   6.88132e-03   6.39576e-03   5.93254e-03   5.48962e-03   5.06516e-03   4.65748e-03   4.26506e-03   3.88649e-03   3.52045e-03   3.16570e-03   2.82107e-03   2.48544e-03   2.15773e-03   1.83688e-03   1.52188e-03   1.21172e-03   9.05428e-04   6.02019e-04   3.00530e-04   0.00000e+00  -3.00531e-04  -6.02020e-04  -9.05429e-04  -1.21172e-03  -1.52188e-03  -1.83688e-03  -2.15773e-03  -2.48545e-03  -2.82108e-03  -3.16572e-03  -3.52047e-03  -3.88652e-03  -4.26510e-03  -4.65754e-03  -5.06523e-03  -5.48973e-03  -5.93270e-03  -6.39599e-03  -6.88167e-03  -7.39207e-03  -7.92983e-03  -8.49803e-03  -9.10022e-03  -9.74066e-03  -1.04244e-02  -1.11577e-02  -1.19482e-02  -1.28058e-02  -1.37430e-02  -1.47766e-02  -1.59286e-02  -1.72290e-02  -1.87179e-02  -2.04492e-02  -2.24937e-02  -2.49433e-02  -2.79218e-02  -3.16344e-02  -3.65496e-02  -3.93916e-02
   7.50000e-04   3.29606e-02   3.09915e-02   2.74398e-02   2.45623e-02   2.21892e-02   2.01980e-02   1.84996e-02   1.70287e-02   1.57374e-02   1.45899e-02   1.35596e-02   1.26262e-02   1.17739e-02   1.09903e-02   1.02658e-02   9.59234e-03   8.96352e-03   8.37400e-03   7.81934e-03   7.29578e-03   6.80012e-03   6.32960e-03   5.88183e-03   5.45470e-03   5.04633e-03   4.65504e-03   4.27932e-03   3.91778e-03   3.56912e-03   3.23215e-03   2.90572e-03   2.58877e-03   2.28025e-03   1.97917e-03   1.68455e-03   1.39543e-03   1.11089e-03   8.29988e-04   5.51813e-04   2.75454e-04   0.00000e+00  -2.75453e-04  -5.51813e-04  -8.29988e-04  -1.11089e-03  -1.39543e-03  -1.68455e-03  -1.97917e-03  -2.28025e-03  -2.58877e-03  -2.90573e-03  -3.23215e-03  -3.56913e-03  -3.91779e-03  -4.27934e-03  -4.65507e-03  -5.04636e-03  -5.45474e-03  -5.88190e-03  -6.32970e-03  -6.80025e-03  -7.29597e-03  -7.81963e-03  -8.37444e-03  -8.96419e-03  -9.59337e-03  -1.02674e-02  -1.09928e-02  -1.17778e-02  -1.26324e-02  -1.35696e-02  -1.46058e-02  -1.57626e-02  -1.70690e-02  -1.85634e-02  -2.02984e-02  -2.23458e-02  -2.48038e-02  -2.78067e-02  -3.15372e-02  -3.36107e-02
   0.00000e+00   3.24515e-02   3.04275e-02   2.68127e-02   2.39379e-02   2.15938e-02   1.96399e-02   1.79794e-02   1.65445e-02   1.52864e-02   1.41696e-02   1.31676e-02   1.22603e-02   1.14322e-02   1.06711e-02   9.96744e-03   9.31348e-03   8.70289e-03   8.13047e-03   7.59186e-03   7.08342e-03   6.60204e-03   6.14505e-03   5.71011e-03   5.29520e-03   4.89850e-03   4.51841e-03   4.15344e-03   3.80226e-03   3.46363e-03   3.13638e-03   2.81942e-03   2.51169e-03   2.21221e-03   1.91998e-03   1.63407e-03   1.35355e-03   1.07750e-03   8.05010e-04   5.35193e-04   2.67153e-04   0.00000e+00  -2.67152e-04  -5.35192e-04  -8.05009e-04  -1.07750e-03  -1.35355e-03  -1.63407e-03  -1.91998e-03  -2.21221e-03  -2.51169e-03  -2.81942e-03  -3.13638e-03  -3.46363e-03  -3.80226e-03  -4.15344e-03  -4.51841e-03  -4.89850e-03  -5.29520e-03  -5.71011e-03  -6.14504e-03  -6.60204e-03  -7.08342e-03  -7.59186e-03  -8.13046e-03  -8.70289e-03  -9.31348e-03  -9.96744e-03  -1.06711e-02  -1.14322e-02  -1.22603e-02  -1.31676e-02  -1.41696e-02  -1.52864e-02  -1.65445e-02  -1.79794e-02  -1.96399e-02  -2.15938e-02  -2.39379e-02  -2.68127e-02  -3.04275e-02  -3.24514e-02
  -7.50000e-04   3.36107e-02   3.15372e-02   2.78067e-02   2.48038e-02   2.23458e-02   2.02984e-02   1.85634e-02   1.70690e-02   1.57627e-02   1.46058e-02   1.35696e-02   1.26325e-02   1.17778e-02   1.09929e-02   1.02674e-02   9.59338e-03   8.96419e-03   8.37444e-03   7.81963e-03   7.29597e-03   6.80025e-03   6.32970e-03   5.88190e-03   5.45474e-03   5.04636e-03   4.65507e-03   4.27934e-03   3.91779e-03   3.56913e-03   3.23215e-03   2.90573e-03   2.58877e-03   2.28026e-03   1.97917e-03   1.68455e-03   1.39543e-03   1.11089e-03   8.29989e-04   5.51814e-04   2.75454e-04   0.00000e+00  -2.75453e-04  -5.51812e-04  -8.29987e-04  -1.11089e-03  -1.39543e-03  -1.68455e-03  -1.97917e-03  -2.28025e-03  -2.58877e-03  -2.90572e-03  -3.23215e-03  -3.56912e-03  -3.91778e-03  -4.27932e-03  -4.65504e-03  -5.04633e-03  -5.45470e-03  -5.88183e-03  -6.32960e-03  -6.80012e-03  -7.29577e-03  -7.81933e-03  -8.37400e-03  -8.96352e-03  -9.59234e-03  -1.02658e-02  -1.09903e-02  -1.17739e-02  -1.26262e-02  -1.35596e-02  -1.45899e-02  -1.57373e-02  -1.70287e-02  -1.84996e-02  -2.01980e-02  -2.21892e-02  -2.45623e-02  -2.74398e-02  -3.09915e-02  -3.29606e-02
  -1.50000e-03   3.93918e-02   3.65497e-02   3.16344e-02   2.79219e-02   2.49434e-02   2.24937e-02   2.04492e-02   1.87179e-02   1.72290e-02   1.59286e-02   1.47766e-02   1.37430e-02   1.28058e-02   1.19482e-02   1.11577e-02   1.04244e-02   9.74066e-03   9.10023e-03   8.49803e-03   7.92983e-03   7.39207e-03   6.88167e-03   6.39599e-03   5.93270e-03   5.48973e-03   5.06524e-03   4.65754e-03   4.26510e-03   3.88652e-03   3.52047e-03   3.16572e-03   2.82109e-03   2.48545e-03   2.15773e-03   1.83688e-03   1.52188e-03   1.21173e-03   9.05430e-04   6.02021e-04   3.00532e-04   1.36761e-09  -3.00529e-04  -6.02018e-04  -9.05427e-04  -1.21172e-03  -1.52188e-03  -1.83688e-03  -2.15772e-03  -2.48544e-03  -2.82107e-03  -3.16570e-03  -3.52045e-03  -3.88649e-03  -4.26506e-03  -4.65748e-03  -5.06515e-03  -5.48962e-03  -5.93254e-03  -6.39575e-03  -6.88132e-03  -7.39155e-03  -7.92905e-03  -8.49683e-03  -9.09839e-03  -9.73780e-03  -1.04199e-02  -1.11506e-02  -1.19370e-02  -1.27880e-02  -1.37148e-02  -1.47317e-02  -1.58575e-02  -1.71167e-02  -1.85418e-02  -2.01758e-02  -2.20747e-02  -2.43127e-02  -2.69993e-02  -3.03689e-02  -3.53137e-02  -3.83609e-02
  -2.25000e-03   9.00794e-02   3.71060e-01   3.44276e-01   3.52005e-02   3.15191e-02   2.74630e-02   2.44483e-02   2.20318e-02   2.00332e-02   1.83505e-02   1.69098e-02   1.56547e-02   1.45430e-02   1.35436e-02   1.26338e-02   1.17970e-02   1.10211e-02   1.02970e-02   9.61759e-03   8.97729e-03   8.37165e-03   7.79693e-03   7.24998e-03   6.72807e-03   6.22883e-03   5.75011e-03   5.29001e-03   4.84678e-03   4.41881e-03   4.00462e-03   3.60280e-03   3.21205e-03   2.83111e-03   2.45878e-03   2.09391e-03   1.73536e-03   1.38206e-03   1.03292e-03   6.86889e-04   3.42930e-04   2.67269e-09  -3.42924e-04  -6.86883e-04  -1.03291e-03  -1.38205e-03  -1.73535e-03  -2.09389e-03  -2.45876e-03  -2.83109e-03  -3.21202e-03  -3.60276e-03  -4.00455e-03  -4.41872e-03  -4.84665e-03  -5.28983e-03  -5.74985e-03  -6.22845e-03  -6.72751e-03  -7.24914e-03  -7.79565e-03  -8.36970e-03  -8.97427e-03  -9.61288e-03  -1.02896e-02  -1.10095e-02  -1.17786e-02  -1.26045e-02  -1.34972e-02  -1.44695e-02  -1.55388e-02  -1.67281e-02  -1.80684e-02  -1.96005e-02  -2.13796e-02  -2.34917e-02  -2.61440e-02  -3.01986e-02  -4.29841e-02  -2.48816e-01  -2.24311e-01  -4.20379e-03
  -3.00000e-03   7.16824e-02   7.81410e-02   9.15646e-02   9.18996e-02   3.66714e-01   3.40844e-01   3.24379e-02   2.91641e-02   2.54534e-02   2.27289e-02   2.05540e-02   1.87549e-02   1.72361e-02   1.59293e-02   1.47830e-02   1.37590e-02   1.28298e-02   1.19754e-02   1.11818e-02   1.04386e-02   9.73832e-03   9.07507e-03   8.44435e-03   7.84250e-03   7.26644e-03   6.71355e-03   6.18153e-03   5.66829e-03   5.17199e-03   4.69088e-03   4.22338e-03   3.76800e-03   3.32332e-03   2.88799e-03   2.46074e-03   2.04034e-03   1.62557e-03   1.21529e-03   8.08351e-04   4.03625e-04   5.85781e-09  -4.03613e-04  -8.08337e-04  -1.21528e-03  -1.62555e-03  -2.04031e-03  -2.46071e-03  -2.88794e-03  -3.32325e-03  -3.76790e-03  -4.22325e-03  -4.69069e-03  -5.17171e-03  -5.66789e-03  -6.18094e-03  -6.71267e-03  -7.26511e-03  -7.84046e-03  -8.44121e-03  -9.07020e-03  -9.73070e-03  -1.04267e-02  -1.11629e-02  -1.19455e-02  -1.27824e-02  -1.36841e-02  -1.46650e-02  -1.57447e-02  -1.69498e-02  -1.83160e-02  -1.98925e-02  -2.17586e-02  -2.41137e-02  -2.78123e-02  -4.01755e-02  -2.45464e-01  -2.20104e-01   7.76337e-03   1.07654e-02   3.89382e-03   1.23960e-03
  -3.75000e-03   3.80361e-02   4.22151e-02   5.14353e-02   6.23685e-02   7.48750e-02   8.86103e-02   8.92475e-02   3.64505e-01   3.39118e-01   3.10015e-02   2.79208e-02   2.43758e-02   2.17916e-02   1.97337e-02   1.80311e-02   1.65906e-02   1.53461e-02   1.42483e-02   1.32607e-02   1.23574e-02   1.15197e-02   1.07346e-02   9.99270e-03   9.28713e-03   8.61273e-03   7.96549e-03   7.34214e-03   6.73994e-03   6.15653e-03   5.58981e-03   5.03790e-03   4.49906e-03   3.97170e-03   3.45429e-03   2.94544e-03   2.44379e-03   1.94806e-03   1.45700e-03   9.69422e-04   4.84145e-04   1.41338e-08  -4.84115e-04  -9.69388e-04  -1.45696e-03  -1.94800e-03  -2.44372e-03  -2.94534e-03  -3.45415e-03  -3.97150e-03  -4.49878e-03  -5.03748e-03  -5.58920e-03  -6.15561e-03  -6.73856e-03  -7.34003e-03  -7.96226e-03  -8.60772e-03  -9.27931e-03  -9.98045e-03  -1.07153e-02  -1.14893e-02  -1.23093e-02  -1.31848e-02  -1.41289e-02  -1.51594e-02  -1.63013e-02  -1.75880e-02  -1.90663e-02  -2.08127e-02  -2.30238e-02  -2.65508e-02  -3.87115e-02  -2.43717e-01  -2.17879e-01   1.04207e-02   1.37010e-02   7.12832e-03   3.03001e-03   4.00331e-04  -1.32972e-03  -2.02449e-03
  -4.50000e-03   1.86896e-02   2.08725e-02   2.58250e-02   3.20620e-02   3.97969e-02   4.91985e-02   6.03183e-02   7.30113e-02   8.69288e-02   8.77374e-02   3.63268e-01   3.38164e-01   3.01925e-02   2.72092e-02   2.37470e-02   2.12311e-02   1.92280e-02   1.75678e-02   1.61582e-02   1.49343e-02   1.38476e-02   1.28626e-02   1.19538e-02   1.11033e-02   1.02986e-02   9.53063e-03   8.79298e-03   8.08078e-03   7.39025e-03   6.71835e-03   6.06253e-03   5.42061e-03   4.79065e-03   4.17093e-03   3.55987e-03   2.95601e-03   2.35800e-03   1.76458e-03   1.17454e-03   5.86737e-04   3.69473e-08  -5.86659e-04  -1.17445e-03  -1.76447e-03  -2.35785e-03  -2.95579e-03  -3.55956e-03  -4.17049e-03  -4.79001e-03  -5.41965e-03  -6.06110e-03  -6.71618e-03  -7.38693e-03  -8.07565e-03  -8.78500e-03  -9.51814e-03  -1.02789e-02  -1.10724e-02  -1.19050e-02  -1.27858e-02  -1.37270e-02  -1.47460e-02  -1.58665e-02  -1.71213e-02  -1.85559e-02  -2.02456e-02  -2.23855e-02  -2.58254e-02  -3.78814e-02  -2.42728e-01  -2.16603e-01   1.19524e-02   1.53891e-02   8.99318e-03   5.07776e-03   2.63158e-03   1.07971e-03   6.15386e-05  -6.45609e-04  -1.17441e-03  -1.40642e-03
  -5.25000e-03   8.49194e-03   9.53160e-03   1.19271e-02   1.50337e-02   1.90228e-02   2.40900e-02   3.04483e-02   3.83078e-02   4.78345e-02   5.90776e-02   7.18903e-02   8.59231e-02   8.68390e-02   3.62536e-01   3.37594e-01   2.96920e-02   2.67529e-02   2.33252e-02   2.08340e-02   1.88459e-02   1.71913e-02   1.57785e-02   1.45428e-02   1.34361e-02   1.24232e-02   1.14789e-02   1.05857e-02   9.73105e-03   8.90629e-03   8.10510e-03   7.32281e-03   6.55584e-03   5.80137e-03   5.05709e-03   4.32108e-03   3.59171e-03   2.86755e-03   2.14738e-03   1.43007e-03   7.14627e-04   1.03916e-07  -7.14406e-04  -1.42981e-03  -2.14703e-03  -2.86708e-03  -3.59103e-03  -4.32009e-03  -5.05561e-03  -5.79914e-03  -6.55243e-03  -7.31756e-03  -8.09696e-03  -8.89358e-03  -9.71112e-03  -1.05543e-02  -1.14296e-02  -1.23455e-02  -1.33143e-02  -1.43528e-02  -1.54846e-02  -1.67419e-02  -1.81697e-02  -1.98427e-02  -2.19555e-02  -2.53574e-02  -3.73630e-02  -2.42123e-01  -2.15831e-01   1.28738e-02   1.64045e-02   1.01200e-02   6.32249e-03   3.99831e-03   2.57040e-03   1.67574e-03   1.08878e-03   6.73562e-04   3.50541e-04   7.49113e-05  -1.77109e-04  -2.99203e-04
  -6.00000e-03   3.16897e-03   3.63375e-03   4.72070e-03   6.16585e-03   8.06603e-03   1.05398e-02   1.37301e-02   1.78064e-02   2.29626e-02   2.94102e-02   3.73581e-02   4.69711e-02   5.82976e-02   7.11903e-02   8.52996e-02   8.62858e-02   3.62072e-01   3.37200e-01   2.93171e-02   2.63847e-02   2.29556e-02   2.04544e-02   1.84476e-02   1.67654e-02   1.53162e-02   1.40352e-02   1.28744e-02   1.17986e-02   1.07827e-02   9.80906e-03   8.86553e-03   7.94349e-03   7.03689e-03   6.14140e-03   5.25386e-03   4.37195e-03   3.49395e-03   2.61861e-03   1.74499e-03   8.72405e-04   3.14528e-07  -8.71729e-04  -1.74417e-03  -2.61750e-03  -3.49237e-03  -4.36961e-03  -5.25034e-03  -6.13602e-03  -7.02858e-03  -7.93055e-03  -8.84529e-03  -9.77731e-03  -1.07328e-02  -1.17202e-02  -1.27516e-02  -1.38438e-02  -1.50203e-02  -1.63132e-02  -1.77674e-02  -1.94576e-02  -2.15783e-02  -2.49783e-02  -3.69716e-02  -2.41697e-01  -2.15328e-01   1.34497e-02   1.70375e-02   1.08256e-02   7.10646e-03   4.86480e-03   3.52258e-03   2.71577e-03   2.21770e-03   1.89106e-03   1.65480e-03   1.46239e-03   1.28820e-03   1.11903e-03   9.49072e-04   7.76739e-04   6.89976e-04
# Total Vertical 2nd Order Kick [T2m2]
START
                -1.00000e-02  -9.75000e-03  -9.50000e-03  -9.25000e-03  -9.00000e-03  -8.75000e-03  -8.50000e-03  -8.25000e-03  -8.00000e-03  -7.75000e-03  -7.50000e-03  -7.25000e-03  -7.00000e-03  -6.75000e-03  -6.50000e-03  -6.25000e-03  -6.00000e-03  -5.75000e-03  -5.50000e-03  -5.25000e-03  -5.00000e-03  -4.75000e-03  -4.50000e-03  -4.25000e-03  -4.00000e-03  -3.75000e-03  -3.50000e-03  -3.25000e-03  -3.00000e-03  -2.75000e-03  -2.50000e-03  -2.25000e-03  -2.00000e-03  -1.75000e-03  -1.50000e-03  -1.25000e-03  -1.00000e-03  -7.50000e-04  -5.00000e-04  -2.50000e-04   0.00000e+00   2.50000e-04   5.00000e-04   7.50000e-04   1.00000e-03   1.25000e-03   1.50000e-03   1.75000e-03   2.00000e-03   2.25000e-03   2.50000e-03   2.75000e-03   3.00000e-03   3.25000e-03   3.50000e-03   3.75000e-03   4.00000e-03   4.25000e-03   4.50000e-03   4.75000e-03   5.00000e-03   5.25000e-03   5.50000e-03   5.75000e-03   6.00000e-03   6.25000e-03   6.50000e-03   6.75000e-03   7.00000e-03   7.25000e-03   7.50000e-03   7.75000e-03   8.00000e-03   8.25000e-03   8.50000e-03   8.75000e-03   9.00000e-03   9.25000e-03   9.50000e-03   9.75000e-03   1.00000e-02
   6.00000e-03   5.66997e-03   5.34024e-03   5.03406e-03   4.75746e-03   4.52173e-03   4.34770e-03   4.27265e-03   4.36164e-03   4.72553e-03   5.54870e-03   7.12998e-03   9.94693e-03   1.48230e-02   1.37916e-02  -1.36281e-01  -1.58982e-01  -1.70156e-01  -3.23346e-02  -2.36624e-02  -2.09154e-02  -1.91233e-02  -1.76912e-02  -1.64747e-02  -1.54148e-02  -1.44754e-02  -1.36316e-02  -1.28660e-02  -1.21668e-02  -1.15266e-02  -1.09407e-02  -1.04064e-02  -9.92221e-03  -9.48762e-03  -9.10258e-03  -8.76735e-03  -8.48241e-03  -8.24830e-03  -8.06555e-03  -7.93465e-03  -7.85598e-03  -7.82977e-03  -7.85612e-03  -7.93495e-03  -8.06606e-03  -8.24911e-03  -8.48366e-03  -8.76927e-03  -9.10551e-03  -9.49214e-03  -9.92919e-03  -1.04172e-02  -1.09577e-02  -1.15532e-02  -1.22086e-02  -1.29316e-02  -1.37344e-02  -1.46357e-02  -1.56630e-02  -1.68553e-02  -1.82662e-02  -1.99726e-02  -2.21091e-02  -2.49983e-02  -2.77642e-02  -2.34252e-01  -2.51312e-01  -2.71978e-01  -8.31116e-02  -7.77461e-02  -6.40866e-02  -5.17788e-02  -4.10655e-02  -3.20008e-02  -2.44844e-02  -1.83332e-02  -1.33389e-02  -9.29970e-03  -6.03444e-03  -3.38778e-03  -1.23020e-03   5.44120e-04
   5.25000e-03   5.79897e-03   5.44957e-03   5.14858e-03   4.91800e-03   4.79608e-03   4.84850e-03   5.18579e-03   5.98946e-03   7.55314e-03   1.03799e-02   1.06319e-02  -6.29954e-02  -7.18989e-02  -7.79912e-02  -8.41158e-02  -9.11321e-02  -9.53475e-02  -2.55415e-02  -2.04892e-02  -1.85065e-02  -1.70785e-02  -1.58894e-02  -1.48545e-02  -1.39353e-02  -1.31076e-02  -1.23548e-02  -1.16657e-02  -1.10326e-02  -1.04509e-02  -9.91737e-03  -9.43048e-03  -8.98931e-03  -8.59351e-03  -8.24312e-03  -7.93834e-03  -7.67952e-03  -7.46707e-03  -7.30135e-03  -7.18272e-03  -7.11144e-03  -7.08770e-03  -7.11154e-03  -7.18292e-03  -7.30169e-03  -7.46760e-03  -7.68034e-03  -7.93957e-03  -8.24500e-03  -8.59640e-03  -8.99375e-03  -9.43736e-03  -9.92808e-03  -1.04676e-02  -1.10589e-02  -1.17069e-02  -1.24194e-02  -1.32084e-02  -1.40919e-02  -1.50957e-02  -1.62565e-02  -1.76263e-02  -1.92924e-02  -2.14431e-02  -2.36786e-02  -1.27989e-01  -1.37961e-01  -1.49672e-01  -1.58478e-01  -1.64333e-01  -1.67846e-01  -6.72664e-02  -5.92089e-02  -4.78254e-02  -3.78873e-02  -2.94240e-02  -2.23580e-02  -1.65378e-02  -1.17811e-02  -7.90579e-03  -4.74631e-03  -2.15955e-03
   4.50000e-03   6.21897e-03   5.93142e-03   5.83475e-03   6.03988e-03   6.72789e-03   8.19144e-03   1.09319e-02   1.11063e-02  -6.25513e-02  -7.14653e-02  -7.75625e-02  -8.36888e-02  -9.07052e-02  -9.49175e-02  -2.51170e-02  -2.00727e-02  -1.80965e-02  -1.66734e-02  -1.54876e-02  -1.44541e-02  -1.35341e-02  -1.27032e-02  -1.19444e-02  -1.12458e-02  -1.05994e-02  -9.99981e-03  -9.44358e-03  -8.92837e-03  -8.45272e-03  -8.01572e-03  -7.61680e-03  -7.25569e-03  -6.93225e-03  -6.64648e-03  -6.39843e-03  -6.18823e-03  -6.01599e-03  -5.88187e-03  -5.78597e-03  -5.72839e-03  -5.70921e-03  -5.72842e-03  -5.78603e-03  -5.88197e-03  -6.01616e-03  -6.18847e-03  -6.39880e-03  -6.64702e-03  -6.93306e-03  -7.25691e-03  -7.61865e-03  -8.01855e-03  -8.45708e-03  -8.93513e-03  -9.45412e-03  -1.00163e-02  -1.06253e-02  -1.12865e-02  -1.20082e-02  -1.28031e-02  -1.36895e-02  -1.46937e-02  -1.58524e-02  -1.72181e-02  -1.88780e-02  -2.10203e-02  -2.32450e-02  -1.27543e-01  -1.37513e-01  -1.49224e-01  -1.58029e-01  -1.63880e-01  -1.67387e-01  -6.67839e-02  -5.86539e-02  -4.71855e-02  -3.71475e-02  -2.85683e-02  -2.13694e-02  -1.53990e-02  -1.04750e-02
   3.75000e-03   7.65947e-03   8.10047e-03   9.34886e-03   1.19041e-02   1.19160e-02  -6.18236e-02  -7.07824e-02  -7.69080e-02  -8.30508e-02  -9.00755e-02  -9.42877e-02  -2.45053e-02  -1.94838e-02  -1.75281e-02  -1.61236e-02  -1.49547e-02  -1.39365e-02  -1.30302e-02  -1.22112e-02  -1.14623e-02  -1.07714e-02  -1.01302e-02  -9.53289e-03  -8.97559e-03  -8.45558e-03  -7.97098e-03  -7.52043e-03  -7.10296e-03  -6.71784e-03  -6.36455e-03  -6.04268e-03  -5.75194e-03  -5.49210e-03  -5.26302e-03  -5.06458e-03  -4.89673e-03  -4.75942e-03  -4.65263e-03  -4.57636e-03  -4.53059e-03  -4.51534e-03  -4.53060e-03  -4.57638e-03  -4.65267e-03  -4.75947e-03  -4.89681e-03  -5.06470e-03  -5.26318e-03  -5.49234e-03  -5.75230e-03  -6.04321e-03  -6.36534e-03  -6.71903e-03  -7.10476e-03  -7.52320e-03  -7.97525e-03  -8.46222e-03  -8.98596e-03  -9.54916e-03  -1.01558e-02  -1.08117e-02  -1.15255e-02  -1.23102e-02  -1.31843e-02  -1.41743e-02  -1.53171e-02  -1.66650e-02  -1.83051e-02  -2.04249e-02  -2.26238e-02  -1.26896e-01  -1.36862e-01  -1.48565e-01  -1.57354e-01  -1.63180e-01  -1.66647e-01  -6.59630e-02  -5.76741e-02  -4.60186e-02  -3.57613e-02  -2.69293e-02
   3.00000e-03   1.39500e-02   1.35867e-02  -6.03771e-02  -6.94854e-02  -7.57151e-02  -8.19276e-02  -8.89966e-02  -9.32317e-02  -2.34968e-02  -1.85263e-02  -1.66158e-02  -1.52521e-02  -1.41208e-02  -1.31377e-02  -1.22644e-02  -1.14765e-02  -1.07569e-02  -1.00932e-02  -9.47712e-03  -8.90259e-03  -8.36546e-03  -7.86273e-03  -7.39223e-03  -6.95230e-03  -6.54163e-03  -6.15920e-03  -5.80416e-03  -5.47580e-03  -5.17353e-03  -4.89684e-03  -4.64531e-03  -4.41860e-03  -4.21639e-03  -4.03846e-03  -3.88460e-03  -3.75464e-03  -3.64847e-03  -3.56599e-03  -3.50712e-03  -3.47182e-03  -3.46006e-03  -3.47183e-03  -3.50713e-03  -3.56600e-03  -3.64849e-03  -3.75467e-03  -3.88464e-03  -4.03852e-03  -4.21647e-03  -4.41871e-03  -4.64548e-03  -4.89708e-03  -5.17387e-03  -5.47632e-03  -5.80493e-03  -6.16036e-03  -6.54339e-03  -6.95500e-03  -7.39641e-03  -7.86924e-03  -8.37564e-03  -8.91860e-03  -9.50234e-03  -1.01330e-02  -1.08194e-02  -1.15746e-02  -1.24173e-02  -1.33737e-02  -1.44807e-02  -1.57899e-02  -1.73877e-02  -1.94602e-02  -2.16046e-02  -1.25824e-01  -1.35763e-01  -1.47422e-01  -1.56145e-01  -1.61874e-01  -1.65201e-01  -6.42584e-02  -5.55856e-02
   2.25000e-03  -6.66867e-02  -7.32867e-02  -7.97558e-02  -8.69981e-02  -9.13432e-02  -2.17345e-02  -1.68802e-02  -1.50680e-02  -1.37901e-02  -1.27357e-02  -1.18230e-02  -1.10154e-02  -1.02893e-02  -9.62817e-03  -9.02010e-03  -8.45670e-03  -7.93203e-03  -7.44184e-03  -6.98300e-03  -6.55315e-03  -6.15046e-03  -5.77343e-03  -5.42083e-03  -5.09161e-03  -4.78486e-03  -4.49978e-03  -4.23569e-03  -3.99196e-03  -3.76808e-03  -3.56356e-03  -3.37799e-03  -3.21104e-03  -3.06238e-03  -2.93177e-03  -2.81898e-03  -2.72383e-03  -2.64617e-03  -2.58588e-03  -2.54288e-03  -2.51711e-03  -2.50852e-03  -2.51711e-03  -2.54289e-03  -2.58589e-03  -2.64617e-03  -2.72384e-03  -2.81899e-03  -2.93179e-03  -3.06241e-03  -3.21108e-03  -3.37805e-03  -3.56363e-03  -3.76819e-03  -3.99212e-03  -4.23592e-03  -4.50012e-03  -4.78535e-03  -5.09235e-03  -5.42195e-03  -5.77514e-03  -6.15308e-03  -6.55722e-03  -6.98936e-03  -7.45182e-03  -7.94776e-03  -8.48152e-03  -9.05929e-03  -9.68995e-03  -1.03863e-02  -1.11667e-02  -1.20569e-02  -1.30925e-02  -1.43237e-02  -1.58340e-02  -1.78057e-02  -1.98301e-02  -1.23924e-01  -1.33755e-01  -1.45249e-01  -1.53731e-01  -1.59113e-01
   1.50000e-03  -8.29532e-02  -8.77459e-02  -1.85134e-02  -1.39539e-02  -1.23728e-02  -1.12841e-02  -1.03909e-02  -9.62011e-03  -8.94060e-03  -8.33239e-03  -7.78109e-03  -7.27621e-03  -6.81021e-03  -6.37766e-03  -5.97460e-03  -5.59809e-03  -5.24586e-03  -4.91610e-03  -4.60731e-03  -4.31825e-03  -4.04781e-03  -3.79505e-03  -3.55913e-03  -3.33929e-03  -3.13486e-03  -2.94525e-03  -2.76992e-03  -2.60841e-03  -2.46030e-03  -2.32521e-03  -2.20283e-03  -2.09286e-03  -1.99508e-03  -1.90925e-03  -1.83521e-03  -1.77280e-03  -1.72191e-03  -1.68242e-03  -1.65426e-03  -1.63739e-03  -1.63177e-03  -1.63739e-03  -1.65427e-03  -1.68242e-03  -1.72191e-03  -1.77281e-03  -1.83522e-03  -1.90926e-03  -1.99509e-03  -2.09288e-03  -2.20285e-03  -2.32524e-03  -2.46033e-03  -2.60846e-03  -2.77000e-03  -2.94535e-03  -3.13501e-03  -3.33951e-03  -3.55945e-03  -3.79553e-03  -4.04853e-03  -4.31933e-03  -4.60897e-03  -4.91865e-03  -5.24983e-03  -5.60430e-03  -5.98437e-03  -6.39308e-03  -6.83461e-03  -7.31481e-03  -7.84203e-03  -8.42821e-03  -9.09027e-03  -9.85171e-03  -1.07445e-02  -1.18133e-02  -1.31327e-02  -1.48710e-02  -1.65981e-02  -1.20363e-01  -1.29773e-01
   7.50000e-04  -8.57861e-03  -7.59371e-03  -6.94993e-03  -6.40831e-03  -5.92948e-03  -5.50202e-03  -5.11787e-03  -4.76989e-03  -4.45209e-03  -4.15980e-03  -3.88947e-03  -3.63843e-03  -3.40463e-03  -3.18647e-03  -2.98264e-03  -2.79207e-03  -2.61382e-03  -2.44710e-03  -2.29118e-03  -2.14544e-03  -2.00931e-03  -1.88227e-03  -1.76388e-03  -1.65373e-03  -1.55144e-03  -1.45669e-03  -1.36919e-03  -1.28867e-03  -1.21492e-03  -1.14772e-03  -1.08690e-03  -1.03229e-03  -9.83772e-04  -9.41215e-04  -9.04523e-04  -8.73613e-04  -8.48414e-04  -8.28871e-04  -8.14941e-04  -8.06595e-04  -8.03815e-04  -8.06596e-04  -8.14942e-04  -8.28872e-04  -8.48415e-04  -8.73615e-04  -9.04526e-04  -9.41218e-04  -9.83776e-04  -1.03230e-03  -1.08691e-03  -1.14773e-03  -1.21494e-03  -1.28870e-03  -1.36922e-03  -1.45673e-03  -1.55149e-03  -1.65380e-03  -1.76399e-03  -1.88243e-03  -2.00953e-03  -2.14577e-03  -2.29167e-03  -2.44783e-03  -2.61492e-03  -2.79375e-03  -2.98523e-03  -3.19049e-03  -3.41094e-03  -3.64836e-03  -3.90517e-03  -4.18467e-03  -4.49149e-03  -4.83219e-03  -5.21596e-03  -5.65544e-03  -6.16722e-03  -6.77194e-03  -7.49520e-03  -8.37918e-03  -9.53587e-03
   0.00000e+00   3.18123e-04   2.09769e-04   1.36225e-04   8.74753e-05   5.57067e-05   3.52711e-05   2.22544e-05   1.40221e-05   8.84059e-06   5.58785e-06   3.54735e-06   2.26585e-06   1.45867e-06   9.47916e-07   6.22680e-07   4.13939e-07   2.78699e-07   1.90133e-07   1.31443e-07   9.20560e-08   6.52764e-08   4.68290e-08   3.39583e-08   2.48689e-08   1.83777e-08   1.36946e-08   1.02849e-08   7.78245e-09   5.93267e-09   4.55701e-09   3.52827e-09   2.75458e-09   2.16994e-09   1.72578e-09   1.38593e-09   1.12357e-09   0.00000e+00   0.00000e+00   0.00000e+00   0.00000e+00   0.00000e+00   0.00000e+00   0.00000e+00   0.00000e+00   0.00000e+00   0.00000e+00   0.00000e+00   0.00000e+00  -1.18632e-09  -1.72317e-09  -2.44308e-09  -3.41213e-09  -4.72174e-09  -6.49861e-09  -8.92188e-09  -1.22452e-08  -1.68350e-08  -2.32254e-08  -3.22060e-08  -4.49598e-08  -6.32814e-08  -8.99259e-08  -1.29168e-07  -1.87703e-07  -2.76102e-07  -4.11163e-07  -6.19710e-07  -9.44736e-07  -1.45526e-06  -2.26218e-06  -3.54340e-06  -5.58358e-06  -8.83593e-06  -1.40170e-05  -2.22486e-05  -3.52646e-05  -5.56990e-05  -8.74661e-05  -1.36213e-04  -2.09753e-04  -3.18101e-04
  -7.50000e-04   9.53595e-03   8.37922e-03   7.49522e-03   6.77196e-03   6.16724e-03   5.65545e-03   5.21597e-03   4.83220e-03   4.49150e-03   4.18468e-03   3.90518e-03   3.64837e-03   3.41094e-03   3.19050e-03   2.98523e-03   2.79375e-03   2.61493e-03   2.44783e-03   2.29167e-03   2.14578e-03   2.00954e-03   1.88243e-03   1.76399e-03   1.65381e-03   1.55149e-03   1.45673e-03   1.36922e-03   1.28870e-03   1.21494e-03   1.14773e-03   1.08691e-03   1.03230e-03   9.83777e-04   9.41219e-04   9.04527e-04   8.73616e-04   8.48416e-04   8.28873e-04   8.14943e-04   8.06596e-04   8.03816e-04   8.06596e-04   8.14942e-04   8.28872e-04   8.48415e-04   8.73614e-04   9.04524e-04   9.41216e-04   9.83772e-04   1.03229e-03   1.08690e-03   1.14772e-03   1.21492e-03   1.28868e-03   1.36919e-03   1.45669e-03   1.55144e-03   1.65373e-03   1.76388e-03   1.88228e-03   2.00931e-03   2.14544e-03   2.29119e-03   2.44710e-03   2.61383e-03   2.79207e-03   2.98265e-03   3.18647e-03   3.40463e-03   3.63843e-03   3.88947e-03   4.15980e-03   4.45209e-03   4.76989e-03   5.11788e-03   5.50203e-03   5.92949e-03   6.40832e-03   6.94995e-03   7.59374e-03   8.57865e-03
  -1.50000e-03   1.29772e-01   1.20361e-01   1.65983e-02   1.48711e-02   1.31327e-02   1.18133e-02   1.07445e-02   9.85172e-03   9.09028e-03   8.42822e-03   7.84203e-03   7.31481e-03   6.83461e-03   6.39309e-03   5.98437e-03   5.60430e-03   5.24983e-03   4.91865e-03   4.60897e-03   4.31933e-03   4.04853e-03   3.79553e-03   3.55945e-03   3.33951e-03   3.13501e-03   2.94535e-03   2.77000e-03   2.60847e-03   2.46034e-03   2.32524e-03   2.20285e-03   2.09288e-03   1.99509e-03   1.90926e-03   1.83522e-03   1.77281e-03   1.72191e-03   1.68242e-03   1.65427e-03   1.63740e-03   1.63178e-03   1.63739e-03   1.65427e-03   1.68242e-03   1.72191e-03   1.77280e-03   1.83521e-03   1.90925e-03   1.99508e-03   2.09287e-03   2.20283e-03   2.32521e-03   2.46030e-03   2.60841e-03   2.76992e-03   2.94525e-03   3.13486e-03   3.33929e-03   3.55913e-03   3.79505e-03   4.04781e-03   4.31825e-03   4.60731e-03   4.91610e-03   5.24586e-03   5.59809e-03   5.97460e-03   6.37766e-03   6.81021e-03   7.27621e-03   7.78109e-03   8.33239e-03   8.94060e-03   9.62012e-03   1.03909e-02   1.12841e-02   1.23729e-02   1.39540e-02   1.85135e-02   8.77461e-02   8.29533e-02
  -2.25000e-03   1.59112e-01   1.53731e-01   1.45249e-01   1.33754e-01   1.23923e-01   1.98302e-02   1.78058e-02   1.58340e-02   1.43237e-02   1.30925e-02   1.20570e-02   1.11667e-02   1.03863e-02   9.68995e-03   9.05929e-03   8.48152e-03   7.94776e-03   7.45182e-03   6.98936e-03   6.55723e-03   6.15309e-03   5.77514e-03   5.42196e-03   5.09236e-03   4.78536e-03   4.50012e-03   4.23592e-03   3.99212e-03   3.76819e-03   3.56363e-03   3.37805e-03   3.21108e-03   3.06241e-03   2.93179e-03   2.81899e-03   2.72384e-03   2.64618e-03   2.58589e-03   2.54289e-03   2.51711e-03   2.50852e-03   2.51711e-03   2.54288e-03   2.58588e-03   2.64617e-03   2.72383e-03   2.81898e-03   2.93177e-03   3.06238e-03   3.21104e-03   3.37800e-03   3.56356e-03   3.76808e-03   3.99196e-03   4.23569e-03   4.49978e-03   4.78486e-03   5.09161e-03   5.42083e-03   5.77343e-03   6.15046e-03   6.55315e-03   6.98300e-03   7.44184e-03   7.93204e-03   8.45670e-03   9.02010e-03   9.62817e-03   1.02893e-02   1.10154e-02   1.18231e-02   1.27357e-02   1.37901e-02   1.50680e-02   1.68802e-02   2.17346e-02   9.13434e-02   8.69982e-02   7.97558e-02   7.32868e-02   6.66867e-02
  -3.00000e-03   5.55861e-02   6.42600e-02   1.65201e-01   1.61874e-01   1.56145e-01   1.47422e-01   1.35763e-01   1.25822e-01   2.16047e-02   1.94603e-02   1.73877e-02   1.57900e-02   1.44807e-02   1.33738e-02   1.24173e-02   1.15746e-02   1.08194e-02   1.01330e-02   9.50235e-03   8.91860e-03   8.37564e-03   7.86924e-03   7.39641e-03   6.95500e-03   6.54339e-03   6.16036e-03   5.80493e-03   5.47632e-03   5.17388e-03   4.89708e-03   4.64548e-03   4.41871e-03   4.21647e-03   4.03852e-03   3.88464e-03   3.75467e-03   3.64850e-03   3.56601e-03   3.50713e-03   3.47183e-03   3.46006e-03   3.47182e-03   3.50713e-03   3.56599e-03   3.64848e-03   3.75464e-03   3.88460e-03   4.03846e-03   4.21639e-03   4.41860e-03   4.64531e-03   4.89684e-03   5.17353e-03   5.47580e-03   5.80416e-03   6.15920e-03   6.54163e-03   6.95230e-03   7.39223e-03   7.86273e-03   8.36546e-03   8.90259e-03   9.47712e-03   1.00932e-02   1.07569e-02   1.14765e-02   1.22644e-02   1.31377e-02   1.41208e-02   1.52521e-02   1.66158e-02   1.85263e-02   2.34968e-02   9.32319e-02   8.89968e-02   8.19277e-02   7.57151e-02   6.94854e-02   6.03771e-02  -1.35868e-02  -1.39501e-02
  -3.75000e-03   2.69293e-02   3.57615e-02   4.60189e-02   5.76747e-02   6.59647e-02   1.66647e-01   1.63180e-01   1.57354e-01   1.48564e-01   1.36862e-01   1.26895e-01   2.26239e-02   2.04250e-02   1.83051e-02   1.66651e-02   1.53171e-02   1.41744e-02   1.31844e-02   1.23102e-02   1.15255e-02   1.08117e-02   1.01558e-02   9.54916e-03   8.98596e-03   8.46222e-03   7.97525e-03   7.52320e-03   7.10477e-03   6.71904e-03   6.36535e-03   6.04322e-03   5.75230e-03   5.49235e-03   5.26319e-03   5.06470e-03   4.89681e-03   4.75948e-03   4.65267e-03   4.57638e-03   4.53060e-03   4.51534e-03   4.53059e-03   4.57636e-03   4.65263e-03   4.75942e-03   4.89673e-03   5.06458e-03   5.26302e-03   5.49210e-03   5.75194e-03   6.04268e-03   6.36455e-03   6.71784e-03   7.10296e-03   7.52043e-03   7.97098e-03   8.45558e-03   8.97559e-03   9.53289e-03   1.01302e-02   1.07714e-02   1.14623e-02   1.22112e-02   1.30302e-02   1.39365e-02   1.49547e-02   1.61236e-02   1.75282e-02   1.94839e-02   2.45054e-02   9.42879e-02   9.00756e-02   8.30509e-02   7.69080e-02   7.07824e-02   6.18236e-02  -1.19162e-02  -1.19042e-02  -9.34892e-03  -8.10051e-03  -7.65951e-03
  -4.50000e-03   1.04750e-02   1.53990e-02   2.13695e-02   2.85684e-02   3.71477e-02   4.71858e-02   5.86545e-02   6.67855e-02   1.67387e-01   1.63880e-01   1.58028e-01   1.49224e-01   1.37513e-01   1.27541e-01   2.32452e-02   2.10204e-02   1.88780e-02   1.72181e-02   1.58524e-02   1.46937e-02   1.36895e-02   1.28032e-02   1.20083e-02   1.12865e-02   1.06253e-02   1.00163e-02   9.45412e-03   8.93514e-03   8.45709e-03   8.01855e-03   7.61866e-03   7.25691e-03   6.93307e-03   6.64702e-03   6.39880e-03   6.18847e-03   6.01616e-03   5.88198e-03   5.78603e-03   5.72843e-03   5.70921e-03   5.72840e-03   5.78597e-03   5.88187e-03   6.01599e-03   6.18823e-03   6.39843e-03   6.64648e-03   6.93225e-03   7.25569e-03   7.61680e-03   8.01572e-03   8.45273e-03   8.92837e-03   9.44358e-03   9.99981e-03   1.05994e-02   1.12458e-02   1.19444e-02   1.27032e-02   1.35341e-02   1.44541e-02   1.54876e-02   1.66734e-02   1.80965e-02   2.00727e-02   2.51170e-02   9.49177e-02   9.07053e-02   8.36889e-02   7.75626e-02   7.14653e-02   6.25512e-02  -1.11065e-02  -1.09320e-02  -8.19150e-03  -6.72794e-03  -6.03991e-03  -5.83478e-03  -5.93144e-03  -6.21899e-03
  -5.25000e-03   2.15954e-03   4.74631e-03   7.90578e-03   1.17811e-02   1.65378e-02   2.23580e-02   2.94241e-02   3.78874e-02   4.78257e-02   5.92095e-02   6.72681e-02   1.67846e-01   1.64332e-01   1.58478e-01   1.49672e-01   1.37960e-01   1.27987e-01   2.36788e-02   2.14431e-02   1.92925e-02   1.76264e-02   1.62565e-02   1.50958e-02   1.40919e-02   1.32084e-02   1.24194e-02   1.17069e-02   1.10589e-02   1.04676e-02   9.92808e-03   9.43736e-03   8.99375e-03   8.59640e-03   8.24500e-03   7.93958e-03   7.68034e-03   7.46760e-03   7.30169e-03   7.18292e-03   7.11154e-03   7.08770e-03   7.11145e-03   7.18272e-03   7.30135e-03   7.46707e-03   7.67952e-03   7.93834e-03   8.24312e-03   8.59351e-03   8.98931e-03   9.43048e-03   9.91737e-03   1.04509e-02   1.10326e-02   1.16657e-02   1.23548e-02   1.31076e-02   1.39353e-02   1.48545e-02   1.58894e-02   1.70785e-02   1.85065e-02   2.04892e-02   2.55415e-02   9.53477e-02   9.11323e-02   8.41159e-02   7.79913e-02   7.18989e-02   6.29953e-02  -1.06321e-02  -1.03800e-02  -7.55320e-03  -5.98951e-03  -5.18583e-03  -4.84852e-03  -4.79610e-03  -4.91802e-03  -5.14860e-03  -5.44958e-03  -5.79898e-03
  -6.00000e-03  -5.44125e-04   1.23020e-03   3.38777e-03   6.03443e-03   9.29970e-03   1.33389e-02   1.83332e-02   2.44844e-02   3.20008e-02   4.10656e-02   5.17791e-02   6.40871e-02   7.77471e-02   8.31148e-02   2.71977e-01   2.51311e-01   2.34248e-01   2.77645e-02   2.49984e-02   2.21091e-02   1.99726e-02   1.82663e-02   1.68553e-02   1.56631e-02   1.46357e-02   1.37344e-02   1.29316e-02   1.22086e-02   1.15532e-02   1.09577e-02   1.04172e-02   9.92920e-03   9.49214e-03   9.10552e-03   8.76927e-03   8.48367e-03   8.24911e-03   8.06607e-03   7.93495e-03   7.85612e-03   7.82977e-03   7.85598e-03   7.93465e-03   8.06555e-03   8.24830e-03   8.48241e-03   8.76735e-03   9.10258e-03   9.48762e-03   9.92221e-03   1.04064e-02   1.09407e-02   1.15266e-02   1.21668e-02   1.28660e-02   1.36316e-02   1.44754e-02   1.54148e-02   1.64747e-02   1.76912e-02   1.91233e-02   2.09154e-02   2.36624e-02   3.23347e-02   1.70156e-01   1.58982e-01   1.36281e-01  -1.37919e-02  -1.48232e-02  -9.94701e-03  -7.13004e-03  -5.54875e-03  -4.72557e-03  -4.36167e-03  -4.27267e-03  -4.34772e-03  -4.52175e-03  -4.75747e-03  -5.03407e-03  -5.34025e-03  -5.66997e-03
# Total Longitudinally Integrated Squared Transverse Magnetic Field [T2m]
START
                -1.00000e-02  -9.75000e-03  -9.50000e-03  -9.25000e-03  -9.00000e-03  -8.75000e-03  -8.50000e-03  -8.25000e-03  -8.00000e-03  -7.75000e-03  -7.50000e-03  -7.25000e-03  -7.00000e-03  -6.75000e-03  -6.50000e-03  -6.25000e-03  -6.00000e-03  -5.75000e-03  -5.50000e-03  -5.25000e-03  -5.00000e-03  -4.75000e-03  -4.50000e-03  -4.25000e-03  -4.00000e-03  -3.75000e-03  -3.50000e-03  -3.25000e-03  -3.00000e-03  -2.75000e-03  -2.50000e-03  -2.25000e-03  -2.00000e-03  -1.75000e-03  -1.50000e-03  -1.25000e-03  -1.00000e-03  -7.50000e-04  -5.00000e-04  -2.50000e-04   0.00000e+00   2.50000e-04   5.00000e-04   7.50000e-04   1.00000e-03   1.25000e-03   1.50000e-03   1.75000e-03   2.00000e-03   2.25000e-03   2.50000e-03   2.75000e-03   3.00000e-03   3.25000e-03   3.50000e-03   3.75000e-03   4.00000e-03   4.25000e-03   4.50000e-03   4.75000e-03   5.00000e-03   5.25000e-03   5.50000e-03   5.75000e-03   6.00000e-03   6.25000e-03   6.50000e-03   6.75000e-03   7.00000e-03   7.25000e-03   7.50000e-03   7.75000e-03   8.00000e-03   8.25000e-03   8.50000e-03   8.75000e-03   9.00000e-03   9.25000e-03   9.50000e-03   9.75000e-03   1.00000e-02
   6.00000e-03   5.77429e+00   5.75854e+00   5.74355e+00   5.72929e+00   5.71576e+00   5.70291e+00   5.69068e+00   5.67900e+00   5.66781e+00   5.65702e+00   5.64655e+00   5.63630e+00   5.62619e+00   5.61613e+00   5.60605e+00   5.59602e+00   5.58688e+00   5.30136e+00   5.03498e+00   4.80945e+00   4.60998e+00   4.43023e+00   4.26664e+00   4.11692e+00   3.97952e+00   3.85329e+00   3.73738e+00   3.63112e+00   3.53400e+00   3.44562e+00   3.36565e+00   3.29384e+00   3.22998e+00   3.17391e+00   3.12552e+00   3.08470e+00   3.05139e+00   3.02553e+00   3.00708e+00   2.99602e+00   2.99234e+00   2.99603e+00   3.00710e+00   3.02556e+00   3.05144e+00   3.08477e+00   3.12561e+00   3.17404e+00   3.23015e+00   3.29406e+00   3.36595e+00   3.44602e+00   3.53454e+00   3.63183e+00   3.73832e+00   3.85454e+00   3.98118e+00   4.11912e+00   4.26956e+00   4.43414e+00   4.61523e+00   4.81662e+00   5.04505e+00   5.31638e+00   5.60798e+00   5.61670e+00   5.62700e+00   5.63762e+00   5.64835e+00   5.65914e+00   5.67006e+00   5.68115e+00   5.69251e+00   5.70421e+00   5.71635e+00   5.72899e+00   5.74221e+00   5.75608e+00   5.77062e+00   5.78589e+00   5.80188e+00
   5.25000e-03   5.85266e+00   5.82586e+00   5.80043e+00   5.77636e+00   5.75362e+00   5.73217e+00   5.71192e+00   5.69279e+00   5.67467e+00   5.65745e+00   5.64100e+00   5.62522e+00   5.61014e+00   5.59642e+00   5.30732e+00   5.03769e+00   4.80904e+00   4.60650e+00   4.42364e+00   4.25682e+00   4.10371e+00   3.96263e+00   3.83240e+00   3.71206e+00   3.60089e+00   3.49830e+00   3.40381e+00   3.31702e+00   3.23761e+00   3.16530e+00   3.09986e+00   3.04112e+00   2.98891e+00   2.94309e+00   2.90357e+00   2.87027e+00   2.84310e+00   2.82202e+00   2.80699e+00   2.79799e+00   2.79499e+00   2.79799e+00   2.80700e+00   2.82204e+00   2.84312e+00   2.87029e+00   2.90361e+00   2.94315e+00   2.98898e+00   3.04121e+00   3.09999e+00   3.16547e+00   3.23783e+00   3.31731e+00   3.40420e+00   3.49882e+00   3.60158e+00   3.71297e+00   3.83360e+00   3.96423e+00   4.10582e+00   4.25964e+00   4.42739e+00   4.61154e+00   4.81593e+00   5.04739e+00   5.32183e+00   5.61681e+00   5.63007e+00   5.64542e+00   5.66176e+00   5.67887e+00   5.69679e+00   5.71558e+00   5.73534e+00   5.75616e+00   5.77814e+00   5.80134e+00   5.82583e+00   5.85165e+00   5.87880e+00
   4.50000e-03   5.92946e+00   5.88985e+00   5.85254e+00   5.81754e+00   5.78478e+00   5.75418e+00   5.72559e+00   5.69888e+00   5.67388e+00   5.65055e+00   5.62938e+00   5.33494e+00   5.06088e+00   4.82825e+00   4.62208e+00   4.43585e+00   4.26584e+00   4.10961e+00   3.96544e+00   3.83204e+00   3.70840e+00   3.59373e+00   3.48738e+00   3.38880e+00   3.29753e+00   3.21319e+00   3.13544e+00   3.06402e+00   2.99867e+00   2.93918e+00   2.88538e+00   2.83711e+00   2.79423e+00   2.75664e+00   2.72424e+00   2.69695e+00   2.67470e+00   2.65745e+00   2.64516e+00   2.63779e+00   2.63534e+00   2.63779e+00   2.64516e+00   2.65746e+00   2.67471e+00   2.69696e+00   2.72426e+00   2.75666e+00   2.79426e+00   2.83715e+00   2.88543e+00   2.93925e+00   2.99876e+00   3.06414e+00   3.13561e+00   3.21340e+00   3.29781e+00   3.38918e+00   3.48788e+00   3.59440e+00   3.70928e+00   3.83320e+00   3.96697e+00   4.11164e+00   4.26853e+00   4.43944e+00   4.62690e+00   4.83484e+00   5.07017e+00   5.34887e+00   5.64897e+00   5.66963e+00   5.69323e+00   5.71880e+00   5.74620e+00   5.77548e+00   5.80677e+00   5.84017e+00   5.87577e+00   5.91361e+00   5.95372e+00
   3.75000e-03   6.00610e+00   5.95118e+00   5.90006e+00   5.85268e+00   5.80887e+00   5.76846e+00   5.73129e+00   5.69763e+00   5.39429e+00   5.11304e+00   4.87413e+00   4.66245e+00   4.47135e+00   4.29699e+00   4.13681e+00   3.98899e+00   3.85215e+00   3.72521e+00   3.60728e+00   3.49765e+00   3.39571e+00   3.30094e+00   3.21291e+00   3.13124e+00   3.05558e+00   2.98566e+00   2.92122e+00   2.86203e+00   2.80790e+00   2.75866e+00   2.71416e+00   2.67426e+00   2.63884e+00   2.60782e+00   2.58109e+00   2.55860e+00   2.54027e+00   2.52607e+00   2.51595e+00   2.50989e+00   2.50787e+00   2.50989e+00   2.51595e+00   2.52607e+00   2.54028e+00   2.55860e+00   2.58110e+00   2.60783e+00   2.63886e+00   2.67427e+00   2.71418e+00   2.75869e+00   2.80794e+00   2.86208e+00   2.92129e+00   2.98575e+00   3.05570e+00   3.13140e+00   3.21312e+00   3.30122e+00   3.39608e+00   3.49813e+00   3.60792e+00   3.72605e+00   3.85326e+00   3.99045e+00   4.13874e+00   4.29954e+00   4.47475e+00   4.66701e+00   4.88035e+00   5.12183e+00   5.40753e+00   5.71624e+00   5.74935e+00   5.78682e+00   5.82783e+00   5.87233e+00   5.92044e+00   5.97227e+00   6.02787e+00
   3.00000e-03   6.08458e+00   6.01090e+00   5.94347e+00   5.88206e+00   5.82664e+00   5.50746e+00   5.21342e+00   4.96348e+00   4.74230e+00   4.54298e+00   4.36146e+00   4.19500e+00   4.04162e+00   3.89979e+00   3.76831e+00   3.64618e+00   3.53260e+00   3.42688e+00   3.32843e+00   3.23674e+00   3.15139e+00   3.07199e+00   2.99820e+00   2.92973e+00   2.86631e+00   2.80771e+00   2.75373e+00   2.70417e+00   2.65888e+00   2.61770e+00   2.58050e+00   2.54718e+00   2.51762e+00   2.49174e+00   2.46946e+00   2.45072e+00   2.43546e+00   2.42363e+00   2.41521e+00   2.41017e+00   2.40849e+00   2.41017e+00   2.41521e+00   2.42363e+00   2.43546e+00   2.45072e+00   2.46947e+00   2.49175e+00   2.51763e+00   2.54719e+00   2.58051e+00   2.61771e+00   2.65889e+00   2.70419e+00   2.75376e+00   2.80775e+00   2.86636e+00   2.92980e+00   2.99829e+00   3.07211e+00   3.15155e+00   3.23695e+00   3.32869e+00   3.42723e+00   3.53306e+00   3.64678e+00   3.76910e+00   3.90083e+00   4.04299e+00   4.19680e+00   4.36384e+00   4.54614e+00   4.74653e+00   4.96926e+00   5.22158e+00   5.51984e+00   5.84403e+00   5.89887e+00   5.96062e+00   6.02869e+00   6.10312e+00
   2.25000e-03   6.16700e+00   6.07043e+00   5.72054e+00   5.40166e+00   5.13066e+00   4.89159e+00   4.67704e+00   4.48249e+00   4.30482e+00   4.14171e+00   3.99136e+00   3.85234e+00   3.72348e+00   3.60379e+00   3.49247e+00   3.38882e+00   3.29225e+00   3.20222e+00   3.11831e+00   3.04011e+00   2.96727e+00   2.89950e+00   2.83651e+00   2.77806e+00   2.72394e+00   2.67394e+00   2.62790e+00   2.58565e+00   2.54706e+00   2.51198e+00   2.48032e+00   2.45197e+00   2.42683e+00   2.40484e+00   2.38591e+00   2.36999e+00   2.35703e+00   2.34700e+00   2.33985e+00   2.33557e+00   2.33414e+00   2.33557e+00   2.33985e+00   2.34700e+00   2.35703e+00   2.36999e+00   2.38591e+00   2.40484e+00   2.42684e+00   2.45197e+00   2.48033e+00   2.51199e+00   2.54706e+00   2.58566e+00   2.62791e+00   2.67396e+00   2.72396e+00   2.77809e+00   2.83654e+00   2.89955e+00   2.96734e+00   3.04019e+00   3.11842e+00   3.20237e+00   3.29244e+00   3.38907e+00   3.49280e+00   3.60422e+00   3.72403e+00   3.85307e+00   3.99232e+00   4.14296e+00   4.30646e+00   4.48465e+00   4.67989e+00   4.89539e+00   5.13583e+00   5.40899e+00   5.73175e+00   6.08620e+00   6.18217e+00
   1.50000e-03   5.76693e+00   5.44990e+00   5.17294e+00   4.92704e+00   4.70637e+00   4.50674e+00   4.32500e+00   4.15868e+00   4.00582e+00   3.86484e+00   3.73442e+00   3.61350e+00   3.50115e+00   3.39662e+00   3.29924e+00   3.20847e+00   3.12380e+00   3.04482e+00   2.97115e+00   2.90246e+00   2.83847e+00   2.77891e+00   2.72355e+00   2.67219e+00   2.62463e+00   2.58070e+00   2.54025e+00   2.50315e+00   2.46926e+00   2.43848e+00   2.41070e+00   2.38583e+00   2.36379e+00   2.34451e+00   2.32792e+00   2.31398e+00   2.30263e+00   2.29384e+00   2.28758e+00   2.28384e+00   2.28259e+00   2.28384e+00   2.28758e+00   2.29384e+00   2.30263e+00   2.31398e+00   2.32792e+00   2.34451e+00   2.36379e+00   2.38583e+00   2.41070e+00   2.43848e+00   2.46927e+00   2.50315e+00   2.54026e+00   2.58071e+00   2.62464e+00   2.67220e+00   2.72357e+00   2.77893e+00   2.83850e+00   2.90250e+00   2.97119e+00   3.04488e+00   3.12388e+00   3.20857e+00   3.29938e+00   3.39679e+00   3.50138e+00   3.61379e+00   3.73480e+00   3.86533e+00   4.00646e+00   4.15951e+00   4.32607e+00   4.50814e+00   4.70819e+00   4.92942e+00   5.17610e+00   5.45420e+00   5.77305e+00
   7.50000e-04   5.41451e+00   5.13276e+00   4.88430e+00   4.66279e+00   4.46355e+00   4.28301e+00   4.11839e+00   3.96752e+00   3.82868e+00   3.70045e+00   3.58168e+00   3.47143e+00   3.36888e+00   3.27338e+00   3.18434e+00   3.10126e+00   3.02373e+00   2.95137e+00   2.88384e+00   2.82085e+00   2.76216e+00   2.70751e+00   2.65672e+00   2.60958e+00   2.56594e+00   2.52563e+00   2.48852e+00   2.45448e+00   2.42339e+00   2.39516e+00   2.36968e+00   2.34688e+00   2.32667e+00   2.30900e+00   2.29380e+00   2.28102e+00   2.27062e+00   2.26257e+00   2.25684e+00   2.25341e+00   2.25227e+00   2.25341e+00   2.25684e+00   2.26257e+00   2.27062e+00   2.28102e+00   2.29380e+00   2.30900e+00   2.32668e+00   2.34688e+00   2.36968e+00   2.39516e+00   2.42339e+00   2.45448e+00   2.48852e+00   2.52563e+00   2.56594e+00   2.60959e+00   2.65673e+00   2.70752e+00   2.76217e+00   2.82087e+00   2.88385e+00   2.95139e+00   3.02376e+00   3.10130e+00   3.18438e+00   3.27344e+00   3.36896e+00   3.47153e+00   3.58181e+00   3.70062e+00   3.82890e+00   3.96781e+00   4.11875e+00   4.28348e+00   4.46415e+00   4.66356e+00   4.88528e+00   5.13402e+00   5.41613e+00
   0.00000e+00   5.30759e+00   5.03242e+00   4.79095e+00   4.57629e+00   4.38352e+00   4.20896e+00   4.04985e+00   3.90403e+00   3.76980e+00   3.64579e+00   3.53089e+00   3.42419e+00   3.32492e+00   3.23243e+00   3.14617e+00   3.06567e+00   2.99052e+00   2.92036e+00   2.85488e+00   2.79380e+00   2.73687e+00   2.68387e+00   2.63459e+00   2.58887e+00   2.54652e+00   2.50742e+00   2.47141e+00   2.43839e+00   2.40823e+00   2.38085e+00   2.35613e+00   2.33402e+00   2.31442e+00   2.29728e+00   2.28254e+00   2.27014e+00   2.26006e+00   2.25225e+00   2.24670e+00   2.24337e+00   2.24226e+00   2.24337e+00   2.24670e+00   2.25225e+00   2.26006e+00   2.27014e+00   2.28254e+00   2.29728e+00   2.31442e+00   2.33402e+00   2.35613e+00   2.38085e+00   2.40823e+00   2.43839e+00   2.47141e+00   2.50742e+00   2.54652e+00   2.58887e+00   2.63459e+00   2.68387e+00   2.73687e+00   2.79380e+00   2.85488e+00   2.92036e+00   2.99052e+00   3.06567e+00   3.14617e+00   3.23243e+00   3.32492e+00   3.42419e+00   3.53089e+00   3.64579e+00   3.76980e+00   3.90403e+00   4.04985e+00   4.20896e+00   4.38352e+00   4.57629e+00   4.79094e+00   5.03241e+00   5.30759e+00
  -7.50000e-04   5.41613e+00   5.13402e+00   4.88528e+00   4.66356e+00   4.46415e+00   4.28348e+00   4.11875e+00   3.96781e+00   3.82890e+00   3.70062e+00   3.58182e+00   3.47153e+00   3.36896e+00   3.27344e+00   3.18438e+00   3.10130e+00   3.02376e+00   2.95139e+00   2.88385e+00   2.82087e+00   2.76217e+00   2.70752e+00   2.65673e+00   2.60959e+00   2.56594e+00   2.52563e+00   2.48852e+00   2.45448e+00   2.42339e+00   2.39516e+00   2.36968e+00   2.34688e+00   2.32668e+00   2.30900e+00   2.29380e+00   2.28102e+00   2.27062e+00   2.26257e+00   2.25684e+00   2.25341e+00   2.25227e+00   2.25341e+00   2.25684e+00   2.26257e+00   2.27062e+00   2.28102e+00   2.29380e+00   2.30900e+00   2.32667e+00   2.34688e+00   2.36968e+00   2.39516e+00   2.42339e+00   2.45448e+00   2.48852e+00   2.52563e+00   2.56594e+00   2.60958e+00   2.65672e+00   2.70751e+00   2.76216e+00   2.82085e+00   2.88384e+00   2.95137e+00   3.02373e+00   3.10126e+00   3.18434e+00   3.27338e+00   3.36888e+00   3.47143e+00   3.58168e+00   3.70045e+00   3.82868e+00   3.96752e+00   4.11839e+00   4.28301e+00   4.46355e+00   4.66279e+00   4.88430e+00   5.13276e+00   5.41451e+00
  -1.50000e-03   5.77305e+00   5.45420e+00   5.17610e+00   4.92942e+00   4.70819e+00   4.50814e+00   4.32607e+00   4.15951e+00   4.00646e+00   3.86533e+00   3.73480e+00   3.61379e+00   3.50138e+00   3.39679e+00   3.29938e+00   3.20857e+00   3.12388e+00   3.04488e+00   2.97119e+00   2.90250e+00   2.83850e+00   2.77893e+00   2.72357e+00   2.67220e+00   2.62464e+00   2.58071e+00   2.54026e+00   2.50315e+00   2.46927e+00   2.43848e+00   2.41070e+00   2.38583e+00   2.36379e+00   2.34451e+00   2.32792e+00   2.31398e+00   2.30263e+00   2.29384e+00   2.28758e+00   2.28384e+00   2.28259e+00   2.28384e+00   2.28758e+00   2.29384e+00   2.30263e+00   2.31398e+00   2.32792e+00   2.34451e+00   2.36379e+00   2.38583e+00   2.41070e+00   2.43848e+00   2.46926e+00   2.50315e+00   2.54025e+00   2.58070e+00   2.62463e+00   2.67219e+00   2.72355e+00   2.77891e+00   2.83847e+00   2.90246e+00   2.97115e+00   3.04482e+00   3.12380e+00   3.20847e+00   3.29924e+00   3.39662e+00   3.50115e+00   3.61350e+00   3.73442e+00   3.86484e+00   4.00582e+00   4.15868e+00   4.32499e+00   4.50674e+00   4.70637e+00   4.92704e+00   5.17294e+00   5.44990e+00   5.76693e+00
  -2.25000e-03   6.18217e+00   6.08620e+00   5.73175e+00   5.40900e+00   5.13583e+00   4.89539e+00   4.67989e+00   4.48465e+00   4.30646e+00   4.14296e+00   3.99232e+00   3.85307e+00   3.72404e+00   3.60422e+00   3.49280e+00   3.38907e+00   3.29244e+00   3.20237e+00   3.11842e+00   3.04019e+00   2.96734e+00   2.89955e+00   2.83654e+00   2.77809e+00   2.72396e+00   2.67396e+00   2.62791e+00   2.58566e+00   2.54706e+00   2.51199e+00   2.48033e+00   2.45197e+00   2.42684e+00   2.40484e+00   2.38591e+00   2.36999e+00   2.35703e+00   2.34700e+00   2.33985e+00   2.33557e+00   2.33414e+00   2.33557e+00   2.33985e+00   2.34700e+00   2.35703e+00   2.36999e+00   2.38591e+00   2.40484e+00   2.42683e+00   2.45197e+00   2.48032e+00   2.51198e+00   2.54706e+00   2.58565e+00   2.62790e+00   2.67394e+00   2.72394e+00   2.77806e+00   2.83651e+00   2.89950e+00   2.96727e+00   3.04011e+00   3.11831e+00   3.20222e+00   3.29225e+00   3.38882e+00   3.49247e+00   3.60379e+00   3.72348e+00   3.85234e+00   3.99136e+00   4.14171e+00   4.30482e+00   4.48249e+00   4.67704e+00   4.89159e+00   5.13066e+00   5.40166e+00   5.72054e+00   6.07043e+00   6.16700e+00
  -3.00000e-03   6.10312e+00   6.02869e+00   5.96062e+00   5.89887e+00   5.84403e+00   5.51984e+00   5.22158e+00   4.96926e+00   4.74653e+00   4.54614e+00   4.36384e+00   4.19681e+00   4.04299e+00   3.90083e+00   3.76910e+00   3.64679e+00   3.53306e+00   3.42723e+00   3.32869e+00   3.23695e+00   3.15155e+00   3.07211e+00   2.99829e+00   2.92980e+00   2.86636e+00   2.80775e+00   2.75376e+00   2.70419e+00   2.65889e+00   2.61771e+00   2.58051e+00   2.54719e+00   2.51763e+00   2.49175e+00   2.46947e+00   2.45072e+00   2.43546e+00   2.42364e+00   2.41521e+00   2.41017e+00   2.40849e+00   2.41017e+00   2.41521e+00   2.42363e+00   2.43546e+00   2.45072e+00   2.46946e+00   2.49174e+00   2.51762e+00   2.54718e+00   2.58050e+00   2.61770e+00   2.65888e+00   2.70417e+00   2.75373e+00   2.80771e+00   2.86631e+00   2.92973e+00   2.99820e+00   3.07199e+00   3.15139e+00   3.23674e+00   3.32843e+00   3.42688e+00   3.53260e+00   3.64618e+00   3.76831e+00   3.89979e+00   4.04162e+00   4.19500e+00   4.36146e+00   4.54298e+00   4.74230e+00   4.96348e+00   5.21342e+00   5.50746e+00   5.82664e+00   5.88206e+00   5.94347e+00   6.01090e+00   6.08458e+00
  -3.75000e-03   6.02787e+00   5.97227e+00   5.92044e+00   5.87233e+00   5.82783e+00   5.78682e+00   5.74935e+00   5.71624e+00   5.40754e+00   5.12183e+00   4.88035e+00   4.66701e+00   4.47475e+00   4.29954e+00   4.13874e+00   3.99045e+00   3.85326e+00   3.72605e+00   3.60792e+00   3.49814e+00   3.39608e+00   3.30122e+00   3.21312e+00   3.13140e+00   3.05570e+00   2.98575e+00   2.92129e+00   2.86208e+00   2.80794e+00   2.75869e+00   2.71418e+00   2.67428e+00   2.63886e+00   2.60783e+00   2.58110e+00   2.55860e+00   2.54028e+00   2.52607e+00   2.51595e+00   2.50989e+00   2.50787e+00   2.50989e+00   2.51595e+00   2.52607e+00   2.54027e+00   2.55860e+00   2.58109e+00   2.60782e+00   2.63884e+00   2.67426e+00   2.71416e+00   2.75866e+00   2.80790e+00   2.86203e+00   2.92122e+00   2.98566e+00   3.05558e+00   3.13124e+00   3.21291e+00   3.30094e+00   3.39571e+00   3.49765e+00   3.60728e+00   3.72521e+00   3.85215e+00   3.98899e+00   4.13681e+00   4.29699e+00   4.47135e+00   4.66245e+00   4.87413e+00   5.11304e+00   5.39429e+00   5.69763e+00   5.73129e+00   5.76846e+00   5.80887e+00   5.85268e+00   5.90006e+00   5.95118e+00   6.00610e+00
  -4.50000e-03   5.95372e+00   5.91361e+00   5.87577e+00   5.84017e+00   5.80677e+00   5.77548e+00   5.74620e+00   5.71880e+00   5.69323e+00   5.66963e+00   5.64897e+00   5.34887e+00   5.07017e+00   4.83484e+00   4.62690e+00   4.43944e+00   4.26853e+00   4.11164e+00   3.96697e+00   3.83320e+00   3.70928e+00   3.59440e+00   3.48788e+00   3.38918e+00   3.29781e+00   3.21340e+00   3.13561e+00   3.06414e+00   2.99876e+00   2.93925e+00   2.88543e+00   2.83715e+00   2.79426e+00   2.75666e+00   2.72426e+00   2.69696e+00   2.67471e+00   2.65746e+00   2.64516e+00   2.63779e+00   2.63534e+00   2.63779e+00   2.64516e+00   2.65745e+00   2.67470e+00   2.69695e+00   2.72424e+00   2.75664e+00   2.79423e+00   2.83711e+00   2.88538e+00   2.93918e+00   2.99867e+00   3.06402e+00   3.13544e+00   3.21319e+00   3.29753e+00   3.38880e+00   3.48738e+00   3.59373e+00   3.70840e+00   3.83204e+00   3.96544e+00   4.10961e+00   4.26584e+00   4.43585e+00   4.62208e+00   4.82825e+00   5.06088e+00   5.33494e+00   5.62938e+00   5.65055e+00   5.67388e+00   5.69888e+00   5.72559e+00   5.75418e+00   5.78478e+00   5.81754e+00   5.85254e+00   5.88985e+00   5.92946e+00
  -5.25000e-03   5.87880e+00   5.85165e+00   5.82583e+00   5.80134e+00   5.77814e+00   5.75616e+00   5.73534e+00   5.71558e+00   5.69679e+00   5.67887e+00   5.66176e+00   5.64542e+00   5.63007e+00   5.61681e+00   5.32183e+00   5.04739e+00   4.81593e+00   4.61155e+00   4.42739e+00   4.25964e+00   4.10583e+00   3.96423e+00   3.83360e+00   3.71297e+00   3.60158e+00   3.49882e+00   3.40420e+00   3.31732e+00   3.23783e+00   3.16547e+00   3.09999e+00   3.04122e+00   2.98898e+00   2.94315e+00   2.90361e+00   2.87030e+00   2.84312e+00   2.82204e+00   2.80700e+00   2.79799e+00   2.79499e+00   2.79799e+00   2.80699e+00   2.82202e+00   2.84310e+00   2.87027e+00   2.90357e+00   2.94309e+00   2.98891e+00   3.04112e+00   3.09986e+00   3.16530e+00   3.23761e+00   3.31702e+00   3.40381e+00   3.49830e+00   3.60089e+00   3.71206e+00   3.83240e+00   3.96263e+00   4.10371e+00   4.25682e+00   4.42364e+00   4.60650e+00   4.80904e+00   5.03769e+00   5.30732e+00   5.59642e+00   5.61014e+00   5.62522e+00   5.64100e+00   5.65745e+00   5.67467e+00   5.69279e+00   5.71192e+00   5.73217e+00   5.75362e+00   5.77636e+00   5.80042e+00   5.82586e+00   5.85266e+00
  -6.00000e-03   5.80188e+00   5.78589e+00   5.77062e+00   5.75608e+00   5.74221e+00   5.72899e+00   5.71635e+00   5.70421e+00   5.69251e+00   5.68115e+00   5.67006e+00   5.65914e+00   5.64835e+00   5.63762e+00   5.62700e+00   5.61670e+00   5.60798e+00   5.31638e+00   5.04505e+00   4.81662e+00   4.61523e+00   4.43414e+00   4.26956e+00   4.11912e+00   3.98118e+00   3.85454e+00   3.73832e+00   3.63183e+00   3.53454e+00   3.44602e+00   3.36595e+00   3.29406e+00   3.23015e+00   3.17404e+00   3.12561e+00   3.08477e+00   3.05144e+00   3.02556e+00   3.00710e+00   2.99603e+00   2.99234e+00   2.99602e+00   3.00708e+00   3.02553e+00   3.05139e+00   3.08470e+00   3.12552e+00   3.17391e+00   3.22998e+00   3.29384e+00   3.36565e+00   3.44562e+00   3.53400e+00   3.63112e+00   3.73738e+00   3.85329e+00   3.97952e+00   4.11692e+00   4.26664e+00   4.43023e+00   4.60998e+00   4.80945e+00   5.03498e+00   5.30136e+00   5.58688e+00   5.59602e+00   5.60605e+00   5.61613e+00   5.62619e+00   5.63630e+00   5.64655e+00   5.65702e+00   5.66781e+00   5.67900e+00   5.69068e+00   5.70291e+00   5.71576e+00   5.72929e+00   5.74355e+00   5.75854e+00   5.77429e+00
