# Author : Radia User
# 
# Total Length of Longitudinal Interval [m]
3.6
# Number of Horizontal Points
81
# Number of Vertical Points
17
# Total Horizontal 2nd Order Kick [T2m2]
START
                -1.00000e-02  -9.75000e-03  -9.50000e-03  -9.25000e-03  -9.00000e-03  -8.75000e-03  -8.50000e-03  -8.25000e-03  -8.00000e-03  -7.75000e-03  -7.50000e-03  -7.25000e-03  -7.00000e-03  -6.75000e-03  -6.50000e-03  -6.25000e-03  -6.00000e-03  -5.75000e-03  -5.50000e-03  -5.25000e-03  -5.00000e-03  -4.75000e-03  -4.50000e-03  -4.25000e-03  -4.00000e-03  -3.75000e-03  -3.50000e-03  -3.25000e-03  -3.00000e-03  -2.75000e-03  -2.50000e-03  -2.25000e-03  -2.00000e-03  -1.75000e-03  -1.50000e-03  -1.25000e-03  -1.00000e-03  -7.50000e-04  -5.00000e-04  -2.50000e-04   0.00000e+00   2.50000e-04   5.00000e-04   7.50000e-04   1.00000e-03   1.25000e-03   1.50000e-03   1.75000e-03   2.00000e-03   2.25000e-03   2.50000e-03   2.75000e-03   3.00000e-03   3.25000e-03   3.50000e-03   3.75000e-03   4.00000e-03   4.25000e-03   4.50000e-03   4.75000e-03   5.00000e-03   5.25000e-03   5.50000e-03   5.75000e-03   6.00000e-03   6.25000e-03   6.50000e-03   6.75000e-03   7.00000e-03   7.25000e-03   7.50000e-03   7.75000e-03   8.00000e-03   8.25000e-03   8.50000e-03   8.75000e-03   9.00000e-03   9.25000e-03   9.50000e-03   9.75000e-03   1.00000e-02
   6.00000e-03   9.88513e-03   1.05383e-02   1.19880e-02   1.37674e-02   1.59734e-02   1.87246e-02   2.21648e-02   2.64642e-02   3.18180e-02   3.84387e-02   4.65365e-02   5.62773e-02   6.77108e-02   8.06904e-02   9.48675e-02   9.59029e-02   3.71655e-01   3.46561e-01   3.83437e-02   3.50781e-02   3.13135e-02   2.84738e-02   2.61249e-02   2.40961e-02   2.22950e-02   2.06557e-02   1.91290e-02   1.76787e-02   1.62785e-02   1.49097e-02   1.35593e-02   1.22179e-02   1.08792e-02   9.53869e-03   8.19360e-03   6.84233e-03   5.48431e-03   4.11983e-03   2.74988e-03   1.37598e-03  -2.64469e-09  -1.37598e-03  -2.74989e-03  -4.11984e-03  -5.48431e-03  -6.84233e-03  -8.19361e-03  -9.53870e-03  -1.08792e-02  -1.22179e-02  -1.35593e-02  -1.49097e-02  -1.62785e-02  -1.76787e-02  -1.91290e-02  -2.06557e-02  -2.22950e-02  -2.40961e-02  -2.61249e-02  -2.84738e-02  -3.13135e-02  -3.50780e-02  -3.83436e-02  -3.46561e-01  -3.71656e-01  -9.59034e-02  -9.48669e-02  -8.06901e-02  -6.77106e-02  -5.62772e-02  -4.65364e-02  -3.84386e-02  -3.18179e-02  -2.64641e-02  -2.21648e-02  -1.87245e-02  -1.59733e-02  -1.37674e-02  -1.19880e-02  -1.05383e-02  -9.88512e-03
   5.25000e-03   1.60825e-02   1.73291e-02   2.01158e-02   2.35685e-02   2.78590e-02   3.31849e-02   3.97611e-02   4.78002e-02   5.74705e-02   6.88239e-02   8.17159e-02   9.57988e-02   9.67319e-02   3.72784e-01   3.48103e-01   3.99012e-02   3.65522e-02   3.27195e-02   2.98260e-02   2.74380e-02   2.53858e-02   2.35774e-02   2.19480e-02   2.04489e-02   1.90445e-02   1.77087e-02   1.64233e-02   1.51751e-02   1.39545e-02   1.27546e-02   1.15701e-02   1.03968e-02   9.23156e-03   8.07189e-03   6.91584e-03   5.76196e-03   4.60922e-03   3.45692e-03   2.30470e-03   1.15239e-03  -2.21797e-09  -1.15240e-03  -2.30471e-03  -3.45693e-03  -4.60922e-03  -5.76197e-03  -6.91584e-03  -8.07189e-03  -9.23157e-03  -1.03968e-02  -1.15701e-02  -1.27546e-02  -1.39545e-02  -1.51751e-02  -1.64233e-02  -1.77087e-02  -1.90445e-02  -2.04489e-02  -2.19480e-02  -2.35774e-02  -2.53858e-02  -2.74380e-02  -2.98260e-02  -3.27195e-02  -3.65521e-02  -3.99011e-02  -3.48104e-01  -3.72785e-01  -9.67323e-02  -9.57983e-02  -8.17155e-02  -6.88236e-02  -5.74703e-02  -4.78001e-02  -3.97611e-02  -3.31849e-02  -2.78590e-02  -2.35684e-02  -2.01158e-02  -1.73291e-02  -1.60825e-02
   4.50000e-03   2.76652e-02   3.00774e-02   3.54523e-02   4.20407e-02   5.00599e-02   5.96831e-02   7.09668e-02   8.37710e-02   9.77510e-02   9.85662e-02   3.74878e-01   3.50547e-01   4.22945e-02   3.88000e-02   3.48360e-02   3.18245e-02   2.93321e-02   2.71894e-02   2.53050e-02   2.36144e-02   2.20691e-02   2.06335e-02   1.92821e-02   1.79963e-02   1.67630e-02   1.55727e-02   1.44180e-02   1.32934e-02   1.21944e-02   1.11170e-02   1.00582e-02   9.01504e-03   7.98504e-03   6.96600e-03   5.95597e-03   4.95320e-03   3.95617e-03   2.96350e-03   1.97398e-03   9.86491e-04  -1.90109e-09  -9.86495e-04  -1.97398e-03  -2.96351e-03  -3.95617e-03  -4.95321e-03  -5.95597e-03  -6.96600e-03  -7.98504e-03  -9.01504e-03  -1.00582e-02  -1.11170e-02  -1.21944e-02  -1.32934e-02  -1.44180e-02  -1.55727e-02  -1.67630e-02  -1.79963e-02  -1.92821e-02  -2.06336e-02  -2.20691e-02  -2.36144e-02  -2.53050e-02  -2.71894e-02  -2.93321e-02  -3.18245e-02  -3.48360e-02  -3.87999e-02  -4.22944e-02  -3.50547e-01  -3.74879e-01  -9.85666e-02  -9.77504e-02  -8.37707e-02  -7.09666e-02  -5.96829e-02  -5.00598e-02  -4.20407e-02  -3.54523e-02  -3.00774e-02  -2.76652e-02
   3.75000e-03   4.91850e-02   5.36084e-02   6.32602e-02   7.45152e-02   8.72440e-02   1.01112e-01   1.01783e-01   3.78324e-01   3.54286e-01   4.58957e-02   4.21666e-02   3.79841e-02   3.47696e-02   3.20902e-02   2.97771e-02   2.77389e-02   2.59111e-02   2.42452e-02   2.27052e-02   2.12651e-02   1.99063e-02   1.86151e-02   1.73815e-02   1.61979e-02   1.50584e-02   1.39578e-02   1.28921e-02   1.18574e-02   1.08504e-02   9.86810e-03   8.90758e-03   7.96627e-03   7.04171e-03   6.13161e-03   5.23382e-03   4.34634e-03   3.46726e-03   2.59478e-03   1.72718e-03   8.62790e-04  -1.66431e-09  -8.62794e-04  -1.72718e-03  -2.59479e-03  -3.46727e-03  -4.34635e-03  -5.23383e-03  -6.13161e-03  -7.04171e-03  -7.96627e-03  -8.90759e-03  -9.86810e-03  -1.08504e-02  -1.18574e-02  -1.28921e-02  -1.39578e-02  -1.50584e-02  -1.61979e-02  -1.73815e-02  -1.86151e-02  -1.99063e-02  -2.12652e-02  -2.27052e-02  -2.42452e-02  -2.59111e-02  -2.77389e-02  -2.97771e-02  -3.20902e-02  -3.47696e-02  -3.79841e-02  -4.21666e-02  -4.58956e-02  -3.54286e-01  -3.78325e-01  -1.01783e-01  -1.01111e-01  -8.72437e-02  -7.45149e-02  -6.32601e-02  -5.36083e-02  -4.91849e-02
   3.00000e-03   8.62426e-02   9.29184e-02   1.06686e-01   1.07174e-01   3.83917e-01   3.60096e-01   5.14104e-02   4.72897e-02   4.27379e-02   3.91778e-02   3.61780e-02   3.35703e-02   3.12633e-02   2.91915e-02   2.73056e-02   2.55683e-02   2.39525e-02   2.24382e-02   2.10106e-02   1.96587e-02   1.83736e-02   1.71485e-02   1.59775e-02   1.48556e-02   1.37782e-02   1.27415e-02   1.17415e-02   1.07750e-02   9.83863e-03   8.92948e-03   8.04467e-03   7.18151e-03   6.33745e-03   5.51005e-03   4.69699e-03   3.89604e-03   3.10506e-03   2.32197e-03   1.54474e-03   7.71401e-04  -1.48855e-09  -7.71404e-04  -1.54474e-03  -2.32197e-03  -3.10506e-03  -3.89604e-03  -4.69699e-03  -5.51005e-03  -6.33745e-03  -7.18151e-03  -8.04467e-03  -8.92948e-03  -9.83864e-03  -1.07750e-02  -1.17415e-02  -1.27415e-02  -1.37783e-02  -1.48556e-02  -1.59775e-02  -1.71485e-02  -1.83736e-02  -1.96587e-02  -2.10106e-02  -2.24382e-02  -2.39525e-02  -2.55683e-02  -2.73056e-02  -2.91915e-02  -3.12633e-02  -3.35703e-02  -3.61780e-02  -3.91778e-02  -4.27378e-02  -4.72896e-02  -5.14103e-02  -3.60096e-01  -3.83918e-01  -1.07175e-01  -1.06686e-01  -9.29181e-02  -8.62424e-02
   2.25000e-03   1.09874e-01   3.93543e-01   3.69743e-01   6.03763e-02   5.55158e-02   5.02681e-02   4.60627e-02   4.24724e-02   3.93290e-02   3.65391e-02   3.40340e-02   3.17602e-02   2.96768e-02   2.77524e-02   2.59634e-02   2.42918e-02   2.27235e-02   2.12472e-02   1.98534e-02   1.85344e-02   1.72834e-02   1.60942e-02   1.49614e-02   1.38803e-02   1.28463e-02   1.18552e-02   1.09033e-02   9.98698e-03   9.10288e-03   8.24787e-03   7.41897e-03   6.61336e-03   5.82837e-03   5.06142e-03   4.31005e-03   3.57187e-03   2.84459e-03   2.12594e-03   1.41373e-03   7.05800e-04  -1.36278e-09  -7.05803e-04  -1.41374e-03  -2.12594e-03  -2.84459e-03  -3.57188e-03  -4.31005e-03  -5.06142e-03  -5.82837e-03  -6.61337e-03  -7.41897e-03  -8.24787e-03  -9.10288e-03  -9.98698e-03  -1.09033e-02  -1.18552e-02  -1.28463e-02  -1.38803e-02  -1.49614e-02  -1.60942e-02  -1.72834e-02  -1.85344e-02  -1.98534e-02  -2.12472e-02  -2.27235e-02  -2.42919e-02  -2.59634e-02  -2.77524e-02  -2.96768e-02  -3.17602e-02  -3.40340e-02  -3.65391e-02  -3.93290e-02  -4.24724e-02  -4.60627e-02  -5.02681e-02  -5.55158e-02  -6.03763e-02  -3.69743e-01  -3.93544e-01  -1.09876e-01
   1.50000e-03   7.41952e-02   7.03604e-02   6.34565e-02   5.77754e-02   5.28910e-02   4.86225e-02   4.48580e-02   4.15094e-02   3.85050e-02   3.57874e-02   3.33112e-02   3.10407e-02   2.89477e-02   2.70097e-02   2.52081e-02   2.35277e-02   2.19557e-02   2.04812e-02   1.90946e-02   1.77875e-02   1.65527e-02   1.53835e-02   1.42741e-02   1.32192e-02   1.22137e-02   1.12534e-02   1.03342e-02   9.45215e-03   8.60383e-03   7.78591e-03   6.99529e-03   6.22903e-03   5.48433e-03   4.75851e-03   4.04902e-03   3.35336e-03   2.66912e-03   1.99396e-03   1.32556e-03   6.61660e-04  -1.27815e-09  -6.61663e-04  -1.32557e-03  -1.99396e-03  -2.66912e-03  -3.35336e-03  -4.04902e-03  -4.75852e-03  -5.48433e-03  -6.22903e-03  -6.99530e-03  -7.78592e-03  -8.60383e-03  -9.45216e-03  -1.03342e-02  -1.12535e-02  -1.22137e-02  -1.32192e-02  -1.42741e-02  -1.53835e-02  -1.65527e-02  -1.77875e-02  -1.90946e-02  -2.04812e-02  -2.19557e-02  -2.35277e-02  -2.52081e-02  -2.70097e-02  -2.89477e-02  -3.10407e-02  -3.33112e-02  -3.57874e-02  -3.85050e-02  -4.15094e-02  -4.48580e-02  -4.86225e-02  -5.28910e-02  -5.77754e-02  -6.34565e-02  -7.03603e-02  -7.41952e-02
   7.50000e-04   7.64644e-02   7.24994e-02   6.52055e-02   5.90469e-02   5.37820e-02   4.92253e-02   4.52354e-02   4.17050e-02   3.85519e-02   3.57131e-02   3.31394e-02   3.07918e-02   2.86393e-02   2.66565e-02   2.48226e-02   2.31201e-02   2.15344e-02   2.00530e-02   1.86651e-02   1.73613e-02   1.61334e-02   1.49742e-02   1.38772e-02   1.28367e-02   1.18475e-02   1.09049e-02   1.00045e-02   9.14233e-03   8.31481e-03   7.51848e-03   6.75014e-03   6.00676e-03   5.28546e-03   4.58351e-03   3.89828e-03   3.22723e-03   2.56788e-03   1.91783e-03   1.27472e-03   6.36210e-04  -1.22924e-09  -6.36213e-04  -1.27472e-03  -1.91784e-03  -2.56788e-03  -3.22723e-03  -3.89829e-03  -4.58352e-03  -5.28546e-03  -6.00676e-03  -6.75014e-03  -7.51849e-03  -8.31482e-03  -9.14234e-03  -1.00045e-02  -1.09049e-02  -1.18475e-02  -1.28368e-02  -1.38772e-02  -1.49742e-02  -1.61334e-02  -1.73613e-02  -1.86651e-02  -2.00530e-02  -2.15344e-02  -2.31201e-02  -2.48226e-02  -2.66565e-02  -2.86393e-02  -3.07918e-02  -3.31394e-02  -3.57131e-02  -3.85519e-02  -4.17050e-02  -4.52354e-02  -4.92253e-02  -5.37820e-02  -5.90469e-02  -6.52055e-02  -7.24994e-02  -7.64644e-02
   0.00000e+00   7.94595e-02   7.49632e-02   6.68140e-02   6.01234e-02   5.45100e-02   4.97143e-02   4.55545e-02   4.19002e-02   3.86554e-02   3.57482e-02   3.31233e-02   3.07377e-02   2.85570e-02   2.65536e-02   2.47051e-02   2.29927e-02   2.14006e-02   1.99156e-02   1.85264e-02   1.72230e-02   1.59969e-02   1.48407e-02   1.37476e-02   1.27117e-02   1.17277e-02   1.07908e-02   9.89652e-03   9.04090e-03   8.22020e-03   7.43095e-03   6.66991e-03   5.93403e-03   5.22041e-03   4.52628e-03   3.84900e-03   3.18600e-03   2.53479e-03   1.89295e-03   1.25810e-03   6.27894e-04  -1.21379e-09  -6.27896e-04  -1.25811e-03  -1.89296e-03  -2.53479e-03  -3.18600e-03  -3.84900e-03  -4.52628e-03  -5.22041e-03  -5.93403e-03  -6.66991e-03  -7.43095e-03  -8.22020e-03  -9.04090e-03  -9.89652e-03  -1.07908e-02  -1.17277e-02  -1.27117e-02  -1.37476e-02  -1.48407e-02  -1.59969e-02  -1.72230e-02  -1.85264e-02  -1.99156e-02  -2.14006e-02  -2.29927e-02  -2.47051e-02  -2.65537e-02  -2.85570e-02  -3.07377e-02  -3.31233e-02  -3.57482e-02  -3.86555e-02  -4.19002e-02  -4.55545e-02  -4.97143e-02  -5.45101e-02  -6.01235e-02  -6.68140e-02  -7.49632e-02  -7.94596e-02
  -7.50000e-04   7.64644e-02   7.24994e-02   6.52055e-02   5.90469e-02   5.37820e-02   4.92253e-02   4.52354e-02   4.17050e-02   3.85519e-02   3.57131e-02   3.31394e-02   3.07918e-02   2.86393e-02   2.66565e-02   2.48226e-02   2.31201e-02   2.15344e-02   2.00530e-02   1.86651e-02   1.73613e-02   1.61334e-02   1.49742e-02   1.38772e-02   1.28367e-02   1.18475e-02   1.09049e-02   1.00045e-02   9.14233e-03   8.31481e-03   7.51848e-03   6.75014e-03   6.00676e-03   5.28546e-03   4.58351e-03   3.89828e-03   3.22723e-03   2.56788e-03   1.91783e-03   1.27472e-03   6.36210e-04  -1.23039e-09  -6.36213e-04  -1.27472e-03  -1.91784e-03  -2.56788e-03  -3.22723e-03  -3.89829e-03  -4.58352e-03  -5.28546e-03  -6.00676e-03  -6.75014e-03  -7.51849e-03  -8.31482e-03  -9.14234e-03  -1.00045e-02  -1.09049e-02  -1.18475e-02  -1.28368e-02  -1.38772e-02  -1.49742e-02  -1.61334e-02  -1.73613e-02  -1.86651e-02  -2.00530e-02  -2.15344e-02  -2.31201e-02  -2.48226e-02  -2.66565e-02  -2.86393e-02  -3.07918e-02  -3.31394e-02  -3.57131e-02  -3.85519e-02  -4.17050e-02  -4.52354e-02  -4.92253e-02  -5.37820e-02  -5.90469e-02  -6.52055e-02  -7.24995e-02  -7.64644e-02
  -1.50000e-03   7.41952e-02   7.03603e-02   6.34565e-02   5.77754e-02   5.28910e-02   4.86225e-02   4.48580e-02   4.15094e-02   3.85050e-02   3.57874e-02   3.33112e-02   3.10407e-02   2.89477e-02   2.70096e-02   2.52081e-02   2.35277e-02   2.19557e-02   2.04812e-02   1.90946e-02   1.77875e-02   1.65527e-02   1.53835e-02   1.42741e-02   1.32192e-02   1.22137e-02   1.12534e-02   1.03342e-02   9.45215e-03   8.60383e-03   7.78591e-03   6.99529e-03   6.22903e-03   5.48433e-03   4.75851e-03   4.04902e-03   3.35336e-03   2.66912e-03   1.99396e-03   1.32556e-03   6.61660e-04  -1.28041e-09  -6.61663e-04  -1.32557e-03  -1.99396e-03  -2.66912e-03  -3.35336e-03  -4.04902e-03  -4.75852e-03  -5.48433e-03  -6.22903e-03  -6.99529e-03  -7.78591e-03  -8.60383e-03  -9.45215e-03  -1.03342e-02  -1.12535e-02  -1.22137e-02  -1.32192e-02  -1.42741e-02  -1.53835e-02  -1.65527e-02  -1.77875e-02  -1.90946e-02  -2.04812e-02  -2.19557e-02  -2.35277e-02  -2.52081e-02  -2.70097e-02  -2.89477e-02  -3.10407e-02  -3.33112e-02  -3.57874e-02  -3.85050e-02  -4.15094e-02  -4.48580e-02  -4.86225e-02  -5.28910e-02  -5.77755e-02  -6.34566e-02  -7.03604e-02  -7.41952e-02
  -2.25000e-03   1.09873e-01   3.93544e-01   3.69744e-01   6.03762e-02   5.55158e-02   5.02681e-02   4.60627e-02   4.24724e-02   3.93290e-02   3.65391e-02   3.40340e-02   3.17602e-02   2.96768e-02   2.77524e-02   2.59634e-02   2.42918e-02   2.27235e-02   2.12472e-02   1.98534e-02   1.85344e-02   1.72834e-02   1.60942e-02   1.49614e-02   1.38803e-02   1.28463e-02   1.18552e-02   1.09033e-02   9.98698e-03   9.10288e-03   8.24786e-03   7.41896e-03   6.61336e-03   5.82837e-03   5.06142e-03   4.31005e-03   3.57187e-03   2.84458e-03   2.12594e-03   1.41373e-03   7.05800e-04  -1.36640e-09  -7.05803e-04  -1.41373e-03  -2.12594e-03  -2.84459e-03  -3.57187e-03  -4.31005e-03  -5.06142e-03  -5.82837e-03  -6.61336e-03  -7.41897e-03  -8.24787e-03  -9.10288e-03  -9.98698e-03  -1.09033e-02  -1.18552e-02  -1.28463e-02  -1.38803e-02  -1.49614e-02  -1.60942e-02  -1.72834e-02  -1.85344e-02  -1.98534e-02  -2.12472e-02  -2.27235e-02  -2.42918e-02  -2.59634e-02  -2.77524e-02  -2.96768e-02  -3.17602e-02  -3.40340e-02  -3.65391e-02  -3.93290e-02  -4.24724e-02  -4.60627e-02  -5.02681e-02  -5.55158e-02  -6.03762e-02  -3.69746e-01  -3.93545e-01  -1.09873e-01
  -3.00000e-03   8.62423e-02   9.29180e-02   1.06686e-01   1.07173e-01   3.83918e-01   3.60097e-01   5.14103e-02   4.72896e-02   4.27378e-02   3.91777e-02   3.61780e-02   3.35703e-02   3.12633e-02   2.91915e-02   2.73056e-02   2.55683e-02   2.39525e-02   2.24382e-02   2.10106e-02   1.96587e-02   1.83736e-02   1.71485e-02   1.59775e-02   1.48556e-02   1.37782e-02   1.27415e-02   1.17415e-02   1.07750e-02   9.83863e-03   8.92948e-03   8.04467e-03   7.18151e-03   6.33744e-03   5.51004e-03   4.69699e-03   3.89604e-03   3.10506e-03   2.32197e-03   1.54474e-03   7.71400e-04  -1.49466e-09  -7.71403e-04  -1.54474e-03  -2.32197e-03  -3.10506e-03  -3.89604e-03  -4.69699e-03  -5.51005e-03  -6.33745e-03  -7.18151e-03  -8.04467e-03  -8.92948e-03  -9.83864e-03  -1.07750e-02  -1.17415e-02  -1.27415e-02  -1.37783e-02  -1.48556e-02  -1.59775e-02  -1.71485e-02  -1.83736e-02  -1.96587e-02  -2.10106e-02  -2.24382e-02  -2.39525e-02  -2.55683e-02  -2.73056e-02  -2.91915e-02  -3.12633e-02  -3.35703e-02  -3.61780e-02  -3.91778e-02  -4.27379e-02  -4.72897e-02  -5.14103e-02  -3.60099e-01  -3.83919e-01  -1.07172e-01  -1.06685e-01  -9.29178e-02  -8.62421e-02
  -3.75000e-03   4.91849e-02   5.36083e-02   6.32600e-02   7.45149e-02   8.72436e-02   1.01111e-01   1.01782e-01   3.78326e-01   3.54288e-01   4.58956e-02   4.21665e-02   3.79841e-02   3.47695e-02   3.20902e-02   2.97771e-02   2.77389e-02   2.59111e-02   2.42452e-02   2.27052e-02   2.12651e-02   1.99063e-02   1.86151e-02   1.73815e-02   1.61979e-02   1.50584e-02   1.39578e-02   1.28921e-02   1.18574e-02   1.08504e-02   9.86809e-03   8.90758e-03   7.96627e-03   7.04170e-03   6.13160e-03   5.23382e-03   4.34634e-03   3.46726e-03   2.59478e-03   1.72718e-03   8.62790e-04  -1.67286e-09  -8.62794e-04  -1.72718e-03  -2.59479e-03  -3.46727e-03  -4.34634e-03  -5.23382e-03  -6.13161e-03  -7.04171e-03  -7.96627e-03  -8.90759e-03  -9.86810e-03  -1.08504e-02  -1.18574e-02  -1.28921e-02  -1.39578e-02  -1.50584e-02  -1.61979e-02  -1.73815e-02  -1.86151e-02  -1.99063e-02  -2.12651e-02  -2.27052e-02  -2.42452e-02  -2.59111e-02  -2.77389e-02  -2.97771e-02  -3.20902e-02  -3.47696e-02  -3.79841e-02  -4.21666e-02  -4.58956e-02  -3.54289e-01  -3.78326e-01  -1.01781e-01  -1.01110e-01  -8.72433e-02  -7.45148e-02  -6.32600e-02  -5.36083e-02  -4.91849e-02
  -4.50000e-03   2.76652e-02   3.00774e-02   3.54523e-02   4.20406e-02   5.00597e-02   5.96829e-02   7.09666e-02   8.37706e-02   9.77504e-02   9.85654e-02   3.74879e-01   3.50549e-01   4.22944e-02   3.87999e-02   3.48360e-02   3.18245e-02   2.93321e-02   2.71894e-02   2.53050e-02   2.36144e-02   2.20691e-02   2.06335e-02   1.92821e-02   1.79963e-02   1.67630e-02   1.55727e-02   1.44180e-02   1.32934e-02   1.21944e-02   1.11170e-02   1.00582e-02   9.01503e-03   7.98503e-03   6.96600e-03   5.95596e-03   4.95320e-03   3.95617e-03   2.96350e-03   1.97398e-03   9.86491e-04  -1.91338e-09  -9.86495e-04  -1.97398e-03  -2.96351e-03  -3.95617e-03  -4.95320e-03  -5.95597e-03  -6.96600e-03  -7.98504e-03  -9.01504e-03  -1.00582e-02  -1.11170e-02  -1.21944e-02  -1.32934e-02  -1.44180e-02  -1.55727e-02  -1.67630e-02  -1.79963e-02  -1.92821e-02  -2.06335e-02  -2.20691e-02  -2.36144e-02  -2.53050e-02  -2.71894e-02  -2.93321e-02  -3.18245e-02  -3.48360e-02  -3.87999e-02  -4.22944e-02  -3.50550e-01  -3.74880e-01  -9.85645e-02  -9.77498e-02  -8.37703e-02  -7.09664e-02  -5.96828e-02  -5.00597e-02  -4.20406e-02  -3.54523e-02  -3.00774e-02  -2.76652e-02
  -5.25000e-03   1.60825e-02   1.73291e-02   2.01158e-02   2.35684e-02   2.78590e-02   3.31849e-02   3.97611e-02   4.78000e-02   5.74703e-02   6.88236e-02   8.17155e-02   9.57983e-02   9.67311e-02   3.72785e-01   3.48105e-01   3.99011e-02   3.65521e-02   3.27195e-02   2.98260e-02   2.74380e-02   2.53858e-02   2.35774e-02   2.19480e-02   2.04489e-02   1.90445e-02   1.77087e-02   1.64233e-02   1.51751e-02   1.39545e-02   1.27546e-02   1.15701e-02   1.03968e-02   9.23156e-03   8.07189e-03   6.91584e-03   5.76196e-03   4.60921e-03   3.45692e-03   2.30470e-03   1.15239e-03  -2.23655e-09  -1.15240e-03  -2.30470e-03  -3.45693e-03  -4.60922e-03  -5.76196e-03  -6.91584e-03  -8.07189e-03  -9.23156e-03  -1.03968e-02  -1.15701e-02  -1.27546e-02  -1.39545e-02  -1.51751e-02  -1.64233e-02  -1.77087e-02  -1.90445e-02  -2.04489e-02  -2.19480e-02  -2.35774e-02  -2.53858e-02  -2.74380e-02  -2.98260e-02  -3.27195e-02  -3.65522e-02  -3.99011e-02  -3.48106e-01  -3.72786e-01  -9.67302e-02  -9.57976e-02  -8.17152e-02  -6.88235e-02  -5.74702e-02  -4.78000e-02  -3.97611e-02  -3.31849e-02  -2.78590e-02  -2.35684e-02  -2.01158e-02  -1.73291e-02  -1.60825e-02
  -6.00000e-03   9.88513e-03   1.05383e-02   1.19880e-02   1.37674e-02   1.59733e-02   1.87245e-02   2.21648e-02   2.64641e-02   3.18179e-02   3.84386e-02   4.65364e-02   5.62771e-02   6.77105e-02   8.06900e-02   9.48669e-02   9.59022e-02   3.71657e-01   3.46563e-01   3.83436e-02   3.50780e-02   3.13135e-02   2.84738e-02   2.61249e-02   2.40961e-02   2.22949e-02   2.06557e-02   1.91290e-02   1.76787e-02   1.62785e-02   1.49097e-02   1.35593e-02   1.22179e-02   1.08792e-02   9.53869e-03   8.19360e-03   6.84232e-03   5.48430e-03   4.11983e-03   2.74988e-03   1.37597e-03  -2.66977e-09  -1.37598e-03  -2.74989e-03  -4.11983e-03  -5.48431e-03  -6.84233e-03  -8.19360e-03  -9.53869e-03  -1.08792e-02  -1.22179e-02  -1.35593e-02  -1.49097e-02  -1.62785e-02  -1.76787e-02  -1.91290e-02  -2.06557e-02  -2.22950e-02  -2.40961e-02  -2.61249e-02  -2.84738e-02  -3.13135e-02  -3.50781e-02  -3.83436e-02  -3.46564e-01  -3.71657e-01  -9.59012e-02  -9.48663e-02  -8.06897e-02  -6.77104e-02  -5.62771e-02  -4.65363e-02  -3.84386e-02  -3.18179e-02  -2.64642e-02  -2.21648e-02  -1.87246e-02  -1.59734e-02  -1.37674e-02  -1.19880e-02  -1.05383e-02  -9.88513e-03
# Total Vertical 2nd Order Kick [T2m2]
START
                -1.00000e-02  -9.75000e-03  -9.50000e-03  -9.25000e-03  -9.00000e-03  -8.75000e-03  -8.50000e-03  -8.25000e-03  -8.00000e-03  -7.75000e-03  -7.50000e-03  -7.25000e-03  -7.00000e-03  -6.75000e-03  -6.50000e-03  -6.25000e-03  -6.00000e-03  -5.75000e-03  -5.50000e-03  -5.25000e-03  -5.00000e-03  -4.75000e-03  -4.50000e-03  -4.25000e-03  -4.00000e-03  -3.75000e-03  -3.50000e-03  -3.25000e-03  -3.00000e-03  -2.75000e-03  -2.50000e-03  -2.25000e-03  -2.00000e-03  -1.75000e-03  -1.50000e-03  -1.25000e-03  -1.00000e-03  -7.50000e-04  -5.00000e-04  -2.50000e-04   0.00000e+00   2.50000e-04   5.00000e-04   7.50000e-04   1.00000e-03   1.25000e-03   1.50000e-03   1.75000e-03   2.00000e-03   2.25000e-03   2.50000e-03   2.75000e-03   3.00000e-03   3.25000e-03   3.50000e-03   3.75000e-03   4.00000e-03   4.25000e-03   4.50000e-03   4.75000e-03   5.00000e-03   5.25000e-03   5.50000e-03   5.75000e-03   6.00000e-03   6.25000e-03   6.50000e-03   6.75000e-03   7.00000e-03   7.25000e-03   7.50000e-03   7.75000e-03   8.00000e-03   8.25000e-03   8.50000e-03   8.75000e-03   9.00000e-03   9.25000e-03   9.50000e-03   9.75000e-03   1.00000e-02
   6.00000e-03   1.38686e-02   1.18028e-02   9.34139e-03   6.38426e-03   2.80738e-03  -1.53951e-03  -6.83286e-03  -1.32704e-02  -2.10568e-02  -3.03721e-02  -4.13136e-02  -5.38250e-02  -6.76613e-02  -7.31724e-02  -2.62390e-01  -2.41996e-01  -2.25056e-01  -1.85943e-02  -1.58281e-02  -1.29158e-02  -1.07347e-02  -8.96396e-03  -7.47043e-03  -6.17937e-03  -5.03896e-03  -4.01237e-03  -3.07434e-03  -2.20856e-03  -1.40526e-03  -6.59268e-04   3.14594e-05   6.66863e-04   1.24554e-03   1.76528e-03   2.22341e-03   2.61712e-03   2.94366e-03   3.20051e-03   3.38559e-03   3.49730e-03   3.53465e-03   3.49730e-03   3.38559e-03   3.20051e-03   2.94365e-03   2.61712e-03   2.22341e-03   1.76528e-03   1.24554e-03   6.66860e-04   3.14569e-05  -6.59270e-04  -1.40527e-03  -2.20857e-03  -3.07434e-03  -4.01237e-03  -5.03897e-03  -6.17937e-03  -7.47044e-03  -8.96396e-03  -1.07347e-02  -1.29158e-02  -1.58281e-02  -1.85942e-02  -2.25056e-01  -2.41997e-01  -2.62391e-01  -7.31725e-02  -6.76608e-02  -5.38247e-02  -4.13134e-02  -3.03720e-02  -2.10568e-02  -1.32703e-02  -6.83281e-03  -1.53947e-03   2.80741e-03   6.38428e-03   9.34141e-03   1.18028e-02   1.38686e-02
   5.25000e-03   1.22052e-02   9.24188e-03   5.69219e-03   1.42044e-03  -3.73224e-03  -9.94173e-03  -1.73851e-02  -2.62091e-02  -3.64874e-02  -4.81868e-02  -5.65298e-02  -1.57634e-01  -1.54620e-01  -1.49162e-01  -1.40656e-01  -1.29151e-01  -1.19297e-01  -1.50436e-02  -1.28396e-02  -1.06974e-02  -9.01832e-03  -7.61589e-03  -6.40489e-03  -5.33496e-03  -4.37160e-03  -3.49098e-03  -2.67727e-03  -1.92064e-03  -1.21551e-03  -5.59270e-04   4.87151e-05   6.07757e-04   1.11634e-03   1.57247e-03   1.97391e-03   2.31835e-03   2.60362e-03   2.82773e-03   2.98906e-03   3.08636e-03   3.11889e-03   3.08636e-03   2.98906e-03   2.82773e-03   2.60361e-03   2.31835e-03   1.97391e-03   1.57247e-03   1.11634e-03   6.07755e-04   4.87129e-05  -5.59272e-04  -1.21552e-03  -1.92065e-03  -2.67728e-03  -3.49098e-03  -4.37160e-03  -5.33496e-03  -6.40489e-03  -7.61589e-03  -9.01832e-03  -1.06974e-02  -1.28395e-02  -1.50436e-02  -1.19297e-01  -1.29152e-01  -1.40656e-01  -1.49162e-01  -1.54620e-01  -1.57634e-01  -5.65298e-02  -4.81865e-02  -3.64872e-02  -2.62090e-02  -1.73850e-02  -9.94167e-03  -3.73219e-03   1.42047e-03   5.69222e-03   9.24190e-03   1.22053e-02
   4.50000e-03   6.15263e-03   6.35543e-04  -5.94046e-03  -1.37459e-02  -2.29227e-02  -3.35409e-02  -4.55649e-02  -5.42147e-02  -1.55740e-01  -1.53153e-01  -1.48097e-01  -1.39970e-01  -1.28825e-01  -1.19316e-01  -1.52608e-02  -1.32073e-02  -1.12067e-02  -9.66028e-03  -8.38193e-03  -7.28669e-03  -6.32431e-03  -5.46019e-03  -4.67019e-03  -3.93802e-03  -3.25319e-03  -2.60932e-03  -2.00289e-03  -1.43225e-03  -8.96996e-04  -3.97544e-04   6.51856e-05   4.89957e-04   8.75360e-04   1.21991e-03   1.52212e-03   1.78058e-03   1.99399e-03   2.16123e-03   2.28137e-03   2.35374e-03   2.37791e-03   2.35374e-03   2.28137e-03   2.16123e-03   1.99399e-03   1.78058e-03   1.52212e-03   1.21991e-03   8.75359e-04   4.89956e-04   6.51839e-05  -3.97546e-04  -8.96998e-04  -1.43225e-03  -2.00289e-03  -2.60933e-03  -3.25319e-03  -3.93802e-03  -4.67019e-03  -5.46019e-03  -6.32431e-03  -7.28669e-03  -8.38193e-03  -9.66028e-03  -1.12067e-02  -1.32073e-02  -1.52607e-02  -1.19316e-01  -1.28826e-01  -1.39970e-01  -1.48097e-01  -1.53153e-01  -1.55740e-01  -5.42147e-02  -4.55646e-02  -3.35407e-02  -2.29226e-02  -1.37458e-02  -5.94040e-03   6.35589e-04   6.15267e-03
   3.75000e-03  -7.67189e-03  -1.74348e-02  -2.86189e-02  -4.11795e-02  -5.03300e-02  -1.52465e-01  -1.50468e-01  -1.45946e-01  -1.38307e-01  -1.27609e-01  -1.18511e-01  -1.47085e-02  -1.28521e-02  -1.10314e-02  -9.64930e-03  -8.52128e-03  -7.56391e-03  -6.72811e-03  -5.98018e-03  -5.29664e-03  -4.66161e-03  -4.06482e-03  -3.49993e-03  -2.96330e-03  -2.45303e-03  -1.96838e-03  -1.50929e-03  -1.07621e-03  -6.69808e-04  -2.90962e-04   5.93777e-05   3.80216e-04   6.70553e-04   9.29413e-04   1.15587e-03   1.34907e-03   1.50826e-03   1.63278e-03   1.72210e-03   1.77586e-03   1.79380e-03   1.77586e-03   1.72210e-03   1.63278e-03   1.50826e-03   1.34907e-03   1.15587e-03   9.29413e-04   6.70552e-04   3.80215e-04   5.93764e-05  -2.90964e-04  -6.69810e-04  -1.07621e-03  -1.50930e-03  -1.96838e-03  -2.45304e-03  -2.96330e-03  -3.49993e-03  -4.06482e-03  -4.66161e-03  -5.29664e-03  -5.98018e-03  -6.72811e-03  -7.56391e-03  -8.52128e-03  -9.64930e-03  -1.10314e-02  -1.28521e-02  -1.47085e-02  -1.18511e-01  -1.27609e-01  -1.38307e-01  -1.45946e-01  -1.50468e-01  -1.52465e-01  -5.03300e-02  -4.11792e-02  -2.86187e-02  -1.74347e-02  -7.67181e-03
   3.00000e-03  -3.34264e-02  -4.35412e-02  -1.46738e-01  -1.45702e-01  -1.42025e-01  -1.35126e-01  -1.25077e-01  -1.16553e-01  -1.31265e-02  -1.15670e-02  -1.00076e-02  -8.85616e-03  -7.93298e-03  -7.15856e-03  -6.48704e-03  -5.88734e-03  -5.33801e-03  -4.82480e-03  -4.33867e-03  -3.87421e-03  -3.42843e-03  -2.99990e-03  -2.58813e-03  -2.19322e-03  -1.81559e-03  -1.45585e-03  -1.11471e-03  -7.92920e-04  -4.91235e-04  -2.10404e-04   4.88422e-05   2.85802e-04   4.99812e-04   6.90248e-04   8.56540e-04   9.98173e-04   1.11470e-03   1.20573e-03   1.27098e-03   1.31021e-03   1.32331e-03   1.31021e-03   1.27098e-03   1.20573e-03   1.11470e-03   9.98172e-04   8.56539e-04   6.90247e-04   4.99811e-04   2.85802e-04   4.88413e-05  -2.10405e-04  -4.91236e-04  -7.92922e-04  -1.11471e-03  -1.45585e-03  -1.81559e-03  -2.19322e-03  -2.58813e-03  -2.99990e-03  -3.42843e-03  -3.87421e-03  -4.33867e-03  -4.82480e-03  -5.33801e-03  -5.88734e-03  -6.48704e-03  -7.15856e-03  -7.93298e-03  -8.85615e-03  -1.00076e-02  -1.15670e-02  -1.31264e-02  -1.16553e-01  -1.25077e-01  -1.35126e-01  -1.42025e-01  -1.45702e-01  -1.46738e-01  -4.35412e-02  -3.34261e-02
   2.25000e-03  -1.36808e-01  -1.34800e-01  -1.29288e-01  -1.20390e-01  -1.12822e-01  -1.00481e-02  -8.99785e-03  -7.86397e-03  -7.07109e-03  -6.45303e-03  -5.94098e-03  -5.49743e-03  -5.09777e-03  -4.72559e-03  -4.37048e-03  -4.02642e-03  -3.69027e-03  -3.36081e-03  -3.03793e-03  -2.72212e-03  -2.41421e-03  -2.11515e-03  -1.82589e-03  -1.54735e-03  -1.28041e-03  -1.02585e-03  -7.84403e-04  -5.56738e-04  -3.43462e-04  -1.45136e-04   3.77268e-05   2.04656e-04   3.55220e-04   4.89028e-04   6.05731e-04   7.05018e-04   7.86625e-04   8.50331e-04   8.95961e-04   9.23390e-04   9.32541e-04   9.23390e-04   8.95961e-04   8.50331e-04   7.86625e-04   7.05018e-04   6.05730e-04   4.89028e-04   3.55219e-04   2.04655e-04   3.77262e-05  -1.45137e-04  -3.43463e-04  -5.56739e-04  -7.84404e-04  -1.02585e-03  -1.28041e-03  -1.54735e-03  -1.82589e-03  -2.11515e-03  -2.41421e-03  -2.72212e-03  -3.03793e-03  -3.36081e-03  -3.69027e-03  -4.02642e-03  -4.37049e-03  -4.72559e-03  -5.09777e-03  -5.49743e-03  -5.94098e-03  -6.45303e-03  -7.07108e-03  -7.86396e-03  -8.99782e-03  -1.00481e-02  -1.12822e-01  -1.20390e-01  -1.29289e-01  -1.34800e-01  -1.36808e-01
   1.50000e-03  -1.11741e-01  -1.06172e-01  -4.72616e-03  -4.65996e-03  -4.28303e-03  -4.08201e-03  -3.93543e-03  -3.80624e-03  -3.67962e-03  -3.54721e-03  -3.40430e-03  -3.24901e-03  -3.08149e-03  -2.90319e-03  -2.71620e-03  -2.52291e-03  -2.32563e-03  -2.12654e-03  -1.92758e-03  -1.73043e-03  -1.53654e-03  -1.34712e-03  -1.16322e-03  -9.85725e-04  -8.15374e-04  -6.52813e-04  -4.98594e-04  -3.53198e-04  -2.17045e-04  -9.05091e-05   2.60816e-05   1.32433e-04   2.28284e-04   3.13403e-04   3.87586e-04   4.50658e-04   5.02467e-04   5.42892e-04   5.71836e-04   5.89230e-04   5.95033e-04   5.89230e-04   5.71836e-04   5.42892e-04   5.02467e-04   4.50657e-04   3.87586e-04   3.13403e-04   2.28284e-04   1.32433e-04   2.60811e-05  -9.05095e-05  -2.17046e-04  -3.53198e-04  -4.98594e-04  -6.52814e-04  -8.15375e-04  -9.85726e-04  -1.16322e-03  -1.34712e-03  -1.53654e-03  -1.73043e-03  -1.92758e-03  -2.12654e-03  -2.32563e-03  -2.52291e-03  -2.71620e-03  -2.90319e-03  -3.08149e-03  -3.24901e-03  -3.40430e-03  -3.54721e-03  -3.67962e-03  -3.80624e-03  -3.93543e-03  -4.08201e-03  -4.28301e-03  -4.65992e-03  -4.72612e-03  -1.06172e-01  -1.11741e-01
   7.50000e-04   1.24370e-03   3.66315e-04  -2.90568e-04  -7.52831e-04  -1.07323e-03  -1.29250e-03  -1.43716e-03  -1.52468e-03  -1.56743e-03  -1.57482e-03  -1.55436e-03  -1.51219e-03  -1.45334e-03  -1.38194e-03  -1.30134e-03  -1.21429e-03  -1.12300e-03  -1.02924e-03  -9.34474e-04  -8.39845e-04  -7.46295e-04  -6.54587e-04  -5.65341e-04  -4.79068e-04  -3.96189e-04  -3.17056e-04  -2.41964e-04  -1.71167e-04  -1.04880e-04  -4.32896e-05   1.34417e-05   6.51716e-05   1.11776e-04   1.53146e-04   1.89187e-04   2.19818e-04   2.44973e-04   2.64595e-04   2.78641e-04   2.87081e-04   2.89897e-04   2.87081e-04   2.78641e-04   2.64595e-04   2.44973e-04   2.19818e-04   1.89187e-04   1.53145e-04   1.11776e-04   6.51714e-05   1.34415e-05  -4.32898e-05  -1.04880e-04  -1.71168e-04  -2.41965e-04  -3.17056e-04  -3.96189e-04  -4.79068e-04  -5.65342e-04  -6.54587e-04  -7.46295e-04  -8.39845e-04  -9.34474e-04  -1.02925e-03  -1.12300e-03  -1.21429e-03  -1.30134e-03  -1.38194e-03  -1.45334e-03  -1.51219e-03  -1.55436e-03  -1.57482e-03  -1.56743e-03  -1.52468e-03  -1.43716e-03  -1.29250e-03  -1.07322e-03  -7.52825e-04  -2.90557e-04   3.66336e-04   1.24374e-03
   0.00000e+00   2.65277e-09   1.38276e-09   0.00000e+00   0.00000e+00  -1.02997e-09  -1.45877e-09  -1.74739e-09  -1.93699e-09  -2.04265e-09  -2.08622e-09  -2.08097e-09  -2.03974e-09  -1.97022e-09  -1.88030e-09  -1.77461e-09  -1.65919e-09  -1.53600e-09  -1.40906e-09  -1.28051e-09  -1.15149e-09  -1.02343e-09   0.00000e+00   0.00000e+00   0.00000e+00   0.00000e+00   0.00000e+00   0.00000e+00   0.00000e+00   0.00000e+00   0.00000e+00   0.00000e+00   0.00000e+00   0.00000e+00   0.00000e+00   0.00000e+00   0.00000e+00   0.00000e+00   0.00000e+00   0.00000e+00   0.00000e+00   0.00000e+00   0.00000e+00   0.00000e+00   0.00000e+00   0.00000e+00   0.00000e+00   0.00000e+00   0.00000e+00   0.00000e+00   0.00000e+00   0.00000e+00   0.00000e+00   0.00000e+00   0.00000e+00   0.00000e+00   0.00000e+00   0.00000e+00   0.00000e+00   0.00000e+00   0.00000e+00  -1.01818e-09  -1.14565e-09  -1.27448e-09  -1.40300e-09  -1.52961e-09  -1.65179e-09  -1.76725e-09  -1.87264e-09  -1.96222e-09  -2.03352e-09  -2.07562e-09  -2.08238e-09  -2.04204e-09  -1.93517e-09  -1.74198e-09  -1.41852e-09   0.00000e+00   0.00000e+00   1.25040e-09   3.60195e-09   7.78992e-09
  -7.50000e-04  -1.24372e-03  -3.66329e-04   2.90559e-04   7.52824e-04   1.07322e-03   1.29250e-03   1.43716e-03   1.52468e-03   1.56743e-03   1.57482e-03   1.55436e-03   1.51219e-03   1.45334e-03   1.38193e-03   1.30134e-03   1.21429e-03   1.12299e-03   1.02924e-03   9.34471e-04   8.39842e-04   7.46293e-04   6.54585e-04   5.65340e-04   4.79067e-04   3.96188e-04   3.17055e-04   2.41964e-04   1.71167e-04   1.04880e-04   4.32894e-05  -1.34416e-05  -6.51714e-05  -1.11775e-04  -1.53145e-04  -1.89186e-04  -2.19818e-04  -2.44972e-04  -2.64594e-04  -2.78640e-04  -2.87081e-04  -2.89896e-04  -2.87081e-04  -2.78640e-04  -2.64594e-04  -2.44972e-04  -2.19818e-04  -1.89186e-04  -1.53145e-04  -1.11775e-04  -6.51712e-05  -1.34414e-05   4.32897e-05   1.04880e-04   1.71167e-04   2.41964e-04   3.17055e-04   3.96188e-04   4.79067e-04   5.65340e-04   6.54585e-04   7.46293e-04   8.39843e-04   9.34472e-04   1.02924e-03   1.12299e-03   1.21429e-03   1.30134e-03   1.38193e-03   1.45334e-03   1.51219e-03   1.55436e-03   1.57482e-03   1.56742e-03   1.52468e-03   1.43716e-03   1.29249e-03   1.07322e-03   7.52823e-04   2.90560e-04  -3.66325e-04  -1.24371e-03
  -1.50000e-03   1.11741e-01   1.06173e-01   4.72611e-03   4.65992e-03   4.28301e-03   4.08200e-03   3.93542e-03   3.80623e-03   3.67962e-03   3.54720e-03   3.40429e-03   3.24900e-03   3.08149e-03   2.90318e-03   2.71620e-03   2.52290e-03   2.32562e-03   2.12654e-03   1.92758e-03   1.73043e-03   1.53653e-03   1.34712e-03   1.16322e-03   9.85723e-04   8.15373e-04   6.52812e-04   4.98593e-04   3.53197e-04   2.17045e-04   9.05089e-05  -2.60815e-05  -1.32433e-04  -2.28284e-04  -3.13402e-04  -3.87586e-04  -4.50657e-04  -5.02467e-04  -5.42891e-04  -5.71835e-04  -5.89229e-04  -5.95032e-04  -5.89229e-04  -5.71835e-04  -5.42891e-04  -5.02466e-04  -4.50657e-04  -3.87585e-04  -3.13402e-04  -2.28283e-04  -1.32432e-04  -2.60811e-05   9.05094e-05   2.17046e-04   3.53198e-04   4.98594e-04   6.52813e-04   8.15374e-04   9.85724e-04   1.16322e-03   1.34712e-03   1.53654e-03   1.73043e-03   1.92758e-03   2.12654e-03   2.32562e-03   2.52290e-03   2.71620e-03   2.90318e-03   3.08149e-03   3.24900e-03   3.40429e-03   3.54720e-03   3.67962e-03   3.80623e-03   3.93542e-03   4.08200e-03   4.28301e-03   4.65994e-03   4.72611e-03   1.06173e-01   1.11741e-01
  -2.25000e-03   1.36808e-01   1.34800e-01   1.29289e-01   1.20390e-01   1.12823e-01   1.00481e-02   8.99781e-03   7.86395e-03   7.07107e-03   6.45302e-03   5.94097e-03   5.49742e-03   5.09777e-03   4.72558e-03   4.37048e-03   4.02641e-03   3.69027e-03   3.36081e-03   3.03792e-03   2.72212e-03   2.41421e-03   2.11514e-03   1.82588e-03   1.54735e-03   1.28040e-03   1.02585e-03   7.84402e-04   5.56737e-04   3.43462e-04   1.45136e-04  -3.77268e-05  -2.04656e-04  -3.55219e-04  -4.89028e-04  -6.05730e-04  -7.05018e-04  -7.86625e-04  -8.50330e-04  -8.95960e-04  -9.23389e-04  -9.32540e-04  -9.23389e-04  -8.95960e-04  -8.50330e-04  -7.86624e-04  -7.05017e-04  -6.05729e-04  -4.89027e-04  -3.55219e-04  -2.04655e-04  -3.77261e-05   1.45137e-04   3.43463e-04   5.56738e-04   7.84403e-04   1.02585e-03   1.28041e-03   1.54735e-03   1.82588e-03   2.11515e-03   2.41421e-03   2.72212e-03   3.03792e-03   3.36081e-03   3.69027e-03   4.02641e-03   4.37048e-03   4.72558e-03   5.09777e-03   5.49743e-03   5.94097e-03   6.45302e-03   7.07108e-03   7.86396e-03   8.99783e-03   1.00481e-02   1.12823e-01   1.20391e-01   1.29289e-01   1.34800e-01   1.36808e-01
  -3.00000e-03   3.34260e-02   4.35408e-02   1.46738e-01   1.45702e-01   1.42025e-01   1.35126e-01   1.25078e-01   1.16553e-01   1.31264e-02   1.15670e-02   1.00076e-02   8.85614e-03   7.93297e-03   7.15855e-03   6.48703e-03   5.88733e-03   5.33801e-03   4.82480e-03   4.33866e-03   3.87421e-03   3.42843e-03   2.99990e-03   2.58813e-03   2.19321e-03   1.81558e-03   1.45585e-03   1.11471e-03   7.92920e-04   4.91234e-04   2.10404e-04  -4.88422e-05  -2.85802e-04  -4.99811e-04  -6.90247e-04  -8.56539e-04  -9.98172e-04  -1.11470e-03  -1.20573e-03  -1.27098e-03  -1.31021e-03  -1.32331e-03  -1.31021e-03  -1.27098e-03  -1.20573e-03  -1.11470e-03  -9.98171e-04  -8.56539e-04  -6.90247e-04  -4.99810e-04  -2.85801e-04  -4.88413e-05   2.10405e-04   4.91235e-04   7.92921e-04   1.11471e-03   1.45585e-03   1.81559e-03   2.19322e-03   2.58813e-03   2.99990e-03   3.42843e-03   3.87421e-03   4.33867e-03   4.82480e-03   5.33801e-03   5.88733e-03   6.48704e-03   7.15855e-03   7.93297e-03   8.85615e-03   1.00076e-02   1.15670e-02   1.31264e-02   1.16554e-01   1.25078e-01   1.35126e-01   1.42025e-01   1.45702e-01   1.46738e-01   4.35404e-02   3.34257e-02
  -3.75000e-03   7.67178e-03   1.74346e-02   2.86187e-02   4.11791e-02   5.03296e-02   1.52465e-01   1.50468e-01   1.45946e-01   1.38307e-01   1.27609e-01   1.18512e-01   1.47084e-02   1.28521e-02   1.10314e-02   9.64929e-03   8.52127e-03   7.56390e-03   6.72810e-03   5.98018e-03   5.29664e-03   4.66161e-03   4.06481e-03   3.49993e-03   2.96330e-03   2.45303e-03   1.96837e-03   1.50929e-03   1.07620e-03   6.69808e-04   2.90962e-04  -5.93777e-05  -3.80216e-04  -6.70553e-04  -9.29413e-04  -1.15587e-03  -1.34907e-03  -1.50826e-03  -1.63278e-03  -1.72210e-03  -1.77586e-03  -1.79380e-03  -1.77586e-03  -1.72210e-03  -1.63277e-03  -1.50826e-03  -1.34907e-03  -1.15587e-03  -9.29412e-04  -6.70552e-04  -3.80215e-04  -5.93764e-05   2.90963e-04   6.69809e-04   1.07621e-03   1.50929e-03   1.96838e-03   2.45303e-03   2.96330e-03   3.49993e-03   4.06482e-03   4.66161e-03   5.29664e-03   5.98018e-03   6.72810e-03   7.56391e-03   8.52128e-03   9.64929e-03   1.10314e-02   1.28521e-02   1.47085e-02   1.18512e-01   1.27609e-01   1.38307e-01   1.45946e-01   1.50468e-01   1.52465e-01   5.03291e-02   4.11789e-02   2.86185e-02   1.74346e-02   7.67176e-03
  -4.50000e-03  -6.15267e-03  -6.35597e-04   5.94039e-03   1.37458e-02   2.29225e-02   3.35407e-02   4.55646e-02   5.42143e-02   1.55740e-01   1.53153e-01   1.48097e-01   1.39970e-01   1.28826e-01   1.19317e-01   1.52607e-02   1.32073e-02   1.12067e-02   9.66027e-03   8.38192e-03   7.28668e-03   6.32430e-03   5.46018e-03   4.67019e-03   3.93802e-03   3.25318e-03   2.60932e-03   2.00289e-03   1.43225e-03   8.96995e-04   3.97544e-04  -6.51856e-05  -4.89957e-04  -8.75360e-04  -1.21991e-03  -1.52212e-03  -1.78058e-03  -1.99399e-03  -2.16123e-03  -2.28137e-03  -2.35374e-03  -2.37791e-03  -2.35374e-03  -2.28137e-03  -2.16123e-03  -1.99399e-03  -1.78058e-03  -1.52212e-03  -1.21991e-03  -8.75358e-04  -4.89955e-04  -6.51839e-05   3.97545e-04   8.96997e-04   1.43225e-03   2.00289e-03   2.60932e-03   3.25319e-03   3.93802e-03   4.67019e-03   5.46019e-03   6.32430e-03   7.28668e-03   8.38192e-03   9.66028e-03   1.12067e-02   1.32073e-02   1.52607e-02   1.19317e-01   1.28826e-01   1.39971e-01   1.48097e-01   1.53153e-01   1.55740e-01   5.42139e-02   4.55643e-02   3.35406e-02   2.29225e-02   1.37458e-02   5.94038e-03  -6.35597e-04  -6.15267e-03
  -5.25000e-03  -1.22053e-02  -9.24190e-03  -5.69222e-03  -1.42047e-03   3.73219e-03   9.94166e-03   1.73850e-02   2.62089e-02   3.64871e-02   4.81864e-02   5.65294e-02   1.57634e-01   1.54620e-01   1.49162e-01   1.40657e-01   1.29152e-01   1.19297e-01   1.50435e-02   1.28395e-02   1.06974e-02   9.01830e-03   7.61588e-03   6.40488e-03   5.33495e-03   4.37160e-03   3.49098e-03   2.67727e-03   1.92064e-03   1.21551e-03   5.59269e-04  -4.87152e-05  -6.07756e-04  -1.11634e-03  -1.57247e-03  -1.97391e-03  -2.31835e-03  -2.60361e-03  -2.82773e-03  -2.98906e-03  -3.08636e-03  -3.11888e-03  -3.08636e-03  -2.98906e-03  -2.82773e-03  -2.60361e-03  -2.31835e-03  -1.97390e-03  -1.57247e-03  -1.11634e-03  -6.07754e-04  -4.87130e-05   5.59271e-04   1.21552e-03   1.92064e-03   2.67727e-03   3.49098e-03   4.37160e-03   5.33495e-03   6.40488e-03   7.61589e-03   9.01831e-03   1.06974e-02   1.28395e-02   1.50436e-02   1.19298e-01   1.29152e-01   1.40657e-01   1.49162e-01   1.54620e-01   1.57634e-01   5.65290e-02   4.81862e-02   3.64870e-02   2.62089e-02   1.73849e-02   9.94165e-03   3.73219e-03  -1.42047e-03  -5.69222e-03  -9.24190e-03  -1.22053e-02
  -6.00000e-03  -1.38686e-02  -1.18028e-02  -9.34141e-03  -6.38428e-03  -2.80741e-03   1.53947e-03   6.83281e-03   1.32703e-02   2.10567e-02   3.03719e-02   4.13134e-02   5.38247e-02   6.76608e-02   7.31717e-02   2.62391e-01   2.41997e-01   2.25057e-01   1.85942e-02   1.58280e-02   1.29158e-02   1.07347e-02   8.96395e-03   7.47042e-03   6.17936e-03   5.03896e-03   4.01237e-03   3.07434e-03   2.20856e-03   1.40526e-03   6.59267e-04  -3.14596e-05  -6.66862e-04  -1.24554e-03  -1.76528e-03  -2.22341e-03  -2.61712e-03  -2.94365e-03  -3.20051e-03  -3.38559e-03  -3.49730e-03  -3.53465e-03  -3.49730e-03  -3.38559e-03  -3.20051e-03  -2.94365e-03  -2.61712e-03  -2.22341e-03  -1.76528e-03  -1.24554e-03  -6.66860e-04  -3.14571e-05   6.59269e-04   1.40527e-03   2.20857e-03   3.07434e-03   4.01237e-03   5.03896e-03   6.17936e-03   7.47043e-03   8.96396e-03   1.07347e-02   1.29158e-02   1.58281e-02   1.85942e-02   2.25058e-01   2.41998e-01   2.62391e-01   7.31710e-02   6.76603e-02   5.38245e-02   4.13133e-02   3.03719e-02   2.10567e-02   1.32703e-02   6.83281e-03   1.53948e-03  -2.80740e-03  -6.38428e-03  -9.34141e-03  -1.18028e-02  -1.38686e-02
# Total Longitudinally Integrated Squared Transverse Magnetic Field [T2m]
START
                -1.00000e-02  -9.75000e-03  -9.50000e-03  -9.25000e-03  -9.00000e-03  -8.75000e-03  -8.50000e-03  -8.25000e-03  -8.00000e-03  -7.75000e-03  -7.50000e-03  -7.25000e-03  -7.00000e-03  -6.75000e-03  -6.50000e-03  -6.25000e-03  -6.00000e-03  -5.75000e-03  -5.50000e-03  -5.25000e-03  -5.00000e-03  -4.75000e-03  -4.50000e-03  -4.25000e-03  -4.00000e-03  -3.75000e-03  -3.50000e-03  -3.25000e-03  -3.00000e-03  -2.75000e-03  -2.50000e-03  -2.25000e-03  -2.00000e-03  -1.75000e-03  -1.50000e-03  -1.25000e-03  -1.00000e-03  -7.50000e-04  -5.00000e-04  -2.50000e-04   0.00000e+00   2.50000e-04   5.00000e-04   7.50000e-04   1.00000e-03   1.25000e-03   1.50000e-03   1.75000e-03   2.00000e-03   2.25000e-03   2.50000e-03   2.75000e-03   3.00000e-03   3.25000e-03   3.50000e-03   3.75000e-03   4.00000e-03   4.25000e-03   4.50000e-03   4.75000e-03   5.00000e-03   5.25000e-03   5.50000e-03   5.75000e-03   6.00000e-03   6.25000e-03   6.50000e-03   6.75000e-03   7.00000e-03   7.25000e-03   7.50000e-03   7.75000e-03   8.00000e-03   8.25000e-03   8.50000e-03   8.75000e-03   9.00000e-03   9.25000e-03   9.50000e-03   9.75000e-03   1.00000e-02
   6.00000e-03   6.95079e+00   6.87871e+00   6.80421e+00   6.72750e+00   6.64880e+00   6.56831e+00   6.48619e+00   6.40262e+00   6.31773e+00   6.23165e+00   6.14450e+00   6.05638e+00   5.96741e+00   5.87772e+00   5.78749e+00   5.69712e+00   5.60798e+00   5.23691e+00   4.88893e+00   4.58663e+00   4.31418e+00   4.06484e+00   3.83487e+00   3.62191e+00   3.42436e+00   3.24108e+00   3.07123e+00   2.91420e+00   2.76953e+00   2.63688e+00   2.51602e+00   2.40678e+00   2.30905e+00   2.22279e+00   2.14796e+00   2.08458e+00   2.03267e+00   1.99225e+00   1.96335e+00   1.94600e+00   1.94021e+00   1.94600e+00   1.96335e+00   1.99225e+00   2.03267e+00   2.08458e+00   2.14796e+00   2.22279e+00   2.30905e+00   2.40678e+00   2.51602e+00   2.63688e+00   2.76953e+00   2.91420e+00   3.07123e+00   3.24108e+00   3.42436e+00   3.62191e+00   3.83487e+00   4.06484e+00   4.31418e+00   4.58663e+00   4.88893e+00   5.23692e+00   5.60798e+00   5.69712e+00   5.78749e+00   5.87772e+00   5.96741e+00   6.05638e+00   6.14450e+00   6.23165e+00   6.31773e+00   6.40262e+00   6.48620e+00   6.56831e+00   6.64880e+00   6.72750e+00   6.80421e+00   6.87871e+00   6.95079e+00
   5.25000e-03   7.36252e+00   7.27185e+00   7.17904e+00   7.08447e+00   6.98849e+00   6.89141e+00   6.79351e+00   6.69504e+00   6.59621e+00   6.49722e+00   6.39826e+00   6.29958e+00   6.20159e+00   6.10571e+00   5.72222e+00   5.36085e+00   5.04592e+00   4.76149e+00   4.50068e+00   4.25964e+00   4.03587e+00   3.82765e+00   3.63369e+00   3.45300e+00   3.28483e+00   3.12855e+00   2.98369e+00   2.84983e+00   2.72666e+00   2.61392e+00   2.51140e+00   2.41895e+00   2.33644e+00   2.26377e+00   2.20089e+00   2.14773e+00   2.10427e+00   2.07048e+00   2.04635e+00   2.03188e+00   2.02705e+00   2.03188e+00   2.04635e+00   2.07048e+00   2.10427e+00   2.14773e+00   2.20089e+00   2.26377e+00   2.33644e+00   2.41895e+00   2.51140e+00   2.61392e+00   2.72666e+00   2.84983e+00   2.98369e+00   3.12856e+00   3.28483e+00   3.45300e+00   3.63369e+00   3.82765e+00   4.03588e+00   4.25964e+00   4.50068e+00   4.76149e+00   5.04592e+00   5.36085e+00   5.72222e+00   6.10572e+00   6.20159e+00   6.29958e+00   6.39826e+00   6.49722e+00   6.59621e+00   6.69504e+00   6.79351e+00   6.89141e+00   6.98849e+00   7.08447e+00   7.17904e+00   7.27185e+00   7.36252e+00
   4.50000e-03   7.82526e+00   7.70978e+00   7.59272e+00   7.47470e+00   7.35625e+00   7.23784e+00   7.11987e+00   7.00270e+00   6.88668e+00   6.77233e+00   6.66117e+00   6.25736e+00   5.87533e+00   5.54104e+00   5.23841e+00   4.96047e+00   4.70322e+00   4.46408e+00   4.24118e+00   4.03311e+00   3.83878e+00   3.65728e+00   3.48788e+00   3.32996e+00   3.18298e+00   3.04650e+00   2.92013e+00   2.80356e+00   2.69648e+00   2.59867e+00   2.50991e+00   2.43003e+00   2.35889e+00   2.29637e+00   2.24235e+00   2.19677e+00   2.15956e+00   2.13067e+00   2.11006e+00   2.09770e+00   2.09358e+00   2.09770e+00   2.11006e+00   2.13067e+00   2.15956e+00   2.19678e+00   2.24235e+00   2.29637e+00   2.35889e+00   2.43003e+00   2.50991e+00   2.59867e+00   2.69648e+00   2.80356e+00   2.92013e+00   3.04650e+00   3.18298e+00   3.32996e+00   3.48788e+00   3.65728e+00   3.83878e+00   4.03311e+00   4.24118e+00   4.46408e+00   4.70322e+00   4.96047e+00   5.23841e+00   5.54104e+00   5.87533e+00   6.25737e+00   6.66117e+00   6.77233e+00   6.88668e+00   7.00270e+00   7.11987e+00   7.23784e+00   7.35625e+00   7.47470e+00   7.59272e+00   7.70978e+00   7.82526e+00
   3.75000e-03   8.34982e+00   8.20012e+00   8.05015e+00   7.90084e+00   7.75296e+00   7.60721e+00   7.46434e+00   7.32608e+00   6.89062e+00   6.47736e+00   6.11391e+00   5.78406e+00   5.48069e+00   5.19967e+00   4.93826e+00   4.69446e+00   4.46672e+00   4.25379e+00   4.05464e+00   3.86840e+00   3.69430e+00   3.53171e+00   3.38003e+00   3.23877e+00   3.10747e+00   2.98575e+00   2.87325e+00   2.76965e+00   2.67468e+00   2.58809e+00   2.50968e+00   2.43925e+00   2.37663e+00   2.32169e+00   2.27430e+00   2.23437e+00   2.20180e+00   2.17654e+00   2.15854e+00   2.14775e+00   2.14415e+00   2.14775e+00   2.15854e+00   2.17654e+00   2.20180e+00   2.23437e+00   2.27430e+00   2.32169e+00   2.37663e+00   2.43925e+00   2.50968e+00   2.58810e+00   2.67468e+00   2.76965e+00   2.87325e+00   2.98575e+00   3.10747e+00   3.23877e+00   3.38003e+00   3.53171e+00   3.69431e+00   3.86840e+00   4.05464e+00   4.25379e+00   4.46672e+00   4.69446e+00   4.93826e+00   5.19967e+00   5.48069e+00   5.78406e+00   6.11391e+00   6.47736e+00   6.89062e+00   7.32608e+00   7.46434e+00   7.60721e+00   7.75296e+00   7.90084e+00   8.05015e+00   8.20012e+00   8.34982e+00
   3.00000e-03   8.94784e+00   8.74973e+00   8.55453e+00   8.36375e+00   8.17964e+00   7.69427e+00   7.23282e+00   6.82467e+00   6.45341e+00   6.11169e+00   5.79517e+00   5.50088e+00   5.22657e+00   4.97049e+00   4.73118e+00   4.50739e+00   4.29807e+00   4.10228e+00   3.91921e+00   3.74812e+00   3.58837e+00   3.43936e+00   3.30057e+00   3.17153e+00   3.05181e+00   2.94101e+00   2.83880e+00   2.74486e+00   2.65889e+00   2.58066e+00   2.50994e+00   2.44651e+00   2.39022e+00   2.34089e+00   2.29840e+00   2.26264e+00   2.23350e+00   2.21092e+00   2.19483e+00   2.18520e+00   2.18199e+00   2.18520e+00   2.19483e+00   2.21092e+00   2.23350e+00   2.26264e+00   2.29840e+00   2.34089e+00   2.39022e+00   2.44651e+00   2.50994e+00   2.58066e+00   2.65889e+00   2.74486e+00   2.83880e+00   2.94102e+00   3.05181e+00   3.17153e+00   3.30057e+00   3.43936e+00   3.58837e+00   3.74812e+00   3.91921e+00   4.10228e+00   4.29807e+00   4.50739e+00   4.73118e+00   4.97049e+00   5.22657e+00   5.50088e+00   5.79517e+00   6.11169e+00   6.45341e+00   6.82467e+00   7.23282e+00   7.69428e+00   8.17964e+00   8.36375e+00   8.55453e+00   8.74973e+00   8.94784e+00
   2.25000e-03   9.62659e+00   9.36130e+00   8.79179e+00   8.25084e+00   7.76992e+00   7.33220e+00   6.92988e+00   6.55809e+00   6.21335e+00   5.89293e+00   5.59462e+00   5.31654e+00   5.05708e+00   4.81484e+00   4.58857e+00   4.37720e+00   4.17973e+00   3.99529e+00   3.82310e+00   3.66246e+00   3.51271e+00   3.37329e+00   3.24366e+00   3.12335e+00   3.01192e+00   2.90899e+00   2.81419e+00   2.72720e+00   2.64774e+00   2.57553e+00   2.51035e+00   2.45197e+00   2.40022e+00   2.35494e+00   2.31597e+00   2.28319e+00   2.25652e+00   2.23585e+00   2.22114e+00   2.21233e+00   2.20939e+00   2.21233e+00   2.22114e+00   2.23585e+00   2.25652e+00   2.28319e+00   2.31597e+00   2.35494e+00   2.40022e+00   2.45197e+00   2.51035e+00   2.57553e+00   2.64774e+00   2.72720e+00   2.81419e+00   2.90899e+00   3.01192e+00   3.12335e+00   3.24366e+00   3.37329e+00   3.51271e+00   3.66246e+00   3.82310e+00   3.99529e+00   4.17973e+00   4.37720e+00   4.58858e+00   4.81484e+00   5.05708e+00   5.31654e+00   5.59462e+00   5.89293e+00   6.21335e+00   6.55809e+00   6.92988e+00   7.33221e+00   7.76992e+00   8.25084e+00   8.79179e+00   9.36130e+00   9.62659e+00
   1.50000e-03   9.74521e+00   9.12953e+00   8.57260e+00   8.06488e+00   7.59976e+00   7.17212e+00   6.77780e+00   6.41334e+00   6.07579e+00   5.76262e+00   5.47168e+00   5.20106e+00   4.94912e+00   4.71441e+00   4.49565e+00   4.29169e+00   4.10153e+00   3.92426e+00   3.75907e+00   3.60523e+00   3.46207e+00   3.32900e+00   3.20547e+00   3.09101e+00   2.98515e+00   2.88751e+00   2.79771e+00   2.71541e+00   2.64033e+00   2.57219e+00   2.51074e+00   2.45577e+00   2.40709e+00   2.36452e+00   2.32792e+00   2.29716e+00   2.27214e+00   2.25277e+00   2.23897e+00   2.23072e+00   2.22797e+00   2.23072e+00   2.23897e+00   2.25277e+00   2.27214e+00   2.29716e+00   2.32792e+00   2.36452e+00   2.40709e+00   2.45577e+00   2.51074e+00   2.57219e+00   2.64033e+00   2.71541e+00   2.79771e+00   2.88751e+00   2.98515e+00   3.09101e+00   3.20547e+00   3.32900e+00   3.46207e+00   3.60523e+00   3.75907e+00   3.92426e+00   4.10153e+00   4.29169e+00   4.49565e+00   4.71441e+00   4.94912e+00   5.20106e+00   5.47168e+00   5.76262e+00   6.07579e+00   6.41334e+00   6.77781e+00   7.17212e+00   7.59976e+00   8.06488e+00   8.57260e+00   9.12953e+00   9.74521e+00
   7.50000e-04   9.76884e+00   9.12161e+00   8.54123e+00   8.01721e+00   7.54134e+00   7.10711e+00   6.70923e+00   6.34343e+00   6.00616e+00   5.69444e+00   5.40580e+00   5.13808e+00   4.88946e+00   4.65835e+00   4.44338e+00   4.24331e+00   4.05709e+00   3.88375e+00   3.72245e+00   3.57243e+00   3.43300e+00   3.30355e+00   3.18352e+00   3.07241e+00   2.96976e+00   2.87516e+00   2.78824e+00   2.70866e+00   2.63611e+00   2.57031e+00   2.51102e+00   2.45802e+00   2.41111e+00   2.37011e+00   2.33488e+00   2.30528e+00   2.28121e+00   2.26257e+00   2.24931e+00   2.24138e+00   2.23873e+00   2.24138e+00   2.24931e+00   2.26257e+00   2.28121e+00   2.30528e+00   2.33488e+00   2.37011e+00   2.41111e+00   2.45802e+00   2.51102e+00   2.57031e+00   2.63611e+00   2.70866e+00   2.78824e+00   2.87516e+00   2.96976e+00   3.07241e+00   3.18352e+00   3.30355e+00   3.43300e+00   3.57243e+00   3.72245e+00   3.88375e+00   4.05709e+00   4.24331e+00   4.44338e+00   4.65835e+00   4.88946e+00   5.13808e+00   5.40580e+00   5.69445e+00   6.00616e+00   6.34343e+00   6.70923e+00   7.10711e+00   7.54135e+00   8.01721e+00   8.54123e+00   9.12162e+00   9.76884e+00
   0.00000e+00   9.82037e+00   9.14580e+00   8.54802e+00   8.01282e+00   7.52978e+00   7.09102e+00   6.69042e+00   6.32312e+00   5.98520e+00   5.67345e+00   5.38519e+00   5.11816e+00   4.87044e+00   4.64037e+00   4.42654e+00   4.22767e+00   4.04268e+00   3.87060e+00   3.71054e+00   3.56175e+00   3.42353e+00   3.29525e+00   3.17636e+00   3.06634e+00   2.96474e+00   2.87114e+00   2.78516e+00   2.70646e+00   2.63474e+00   2.56971e+00   2.51113e+00   2.45877e+00   2.41243e+00   2.37195e+00   2.33716e+00   2.30794e+00   2.28418e+00   2.26579e+00   2.25270e+00   2.24487e+00   2.24226e+00   2.24487e+00   2.25270e+00   2.26579e+00   2.28418e+00   2.30794e+00   2.33716e+00   2.37195e+00   2.41243e+00   2.45877e+00   2.51113e+00   2.56971e+00   2.63474e+00   2.70646e+00   2.78516e+00   2.87114e+00   2.96474e+00   3.06634e+00   3.17636e+00   3.29525e+00   3.42353e+00   3.56175e+00   3.71054e+00   3.87060e+00   4.04269e+00   4.22767e+00   4.42654e+00   4.64037e+00   4.87044e+00   5.11816e+00   5.38519e+00   5.67345e+00   5.98520e+00   6.32312e+00   6.69042e+00   7.09102e+00   7.52978e+00   8.01282e+00   8.54802e+00   9.14580e+00   9.82037e+00
  -7.50000e-04   9.76884e+00   9.12161e+00   8.54123e+00   8.01721e+00   7.54134e+00   7.10711e+00   6.70923e+00   6.34343e+00   6.00616e+00   5.69444e+00   5.40580e+00   5.13808e+00   4.88946e+00   4.65835e+00   4.44338e+00   4.24331e+00   4.05709e+00   3.88375e+00   3.72245e+00   3.57243e+00   3.43300e+00   3.30355e+00   3.18352e+00   3.07241e+00   2.96976e+00   2.87516e+00   2.78824e+00   2.70866e+00   2.63611e+00   2.57031e+00   2.51102e+00   2.45802e+00   2.41111e+00   2.37011e+00   2.33488e+00   2.30528e+00   2.28121e+00   2.26257e+00   2.24931e+00   2.24138e+00   2.23873e+00   2.24138e+00   2.24931e+00   2.26257e+00   2.28121e+00   2.30528e+00   2.33488e+00   2.37011e+00   2.41111e+00   2.45802e+00   2.51102e+00   2.57031e+00   2.63611e+00   2.70866e+00   2.78824e+00   2.87516e+00   2.96976e+00   3.07241e+00   3.18352e+00   3.30355e+00   3.43300e+00   3.57243e+00   3.72245e+00   3.88375e+00   4.05709e+00   4.24331e+00   4.44338e+00   4.65835e+00   4.88946e+00   5.13808e+00   5.40580e+00   5.69445e+00   6.00616e+00   6.34343e+00   6.70923e+00   7.10711e+00   7.54135e+00   8.01721e+00   8.54123e+00   9.12162e+00   9.76884e+00
  -1.50000e-03   9.74521e+00   9.12953e+00   8.57260e+00   8.06488e+00   7.59976e+00   7.17212e+00   6.77780e+00   6.41334e+00   6.07579e+00   5.76262e+00   5.47168e+00   5.20106e+00   4.94912e+00   4.71441e+00   4.49565e+00   4.29169e+00   4.10153e+00   3.92426e+00   3.75907e+00   3.60523e+00   3.46207e+00   3.32900e+00   3.20547e+00   3.09101e+00   2.98515e+00   2.88751e+00   2.79771e+00   2.71541e+00   2.64033e+00   2.57219e+00   2.51074e+00   2.45577e+00   2.40709e+00   2.36452e+00   2.32792e+00   2.29716e+00   2.27214e+00   2.25277e+00   2.23897e+00   2.23072e+00   2.22797e+00   2.23072e+00   2.23897e+00   2.25277e+00   2.27214e+00   2.29716e+00   2.32792e+00   2.36452e+00   2.40709e+00   2.45577e+00   2.51074e+00   2.57219e+00   2.64033e+00   2.71541e+00   2.79771e+00   2.88751e+00   2.98515e+00   3.09101e+00   3.20547e+00   3.32900e+00   3.46207e+00   3.60523e+00   3.75907e+00   3.92426e+00   4.10153e+00   4.29169e+00   4.49565e+00   4.71441e+00   4.94912e+00   5.20106e+00   5.47168e+00   5.76262e+00   6.07579e+00   6.41334e+00   6.77781e+00   7.17212e+00   7.59976e+00   8.06488e+00   8.57260e+00   9.12953e+00   9.74521e+00
  -2.25000e-03   9.62660e+00   9.36130e+00   8.79179e+00   8.25084e+00   7.76992e+00   7.33220e+00   6.92988e+00   6.55809e+00   6.21335e+00   5.89293e+00   5.59462e+00   5.31654e+00   5.05708e+00   4.81484e+00   4.58857e+00   4.37720e+00   4.17973e+00   3.99529e+00   3.82310e+00   3.66246e+00   3.51271e+00   3.37329e+00   3.24366e+00   3.12335e+00   3.01192e+00   2.90899e+00   2.81419e+00   2.72720e+00   2.64774e+00   2.57553e+00   2.51035e+00   2.45197e+00   2.40022e+00   2.35494e+00   2.31597e+00   2.28319e+00   2.25652e+00   2.23585e+00   2.22114e+00   2.21233e+00   2.20939e+00   2.21233e+00   2.22114e+00   2.23585e+00   2.25652e+00   2.28320e+00   2.31597e+00   2.35494e+00   2.40022e+00   2.45197e+00   2.51035e+00   2.57553e+00   2.64774e+00   2.72720e+00   2.81419e+00   2.90899e+00   3.01192e+00   3.12335e+00   3.24366e+00   3.37329e+00   3.51271e+00   3.66246e+00   3.82310e+00   3.99529e+00   4.17973e+00   4.37720e+00   4.58858e+00   4.81484e+00   5.05708e+00   5.31654e+00   5.59462e+00   5.89293e+00   6.21335e+00   6.55809e+00   6.92988e+00   7.33220e+00   7.76992e+00   8.25084e+00   8.79179e+00   9.36130e+00   9.62660e+00
  -3.00000e-03   8.94784e+00   8.74973e+00   8.55453e+00   8.36375e+00   8.17964e+00   7.69427e+00   7.23282e+00   6.82467e+00   6.45341e+00   6.11169e+00   5.79517e+00   5.50088e+00   5.22657e+00   4.97049e+00   4.73117e+00   4.50739e+00   4.29807e+00   4.10228e+00   3.91921e+00   3.74812e+00   3.58837e+00   3.43936e+00   3.30057e+00   3.17153e+00   3.05181e+00   2.94101e+00   2.83880e+00   2.74486e+00   2.65889e+00   2.58066e+00   2.50994e+00   2.44651e+00   2.39022e+00   2.34089e+00   2.29840e+00   2.26264e+00   2.23350e+00   2.21092e+00   2.19483e+00   2.18520e+00   2.18199e+00   2.18520e+00   2.19483e+00   2.21092e+00   2.23350e+00   2.26264e+00   2.29840e+00   2.34089e+00   2.39022e+00   2.44651e+00   2.50994e+00   2.58066e+00   2.65889e+00   2.74486e+00   2.83880e+00   2.94102e+00   3.05181e+00   3.17153e+00   3.30057e+00   3.43936e+00   3.58837e+00   3.74812e+00   3.91921e+00   4.10228e+00   4.29807e+00   4.50739e+00   4.73118e+00   4.97049e+00   5.22657e+00   5.50088e+00   5.79517e+00   6.11169e+00   6.45341e+00   6.82467e+00   7.23282e+00   7.69427e+00   8.17964e+00   8.36375e+00   8.55453e+00   8.74973e+00   8.94784e+00
  -3.75000e-03   8.34982e+00   8.20012e+00   8.05016e+00   7.90084e+00   7.75297e+00   7.60721e+00   7.46434e+00   7.32608e+00   6.89062e+00   6.47735e+00   6.11391e+00   5.78406e+00   5.48068e+00   5.19967e+00   4.93826e+00   4.69446e+00   4.46672e+00   4.25379e+00   4.05464e+00   3.86840e+00   3.69430e+00   3.53171e+00   3.38003e+00   3.23877e+00   3.10747e+00   2.98575e+00   2.87325e+00   2.76965e+00   2.67468e+00   2.58809e+00   2.50968e+00   2.43925e+00   2.37663e+00   2.32169e+00   2.27430e+00   2.23437e+00   2.20180e+00   2.17654e+00   2.15854e+00   2.14775e+00   2.14415e+00   2.14775e+00   2.15854e+00   2.17654e+00   2.20180e+00   2.23437e+00   2.27430e+00   2.32169e+00   2.37663e+00   2.43925e+00   2.50968e+00   2.58810e+00   2.67468e+00   2.76965e+00   2.87325e+00   2.98575e+00   3.10747e+00   3.23877e+00   3.38003e+00   3.53171e+00   3.69431e+00   3.86840e+00   4.05464e+00   4.25379e+00   4.46672e+00   4.69446e+00   4.93826e+00   5.19967e+00   5.48069e+00   5.78406e+00   6.11391e+00   6.47736e+00   6.89062e+00   7.32608e+00   7.46434e+00   7.60721e+00   7.75297e+00   7.90084e+00   8.05016e+00   8.20013e+00   8.34983e+00
  -4.50000e-03   7.82527e+00   7.70978e+00   7.59272e+00   7.47470e+00   7.35625e+00   7.23784e+00   7.11987e+00   7.00270e+00   6.88668e+00   6.77233e+00   6.66117e+00   6.25736e+00   5.87533e+00   5.54104e+00   5.23841e+00   4.96046e+00   4.70322e+00   4.46408e+00   4.24118e+00   4.03311e+00   3.83878e+00   3.65728e+00   3.48788e+00   3.32996e+00   3.18298e+00   3.04650e+00   2.92013e+00   2.80356e+00   2.69648e+00   2.59867e+00   2.50991e+00   2.43003e+00   2.35889e+00   2.29637e+00   2.24235e+00   2.19677e+00   2.15956e+00   2.13067e+00   2.11006e+00   2.09770e+00   2.09358e+00   2.09770e+00   2.11006e+00   2.13067e+00   2.15956e+00   2.19678e+00   2.24235e+00   2.29637e+00   2.35889e+00   2.43003e+00   2.50991e+00   2.59867e+00   2.69648e+00   2.80356e+00   2.92013e+00   3.04650e+00   3.18298e+00   3.32996e+00   3.48788e+00   3.65728e+00   3.83878e+00   4.03311e+00   4.24118e+00   4.46408e+00   4.70322e+00   4.96047e+00   5.23841e+00   5.54104e+00   5.87533e+00   6.25736e+00   6.66117e+00   6.77233e+00   6.88668e+00   7.00270e+00   7.11987e+00   7.23784e+00   7.35625e+00   7.47470e+00   7.59272e+00   7.70978e+00   7.82527e+00
  -5.25000e-03   7.36252e+00   7.27185e+00   7.17904e+00   7.08447e+00   6.98849e+00   6.89141e+00   6.79351e+00   6.69504e+00   6.59621e+00   6.49722e+00   6.39826e+00   6.29958e+00   6.20159e+00   6.10572e+00   5.72222e+00   5.36084e+00   5.04592e+00   4.76149e+00   4.50068e+00   4.25964e+00   4.03587e+00   3.82765e+00   3.63369e+00   3.45300e+00   3.28483e+00   3.12855e+00   2.98369e+00   2.84983e+00   2.72666e+00   2.61392e+00   2.51140e+00   2.41895e+00   2.33644e+00   2.26377e+00   2.20089e+00   2.14773e+00   2.10427e+00   2.07048e+00   2.04635e+00   2.03188e+00   2.02705e+00   2.03188e+00   2.04635e+00   2.07048e+00   2.10427e+00   2.14773e+00   2.20089e+00   2.26377e+00   2.33644e+00   2.41895e+00   2.51140e+00   2.61392e+00   2.72666e+00   2.84983e+00   2.98369e+00   3.12855e+00   3.28483e+00   3.45300e+00   3.63369e+00   3.82765e+00   4.03587e+00   4.25964e+00   4.50068e+00   4.76149e+00   5.04592e+00   5.36085e+00   5.72222e+00   6.10572e+00   6.20159e+00   6.29958e+00   6.39826e+00   6.49722e+00   6.59621e+00   6.69504e+00   6.79351e+00   6.89141e+00   6.98849e+00   7.08447e+00   7.17904e+00   7.27185e+00   7.36252e+00
  -6.00000e-03   6.95079e+00   6.87872e+00   6.80421e+00   6.72750e+00   6.64880e+00   6.56831e+00   6.48620e+00   6.40262e+00   6.31773e+00   6.23166e+00   6.14450e+00   6.05638e+00   5.96741e+00   5.87772e+00   5.78749e+00   5.69712e+00   5.60798e+00   5.23691e+00   4.88892e+00   4.58663e+00   4.31418e+00   4.06484e+00   3.83487e+00   3.62191e+00   3.42436e+00   3.24108e+00   3.07123e+00   2.91420e+00   2.76953e+00   2.63688e+00   2.51602e+00   2.40678e+00   2.30905e+00   2.22279e+00   2.14796e+00   2.08458e+00   2.03267e+00   1.99225e+00   1.96335e+00   1.94600e+00   1.94021e+00   1.94600e+00   1.96335e+00   1.99225e+00   2.03267e+00   2.08458e+00   2.14796e+00   2.22279e+00   2.30905e+00   2.40678e+00   2.51602e+00   2.63688e+00   2.76953e+00   2.91420e+00   3.07123e+00   3.24108e+00   3.42436e+00   3.62191e+00   3.83487e+00   4.06484e+00   4.31418e+00   4.58663e+00   4.88893e+00   5.23691e+00   5.60798e+00   5.69712e+00   5.78749e+00   5.87772e+00   5.96741e+00   6.05638e+00   6.14450e+00   6.23166e+00   6.31774e+00   6.40262e+00   6.48620e+00   6.56831e+00   6.64880e+00   6.72750e+00   6.80421e+00   6.87872e+00   6.95079e+00
