# Author : Radia User
# 
# Total Length of Longitudinal Interval [m]
3.6
# Number of Horizontal Points
81
# Number of Vertical Points
17
# Total Horizontal 2nd Order Kick [T2m2]
START
                -1.00000e-02  -9.75000e-03  -9.50000e-03  -9.25000e-03  -9.00000e-03  -8.75000e-03  -8.50000e-03  -8.25000e-03  -8.00000e-03  -7.75000e-03  -7.50000e-03  -7.25000e-03  -7.00000e-03  -6.75000e-03  -6.50000e-03  -6.25000e-03  -6.00000e-03  -5.75000e-03  -5.50000e-03  -5.25000e-03  -5.00000e-03  -4.75000e-03  -4.50000e-03  -4.25000e-03  -4.00000e-03  -3.75000e-03  -3.50000e-03  -3.25000e-03  -3.00000e-03  -2.75000e-03  -2.50000e-03  -2.25000e-03  -2.00000e-03  -1.75000e-03  -1.50000e-03  -1.25000e-03  -1.00000e-03  -7.50000e-04  -5.00000e-04  -2.50000e-04   0.00000e+00   2.50000e-04   5.00000e-04   7.50000e-04   1.00000e-03   1.25000e-03   1.50000e-03   1.75000e-03   2.00000e-03   2.25000e-03   2.50000e-03   2.75000e-03   3.00000e-03   3.25000e-03   3.50000e-03   3.75000e-03   4.00000e-03   4.25000e-03   4.50000e-03   4.75000e-03   5.00000e-03   5.25000e-03   5.50000e-03   5.75000e-03   6.00000e-03   6.25000e-03   6.50000e-03   6.75000e-03   7.00000e-03   7.25000e-03   7.50000e-03   7.75000e-03   8.00000e-03   8.25000e-03   8.50000e-03   8.75000e-03   9.00000e-03   9.25000e-03   9.50000e-03   9.75000e-03   1.00000e-02
   6.00000e-03  -6.54761e-03  -6.70013e-03  -6.95391e-03  -7.09407e-03  -7.09671e-03  -6.93443e-03  -6.57644e-03  -5.98955e-03  -5.14111e-03  -4.00553e-03  -2.57933e-03  -9.20037e-04   7.20775e-04   1.30255e-03  -4.25019e-03  -5.38743e-02   5.61638e-01   6.32426e-01   3.06701e-02   1.54044e-02   1.18814e-02   1.02514e-02   9.20878e-03   8.38065e-03   7.64904e-03   6.97428e-03   6.34156e-03   5.74418e-03   5.17822e-03   4.64087e-03   4.12981e-03   3.64295e-03   3.17830e-03   2.73388e-03   2.30764e-03   1.89741e-03   1.50086e-03   1.11552e-03   7.38725e-04   3.67701e-04  -4.51050e-07  -3.68687e-04  -7.39982e-04  -1.11729e-03  -1.50351e-03  -1.90150e-03  -2.31407e-03  -2.74409e-03  -3.19462e-03  -3.66913e-03  -4.17190e-03  -4.70861e-03  -5.28713e-03  -5.91885e-03  -6.62030e-03  -7.41547e-03  -8.33839e-03  -9.43609e-03  -1.07722e-02  -1.24377e-02  -1.46017e-02  -1.76976e-02  -2.03008e-02  -3.27861e-01  -3.52515e-01  -7.66907e-02  -7.57545e-02  -6.17131e-02  -4.89074e-02  -3.76878e-02  -2.82027e-02  -2.04047e-02  -1.41301e-02  -9.17129e-03  -5.31800e-03  -2.37725e-03  -1.80653e-04   1.41421e-03   2.52558e-03   3.25045e-03   3.52716e-03
   5.25000e-03  -5.45415e-03  -5.51648e-03  -5.54581e-03  -5.36722e-03  -4.94564e-03  -4.24718e-03  -3.24561e-03  -1.93729e-03  -3.80002e-04   1.17413e-03   1.68378e-03  -3.92731e-03  -5.35954e-02   5.61469e-01   6.31729e-01   2.99022e-02   1.46926e-02   1.12325e-02   9.67110e-03   8.70155e-03   7.94969e-03   7.29640e-03   6.70106e-03   6.14803e-03   5.62991e-03   5.14224e-03   4.68179e-03   4.24597e-03   3.83258e-03   3.43970e-03   3.06557e-03   2.70857e-03   2.36710e-03   2.03960e-03   1.72451e-03   1.42019e-03   1.12499e-03   8.37167e-04   5.54938e-04   2.76463e-04  -1.35045e-07  -2.76754e-04  -5.55298e-04  -8.37658e-04  -1.12570e-03  -1.42126e-03  -1.72615e-03  -2.04215e-03  -2.37111e-03  -2.71492e-03  -3.07570e-03  -3.45591e-03  -3.85863e-03  -4.28789e-03  -4.74929e-03  -5.25084e-03  -5.80415e-03  -6.42619e-03  -7.14145e-03  -7.98465e-03  -9.00360e-03  -1.02628e-02  -1.18542e-02  -1.39480e-02  -1.69783e-02  -1.95205e-02  -3.27145e-01  -3.52325e-01  -7.69533e-02  -7.60668e-02  -6.20870e-02  -4.93553e-02  -3.82236e-02  -2.88413e-02  -2.11618e-02  -1.50216e-02  -1.02132e-02  -6.52556e-03  -3.76455e-03  -1.75993e-03  -9.27034e-04
   4.50000e-03  -3.58455e-03  -3.45301e-03  -3.03240e-03  -2.28534e-03  -1.20621e-03   1.48001e-04   1.52502e-03   1.88273e-03  -3.85633e-03  -5.36283e-02   5.60877e-01   6.30494e-01   2.85552e-02   1.33871e-02   9.98020e-03   8.48184e-03   7.58302e-03   6.90767e-03   6.33505e-03   5.82318e-03   5.35531e-03   4.92311e-03   4.52138e-03   4.14630e-03   3.79484e-03   3.46450e-03   3.15316e-03   2.85899e-03   2.58041e-03   2.31600e-03   2.06444e-03   1.82451e-03   1.59506e-03   1.37495e-03   1.16305e-03   9.58238e-04   7.59373e-04   5.65297e-04   3.74835e-04   1.86790e-04  -4.40988e-08  -1.86884e-04  -3.74948e-04  -5.65446e-04  -7.59580e-04  -9.58538e-04  -1.16350e-03  -1.37562e-03  -1.59610e-03  -1.82612e-03  -2.06695e-03  -2.31996e-03  -2.58671e-03  -2.86904e-03  -3.16927e-03  -3.49041e-03  -3.83658e-03  -4.21355e-03  -4.62964e-03  -5.09689e-03  -5.63284e-03  -6.26271e-03  -7.02212e-03  -7.95992e-03  -9.14192e-03  -1.06615e-02  -1.26905e-02  -1.56645e-02  -1.81595e-02  -3.25889e-01  -3.51710e-01  -7.69039e-02  -7.61263e-02  -6.22777e-02  -4.96999e-02  -3.87467e-02  -2.95685e-02  -2.21191e-02  -1.62343e-02  -1.17045e-02  -9.75097e-03
   3.75000e-03  -3.05672e-04   1.08264e-04   1.07079e-03   2.10236e-03   2.16125e-03  -3.83141e-03  -5.38131e-02   5.59961e-01   6.28752e-01   2.66285e-02   1.14806e-02   8.11575e-03   6.67685e-03   5.85078e-03   5.25799e-03   4.77492e-03   4.35728e-03   3.98648e-03   3.65273e-03   3.34967e-03   3.07259e-03   2.81778e-03   2.58225e-03   2.36353e-03   2.15959e-03   1.96876e-03   1.78959e-03   1.62089e-03   1.46160e-03   1.31078e-03   1.16761e-03   1.03131e-03   9.01174e-04   7.76497e-04   6.56605e-04   5.40829e-04   4.28498e-04   3.18935e-04   2.11456e-04   1.05371e-04  -1.55515e-08  -1.05404e-04  -2.11494e-04  -3.18983e-04  -4.28564e-04  -5.40921e-04  -6.56737e-04  -7.76689e-04  -9.01460e-04  -1.03174e-03  -1.16827e-03  -1.31179e-03  -1.46317e-03  -1.62337e-03  -1.79351e-03  -1.97499e-03  -2.16956e-03  -2.37952e-03  -2.60800e-03  -2.85930e-03  -3.13955e-03  -3.45754e-03  -3.82598e-03  -4.26328e-03  -4.79579e-03  -5.46056e-03  -6.30824e-03  -7.40678e-03  -8.85222e-03  -1.08194e-02  -1.37470e-02  -1.62137e-02  -3.24119e-01  -3.50770e-01  -7.67027e-02  -7.61400e-02  -6.25487e-02  -5.02726e-02  -3.96672e-02  -3.08830e-02  -2.69503e-02
   3.00000e-03   3.79282e-03   3.08040e-03  -3.44258e-03  -5.38660e-02   5.58897e-01   6.26548e-01   2.40696e-02   8.89651e-03   5.55305e-03   4.16939e-03   3.42327e-03   2.92795e-03   2.55427e-03   2.25363e-03   2.00410e-03   1.79334e-03   1.61310e-03   1.45724e-03   1.32103e-03   1.20075e-03   1.09346e-03   9.96860e-04   9.09107e-04   8.28759e-04   7.54676e-04   6.85954e-04   6.21874e-04   5.61862e-04   5.05450e-04   4.52253e-04   4.01942e-04   3.54231e-04   3.08855e-04   2.65565e-04   2.24118e-04   1.84269e-04   1.45768e-04   1.08357e-04   7.17732e-05   3.57444e-05  -5.79564e-09  -3.57565e-05  -7.17872e-05  -1.08374e-04  -1.45790e-04  -1.84299e-04  -2.24160e-04  -2.65625e-04  -3.08940e-04  -3.54355e-04  -4.02127e-04  -4.52529e-04  -5.05868e-04  -5.62502e-04  -6.22865e-04  -6.87502e-04  -7.57113e-04  -8.32621e-04  -9.15264e-04  -1.00672e-03  -1.10932e-03  -1.22631e-03  -1.36229e-03  -1.52384e-03  -1.72047e-03  -1.96589e-03  -2.27991e-03  -2.69074e-03  -3.23788e-03  -3.97518e-03  -4.97468e-03  -6.33754e-03  -8.24482e-03  -1.11425e-02  -1.36175e-02  -3.21872e-01  -3.49681e-01  -7.66414e-02  -7.65270e-02  -6.34735e-02  -5.72432e-02
   2.25000e-03  -9.80793e-02   5.58315e-01   6.24186e-01   2.07985e-02   5.47683e-03   2.10355e-03   7.65276e-04   1.15214e-04  -2.50747e-04  -4.74198e-04  -6.12673e-04  -6.94483e-04  -7.36475e-04  -7.50078e-04  -7.43580e-04  -7.23144e-04  -6.93384e-04  -6.57735e-04  -6.18731e-04  -5.78219e-04  -5.37513e-04  -4.97522e-04  -4.58845e-04  -4.21848e-04  -3.86720e-04  -3.53521e-04  -3.22215e-04  -2.92704e-04  -2.64843e-04  -2.38464e-04  -2.13388e-04  -1.89433e-04  -1.66422e-04  -1.44193e-04  -1.22595e-04  -1.01498e-04  -8.07861e-05  -6.03601e-05  -4.01352e-05  -2.00378e-05  -2.19459e-09   2.00332e-05   4.01300e-05   6.03538e-05   8.07781e-05   1.01488e-04   1.22581e-04   1.44173e-04   1.66395e-04   1.89394e-04   2.13333e-04   2.38384e-04   2.64724e-04   2.92527e-04   3.21950e-04   3.53117e-04   3.86099e-04   4.20883e-04   4.57333e-04   4.95134e-04   5.33719e-04   5.72155e-04   6.08997e-04   6.42056e-04   6.68076e-04   6.82247e-04   6.77501e-04   6.43478e-04   5.65070e-04   4.20408e-04   1.78249e-04  -2.05169e-04  -7.89611e-04  -1.65521e-03  -2.91396e-03  -4.76107e-03  -7.66008e-03  -1.02276e-02  -3.19397e-01  -3.49086e-01  -7.03766e-02
   1.50000e-03   3.56901e-03   9.59845e-04  -2.59238e-03  -3.90913e-03  -4.42035e-03  -4.58098e-03  -4.56420e-03  -4.44730e-03  -4.27094e-03  -4.05958e-03  -3.82919e-03  -3.59067e-03  -3.35148e-03  -3.11672e-03  -2.88977e-03  -2.67281e-03  -2.46708e-03  -2.27323e-03  -2.09142e-03  -1.92148e-03  -1.76303e-03  -1.61552e-03  -1.47830e-03  -1.35067e-03  -1.23187e-03  -1.12117e-03  -1.01781e-03  -9.21079e-04  -8.30275e-04  -7.44738e-04  -6.63843e-04  -5.87007e-04  -5.13685e-04  -4.43372e-04  -3.75599e-04  -3.09935e-04  -2.45976e-04  -1.83348e-04  -1.21698e-04  -6.06902e-05   0.00000e+00   6.06886e-05   1.21696e-04   1.83346e-04   2.45973e-04   3.09931e-04   3.75594e-04   4.43365e-04   5.13676e-04   5.86994e-04   6.63825e-04   7.44713e-04   8.30239e-04   9.21028e-04   1.01774e-03   1.12106e-03   1.23171e-03   1.35042e-03   1.47792e-03   1.61493e-03   1.76210e-03   1.92002e-03   2.08910e-03   2.26954e-03   2.46116e-03   2.66328e-03   2.87441e-03   3.09188e-03   3.31131e-03   3.52572e-03   3.72440e-03   3.89111e-03   4.00175e-03   4.02112e-03   3.89900e-03   3.56534e-03   2.92413e-03   1.83915e-03   7.91012e-05  -2.87131e-03  -4.73529e-03
   7.50000e-04  -1.07164e-02  -1.06705e-02  -1.04297e-02  -9.97060e-03  -9.41178e-03  -8.81321e-03  -8.20768e-03  -7.61395e-03  -7.04286e-03  -6.50048e-03  -5.98988e-03  -5.51223e-03  -5.06747e-03  -4.65473e-03  -4.27268e-03  -3.91969e-03  -3.59396e-03  -3.29363e-03  -3.01684e-03  -2.76175e-03  -2.52658e-03  -2.30962e-03  -2.10925e-03  -1.92394e-03  -1.75225e-03  -1.59282e-03  -1.44441e-03  -1.30583e-03  -1.17600e-03  -1.05392e-03  -9.38655e-04  -8.29346e-04  -7.25200e-04  -6.25488e-04  -5.29530e-04  -4.36699e-04  -3.46407e-04  -2.58103e-04  -1.71266e-04  -8.53936e-05   0.00000e+00   8.53933e-05   1.71266e-04   2.58103e-04   3.46406e-04   4.36698e-04   5.29529e-04   6.25486e-04   7.25198e-04   8.29342e-04   9.38650e-04   1.05391e-03   1.17599e-03   1.30582e-03   1.44439e-03   1.59280e-03   1.75221e-03   1.92388e-03   2.10916e-03   2.30947e-03   2.52636e-03   2.76141e-03   3.01631e-03   3.29279e-03   3.59263e-03   3.91758e-03   4.26930e-03   4.64930e-03   5.05871e-03   5.49808e-03   5.96699e-03   6.46348e-03   6.98314e-03   7.51784e-03   8.05381e-03   8.56876e-03   9.02794e-03   9.37844e-03   9.54110e-03   9.39711e-03   9.23060e-03
   0.00000e+00  -1.46304e-02  -1.41500e-02  -1.31804e-02  -1.22124e-02  -1.12751e-02  -1.03837e-02  -9.54609e-03  -8.76506e-03  -8.04080e-03  -7.37173e-03  -6.75528e-03  -6.18839e-03  -5.66772e-03  -5.18992e-03  -4.75168e-03  -4.34981e-03  -3.98128e-03  -3.64324e-03  -3.33302e-03  -3.04812e-03  -2.78623e-03  -2.54520e-03  -2.32303e-03  -2.11789e-03  -1.92807e-03  -1.75200e-03  -1.58823e-03  -1.43543e-03  -1.29237e-03  -1.15792e-03  -1.03104e-03  -9.10770e-04  -7.96239e-04  -6.86632e-04  -5.81196e-04  -4.79236e-04  -3.80102e-04  -2.83181e-04  -1.87892e-04  -9.36792e-05   0.00000e+00   9.36795e-05   1.87893e-04   2.83181e-04   3.80102e-04   4.79237e-04   5.81197e-04   6.86632e-04   7.96240e-04   9.10771e-04   1.03104e-03   1.15792e-03   1.29237e-03   1.43543e-03   1.58823e-03   1.75200e-03   1.92807e-03   2.11789e-03   2.32303e-03   2.54520e-03   2.78623e-03   3.04812e-03   3.33302e-03   3.64324e-03   3.98128e-03   4.34981e-03   4.75168e-03   5.18993e-03   5.66772e-03   6.18839e-03   6.75528e-03   7.37173e-03   8.04080e-03   8.76506e-03   9.54609e-03   1.03838e-02   1.12751e-02   1.22124e-02   1.31804e-02   1.41500e-02   1.46304e-02
  -7.50000e-04  -9.23061e-03  -9.39712e-03  -9.54111e-03  -9.37845e-03  -9.02794e-03  -8.56876e-03  -8.05381e-03  -7.51784e-03  -6.98313e-03  -6.46348e-03  -5.96699e-03  -5.49808e-03  -5.05871e-03  -4.64930e-03  -4.26930e-03  -3.91758e-03  -3.59263e-03  -3.29279e-03  -3.01631e-03  -2.76141e-03  -2.52635e-03  -2.30947e-03  -2.10915e-03  -1.92388e-03  -1.75221e-03  -1.59279e-03  -1.44439e-03  -1.30582e-03  -1.17599e-03  -1.05391e-03  -9.38649e-04  -8.29341e-04  -7.25197e-04  -6.25486e-04  -5.29528e-04  -4.36697e-04  -3.46406e-04  -2.58103e-04  -1.71265e-04  -8.53929e-05   0.00000e+00   8.53939e-05   1.71266e-04   2.58104e-04   3.46407e-04   4.36699e-04   5.29531e-04   6.25488e-04   7.25201e-04   8.29346e-04   9.38655e-04   1.05392e-03   1.17600e-03   1.30583e-03   1.44441e-03   1.59283e-03   1.75225e-03   1.92394e-03   2.10925e-03   2.30962e-03   2.52658e-03   2.76175e-03   3.01684e-03   3.29363e-03   3.59396e-03   3.91969e-03   4.27268e-03   4.65473e-03   5.06747e-03   5.51223e-03   5.98988e-03   6.50048e-03   7.04286e-03   7.61395e-03   8.20768e-03   8.81321e-03   9.41178e-03   9.97060e-03   1.04297e-02   1.06705e-02   1.07164e-02
  -1.50000e-03   4.73514e-03   2.87120e-03  -7.91523e-05  -1.83918e-03  -2.92414e-03  -3.56535e-03  -3.89900e-03  -4.02113e-03  -4.00175e-03  -3.89111e-03  -3.72440e-03  -3.52572e-03  -3.31130e-03  -3.09188e-03  -2.87441e-03  -2.66328e-03  -2.46116e-03  -2.26954e-03  -2.08910e-03  -1.92002e-03  -1.76210e-03  -1.61493e-03  -1.47792e-03  -1.35042e-03  -1.23171e-03  -1.12106e-03  -1.01774e-03  -9.21027e-04  -8.30239e-04  -7.44712e-04  -6.63825e-04  -5.86994e-04  -5.13676e-04  -4.43365e-04  -3.75594e-04  -3.09931e-04  -2.45973e-04  -1.83345e-04  -1.21696e-04  -6.06883e-05   0.00000e+00   6.06904e-05   1.21698e-04   1.83348e-04   2.45976e-04   3.09935e-04   3.75600e-04   4.43372e-04   5.13685e-04   5.87007e-04   6.63843e-04   7.44738e-04   8.30275e-04   9.21080e-04   1.01781e-03   1.12117e-03   1.23187e-03   1.35067e-03   1.47830e-03   1.61552e-03   1.76303e-03   1.92148e-03   2.09142e-03   2.27323e-03   2.46708e-03   2.67281e-03   2.88977e-03   3.11672e-03   3.35148e-03   3.59067e-03   3.82919e-03   4.05958e-03   4.27094e-03   4.44730e-03   4.56420e-03   4.58098e-03   4.42035e-03   3.90913e-03   2.59239e-03  -9.59832e-04  -3.56899e-03
  -2.25000e-03   7.03746e-02   3.49087e-01   3.19399e-01   1.02274e-02   7.65997e-03   4.76101e-03   2.91393e-03   1.65520e-03   7.89602e-04   2.05163e-04  -1.78252e-04  -4.20410e-04  -5.65071e-04  -6.43478e-04  -6.77501e-04  -6.82247e-04  -6.68076e-04  -6.42056e-04  -6.08996e-04  -5.72155e-04  -5.33718e-04  -4.95134e-04  -4.57333e-04  -4.20883e-04  -3.86099e-04  -3.53117e-04  -3.21949e-04  -2.92527e-04  -2.64724e-04  -2.38383e-04  -2.13332e-04  -1.89394e-04  -1.66394e-04  -1.44173e-04  -1.22581e-04  -1.01488e-04  -8.07780e-05  -6.03537e-05  -4.01299e-05  -2.00331e-05   2.26666e-09   2.00378e-05   4.01352e-05   6.03601e-05   8.07862e-05   1.01498e-04   1.22595e-04   1.44193e-04   1.66422e-04   1.89433e-04   2.13388e-04   2.38464e-04   2.64843e-04   2.92704e-04   3.22215e-04   3.53521e-04   3.86720e-04   4.21848e-04   4.58845e-04   4.97522e-04   5.37513e-04   5.78219e-04   6.18731e-04   6.57734e-04   6.93384e-04   7.23144e-04   7.43579e-04   7.50078e-04   7.36475e-04   6.94483e-04   6.12672e-04   4.74197e-04   2.50745e-04  -1.15216e-04  -7.65276e-04  -2.10354e-03  -5.47682e-03  -2.07986e-02  -6.24184e-01  -5.58313e-01   9.80782e-02
  -3.00000e-03   5.72430e-02   6.34732e-02   7.65263e-02   7.66399e-02   3.49682e-01   3.21874e-01   1.36174e-02   1.11424e-02   8.24477e-03   6.33751e-03   4.97466e-03   3.97517e-03   3.23787e-03   2.69073e-03   2.27990e-03   1.96589e-03   1.72047e-03   1.52384e-03   1.36229e-03   1.22631e-03   1.10932e-03   1.00672e-03   9.15264e-04   8.32621e-04   7.57112e-04   6.87501e-04   6.22865e-04   5.62502e-04   5.05868e-04   4.52528e-04   4.02126e-04   3.54355e-04   3.08940e-04   2.65625e-04   2.24160e-04   1.84299e-04   1.45790e-04   1.08374e-04   7.17870e-05   3.57564e-05   5.64558e-09  -3.57445e-05  -7.17734e-05  -1.08357e-04  -1.45768e-04  -1.84269e-04  -2.24119e-04  -2.65565e-04  -3.08855e-04  -3.54231e-04  -4.01943e-04  -4.52253e-04  -5.05450e-04  -5.61862e-04  -6.21874e-04  -6.85954e-04  -7.54677e-04  -8.28760e-04  -9.09107e-04  -9.96861e-04  -1.09346e-03  -1.20075e-03  -1.32103e-03  -1.45724e-03  -1.61310e-03  -1.79334e-03  -2.00410e-03  -2.25363e-03  -2.55427e-03  -2.92795e-03  -3.42327e-03  -4.16939e-03  -5.55304e-03  -8.89650e-03  -2.40697e-02  -6.26546e-01  -5.58895e-01   5.38647e-02   3.44139e-03  -3.08105e-03  -3.79329e-03
  -3.75000e-03   2.69503e-02   3.08830e-02   3.96672e-02   5.02725e-02   6.25485e-02   7.61393e-02   7.67013e-02   3.50771e-01   3.24121e-01   1.62135e-02   1.37469e-02   1.08193e-02   8.85219e-03   7.40676e-03   6.30823e-03   5.46056e-03   4.79579e-03   4.26327e-03   3.82598e-03   3.45754e-03   3.13955e-03   2.85930e-03   2.60800e-03   2.37952e-03   2.16956e-03   1.97499e-03   1.79351e-03   1.62337e-03   1.46317e-03   1.31179e-03   1.16827e-03   1.03174e-03   9.01459e-04   7.76689e-04   6.56736e-04   5.40921e-04   4.28563e-04   3.18983e-04   2.11494e-04   1.05404e-04   1.51251e-08  -1.05372e-04  -2.11456e-04  -3.18935e-04  -4.28498e-04  -5.40830e-04  -6.56606e-04  -7.76498e-04  -9.01175e-04  -1.03131e-03  -1.16761e-03  -1.31078e-03  -1.46160e-03  -1.62089e-03  -1.78959e-03  -1.96876e-03  -2.15959e-03  -2.36353e-03  -2.58225e-03  -2.81778e-03  -3.07259e-03  -3.34967e-03  -3.65273e-03  -3.98648e-03  -4.35728e-03  -4.77492e-03  -5.25799e-03  -5.85078e-03  -6.67685e-03  -8.11575e-03  -1.14806e-02  -2.66286e-02  -6.28749e-01  -5.59959e-01   5.38118e-02   3.83023e-03  -2.16189e-03  -2.10274e-03  -1.07101e-03  -1.08401e-04   3.05566e-04
  -4.50000e-03   9.75098e-03   1.17045e-02   1.62343e-02   2.21191e-02   2.95685e-02   3.87467e-02   4.96998e-02   6.22774e-02   7.61256e-02   7.69024e-02   3.51711e-01   3.25891e-01   1.81593e-02   1.56644e-02   1.26905e-02   1.06615e-02   9.14190e-03   7.95991e-03   7.02211e-03   6.26271e-03   5.63283e-03   5.09689e-03   4.62963e-03   4.21355e-03   3.83657e-03   3.49041e-03   3.16927e-03   2.86904e-03   2.58671e-03   2.31996e-03   2.06695e-03   1.82612e-03   1.59609e-03   1.37562e-03   1.16349e-03   9.58537e-04   7.59579e-04   5.65445e-04   3.74947e-04   1.86884e-04   4.33503e-08  -1.86791e-04  -3.74835e-04  -5.65298e-04  -7.59374e-04  -9.58239e-04  -1.16305e-03  -1.37495e-03  -1.59506e-03  -1.82451e-03  -2.06444e-03  -2.31600e-03  -2.58042e-03  -2.85899e-03  -3.15316e-03  -3.46450e-03  -3.79484e-03  -4.14630e-03  -4.52138e-03  -4.92311e-03  -5.35531e-03  -5.82319e-03  -6.33505e-03  -6.90767e-03  -7.58303e-03  -8.48184e-03  -9.98020e-03  -1.33871e-02  -2.85553e-02  -6.30492e-01  -5.60875e-01   5.36270e-02   3.85514e-03  -1.88337e-03  -1.52539e-03  -1.48222e-04   1.20607e-03   2.28526e-03   3.03235e-03   3.45298e-03   3.58452e-03
  -5.25000e-03   9.27041e-04   1.75994e-03   3.76456e-03   6.52557e-03   1.02132e-02   1.50217e-02   2.11618e-02   2.88413e-02   3.82236e-02   4.93552e-02   6.20867e-02   7.60661e-02   7.69519e-02   3.52326e-01   3.27147e-01   1.95204e-02   1.69782e-02   1.39480e-02   1.18542e-02   1.02628e-02   9.00359e-03   7.98465e-03   7.14144e-03   6.42618e-03   5.80415e-03   5.25084e-03   4.74929e-03   4.28789e-03   3.85863e-03   3.45591e-03   3.07570e-03   2.71492e-03   2.37110e-03   2.04215e-03   1.72614e-03   1.42126e-03   1.12570e-03   8.37657e-04   5.55297e-04   2.76753e-04   1.33943e-07  -2.76464e-04  -5.54939e-04  -8.37168e-04  -1.12499e-03  -1.42019e-03  -1.72451e-03  -2.03961e-03  -2.36710e-03  -2.70857e-03  -3.06558e-03  -3.43970e-03  -3.83258e-03  -4.24597e-03  -4.68179e-03  -5.14224e-03  -5.62991e-03  -6.14803e-03  -6.70106e-03  -7.29640e-03  -7.94969e-03  -8.70156e-03  -9.67110e-03  -1.12325e-02  -1.46926e-02  -2.99023e-02  -6.31727e-01  -5.61467e-01   5.35941e-02   3.92613e-03  -1.68442e-03  -1.17450e-03   3.79782e-04   1.93715e-03   3.24553e-03   4.24712e-03   4.94560e-03   5.36719e-03   5.54580e-03   5.51646e-03   5.45414e-03
  -6.00000e-03  -3.52716e-03  -3.25045e-03  -2.52558e-03  -1.41421e-03   1.80660e-04   2.37726e-03   5.31802e-03   9.17131e-03   1.41302e-02   2.04048e-02   2.82027e-02   3.76878e-02   4.89073e-02   6.17128e-02   7.57539e-02   7.66892e-02   3.52516e-01   3.27863e-01   2.03006e-02   1.76975e-02   1.46017e-02   1.24377e-02   1.07722e-02   9.43608e-03   8.33838e-03   7.41546e-03   6.62030e-03   5.91884e-03   5.28713e-03   4.70860e-03   4.17190e-03   3.66912e-03   3.19462e-03   2.74409e-03   2.31407e-03   1.90150e-03   1.50351e-03   1.11729e-03   7.39980e-04   3.68685e-04   4.49590e-07  -3.67702e-04  -7.38727e-04  -1.11552e-03  -1.50086e-03  -1.89741e-03  -2.30764e-03  -2.73388e-03  -3.17830e-03  -3.64295e-03  -4.12981e-03  -4.64087e-03  -5.17822e-03  -5.74418e-03  -6.34157e-03  -6.97428e-03  -7.64904e-03  -8.38066e-03  -9.20878e-03  -1.02514e-02  -1.18814e-02  -1.54043e-02  -3.06702e-02  -6.32424e-01  -5.61636e-01   5.38730e-02   4.24900e-03  -1.30319e-03  -7.21145e-04   9.19817e-04   2.57919e-03   4.00545e-03   5.14105e-03   5.98952e-03   6.57641e-03   6.93441e-03   7.09670e-03   7.09406e-03   6.95391e-03   6.70013e-03   6.54760e-03
# Total Vertical 2nd Order Kick [T2m2]
START
                -1.00000e-02  -9.75000e-03  -9.50000e-03  -9.25000e-03  -9.00000e-03  -8.75000e-03  -8.50000e-03  -8.25000e-03  -8.00000e-03  -7.75000e-03  -7.50000e-03  -7.25000e-03  -7.00000e-03  -6.75000e-03  -6.50000e-03  -6.25000e-03  -6.00000e-03  -5.75000e-03  -5.50000e-03  -5.25000e-03  -5.00000e-03  -4.75000e-03  -4.50000e-03  -4.25000e-03  -4.00000e-03  -3.75000e-03  -3.50000e-03  -3.25000e-03  -3.00000e-03  -2.75000e-03  -2.50000e-03  -2.25000e-03  -2.00000e-03  -1.75000e-03  -1.50000e-03  -1.25000e-03  -1.00000e-03  -7.50000e-04  -5.00000e-04  -2.50000e-04   0.00000e+00   2.50000e-04   5.00000e-04   7.50000e-04   1.00000e-03   1.25000e-03   1.50000e-03   1.75000e-03   2.00000e-03   2.25000e-03   2.50000e-03   2.75000e-03   3.00000e-03   3.25000e-03   3.50000e-03   3.75000e-03   4.00000e-03   4.25000e-03   4.50000e-03   4.75000e-03   5.00000e-03   5.25000e-03   5.50000e-03   5.75000e-03   6.00000e-03   6.25000e-03   6.50000e-03   6.75000e-03   7.00000e-03   7.25000e-03   7.50000e-03   7.75000e-03   8.00000e-03   8.25000e-03   8.50000e-03   8.75000e-03   9.00000e-03   9.25000e-03   9.50000e-03   9.75000e-03   1.00000e-02
   6.00000e-03  -8.73400e-03  -9.09849e-03  -9.52310e-03  -1.00372e-02  -1.06743e-02  -1.14713e-02  -1.24658e-02  -1.36918e-02  -1.51673e-02  -1.68659e-02  -1.86205e-02  -1.97079e-02  -1.66156e-02   1.65028e-02  -3.90060e-01  -4.07483e-01  -4.45911e-01  -4.28531e-02  -3.17820e-02  -2.88537e-02  -2.73135e-02  -2.62326e-02  -2.53435e-02  -2.45607e-02  -2.38550e-02  -2.32147e-02  -2.26337e-02  -2.21081e-02  -2.16349e-02  -2.12110e-02  -2.08341e-02  -2.05016e-02  -2.02112e-02  -1.99608e-02  -1.97483e-02  -1.95720e-02  -1.94302e-02  -1.93214e-02  -1.92446e-02  -1.91989e-02  -1.91838e-02  -1.91991e-02  -1.92451e-02  -1.93222e-02  -1.94315e-02  -1.95741e-02  -1.97517e-02  -1.99661e-02  -2.02196e-02  -2.05151e-02  -2.08558e-02  -2.12459e-02  -2.16909e-02  -2.21982e-02  -2.27782e-02  -2.34455e-02  -2.42213e-02  -2.51350e-02  -2.62279e-02  -2.75555e-02  -2.91966e-02  -3.12876e-02  -3.41531e-02  -3.69187e-02  -2.43429e-01  -2.60610e-01  -2.81542e-01  -9.30164e-02  -8.78009e-02  -7.43191e-02  -6.22150e-02  -5.17295e-02  -4.29146e-02  -3.56672e-02  -2.98013e-02  -2.51047e-02  -2.13717e-02  -1.84164e-02  -1.60785e-02  -1.42230e-02  -1.27382e-02
   5.25000e-03  -1.02817e-02  -1.07756e-02  -1.13641e-02  -1.20827e-02  -1.29670e-02  -1.40462e-02  -1.53278e-02  -1.67467e-02  -1.79519e-02  -1.71750e-02  -1.41098e-03  -2.04994e-01  -2.11882e-01  -2.14272e-01  -2.15911e-01  -2.19015e-01  -2.36696e-01  -3.43303e-02  -2.81899e-02  -2.62186e-02  -2.49962e-02  -2.40432e-02  -2.32201e-02  -2.24808e-02  -2.18086e-02  -2.11960e-02  -2.06387e-02  -2.01332e-02  -1.96770e-02  -1.92673e-02  -1.89020e-02  -1.85788e-02  -1.82958e-02  -1.80511e-02  -1.78429e-02  -1.76696e-02  -1.75298e-02  -1.74224e-02  -1.73464e-02  -1.73011e-02  -1.72861e-02  -1.73013e-02  -1.73467e-02  -1.74229e-02  -1.75307e-02  -1.76709e-02  -1.78450e-02  -1.80544e-02  -1.83011e-02  -1.85873e-02  -1.89155e-02  -1.92889e-02  -1.97117e-02  -2.01891e-02  -2.07283e-02  -2.13394e-02  -2.20366e-02  -2.28400e-02  -2.37775e-02  -2.48875e-02  -2.62244e-02  -2.78772e-02  -3.00360e-02  -3.23034e-02  -1.36670e-01  -1.46761e-01  -1.58680e-01  -1.67783e-01  -1.74029e-01  -1.78032e-01  -7.79621e-02  -7.01960e-02  -5.91291e-02  -4.95306e-02  -4.14269e-02  -3.47366e-02  -2.93038e-02  -2.49407e-02  -2.14593e-02  -1.86874e-02  -1.64744e-02
   4.50000e-03  -1.41711e-02  -1.50292e-02  -1.60460e-02  -1.72347e-02  -1.85359e-02  -1.96037e-02  -1.86745e-02  -2.74784e-03  -2.05974e-01  -2.12458e-01  -2.14459e-01  -2.15724e-01  -2.18473e-01  -2.35815e-01  -3.32668e-02  -2.69910e-02  -2.48910e-02  -2.35459e-02  -2.24757e-02  -2.15398e-02  -2.06917e-02  -1.99141e-02  -1.91989e-02  -1.85412e-02  -1.79374e-02  -1.73844e-02  -1.68795e-02  -1.64203e-02  -1.60045e-02  -1.56300e-02  -1.52949e-02  -1.49973e-02  -1.47358e-02  -1.45087e-02  -1.43147e-02  -1.41527e-02  -1.40216e-02  -1.39206e-02  -1.38489e-02  -1.38061e-02  -1.37918e-02  -1.38061e-02  -1.38490e-02  -1.39207e-02  -1.40219e-02  -1.41531e-02  -1.43153e-02  -1.45096e-02  -1.47371e-02  -1.49994e-02  -1.52982e-02  -1.56353e-02  -1.60129e-02  -1.64337e-02  -1.69011e-02  -1.74190e-02  -1.79930e-02  -1.86305e-02  -1.93419e-02  -2.01417e-02  -2.10504e-02  -2.20964e-02  -2.33188e-02  -2.47724e-02  -2.65470e-02  -2.88333e-02  -3.12337e-02  -1.35779e-01  -1.46206e-01  -1.58479e-01  -1.67955e-01  -1.74593e-01  -1.79003e-01  -7.92940e-02  -7.16932e-02  -6.07803e-02  -5.13204e-02  -4.33351e-02  -3.67380e-02  -3.13676e-02  -2.70304e-02
   3.75000e-03  -1.99696e-02  -2.11991e-02  -2.21474e-02  -2.10624e-02  -4.95380e-03  -2.07764e-01  -2.13754e-01  -2.15278e-01  -2.16092e-01  -2.18415e-01  -2.35358e-01  -3.25969e-02  -2.61690e-02  -2.39299e-02  -2.24578e-02  -2.12712e-02  -2.02283e-02  -1.92812e-02  -1.84115e-02  -1.76099e-02  -1.68707e-02  -1.61893e-02  -1.55619e-02  -1.49852e-02  -1.44561e-02  -1.39718e-02  -1.35299e-02  -1.31281e-02  -1.27642e-02  -1.24364e-02  -1.21429e-02  -1.18822e-02  -1.16528e-02  -1.14535e-02  -1.12831e-02  -1.11405e-02  -1.10251e-02  -1.09360e-02  -1.08727e-02  -1.08350e-02  -1.08224e-02  -1.08350e-02  -1.08728e-02  -1.09360e-02  -1.10251e-02  -1.11406e-02  -1.12832e-02  -1.14537e-02  -1.16532e-02  -1.18828e-02  -1.21438e-02  -1.24377e-02  -1.27663e-02  -1.31313e-02  -1.35351e-02  -1.39801e-02  -1.44694e-02  -1.50066e-02  -1.55964e-02  -1.62448e-02  -1.69598e-02  -1.77526e-02  -1.86386e-02  -1.96392e-02  -2.07839e-02  -2.21130e-02  -2.36825e-02  -2.55832e-02  -2.80071e-02  -3.05571e-02  -1.35312e-01  -1.46136e-01  -1.58834e-01  -1.68763e-01  -1.75879e-01  -1.80790e-01  -8.15036e-02  -7.40861e-02  -6.33295e-02  -5.39885e-02  -4.60732e-02
   3.00000e-03  -2.44981e-02  -8.20247e-03  -2.10567e-01  -2.15908e-01  -2.16799e-01  -2.17013e-01  -2.18777e-01  -2.35206e-01  -3.21622e-02  -2.55381e-02  -2.31279e-02  -2.15070e-02  -2.01912e-02  -1.90359e-02  -1.79909e-02  -1.70354e-02  -1.61582e-02  -1.53518e-02  -1.46102e-02  -1.39280e-02  -1.33009e-02  -1.27246e-02  -1.21958e-02  -1.17109e-02  -1.12673e-02  -1.08622e-02  -1.04932e-02  -1.01582e-02  -9.85534e-03  -9.58276e-03  -9.33892e-03  -9.12243e-03  -8.93201e-03  -8.76656e-03  -8.62511e-03  -8.50683e-03  -8.41100e-03  -8.33707e-03  -8.28457e-03  -8.25320e-03  -8.24277e-03  -8.25321e-03  -8.28458e-03  -8.33708e-03  -8.41103e-03  -8.50686e-03  -8.62516e-03  -8.76663e-03  -8.93212e-03  -9.12259e-03  -9.33916e-03  -9.58312e-03  -9.85589e-03  -1.01591e-02  -1.04945e-02  -1.08642e-02  -1.12706e-02  -1.17161e-02  -1.22040e-02  -1.27379e-02  -1.33222e-02  -1.39623e-02  -1.46654e-02  -1.54406e-02  -1.63005e-02  -1.72619e-02  -1.83481e-02  -1.95905e-02  -2.10315e-02  -2.27296e-02  -2.47781e-02  -2.73714e-02  -3.01143e-02  -1.35148e-01  -1.46486e-01  -1.59744e-01  -1.70279e-01  -1.78040e-01  -1.83627e-01  -8.47972e-02  -7.75595e-02
   2.25000e-03  -2.19245e-01  -2.19207e-01  -2.18538e-01  -2.19491e-01  -2.35190e-01  -3.17182e-02  -2.48136e-02  -2.21736e-02  -2.03657e-02  -1.88989e-02  -1.76227e-02  -1.64815e-02  -1.54498e-02  -1.45129e-02  -1.36597e-02  -1.28816e-02  -1.21710e-02  -1.15215e-02  -1.09275e-02  -1.03840e-02  -9.88678e-03  -9.43188e-03  -9.01598e-03  -8.63608e-03  -8.28951e-03  -7.97389e-03  -7.68713e-03  -7.42733e-03  -7.19282e-03  -6.98209e-03  -6.79382e-03  -6.62683e-03  -6.48007e-03  -6.35265e-03  -6.24376e-03  -6.15274e-03  -6.07903e-03  -6.02216e-03  -5.98179e-03  -5.95767e-03  -5.94965e-03  -5.95767e-03  -5.98180e-03  -6.02217e-03  -6.07904e-03  -6.15276e-03  -6.24378e-03  -6.35267e-03  -6.48011e-03  -6.62688e-03  -6.79389e-03  -6.98220e-03  -7.19297e-03  -7.42756e-03  -7.68748e-03  -7.97443e-03  -8.29034e-03  -8.63737e-03  -9.01802e-03  -9.43510e-03  -9.89190e-03  -1.03922e-02  -1.09407e-02  -1.15427e-02  -1.22051e-02  -1.29366e-02  -1.37482e-02  -1.46547e-02  -1.56757e-02  -1.68378e-02  -1.81760e-02  -1.97374e-02  -2.15856e-02  -2.38196e-02  -2.66401e-02  -2.96585e-02  -1.35119e-01  -1.47194e-01  -1.61279e-01  -1.72729e-01  -1.81480e-01
   1.50000e-03  -2.20281e-01  -2.34842e-01  -3.06193e-02  -2.33029e-02  -2.03629e-02  -1.83400e-02  -1.67240e-02  -1.53490e-02  -1.41476e-02  -1.30850e-02  -1.21389e-02  -1.12926e-02  -1.05329e-02  -9.84894e-03  -9.23140e-03  -8.67257e-03  -8.16588e-03  -7.70571e-03  -7.28725e-03  -6.90634e-03  -6.55941e-03  -6.24332e-03  -5.95537e-03  -5.69319e-03  -5.45468e-03  -5.23801e-03  -5.04158e-03  -4.86395e-03  -4.70387e-03  -4.56023e-03  -4.43205e-03  -4.31847e-03  -4.21874e-03  -4.13221e-03  -4.05831e-03  -3.99657e-03  -3.94658e-03  -3.90803e-03  -3.88066e-03  -3.86432e-03  -3.85888e-03  -3.86432e-03  -3.88066e-03  -3.90803e-03  -3.94658e-03  -3.99657e-03  -4.05832e-03  -4.13222e-03  -4.21876e-03  -4.31849e-03  -4.43207e-03  -4.56026e-03  -4.70392e-03  -4.86402e-03  -5.04168e-03  -5.23816e-03  -5.45490e-03  -5.69353e-03  -5.95590e-03  -6.24414e-03  -6.56068e-03  -6.90835e-03  -7.29043e-03  -7.71079e-03  -8.17401e-03  -8.68564e-03  -9.25246e-03  -9.88291e-03  -1.05877e-02  -1.13808e-02  -1.22803e-02  -1.33104e-02  -1.45032e-02  -1.59013e-02  -1.75609e-02  -1.95572e-02  -2.20041e-02  -2.51199e-02  -2.85395e-02  -1.34766e-01  -1.48034e-01
   7.50000e-04  -1.85027e-02  -1.54694e-02  -1.34661e-02  -1.19401e-02  -1.06983e-02  -9.65519e-03  -8.76404e-03  -7.99456e-03  -7.32479e-03  -6.73794e-03  -6.22074e-03  -5.76258e-03  -5.35484e-03  -4.99049e-03  -4.66377e-03  -4.36986e-03  -4.10477e-03  -3.86513e-03  -3.64810e-03  -3.45126e-03  -3.27255e-03  -3.11019e-03  -2.96266e-03  -2.82862e-03  -2.70692e-03  -2.59655e-03  -2.49664e-03  -2.40642e-03  -2.32519e-03  -2.25238e-03  -2.18747e-03  -2.12999e-03  -2.07955e-03  -2.03580e-03  -1.99846e-03  -1.96727e-03  -1.94203e-03  -1.92256e-03  -1.90875e-03  -1.90050e-03  -1.89775e-03  -1.90050e-03  -1.90875e-03  -1.92256e-03  -1.94203e-03  -1.96727e-03  -1.99846e-03  -2.03581e-03  -2.07955e-03  -2.12999e-03  -2.18748e-03  -2.25240e-03  -2.32521e-03  -2.40644e-03  -2.49668e-03  -2.59660e-03  -2.70699e-03  -2.82873e-03  -2.96282e-03  -3.11043e-03  -3.27291e-03  -3.45181e-03  -3.64894e-03  -3.86644e-03  -4.10684e-03  -4.37315e-03  -4.66902e-03  -4.99891e-03  -5.36837e-03  -5.78438e-03  -6.25592e-03  -6.79468e-03  -7.41613e-03  -8.14103e-03  -8.99744e-03  -1.00234e-02  -1.12702e-02  -1.28070e-02  -1.47280e-02  -1.71741e-02  -2.04018e-02
   0.00000e+00   7.55396e-04   5.07765e-04   3.30953e-04   2.11576e-04   1.33569e-04   8.36294e-05   5.20856e-05   3.23385e-05   2.00493e-05   1.24299e-05   7.71562e-06   4.80085e-06   2.99787e-06   1.88088e-06   1.18708e-06   7.54566e-07   4.83662e-07   3.12986e-07   2.04702e-07   1.35438e-07   9.07205e-08   6.15499e-08   4.23051e-08   2.94554e-08   2.07681e-08   1.48197e-08   1.06949e-08   7.79939e-09   5.74287e-09   4.26593e-09   3.19414e-09   2.40877e-09   1.82766e-09   1.39367e-09   1.06595e-09   0.00000e+00   0.00000e+00   0.00000e+00   0.00000e+00   0.00000e+00   0.00000e+00   0.00000e+00   0.00000e+00   0.00000e+00   0.00000e+00   0.00000e+00   0.00000e+00  -1.14202e-09  -1.57075e-09  -2.14577e-09  -2.92393e-09  -3.98766e-09  -5.45576e-09  -7.50231e-09  -1.03867e-08  -1.44992e-08  -2.04343e-08  -2.91067e-08  -4.19401e-08  -6.11668e-08  -9.03176e-08  -1.35013e-07  -2.04253e-07  -3.12512e-07  -4.83160e-07  -7.54034e-07  -1.18651e-06  -1.88028e-06  -2.99723e-06  -4.80018e-06  -7.71491e-06  -1.24292e-05  -2.00485e-05  -3.23377e-05  -5.20849e-05  -8.36289e-05  -1.33568e-04  -2.11576e-04  -3.30954e-04  -5.07767e-04  -7.55401e-04
  -7.50000e-04   2.04017e-02   1.71741e-02   1.47280e-02   1.28070e-02   1.12702e-02   1.00234e-02   8.99744e-03   8.14102e-03   7.41612e-03   6.79467e-03   6.25592e-03   5.78438e-03   5.36836e-03   4.99891e-03   4.66902e-03   4.37315e-03   4.10684e-03   3.86644e-03   3.64894e-03   3.45180e-03   3.27291e-03   3.11043e-03   2.96282e-03   2.82873e-03   2.70699e-03   2.59660e-03   2.49668e-03   2.40644e-03   2.32521e-03   2.25240e-03   2.18748e-03   2.12999e-03   2.07955e-03   2.03581e-03   1.99846e-03   1.96727e-03   1.94203e-03   1.92256e-03   1.90875e-03   1.90050e-03   1.89775e-03   1.90050e-03   1.90875e-03   1.92256e-03   1.94203e-03   1.96727e-03   1.99846e-03   2.03580e-03   2.07955e-03   2.12999e-03   2.18747e-03   2.25238e-03   2.32519e-03   2.40642e-03   2.49664e-03   2.59656e-03   2.70692e-03   2.82862e-03   2.96266e-03   3.11020e-03   3.27255e-03   3.45126e-03   3.64810e-03   3.86513e-03   4.10477e-03   4.36986e-03   4.66377e-03   4.99050e-03   5.35484e-03   5.76258e-03   6.22074e-03   6.73794e-03   7.32480e-03   7.99456e-03   8.76405e-03   9.65519e-03   1.06983e-02   1.19401e-02   1.34661e-02   1.54694e-02   1.85027e-02
  -1.50000e-03   1.48034e-01   1.34767e-01   2.85394e-02   2.51198e-02   2.20041e-02   1.95572e-02   1.75608e-02   1.59013e-02   1.45032e-02   1.33104e-02   1.22803e-02   1.13808e-02   1.05877e-02   9.88291e-03   9.25245e-03   8.68564e-03   8.17401e-03   7.71079e-03   7.29043e-03   6.90835e-03   6.56068e-03   6.24414e-03   5.95590e-03   5.69353e-03   5.45490e-03   5.23816e-03   5.04168e-03   4.86402e-03   4.70392e-03   4.56026e-03   4.43207e-03   4.31849e-03   4.21876e-03   4.13222e-03   4.05832e-03   3.99657e-03   3.94658e-03   3.90803e-03   3.88067e-03   3.86432e-03   3.85888e-03   3.86432e-03   3.88066e-03   3.90803e-03   3.94658e-03   3.99657e-03   4.05831e-03   4.13221e-03   4.21874e-03   4.31847e-03   4.43205e-03   4.56023e-03   4.70387e-03   4.86395e-03   5.04158e-03   5.23801e-03   5.45468e-03   5.69319e-03   5.95538e-03   6.24332e-03   6.55941e-03   6.90635e-03   7.28725e-03   7.70572e-03   8.16588e-03   8.67257e-03   9.23140e-03   9.84894e-03   1.05329e-02   1.12926e-02   1.21389e-02   1.30850e-02   1.41476e-02   1.53490e-02   1.67240e-02   1.83400e-02   2.03629e-02   2.33029e-02   3.06193e-02   2.34841e-01   2.20280e-01
  -2.25000e-03   1.81480e-01   1.72729e-01   1.61280e-01   1.47194e-01   1.35120e-01   2.96584e-02   2.66401e-02   2.38196e-02   2.15856e-02   1.97374e-02   1.81760e-02   1.68377e-02   1.56757e-02   1.46547e-02   1.37482e-02   1.29366e-02   1.22051e-02   1.15427e-02   1.09407e-02   1.03922e-02   9.89190e-03   9.43510e-03   9.01801e-03   8.63737e-03   8.29034e-03   7.97443e-03   7.68748e-03   7.42756e-03   7.19297e-03   6.98220e-03   6.79389e-03   6.62688e-03   6.48011e-03   6.35267e-03   6.24378e-03   6.15275e-03   6.07904e-03   6.02217e-03   5.98180e-03   5.95767e-03   5.94965e-03   5.95767e-03   5.98179e-03   6.02216e-03   6.07903e-03   6.15274e-03   6.24376e-03   6.35265e-03   6.48008e-03   6.62683e-03   6.79382e-03   6.98209e-03   7.19282e-03   7.42733e-03   7.68713e-03   7.97390e-03   8.28951e-03   8.63608e-03   9.01598e-03   9.43188e-03   9.88678e-03   1.03840e-02   1.09275e-02   1.15215e-02   1.21710e-02   1.28816e-02   1.36597e-02   1.45129e-02   1.54498e-02   1.64815e-02   1.76227e-02   1.88990e-02   2.03657e-02   2.21736e-02   2.48136e-02   3.17182e-02   2.35189e-01   2.19490e-01   2.18537e-01   2.19207e-01   2.19244e-01
  -3.00000e-03   7.75592e-02   8.47966e-02   1.83627e-01   1.78041e-01   1.70279e-01   1.59744e-01   1.46486e-01   1.35149e-01   3.01142e-02   2.73713e-02   2.47781e-02   2.27296e-02   2.10315e-02   1.95905e-02   1.83481e-02   1.72619e-02   1.63005e-02   1.54406e-02   1.46654e-02   1.39623e-02   1.33222e-02   1.27379e-02   1.22040e-02   1.17161e-02   1.12706e-02   1.08642e-02   1.04945e-02   1.01591e-02   9.85589e-03   9.58312e-03   9.33916e-03   9.12258e-03   8.93212e-03   8.76663e-03   8.62516e-03   8.50686e-03   8.41103e-03   8.33708e-03   8.28458e-03   8.25321e-03   8.24277e-03   8.25320e-03   8.28457e-03   8.33707e-03   8.41100e-03   8.50683e-03   8.62511e-03   8.76656e-03   8.93201e-03   9.12243e-03   9.33893e-03   9.58276e-03   9.85534e-03   1.01582e-02   1.04932e-02   1.08622e-02   1.12673e-02   1.17109e-02   1.21958e-02   1.27246e-02   1.33009e-02   1.39280e-02   1.46102e-02   1.53518e-02   1.61582e-02   1.70354e-02   1.79909e-02   1.90359e-02   2.01912e-02   2.15070e-02   2.31279e-02   2.55381e-02   3.21622e-02   2.35205e-01   2.18777e-01   2.17012e-01   2.16799e-01   2.15907e-01   2.10567e-01   8.20319e-03   2.44986e-02
  -3.75000e-03   4.60732e-02   5.39885e-02   6.33294e-02   7.40859e-02   8.15030e-02   1.80790e-01   1.75879e-01   1.68763e-01   1.58834e-01   1.46136e-01   1.35312e-01   3.05570e-02   2.80070e-02   2.55832e-02   2.36825e-02   2.21130e-02   2.07839e-02   1.96392e-02   1.86386e-02   1.77526e-02   1.69598e-02   1.62448e-02   1.55964e-02   1.50066e-02   1.44694e-02   1.39801e-02   1.35351e-02   1.31313e-02   1.27663e-02   1.24377e-02   1.21438e-02   1.18828e-02   1.16532e-02   1.14537e-02   1.12832e-02   1.11406e-02   1.10251e-02   1.09360e-02   1.08728e-02   1.08350e-02   1.08224e-02   1.08350e-02   1.08727e-02   1.09360e-02   1.10251e-02   1.11405e-02   1.12831e-02   1.14535e-02   1.16528e-02   1.18822e-02   1.21429e-02   1.24364e-02   1.27642e-02   1.31281e-02   1.35299e-02   1.39718e-02   1.44561e-02   1.49852e-02   1.55619e-02   1.61893e-02   1.68707e-02   1.76099e-02   1.84115e-02   1.92813e-02   2.02283e-02   2.12712e-02   2.24578e-02   2.39299e-02   2.61690e-02   3.25969e-02   2.35357e-01   2.18414e-01   2.16091e-01   2.15278e-01   2.13754e-01   2.07763e-01   4.95452e-03   2.10630e-02   2.21477e-02   2.11993e-02   1.99697e-02
  -4.50000e-03   2.70304e-02   3.13676e-02   3.67380e-02   4.33351e-02   5.13204e-02   6.07802e-02   7.16929e-02   7.92934e-02   1.79003e-01   1.74593e-01   1.67955e-01   1.58479e-01   1.46207e-01   1.35779e-01   3.12336e-02   2.88332e-02   2.65470e-02   2.47724e-02   2.33188e-02   2.20964e-02   2.10503e-02   2.01417e-02   1.93419e-02   1.86305e-02   1.79930e-02   1.74190e-02   1.69011e-02   1.64337e-02   1.60129e-02   1.56353e-02   1.52982e-02   1.49994e-02   1.47371e-02   1.45096e-02   1.43153e-02   1.41531e-02   1.40219e-02   1.39207e-02   1.38490e-02   1.38061e-02   1.37918e-02   1.38061e-02   1.38489e-02   1.39206e-02   1.40216e-02   1.41527e-02   1.43147e-02   1.45087e-02   1.47358e-02   1.49973e-02   1.52949e-02   1.56300e-02   1.60045e-02   1.64203e-02   1.68795e-02   1.73844e-02   1.79374e-02   1.85412e-02   1.91989e-02   1.99141e-02   2.06917e-02   2.15398e-02   2.24757e-02   2.35459e-02   2.48910e-02   2.69910e-02   3.32668e-02   2.35814e-01   2.18472e-01   2.15724e-01   2.14458e-01   2.12458e-01   2.05974e-01   2.74856e-03   1.86750e-02   1.96040e-02   1.85361e-02   1.72348e-02   1.60461e-02   1.50292e-02   1.41711e-02
  -5.25000e-03   1.64744e-02   1.86874e-02   2.14594e-02   2.49407e-02   2.93038e-02   3.47366e-02   4.14269e-02   4.95306e-02   5.91290e-02   7.01957e-02   7.79615e-02   1.78032e-01   1.74029e-01   1.67783e-01   1.58680e-01   1.46761e-01   1.36670e-01   3.23033e-02   3.00360e-02   2.78771e-02   2.62244e-02   2.48875e-02   2.37775e-02   2.28400e-02   2.20366e-02   2.13394e-02   2.07283e-02   2.01891e-02   1.97117e-02   1.92889e-02   1.89155e-02   1.85873e-02   1.83011e-02   1.80544e-02   1.78450e-02   1.76709e-02   1.75307e-02   1.74229e-02   1.73467e-02   1.73013e-02   1.72861e-02   1.73011e-02   1.73464e-02   1.74224e-02   1.75298e-02   1.76696e-02   1.78429e-02   1.80511e-02   1.82959e-02   1.85789e-02   1.89020e-02   1.92673e-02   1.96770e-02   2.01332e-02   2.06387e-02   2.11960e-02   2.18086e-02   2.24808e-02   2.32201e-02   2.40432e-02   2.49962e-02   2.62186e-02   2.81899e-02   3.43303e-02   2.36695e-01   2.19015e-01   2.15910e-01   2.14272e-01   2.11882e-01   2.04994e-01   1.41169e-03   1.71755e-02   1.79522e-02   1.67469e-02   1.53279e-02   1.40463e-02   1.29670e-02   1.20828e-02   1.13641e-02   1.07756e-02   1.02817e-02
  -6.00000e-03   1.27382e-02   1.42230e-02   1.60785e-02   1.84164e-02   2.13717e-02   2.51047e-02   2.98013e-02   3.56672e-02   4.29146e-02   5.17295e-02   6.22149e-02   7.43189e-02   8.78004e-02   9.30152e-02   2.81542e-01   2.60611e-01   2.43430e-01   3.69185e-02   3.41530e-02   3.12876e-02   2.91965e-02   2.75555e-02   2.62279e-02   2.51350e-02   2.42213e-02   2.34455e-02   2.27782e-02   2.21982e-02   2.16909e-02   2.12459e-02   2.08557e-02   2.05151e-02   2.02196e-02   1.99661e-02   1.97517e-02   1.95741e-02   1.94315e-02   1.93222e-02   1.92451e-02   1.91991e-02   1.91838e-02   1.91989e-02   1.92446e-02   1.93214e-02   1.94302e-02   1.95720e-02   1.97483e-02   1.99608e-02   2.02112e-02   2.05016e-02   2.08341e-02   2.12110e-02   2.16349e-02   2.21081e-02   2.26337e-02   2.32147e-02   2.38550e-02   2.45607e-02   2.53435e-02   2.62326e-02   2.73135e-02   2.88537e-02   3.17820e-02   4.28531e-02   4.45909e-01   4.07482e-01   3.90059e-01  -1.65017e-02   1.66165e-02   1.97085e-02   1.86208e-02   1.68661e-02   1.51675e-02   1.36919e-02   1.24659e-02   1.14713e-02   1.06744e-02   1.00372e-02   9.52311e-03   9.09849e-03   8.73400e-03
# Total Longitudinally Integrated Squared Transverse Magnetic Field [T2m]
START
                -1.00000e-02  -9.75000e-03  -9.50000e-03  -9.25000e-03  -9.00000e-03  -8.75000e-03  -8.50000e-03  -8.25000e-03  -8.00000e-03  -7.75000e-03  -7.50000e-03  -7.25000e-03  -7.00000e-03  -6.75000e-03  -6.50000e-03  -6.25000e-03  -6.00000e-03  -5.75000e-03  -5.50000e-03  -5.25000e-03  -5.00000e-03  -4.75000e-03  -4.50000e-03  -4.25000e-03  -4.00000e-03  -3.75000e-03  -3.50000e-03  -3.25000e-03  -3.00000e-03  -2.75000e-03  -2.50000e-03  -2.25000e-03  -2.00000e-03  -1.75000e-03  -1.50000e-03  -1.25000e-03  -1.00000e-03  -7.50000e-04  -5.00000e-04  -2.50000e-04   0.00000e+00   2.50000e-04   5.00000e-04   7.50000e-04   1.00000e-03   1.25000e-03   1.50000e-03   1.75000e-03   2.00000e-03   2.25000e-03   2.50000e-03   2.75000e-03   3.00000e-03   3.25000e-03   3.50000e-03   3.75000e-03   4.00000e-03   4.25000e-03   4.50000e-03   4.75000e-03   5.00000e-03   5.25000e-03   5.50000e-03   5.75000e-03   6.00000e-03   6.25000e-03   6.50000e-03   6.75000e-03   7.00000e-03   7.25000e-03   7.50000e-03   7.75000e-03   8.00000e-03   8.25000e-03   8.50000e-03   8.75000e-03   9.00000e-03   9.25000e-03   9.50000e-03   9.75000e-03   1.00000e-02
   6.00000e-03   4.63409e+00   4.67398e+00   4.71775e+00   4.76517e+00   4.81597e+00   4.86987e+00   4.92657e+00   4.98579e+00   5.04722e+00   5.11059e+00   5.17560e+00   5.24198e+00   5.30946e+00   5.37778e+00   5.44672e+00   5.51619e+00   5.58688e+00   5.38025e+00   5.19006e+00   5.03797e+00   4.90919e+00   4.79733e+00   4.69880e+00   4.61129e+00   4.53321e+00   4.46335e+00   4.40080e+00   4.34485e+00   4.29489e+00   4.25044e+00   4.21108e+00   4.17645e+00   4.14625e+00   4.12020e+00   4.09809e+00   4.07971e+00   4.06490e+00   4.05352e+00   4.04547e+00   4.04067e+00   4.03908e+00   4.04068e+00   4.04549e+00   4.05355e+00   4.06495e+00   4.07978e+00   4.09818e+00   4.12033e+00   4.14641e+00   4.17667e+00   4.21137e+00   4.25083e+00   4.29541e+00   4.34553e+00   4.40171e+00   4.46456e+00   4.53482e+00   4.61344e+00   4.70166e+00   4.80116e+00   4.91436e+00   5.04507e+00   5.20006e+00   5.39524e+00   5.60798e+00   5.53690e+00   5.46770e+00   5.39929e+00   5.33161e+00   5.26480e+00   5.19907e+00   5.13465e+00   5.07184e+00   5.01089e+00   4.95211e+00   4.89580e+00   4.84225e+00   4.79176e+00   4.74462e+00   4.70110e+00   4.66144e+00
   5.25000e-03   4.38034e+00   4.41653e+00   4.45754e+00   4.50298e+00   4.55243e+00   4.60547e+00   4.66168e+00   4.72064e+00   4.78193e+00   4.84515e+00   4.90991e+00   4.97587e+00   5.04284e+00   5.11137e+00   4.90984e+00   4.72635e+00   4.58052e+00   4.45747e+00   4.35078e+00   4.25682e+00   4.17326e+00   4.09846e+00   4.03122e+00   3.97062e+00   3.91595e+00   3.86661e+00   3.82212e+00   3.78209e+00   3.74616e+00   3.71404e+00   3.68548e+00   3.66026e+00   3.63818e+00   3.61908e+00   3.60282e+00   3.58926e+00   3.57831e+00   3.56988e+00   3.56391e+00   3.56035e+00   3.55916e+00   3.56035e+00   3.56392e+00   3.56990e+00   3.57833e+00   3.58929e+00   3.60286e+00   3.61914e+00   3.63825e+00   3.66035e+00   3.68560e+00   3.71420e+00   3.74638e+00   3.78238e+00   3.82251e+00   3.86712e+00   3.91663e+00   3.97152e+00   4.03241e+00   4.10004e+00   4.17537e+00   4.25964e+00   4.35455e+00   4.46256e+00   4.58748e+00   4.73617e+00   4.92452e+00   5.13201e+00   5.06297e+00   4.99619e+00   4.93072e+00   4.86657e+00   4.80400e+00   4.74334e+00   4.68497e+00   4.62930e+00   4.57674e+00   4.52773e+00   4.48269e+00   4.44204e+00   4.40617e+00
   4.50000e-03   4.07252e+00   4.10763e+00   4.14885e+00   4.19556e+00   4.24713e+00   4.30291e+00   4.36227e+00   4.42460e+00   4.48935e+00   4.55613e+00   4.62525e+00   4.43314e+00   4.26122e+00   4.12660e+00   4.01435e+00   3.91794e+00   3.83368e+00   3.75917e+00   3.69276e+00   3.63321e+00   3.57960e+00   3.53118e+00   3.48738e+00   3.44771e+00   3.41177e+00   3.37924e+00   3.34984e+00   3.32331e+00   3.29946e+00   3.27810e+00   3.25908e+00   3.24226e+00   3.22751e+00   3.21474e+00   3.20385e+00   3.19477e+00   3.18742e+00   3.18176e+00   3.17775e+00   3.17535e+00   3.17456e+00   3.17536e+00   3.17775e+00   3.18177e+00   3.18743e+00   3.19478e+00   3.20387e+00   3.21476e+00   3.22754e+00   3.24230e+00   3.25914e+00   3.27817e+00   3.29956e+00   3.32344e+00   3.35000e+00   3.37946e+00   3.41206e+00   3.44809e+00   3.48788e+00   3.53185e+00   3.58048e+00   3.63439e+00   3.69432e+00   3.76124e+00   3.83644e+00   3.92163e+00   4.01933e+00   4.13342e+00   4.27080e+00   4.44747e+00   4.64534e+00   4.57557e+00   4.50891e+00   4.44460e+00   4.38285e+00   4.32412e+00   4.26895e+00   4.21797e+00   4.17179e+00   4.13106e+00   4.09640e+00
   3.75000e-03   3.70256e+00   3.74087e+00   3.78699e+00   3.83991e+00   3.89857e+00   3.96203e+00   4.02951e+00   4.10092e+00   3.92238e+00   3.76697e+00   3.64870e+00   3.55245e+00   3.47155e+00   3.40220e+00   3.34191e+00   3.28897e+00   3.24210e+00   3.20034e+00   3.16295e+00   3.12934e+00   3.09903e+00   3.07164e+00   3.04685e+00   3.02440e+00   3.00406e+00   2.98566e+00   2.96902e+00   2.95402e+00   2.94053e+00   2.92846e+00   2.91770e+00   2.90819e+00   2.89986e+00   2.89264e+00   2.88649e+00   2.88136e+00   2.87721e+00   2.87401e+00   2.87174e+00   2.87039e+00   2.86994e+00   2.87039e+00   2.87175e+00   2.87401e+00   2.87721e+00   2.88136e+00   2.88650e+00   2.89265e+00   2.89987e+00   2.90821e+00   2.91773e+00   2.92849e+00   2.94057e+00   2.95407e+00   2.96909e+00   2.98575e+00   3.00419e+00   3.02456e+00   3.04707e+00   3.07192e+00   3.09940e+00   3.12983e+00   3.16360e+00   3.20120e+00   3.24324e+00   3.29049e+00   3.34393e+00   3.40488e+00   3.47514e+00   3.55729e+00   3.65532e+00   3.77626e+00   3.93626e+00   4.12033e+00   4.04812e+00   3.98068e+00   3.91761e+00   3.85949e+00   3.80718e+00   3.76166e+00   3.72394e+00
   3.00000e-03   3.26278e+00   3.31162e+00   3.37017e+00   3.43682e+00   3.51065e+00   3.34993e+00   3.21665e+00   3.12069e+00   3.04654e+00   2.98727e+00   2.93886e+00   2.89868e+00   2.86491e+00   2.83622e+00   2.81159e+00   2.79029e+00   2.77171e+00   2.75540e+00   2.74099e+00   2.72819e+00   2.71678e+00   2.70657e+00   2.69741e+00   2.68917e+00   2.68176e+00   2.67508e+00   2.66908e+00   2.66370e+00   2.65888e+00   2.65458e+00   2.65076e+00   2.64740e+00   2.64446e+00   2.64193e+00   2.63977e+00   2.63798e+00   2.63653e+00   2.63541e+00   2.63463e+00   2.63416e+00   2.63400e+00   2.63416e+00   2.63463e+00   2.63542e+00   2.63653e+00   2.63798e+00   2.63977e+00   2.64193e+00   2.64447e+00   2.64741e+00   2.65077e+00   2.65459e+00   2.65889e+00   2.66372e+00   2.66911e+00   2.67512e+00   2.68181e+00   2.68924e+00   2.69750e+00   2.70669e+00   2.71694e+00   2.72840e+00   2.74126e+00   2.75576e+00   2.77219e+00   2.79092e+00   2.81243e+00   2.83733e+00   2.86638e+00   2.90063e+00   2.94145e+00   2.99073e+00   3.05120e+00   3.12704e+00   3.22557e+00   3.36322e+00   3.52919e+00   3.45438e+00   3.38766e+00   3.32944e+00   3.28112e+00
   2.25000e-03   2.75122e+00   2.82395e+00   2.68525e+00   2.58113e+00   2.51525e+00   2.47132e+00   2.44178e+00   2.42221e+00   2.40971e+00   2.40229e+00   2.39850e+00   2.39731e+00   2.39797e+00   2.39989e+00   2.40267e+00   2.40599e+00   2.40963e+00   2.41341e+00   2.41722e+00   2.42097e+00   2.42460e+00   2.42807e+00   2.43135e+00   2.43444e+00   2.43733e+00   2.44001e+00   2.44248e+00   2.44475e+00   2.44684e+00   2.44873e+00   2.45044e+00   2.45197e+00   2.45333e+00   2.45452e+00   2.45555e+00   2.45641e+00   2.45712e+00   2.45766e+00   2.45805e+00   2.45829e+00   2.45836e+00   2.45829e+00   2.45805e+00   2.45766e+00   2.45712e+00   2.45641e+00   2.45555e+00   2.45452e+00   2.45333e+00   2.45197e+00   2.45044e+00   2.44873e+00   2.44684e+00   2.44476e+00   2.44249e+00   2.44002e+00   2.43735e+00   2.43447e+00   2.43139e+00   2.42812e+00   2.42466e+00   2.42106e+00   2.41734e+00   2.41356e+00   2.40983e+00   2.40626e+00   2.40302e+00   2.40035e+00   2.39857e+00   2.39811e+00   2.39955e+00   2.40368e+00   2.41157e+00   2.42467e+00   2.44506e+00   2.47572e+00   2.52125e+00   2.58952e+00   2.69773e+00   2.84128e+00   2.76736e+00
   1.50000e-03   1.82618e+00   1.80204e+00   1.80073e+00   1.81319e+00   1.83410e+00   1.86004e+00   1.88877e+00   1.91876e+00   1.94899e+00   1.97876e+00   2.00761e+00   2.03524e+00   2.06147e+00   2.08621e+00   2.10941e+00   2.13107e+00   2.15123e+00   2.16993e+00   2.18724e+00   2.20322e+00   2.21795e+00   2.23150e+00   2.24394e+00   2.25535e+00   2.26578e+00   2.27530e+00   2.28397e+00   2.29184e+00   2.29896e+00   2.30536e+00   2.31110e+00   2.31619e+00   2.32068e+00   2.32458e+00   2.32792e+00   2.33072e+00   2.33299e+00   2.33474e+00   2.33599e+00   2.33673e+00   2.33698e+00   2.33673e+00   2.33599e+00   2.33474e+00   2.33299e+00   2.33072e+00   2.32792e+00   2.32458e+00   2.32068e+00   2.31619e+00   2.31110e+00   2.30537e+00   2.29896e+00   2.29184e+00   2.28398e+00   2.27531e+00   2.26579e+00   2.25536e+00   2.24396e+00   2.23152e+00   2.21798e+00   2.20325e+00   2.18728e+00   2.16999e+00   2.15131e+00   2.13118e+00   2.10955e+00   2.08639e+00   2.06172e+00   2.03556e+00   2.00803e+00   1.97932e+00   1.94973e+00   1.91973e+00   1.89005e+00   1.86173e+00   1.83634e+00   1.81617e+00   1.80472e+00   1.80747e+00   1.83375e+00
   7.50000e-04   1.09397e+00   1.17365e+00   1.25366e+00   1.33172e+00   1.40654e+00   1.47744e+00   1.54410e+00   1.60643e+00   1.66446e+00   1.71832e+00   1.76819e+00   1.81428e+00   1.85680e+00   1.89599e+00   1.93207e+00   1.96525e+00   1.99574e+00   2.02374e+00   2.04943e+00   2.07299e+00   2.09458e+00   2.11434e+00   2.13241e+00   2.14892e+00   2.16398e+00   2.17769e+00   2.19014e+00   2.20143e+00   2.21161e+00   2.22077e+00   2.22895e+00   2.23621e+00   2.24260e+00   2.24815e+00   2.25290e+00   2.25687e+00   2.26009e+00   2.26257e+00   2.26434e+00   2.26539e+00   2.26574e+00   2.26539e+00   2.26434e+00   2.26257e+00   2.26009e+00   2.25687e+00   2.25290e+00   2.24815e+00   2.24260e+00   2.23621e+00   2.22895e+00   2.22077e+00   2.21161e+00   2.20143e+00   2.19014e+00   2.17769e+00   2.16398e+00   2.14892e+00   2.13242e+00   2.11435e+00   2.09459e+00   2.07300e+00   2.04945e+00   2.02376e+00   1.99577e+00   1.96528e+00   1.93212e+00   1.89606e+00   1.85689e+00   1.81439e+00   1.76834e+00   1.71851e+00   1.66471e+00   1.60676e+00   1.54454e+00   1.47802e+00   1.40731e+00   1.33273e+00   1.25499e+00   1.17541e+00   1.09631e+00
   0.00000e+00   8.28279e-01   9.48543e-01   1.06002e+00   1.16301e+00   1.25798e+00   1.34541e+00   1.42584e+00   1.49977e+00   1.56768e+00   1.63004e+00   1.68727e+00   1.73979e+00   1.78796e+00   1.83213e+00   1.87264e+00   1.90976e+00   1.94378e+00   1.97495e+00   2.00349e+00   2.02963e+00   2.05354e+00   2.07540e+00   2.09537e+00   2.11361e+00   2.13022e+00   2.14534e+00   2.15907e+00   2.17150e+00   2.18272e+00   2.19280e+00   2.20181e+00   2.20980e+00   2.21682e+00   2.22292e+00   2.22814e+00   2.23251e+00   2.23605e+00   2.23878e+00   2.24072e+00   2.24188e+00   2.24226e+00   2.24188e+00   2.24072e+00   2.23878e+00   2.23605e+00   2.23251e+00   2.22814e+00   2.22292e+00   2.21682e+00   2.20980e+00   2.20181e+00   2.19280e+00   2.18272e+00   2.17150e+00   2.15907e+00   2.14534e+00   2.13022e+00   2.11361e+00   2.09537e+00   2.07540e+00   2.05354e+00   2.02963e+00   2.00349e+00   1.97495e+00   1.94378e+00   1.90976e+00   1.87264e+00   1.83213e+00   1.78796e+00   1.73979e+00   1.68727e+00   1.63004e+00   1.56768e+00   1.49977e+00   1.42584e+00   1.34541e+00   1.25797e+00   1.16301e+00   1.06002e+00   9.48543e-01   8.28278e-01
  -7.50000e-04   1.09631e+00   1.17541e+00   1.25499e+00   1.33273e+00   1.40731e+00   1.47802e+00   1.54454e+00   1.60676e+00   1.66471e+00   1.71851e+00   1.76834e+00   1.81439e+00   1.85689e+00   1.89606e+00   1.93212e+00   1.96529e+00   1.99577e+00   2.02376e+00   2.04945e+00   2.07300e+00   2.09459e+00   2.11435e+00   2.13242e+00   2.14892e+00   2.16398e+00   2.17769e+00   2.19014e+00   2.20143e+00   2.21161e+00   2.22077e+00   2.22895e+00   2.23621e+00   2.24260e+00   2.24815e+00   2.25290e+00   2.25687e+00   2.26009e+00   2.26257e+00   2.26434e+00   2.26539e+00   2.26574e+00   2.26539e+00   2.26434e+00   2.26257e+00   2.26009e+00   2.25687e+00   2.25290e+00   2.24815e+00   2.24260e+00   2.23621e+00   2.22895e+00   2.22077e+00   2.21161e+00   2.20143e+00   2.19014e+00   2.17769e+00   2.16398e+00   2.14892e+00   2.13241e+00   2.11434e+00   2.09458e+00   2.07299e+00   2.04943e+00   2.02374e+00   1.99574e+00   1.96525e+00   1.93207e+00   1.89599e+00   1.85680e+00   1.81428e+00   1.76819e+00   1.71832e+00   1.66446e+00   1.60643e+00   1.54410e+00   1.47744e+00   1.40654e+00   1.33172e+00   1.25366e+00   1.17365e+00   1.09397e+00
  -1.50000e-03   1.83375e+00   1.80747e+00   1.80472e+00   1.81617e+00   1.83634e+00   1.86173e+00   1.89005e+00   1.91973e+00   1.94973e+00   1.97932e+00   2.00803e+00   2.03556e+00   2.06172e+00   2.08639e+00   2.10955e+00   2.13118e+00   2.15131e+00   2.16999e+00   2.18728e+00   2.20325e+00   2.21798e+00   2.23152e+00   2.24396e+00   2.25536e+00   2.26579e+00   2.27531e+00   2.28398e+00   2.29184e+00   2.29896e+00   2.30537e+00   2.31110e+00   2.31619e+00   2.32068e+00   2.32458e+00   2.32792e+00   2.33072e+00   2.33299e+00   2.33474e+00   2.33599e+00   2.33673e+00   2.33698e+00   2.33673e+00   2.33599e+00   2.33474e+00   2.33299e+00   2.33072e+00   2.32792e+00   2.32458e+00   2.32068e+00   2.31619e+00   2.31110e+00   2.30536e+00   2.29896e+00   2.29184e+00   2.28397e+00   2.27530e+00   2.26578e+00   2.25535e+00   2.24394e+00   2.23150e+00   2.21795e+00   2.20322e+00   2.18724e+00   2.16993e+00   2.15123e+00   2.13107e+00   2.10941e+00   2.08621e+00   2.06147e+00   2.03524e+00   2.00761e+00   1.97876e+00   1.94899e+00   1.91876e+00   1.88877e+00   1.86004e+00   1.83410e+00   1.81319e+00   1.80073e+00   1.80204e+00   1.82618e+00
  -2.25000e-03   2.76736e+00   2.84128e+00   2.69773e+00   2.58952e+00   2.52125e+00   2.47572e+00   2.44506e+00   2.42467e+00   2.41157e+00   2.40368e+00   2.39955e+00   2.39811e+00   2.39857e+00   2.40035e+00   2.40302e+00   2.40626e+00   2.40983e+00   2.41356e+00   2.41734e+00   2.42106e+00   2.42466e+00   2.42812e+00   2.43139e+00   2.43447e+00   2.43735e+00   2.44002e+00   2.44249e+00   2.44476e+00   2.44684e+00   2.44873e+00   2.45044e+00   2.45197e+00   2.45333e+00   2.45452e+00   2.45555e+00   2.45641e+00   2.45712e+00   2.45766e+00   2.45805e+00   2.45829e+00   2.45836e+00   2.45829e+00   2.45805e+00   2.45766e+00   2.45712e+00   2.45641e+00   2.45555e+00   2.45452e+00   2.45333e+00   2.45197e+00   2.45044e+00   2.44873e+00   2.44684e+00   2.44475e+00   2.44248e+00   2.44001e+00   2.43733e+00   2.43444e+00   2.43135e+00   2.42807e+00   2.42460e+00   2.42097e+00   2.41722e+00   2.41341e+00   2.40963e+00   2.40599e+00   2.40267e+00   2.39989e+00   2.39797e+00   2.39731e+00   2.39850e+00   2.40229e+00   2.40971e+00   2.42221e+00   2.44178e+00   2.47132e+00   2.51525e+00   2.58113e+00   2.68525e+00   2.82395e+00   2.75122e+00
  -3.00000e-03   3.28112e+00   3.32944e+00   3.38766e+00   3.45438e+00   3.52919e+00   3.36322e+00   3.22557e+00   3.12704e+00   3.05120e+00   2.99073e+00   2.94145e+00   2.90063e+00   2.86638e+00   2.83733e+00   2.81243e+00   2.79092e+00   2.77219e+00   2.75576e+00   2.74126e+00   2.72840e+00   2.71694e+00   2.70669e+00   2.69750e+00   2.68924e+00   2.68181e+00   2.67512e+00   2.66911e+00   2.66372e+00   2.65889e+00   2.65459e+00   2.65077e+00   2.64741e+00   2.64447e+00   2.64193e+00   2.63977e+00   2.63798e+00   2.63653e+00   2.63542e+00   2.63463e+00   2.63416e+00   2.63400e+00   2.63416e+00   2.63463e+00   2.63541e+00   2.63653e+00   2.63798e+00   2.63977e+00   2.64193e+00   2.64446e+00   2.64740e+00   2.65076e+00   2.65458e+00   2.65888e+00   2.66370e+00   2.66908e+00   2.67508e+00   2.68176e+00   2.68917e+00   2.69741e+00   2.70657e+00   2.71678e+00   2.72819e+00   2.74099e+00   2.75540e+00   2.77171e+00   2.79029e+00   2.81159e+00   2.83622e+00   2.86491e+00   2.89868e+00   2.93886e+00   2.98727e+00   3.04654e+00   3.12069e+00   3.21665e+00   3.34993e+00   3.51065e+00   3.43682e+00   3.37017e+00   3.31162e+00   3.26278e+00
  -3.75000e-03   3.72394e+00   3.76166e+00   3.80718e+00   3.85949e+00   3.91761e+00   3.98068e+00   4.04812e+00   4.12033e+00   3.93626e+00   3.77626e+00   3.65531e+00   3.55729e+00   3.47514e+00   3.40488e+00   3.34393e+00   3.29049e+00   3.24324e+00   3.20120e+00   3.16360e+00   3.12983e+00   3.09940e+00   3.07192e+00   3.04707e+00   3.02456e+00   3.00419e+00   2.98575e+00   2.96909e+00   2.95407e+00   2.94057e+00   2.92849e+00   2.91773e+00   2.90821e+00   2.89987e+00   2.89265e+00   2.88650e+00   2.88136e+00   2.87721e+00   2.87401e+00   2.87175e+00   2.87039e+00   2.86994e+00   2.87039e+00   2.87174e+00   2.87401e+00   2.87721e+00   2.88136e+00   2.88649e+00   2.89264e+00   2.89986e+00   2.90819e+00   2.91770e+00   2.92846e+00   2.94053e+00   2.95402e+00   2.96902e+00   2.98566e+00   3.00406e+00   3.02440e+00   3.04685e+00   3.07164e+00   3.09903e+00   3.12934e+00   3.16295e+00   3.20034e+00   3.24210e+00   3.28897e+00   3.34191e+00   3.40220e+00   3.47155e+00   3.55245e+00   3.64870e+00   3.76697e+00   3.92238e+00   4.10092e+00   4.02951e+00   3.96203e+00   3.89857e+00   3.83990e+00   3.78699e+00   3.74087e+00   3.70256e+00
  -4.50000e-03   4.09640e+00   4.13106e+00   4.17179e+00   4.21797e+00   4.26895e+00   4.32412e+00   4.38285e+00   4.44460e+00   4.50891e+00   4.57557e+00   4.64534e+00   4.44747e+00   4.27080e+00   4.13342e+00   4.01933e+00   3.92163e+00   3.83644e+00   3.76124e+00   3.69432e+00   3.63439e+00   3.58048e+00   3.53185e+00   3.48788e+00   3.44809e+00   3.41206e+00   3.37946e+00   3.35000e+00   3.32344e+00   3.29956e+00   3.27817e+00   3.25914e+00   3.24230e+00   3.22754e+00   3.21476e+00   3.20387e+00   3.19478e+00   3.18743e+00   3.18177e+00   3.17775e+00   3.17536e+00   3.17456e+00   3.17535e+00   3.17775e+00   3.18176e+00   3.18742e+00   3.19477e+00   3.20385e+00   3.21474e+00   3.22751e+00   3.24226e+00   3.25908e+00   3.27810e+00   3.29946e+00   3.32331e+00   3.34984e+00   3.37925e+00   3.41177e+00   3.44771e+00   3.48738e+00   3.53118e+00   3.57960e+00   3.63321e+00   3.69276e+00   3.75917e+00   3.83368e+00   3.91794e+00   4.01435e+00   4.12660e+00   4.26122e+00   4.43315e+00   4.62525e+00   4.55613e+00   4.48935e+00   4.42460e+00   4.36227e+00   4.30291e+00   4.24713e+00   4.19556e+00   4.14885e+00   4.10763e+00   4.07252e+00
  -5.25000e-03   4.40617e+00   4.44204e+00   4.48269e+00   4.52773e+00   4.57674e+00   4.62930e+00   4.68497e+00   4.74334e+00   4.80400e+00   4.86657e+00   4.93072e+00   4.99619e+00   5.06297e+00   5.13201e+00   4.92452e+00   4.73617e+00   4.58748e+00   4.46256e+00   4.35455e+00   4.25964e+00   4.17537e+00   4.10004e+00   4.03241e+00   3.97152e+00   3.91663e+00   3.86712e+00   3.82251e+00   3.78238e+00   3.74638e+00   3.71420e+00   3.68560e+00   3.66035e+00   3.63825e+00   3.61914e+00   3.60286e+00   3.58929e+00   3.57833e+00   3.56990e+00   3.56392e+00   3.56035e+00   3.55916e+00   3.56035e+00   3.56391e+00   3.56989e+00   3.57831e+00   3.58926e+00   3.60282e+00   3.61908e+00   3.63818e+00   3.66026e+00   3.68548e+00   3.71404e+00   3.74616e+00   3.78209e+00   3.82213e+00   3.86661e+00   3.91595e+00   3.97062e+00   4.03122e+00   4.09846e+00   4.17326e+00   4.25683e+00   4.35078e+00   4.45747e+00   4.58052e+00   4.72635e+00   4.90984e+00   5.11137e+00   5.04284e+00   4.97587e+00   4.90991e+00   4.84515e+00   4.78193e+00   4.72064e+00   4.66168e+00   4.60547e+00   4.55243e+00   4.50298e+00   4.45754e+00   4.41653e+00   4.38034e+00
  -6.00000e-03   4.66144e+00   4.70110e+00   4.74462e+00   4.79177e+00   4.84225e+00   4.89580e+00   4.95211e+00   5.01089e+00   5.07184e+00   5.13466e+00   5.19907e+00   5.26480e+00   5.33161e+00   5.39929e+00   5.46770e+00   5.53690e+00   5.60798e+00   5.39524e+00   5.20006e+00   5.04507e+00   4.91436e+00   4.80116e+00   4.70166e+00   4.61344e+00   4.53482e+00   4.46456e+00   4.40171e+00   4.34553e+00   4.29541e+00   4.25083e+00   4.21137e+00   4.17667e+00   4.14641e+00   4.12033e+00   4.09818e+00   4.07978e+00   4.06495e+00   4.05355e+00   4.04549e+00   4.04068e+00   4.03908e+00   4.04067e+00   4.04547e+00   4.05352e+00   4.06490e+00   4.07971e+00   4.09809e+00   4.12021e+00   4.14625e+00   4.17645e+00   4.21108e+00   4.25044e+00   4.29489e+00   4.34485e+00   4.40081e+00   4.46335e+00   4.53321e+00   4.61129e+00   4.69880e+00   4.79733e+00   4.90919e+00   5.03797e+00   5.19006e+00   5.38025e+00   5.58688e+00   5.51619e+00   5.44672e+00   5.37778e+00   5.30946e+00   5.24198e+00   5.17560e+00   5.11059e+00   5.04722e+00   4.98579e+00   4.92657e+00   4.86987e+00   4.81597e+00   4.76517e+00   4.71775e+00   4.67398e+00   4.63409e+00
