# Author : Radia User
# 
# Total Length of Longitudinal Interval [m]
3.6
# Number of Horizontal Points
81
# Number of Vertical Points
17
# Total Horizontal 2nd Order Kick [T2m2]
START
                -1.00000e-02  -9.75000e-03  -9.50000e-03  -9.25000e-03  -9.00000e-03  -8.75000e-03  -8.50000e-03  -8.25000e-03  -8.00000e-03  -7.75000e-03  -7.50000e-03  -7.25000e-03  -7.00000e-03  -6.75000e-03  -6.50000e-03  -6.25000e-03  -6.00000e-03  -5.75000e-03  -5.50000e-03  -5.25000e-03  -5.00000e-03  -4.75000e-03  -4.50000e-03  -4.25000e-03  -4.00000e-03  -3.75000e-03  -3.50000e-03  -3.25000e-03  -3.00000e-03  -2.75000e-03  -2.50000e-03  -2.25000e-03  -2.00000e-03  -1.75000e-03  -1.50000e-03  -1.25000e-03  -1.00000e-03  -7.50000e-04  -5.00000e-04  -2.50000e-04   0.00000e+00   2.50000e-04   5.00000e-04   7.50000e-04   1.00000e-03   1.25000e-03   1.50000e-03   1.75000e-03   2.00000e-03   2.25000e-03   2.50000e-03   2.75000e-03   3.00000e-03   3.25000e-03   3.50000e-03   3.75000e-03   4.00000e-03   4.25000e-03   4.50000e-03   4.75000e-03   5.00000e-03   5.25000e-03   5.50000e-03   5.75000e-03   6.00000e-03   6.25000e-03   6.50000e-03   6.75000e-03   7.00000e-03   7.25000e-03   7.50000e-03   7.75000e-03   8.00000e-03   8.25000e-03   8.50000e-03   8.75000e-03   9.00000e-03   9.25000e-03   9.50000e-03   9.75000e-03   1.00000e-02
   6.00000e-03   4.97079e-03   5.43657e-03   6.54162e-03   8.03680e-03   1.00182e-02   1.26031e-02   1.59331e-02   2.01757e-02   2.55229e-02   3.21841e-02   4.03658e-02   5.02309e-02   6.18260e-02   7.50023e-02   8.94127e-02   9.07386e-02   3.63451e-01   3.34560e-01   2.61058e-02   2.35278e-02   2.04186e-02   1.82170e-02   1.64923e-02   1.50747e-02   1.38719e-02   1.28184e-02   1.18654e-02   1.09772e-02   1.01285e-02   9.30161e-03   8.48438e-03   7.66867e-03   6.84912e-03   6.02240e-03   5.18666e-03   4.34121e-03   3.48631e-03   2.62294e-03   1.75268e-03   8.77590e-04  -2.36061e-09  -8.77595e-04  -1.75269e-03  -2.62294e-03  -3.48631e-03  -4.34122e-03  -5.18666e-03  -6.02241e-03  -6.84913e-03  -7.66867e-03  -8.48438e-03  -9.30161e-03  -1.01285e-02  -1.09772e-02  -1.18654e-02  -1.28184e-02  -1.38719e-02  -1.50748e-02  -1.64923e-02  -1.82170e-02  -2.04187e-02  -2.35280e-02  -2.61062e-02  -3.34560e-01  -3.63451e-01  -9.07384e-02  -8.94124e-02  -7.50021e-02  -6.18258e-02  -5.02309e-02  -4.03658e-02  -3.21840e-02  -2.55229e-02  -2.01757e-02  -1.59331e-02  -1.26031e-02  -1.00182e-02  -8.03681e-03  -6.54163e-03  -5.43658e-03  -4.97080e-03
   5.25000e-03   9.36317e-03   1.03829e-02   1.27605e-02   1.58927e-02   1.99488e-02   2.51219e-02   3.16221e-02   3.96564e-02   4.93877e-02   6.08621e-02   7.39306e-02   8.82447e-02   8.94842e-02   3.62089e-01   3.33142e-01   2.47290e-02   2.22181e-02   1.91865e-02   1.70723e-02   1.54443e-02   1.41326e-02   1.30445e-02   1.21147e-02   1.12942e-02   1.05475e-02   9.84912e-03   9.18131e-03   8.53179e-03   7.89211e-03   7.25642e-03   6.62068e-03   5.98215e-03   5.33903e-03   4.69023e-03   4.03527e-03   3.37413e-03   2.70719e-03   2.03520e-03   1.35916e-03   6.80302e-04  -1.83239e-09  -6.80306e-04  -1.35916e-03  -2.03520e-03  -2.70719e-03  -3.37413e-03  -4.03527e-03  -4.69024e-03  -5.33903e-03  -5.98215e-03  -6.62068e-03  -7.25642e-03  -7.89212e-03  -8.53180e-03  -9.18131e-03  -9.84913e-03  -1.05475e-02  -1.12942e-02  -1.21147e-02  -1.30446e-02  -1.41326e-02  -1.54443e-02  -1.70723e-02  -1.91867e-02  -2.22184e-02  -2.47294e-02  -3.33142e-01  -3.62089e-01  -8.94839e-02  -8.82444e-02  -7.39304e-02  -6.08620e-02  -4.93876e-02  -3.96564e-02  -3.16221e-02  -2.51219e-02  -1.99488e-02  -1.58928e-02  -1.27605e-02  -1.03829e-02  -9.36318e-03
   4.50000e-03   1.83005e-02   2.04424e-02   2.53449e-02   3.15935e-02   3.93974e-02   4.89203e-02   6.02084e-02   7.31120e-02   8.72812e-02   8.83942e-02   3.60734e-01   3.31544e-01   2.31180e-02   2.06607e-02   1.76945e-02   1.56562e-02   1.41135e-02   1.28951e-02   1.19077e-02   1.10849e-02   1.03774e-02   9.74907e-03   9.17425e-03   8.63489e-03   8.11850e-03   7.61644e-03   7.12262e-03   6.63278e-03   6.14385e-03   5.65365e-03   5.16063e-03   4.66374e-03   4.16231e-03   3.65601e-03   3.14482e-03   2.62893e-03   2.10877e-03   1.58498e-03   1.05831e-03   5.29660e-04  -1.42808e-09  -5.29663e-04  -1.05831e-03  -1.58498e-03  -2.10878e-03  -2.62893e-03  -3.14482e-03  -3.65602e-03  -4.16231e-03  -4.66374e-03  -5.16064e-03  -5.65365e-03  -6.14385e-03  -6.63278e-03  -7.12262e-03  -7.61644e-03  -8.11851e-03  -8.63489e-03  -9.17425e-03  -9.74908e-03  -1.03774e-02  -1.10849e-02  -1.19077e-02  -1.28952e-02  -1.41135e-02  -1.56563e-02  -1.76946e-02  -2.06609e-02  -2.31184e-02  -3.31545e-01  -3.60734e-01  -8.83940e-02  -8.72810e-02  -7.31118e-02  -6.02082e-02  -4.89202e-02  -3.93974e-02  -3.15935e-02  -2.53449e-02  -2.04424e-02  -1.83005e-02
   3.75000e-03   3.58543e-02   3.99783e-02   4.91363e-02   6.00976e-02   7.27132e-02   8.66320e-02   8.75299e-02   3.59398e-01   3.29727e-01   2.12051e-02   1.87822e-02   1.58689e-02   1.38991e-02   1.24374e-02   1.13102e-02   1.04219e-02   9.70463e-03   9.10761e-03   8.59370e-03   8.13635e-03   7.71696e-03   7.32257e-03   6.94419e-03   6.57551e-03   6.21203e-03   5.85054e-03   5.48868e-03   5.12475e-03   4.75747e-03   4.38599e-03   4.00970e-03   3.62828e-03   3.24161e-03   2.84977e-03   2.45301e-03   2.05174e-03   1.64648e-03   1.23790e-03   8.26736e-04   4.13814e-04  -1.11662e-09  -4.13816e-04  -8.26739e-04  -1.23790e-03  -1.64648e-03  -2.05174e-03  -2.45302e-03  -2.84978e-03  -3.24162e-03  -3.62828e-03  -4.00970e-03  -4.38599e-03  -4.75748e-03  -5.12475e-03  -5.48869e-03  -5.85054e-03  -6.21203e-03  -6.57551e-03  -6.94420e-03  -7.32257e-03  -7.71696e-03  -8.13635e-03  -8.59370e-03  -9.10762e-03  -9.70464e-03  -1.04219e-02  -1.13102e-02  -1.24374e-02  -1.38991e-02  -1.58691e-02  -1.87825e-02  -2.12055e-02  -3.29727e-01  -3.59398e-01  -8.75296e-02  -8.66317e-02  -7.27130e-02  -6.00975e-02  -4.91362e-02  -3.99783e-02  -3.58542e-02
   3.00000e-03   6.68442e-02   7.32638e-02   8.66834e-02   8.71552e-02   3.58243e-01   3.27724e-01   1.89253e-02   1.64967e-02   1.36138e-02   1.17022e-02   1.03203e-02   9.28905e-03   8.50851e-03   7.90727e-03   7.43190e-03   7.04316e-03   6.71295e-03   6.42149e-03   6.15500e-03   5.90390e-03   5.66147e-03   5.42296e-03   5.18499e-03   4.94510e-03   4.70153e-03   4.45301e-03   4.19862e-03   3.93776e-03   3.67004e-03   3.39531e-03   3.11354e-03   2.82490e-03   2.52968e-03   2.22828e-03   1.92122e-03   1.60913e-03   1.29270e-03   9.72717e-04   6.50013e-04   3.25470e-04   0.00000e+00  -3.25472e-04  -6.50015e-04  -9.72719e-04  -1.29270e-03  -1.60913e-03  -1.92122e-03  -2.22828e-03  -2.52968e-03  -2.82490e-03  -3.11354e-03  -3.39531e-03  -3.67005e-03  -3.93776e-03  -4.19862e-03  -4.45301e-03  -4.70154e-03  -4.94510e-03  -5.18499e-03  -5.42296e-03  -5.66147e-03  -5.90390e-03  -6.15500e-03  -6.42149e-03  -6.71295e-03  -7.04317e-03  -7.43191e-03  -7.90728e-03  -8.50852e-03  -9.28907e-03  -1.03203e-02  -1.17022e-02  -1.36140e-02  -1.64970e-02  -1.89257e-02  -3.27724e-01  -3.58243e-01  -8.71550e-02  -8.66832e-02  -7.32636e-02  -6.68441e-02
   2.25000e-03   8.12139e-02   3.58013e-01   3.25898e-01   1.62425e-02   1.37096e-02   1.08060e-02   8.93060e-03   7.62685e-03   6.70339e-03   6.05068e-03   5.59017e-03   5.26310e-03   5.02634e-03   4.84898e-03   4.70929e-03   4.59216e-03   4.48709e-03   4.38682e-03   4.28632e-03   4.18207e-03   4.07161e-03   3.95325e-03   3.82583e-03   3.68859e-03   3.54109e-03   3.38308e-03   3.21454e-03   3.03560e-03   2.84649e-03   2.64758e-03   2.43934e-03   2.22232e-03   1.99716e-03   1.76456e-03   1.52531e-03   1.28023e-03   1.03023e-03   7.76220e-04   5.19180e-04   2.60101e-04   0.00000e+00  -2.60103e-04  -5.19181e-04  -7.76222e-04  -1.03023e-03  -1.28024e-03  -1.52531e-03  -1.76456e-03  -1.99716e-03  -2.22232e-03  -2.43934e-03  -2.64758e-03  -2.84649e-03  -3.03560e-03  -3.21455e-03  -3.38308e-03  -3.54109e-03  -3.68860e-03  -3.82583e-03  -3.95325e-03  -4.07161e-03  -4.18207e-03  -4.28632e-03  -4.38682e-03  -4.48709e-03  -4.59216e-03  -4.70929e-03  -4.84898e-03  -5.02634e-03  -5.26310e-03  -5.59017e-03  -6.05069e-03  -6.70341e-03  -7.62688e-03  -8.93066e-03  -1.08061e-02  -1.37098e-02  -1.62429e-02  -3.25898e-01  -3.58013e-01  -8.12137e-02
   1.50000e-03   1.22454e-02   1.03407e-02   7.29032e-03   5.40246e-03   4.17588e-03   3.38694e-03   2.90367e-03   2.63222e-03   2.50351e-03   2.46754e-03   2.48887e-03   2.54290e-03   2.61277e-03   2.68701e-03   2.75793e-03   2.82038e-03   2.87098e-03   2.90755e-03   2.92876e-03   2.93385e-03   2.92248e-03   2.89460e-03   2.85037e-03   2.79013e-03   2.71431e-03   2.62347e-03   2.51823e-03   2.39927e-03   2.26733e-03   2.12320e-03   1.96773e-03   1.80180e-03   1.62631e-03   1.44224e-03   1.25057e-03   1.05233e-03   8.48561e-04   6.40342e-04   4.28767e-04   2.14946e-04   0.00000e+00  -2.14947e-04  -4.28768e-04  -6.40343e-04  -8.48562e-04  -1.05233e-03  -1.25057e-03  -1.44224e-03  -1.62631e-03  -1.80180e-03  -1.96773e-03  -2.12320e-03  -2.26733e-03  -2.39927e-03  -2.51823e-03  -2.62347e-03  -2.71431e-03  -2.79013e-03  -2.85037e-03  -2.89460e-03  -2.92248e-03  -2.93385e-03  -2.92876e-03  -2.90755e-03  -2.87098e-03  -2.82038e-03  -2.75793e-03  -2.68701e-03  -2.61277e-03  -2.54290e-03  -2.48887e-03  -2.46754e-03  -2.50352e-03  -2.63222e-03  -2.90368e-03  -3.38696e-03  -4.17591e-03  -5.40252e-03  -7.29043e-03  -1.03409e-02  -1.22457e-02
   7.50000e-04   2.74407e-04  -1.33361e-04  -7.30098e-04  -9.65011e-04  -9.65491e-04  -8.18728e-04  -5.84589e-04  -3.03737e-04  -3.39533e-06   2.98495e-04   5.90318e-04   8.64728e-04   1.11724e-03   1.34527e-03   1.54753e-03   1.72353e-03   1.87337e-03   1.99750e-03   2.09660e-03   2.17151e-03   2.22317e-03   2.25257e-03   2.26073e-03   2.24869e-03   2.21752e-03   2.16826e-03   2.10198e-03   2.01975e-03   1.92264e-03   1.81173e-03   1.68810e-03   1.55286e-03   1.40710e-03   1.25196e-03   1.08856e-03   9.18059e-04   7.41615e-04   5.60399e-04   3.75597e-04   1.88398e-04   0.00000e+00  -1.88399e-04  -3.75598e-04  -5.60400e-04  -7.41615e-04  -9.18060e-04  -1.08856e-03  -1.25196e-03  -1.40710e-03  -1.55286e-03  -1.68810e-03  -1.81173e-03  -1.92264e-03  -2.01975e-03  -2.10198e-03  -2.16826e-03  -2.21752e-03  -2.24869e-03  -2.26073e-03  -2.25257e-03  -2.22317e-03  -2.17151e-03  -2.09660e-03  -1.99750e-03  -1.87337e-03  -1.72353e-03  -1.54753e-03  -1.34527e-03  -1.11724e-03  -8.64726e-04  -5.90317e-04  -2.98494e-04   3.39673e-06   3.03738e-04   5.84589e-04   8.18727e-04   9.65488e-04   9.65003e-04   7.30082e-04   1.33331e-04  -2.74446e-04
   0.00000e+00  -4.10939e-03  -3.99925e-03  -3.70002e-03  -3.28093e-03  -2.80327e-03  -2.30467e-03  -1.80862e-03  -1.32970e-03  -8.76819e-04  -4.55143e-04  -6.74313e-05   2.85145e-04   6.02441e-04   8.84972e-04   1.13367e-03   1.34970e-03   1.53440e-03   1.68916e-03   1.81540e-03   1.91454e-03   1.98797e-03   2.03708e-03   2.06319e-03   2.06762e-03   2.05163e-03   2.01647e-03   1.96337e-03   1.89353e-03   1.80813e-03   1.70835e-03   1.59538e-03   1.47038e-03   1.33453e-03   1.18900e-03   1.03499e-03   8.73682e-04   7.06281e-04   5.33996e-04   3.58039e-04   1.79633e-04   0.00000e+00  -1.79633e-04  -3.58040e-04  -5.33997e-04  -7.06282e-04  -8.73682e-04  -1.03499e-03  -1.18900e-03  -1.33453e-03  -1.47038e-03  -1.59538e-03  -1.70835e-03  -1.80813e-03  -1.89353e-03  -1.96337e-03  -2.01647e-03  -2.05163e-03  -2.06762e-03  -2.06319e-03  -2.03708e-03  -1.98797e-03  -1.91453e-03  -1.81540e-03  -1.68916e-03  -1.53440e-03  -1.34970e-03  -1.13367e-03  -8.84971e-04  -6.02439e-04  -2.85143e-04   6.74334e-05   4.55145e-04   8.76821e-04   1.32971e-03   1.80862e-03   2.30468e-03   2.80327e-03   3.28093e-03   3.70002e-03   3.99925e-03   4.10939e-03
  -7.50000e-04  -1.21041e-03  -1.40570e-03  -1.61763e-03  -1.55612e-03  -1.34833e-03  -1.06226e-03  -7.37656e-04  -3.99153e-04  -6.25370e-05   2.61980e-04   5.67830e-04   8.50901e-04   1.10874e-03   1.34006e-03   1.54432e-03   1.72156e-03   1.87216e-03   1.99675e-03   2.09614e-03   2.17123e-03   2.22300e-03   2.25246e-03   2.26066e-03   2.24865e-03   2.21749e-03   2.16824e-03   2.10197e-03   2.01974e-03   1.92264e-03   1.81173e-03   1.68810e-03   1.55286e-03   1.40710e-03   1.25196e-03   1.08856e-03   9.18059e-04   7.41615e-04   5.60399e-04   3.75597e-04   1.88398e-04   0.00000e+00  -1.88399e-04  -3.75598e-04  -5.60400e-04  -7.41616e-04  -9.18060e-04  -1.08856e-03  -1.25196e-03  -1.40710e-03  -1.55286e-03  -1.68810e-03  -1.81173e-03  -1.92264e-03  -2.01974e-03  -2.10197e-03  -2.16824e-03  -2.21749e-03  -2.24865e-03  -2.26066e-03  -2.25246e-03  -2.22300e-03  -2.17123e-03  -2.09614e-03  -1.99675e-03  -1.87215e-03  -1.72156e-03  -1.54432e-03  -1.34005e-03  -1.10874e-03  -8.50899e-04  -5.67829e-04  -2.61978e-04   6.25388e-05   3.99155e-04   7.37658e-04   1.06227e-03   1.34834e-03   1.55612e-03   1.61763e-03   1.40570e-03   1.21041e-03
  -1.50000e-03   1.10880e-02   8.43544e-03   4.77987e-03   3.33440e-03   2.68138e-03   2.37298e-03   2.24007e-03   2.20752e-03   2.23563e-03   2.30021e-03   2.38504e-03   2.47876e-03   2.57326e-03   2.66272e-03   2.74300e-03   2.81121e-03   2.86534e-03   2.90409e-03   2.92663e-03   2.93254e-03   2.92167e-03   2.89409e-03   2.85006e-03   2.78993e-03   2.71419e-03   2.62340e-03   2.51818e-03   2.39924e-03   2.26731e-03   2.12319e-03   1.96773e-03   1.80179e-03   1.62631e-03   1.44224e-03   1.25057e-03   1.05233e-03   8.48561e-04   6.40342e-04   4.28767e-04   2.14946e-04   0.00000e+00  -2.14947e-04  -4.28768e-04  -6.40343e-04  -8.48562e-04  -1.05233e-03  -1.25057e-03  -1.44224e-03  -1.62631e-03  -1.80179e-03  -1.96773e-03  -2.12319e-03  -2.26731e-03  -2.39924e-03  -2.51818e-03  -2.62340e-03  -2.71419e-03  -2.78993e-03  -2.85006e-03  -2.89409e-03  -2.92167e-03  -2.93254e-03  -2.92663e-03  -2.90409e-03  -2.86534e-03  -2.81121e-03  -2.74300e-03  -2.66272e-03  -2.57326e-03  -2.47876e-03  -2.38504e-03  -2.30021e-03  -2.23563e-03  -2.20752e-03  -2.24007e-03  -2.37298e-03  -2.68138e-03  -3.33441e-03  -4.77990e-03  -8.43554e-03  -1.10881e-02
  -2.25000e-03  -8.73100e-02   5.67205e-01   6.30697e-01   2.68319e-02   1.15340e-02   8.15217e-03   6.78447e-03   6.08909e-03   5.66515e-03   5.37329e-03   5.15753e-03   4.99059e-03   4.85627e-03   4.74351e-03   4.64415e-03   4.55203e-03   4.46241e-03   4.37165e-03   4.27700e-03   4.17633e-03   4.06808e-03   3.95107e-03   3.82449e-03   3.68776e-03   3.54057e-03   3.38276e-03   3.21435e-03   3.03547e-03   2.84641e-03   2.64753e-03   2.43931e-03   2.22230e-03   1.99714e-03   1.76455e-03   1.52530e-03   1.28023e-03   1.03023e-03   7.76220e-04   5.19179e-04   2.60101e-04   0.00000e+00  -2.60102e-04  -5.19181e-04  -7.76221e-04  -1.03023e-03  -1.28023e-03  -1.52531e-03  -1.76455e-03  -1.99715e-03  -2.22230e-03  -2.43931e-03  -2.64753e-03  -2.84641e-03  -3.03547e-03  -3.21435e-03  -3.38276e-03  -3.54057e-03  -3.68776e-03  -3.82449e-03  -3.95107e-03  -4.06808e-03  -4.17633e-03  -4.27700e-03  -4.37165e-03  -4.46241e-03  -4.55203e-03  -4.64415e-03  -4.74351e-03  -4.85627e-03  -4.99059e-03  -5.15753e-03  -5.37329e-03  -5.66515e-03  -6.08910e-03  -6.78449e-03  -8.15221e-03  -1.15341e-02  -2.68323e-02  -6.30693e-01  -5.67203e-01   8.73043e-02
  -3.00000e-03   1.33886e-02   1.28630e-02   6.69713e-03  -4.33998e-02   5.67421e-01   6.32413e-01   2.93986e-02   1.42599e-02   1.09267e-02   9.53725e-03   8.77162e-03   8.24437e-03   7.82723e-03   7.47225e-03   7.15790e-03   6.87215e-03   6.60687e-03   6.35595e-03   6.11461e-03   5.87905e-03   5.64618e-03   5.41356e-03   5.17920e-03   4.94153e-03   4.69933e-03   4.45165e-03   4.19778e-03   3.93724e-03   3.66972e-03   3.39510e-03   3.11342e-03   2.82483e-03   2.52963e-03   2.22825e-03   1.92120e-03   1.60912e-03   1.29269e-03   9.72713e-04   6.50011e-04   3.25469e-04   0.00000e+00  -3.25471e-04  -6.50013e-04  -9.72715e-04  -1.29270e-03  -1.60912e-03  -1.92120e-03  -2.22825e-03  -2.52963e-03  -2.82483e-03  -3.11342e-03  -3.39511e-03  -3.66972e-03  -3.93724e-03  -4.19778e-03  -4.45165e-03  -4.69933e-03  -4.94153e-03  -5.17920e-03  -5.41356e-03  -5.64618e-03  -5.87905e-03  -6.11461e-03  -6.35595e-03  -6.60687e-03  -6.87216e-03  -7.15790e-03  -7.47225e-03  -7.82724e-03  -8.24437e-03  -8.77163e-03  -9.53726e-03  -1.09267e-02  -1.42600e-02  -2.93990e-02  -6.32409e-01  -5.67420e-01   4.33963e-02  -6.69809e-03  -1.28634e-02  -1.33888e-02
  -3.75000e-03   8.59651e-03   9.20163e-03   1.05371e-02   1.19228e-02   1.23174e-02   6.64288e-03  -4.30362e-02   5.68550e-01   6.34376e-01   3.16446e-02   1.65267e-02   1.31711e-02   1.17277e-02   1.08847e-02   1.02630e-02   9.73902e-03   9.26853e-03   8.83290e-03   8.42222e-03   8.02995e-03   7.65120e-03   7.28204e-03   6.91924e-03   6.56015e-03   6.20258e-03   5.84472e-03   5.48510e-03   5.12253e-03   4.75610e-03   4.38514e-03   4.00917e-03   3.62795e-03   3.24141e-03   2.84965e-03   2.45294e-03   2.05169e-03   1.64645e-03   1.23788e-03   8.26726e-04   4.13809e-04  -1.13453e-09  -4.13812e-04  -8.26729e-04  -1.23788e-03  -1.64645e-03  -2.05169e-03  -2.45294e-03  -2.84965e-03  -3.24141e-03  -3.62796e-03  -4.00918e-03  -4.38514e-03  -4.75611e-03  -5.12253e-03  -5.48510e-03  -5.84472e-03  -6.20258e-03  -6.56016e-03  -6.91924e-03  -7.28204e-03  -7.65120e-03  -8.02995e-03  -8.42222e-03  -8.83290e-03  -9.26854e-03  -9.73902e-03  -1.02630e-02  -1.08848e-02  -1.17277e-02  -1.31711e-02  -1.65268e-02  -3.16450e-02  -6.34372e-01  -5.68549e-01   4.30327e-02  -6.64383e-03  -1.23178e-02  -1.19230e-02  -1.05371e-02  -9.20163e-03  -8.59649e-03
  -4.50000e-03   4.96271e-03   5.28270e-03   6.07605e-03   7.18699e-03   8.62032e-03   1.03184e-02   1.20285e-02   1.27081e-02   7.27983e-03  -4.21909e-02   5.69862e-01   6.36171e-01   3.35425e-02   1.83964e-02   1.49913e-02   1.34815e-02   1.25587e-02   1.18465e-02   1.12238e-02   1.06482e-02   1.01022e-02   9.57732e-03   9.06766e-03   8.56901e-03   8.07789e-03   7.59143e-03   7.10723e-03   6.62331e-03   6.13802e-03   5.65006e-03   5.15842e-03   4.66237e-03   4.16146e-03   3.65549e-03   3.14449e-03   2.62872e-03   2.10865e-03   1.58490e-03   1.05827e-03   5.29641e-04  -1.45249e-09  -5.29644e-04  -1.05827e-03  -1.58491e-03  -2.10865e-03  -2.62873e-03  -3.14449e-03  -3.65549e-03  -4.16146e-03  -4.66237e-03  -5.15842e-03  -5.65006e-03  -6.13802e-03  -6.62331e-03  -7.10724e-03  -7.59143e-03  -8.07789e-03  -8.56901e-03  -9.06767e-03  -9.57732e-03  -1.01022e-02  -1.06482e-02  -1.12238e-02  -1.18465e-02  -1.25587e-02  -1.34815e-02  -1.49913e-02  -1.83965e-02  -3.35428e-02  -6.36167e-01  -5.69861e-01   4.21873e-02  -7.28078e-03  -1.27085e-02  -1.20286e-02  -1.03184e-02  -8.62032e-03  -7.18698e-03  -6.07602e-03  -5.28268e-03  -4.96269e-03
  -5.25000e-03   2.97876e-03   3.10327e-03   3.44703e-03   3.99699e-03   4.78714e-03   5.85039e-03   7.21207e-03   8.87496e-03   1.07804e-02   1.26754e-02   1.35178e-02   8.23064e-03  -4.11204e-02   5.71195e-01   6.37753e-01   3.51442e-02   1.99481e-02   1.64798e-02   1.48953e-02   1.38881e-02   1.30831e-02   1.23601e-02   1.16776e-02   1.10189e-02   1.03756e-02   9.74246e-03   9.11539e-03   8.49116e-03   7.86710e-03   7.24104e-03   6.61122e-03   5.97633e-03   5.33544e-03   4.68802e-03   4.03391e-03   3.37329e-03   2.70668e-03   2.03489e-03   1.35899e-03   6.80226e-04  -1.86591e-09  -6.80229e-04  -1.35899e-03  -2.03490e-03  -2.70668e-03  -3.37329e-03  -4.03391e-03  -4.68803e-03  -5.33545e-03  -5.97633e-03  -6.61122e-03  -7.24104e-03  -7.86711e-03  -8.49116e-03  -9.11539e-03  -9.74247e-03  -1.03756e-02  -1.10189e-02  -1.16776e-02  -1.23601e-02  -1.30831e-02  -1.38881e-02  -1.48954e-02  -1.64798e-02  -1.99482e-02  -3.51446e-02  -6.37749e-01  -5.71193e-01   4.11169e-02  -8.23159e-03  -1.35181e-02  -1.26755e-02  -1.07804e-02  -8.87495e-03  -7.21205e-03  -5.85037e-03  -4.78711e-03  -3.99697e-03  -3.44701e-03  -3.10326e-03  -2.97875e-03
  -6.00000e-03   1.94641e-03   1.98292e-03   2.10927e-03   2.35291e-03   2.73683e-03   3.28753e-03   4.03492e-03   5.01125e-03   6.24823e-03   7.77039e-03   9.58013e-03   1.16187e-02   1.36330e-02   1.45813e-02   9.38675e-03  -3.98853e-02   5.72536e-01   6.39159e-01   3.65147e-02   2.12536e-02   1.77092e-02   1.60384e-02   1.49351e-02   1.40247e-02   1.31872e-02   1.23811e-02   1.15899e-02   1.08053e-02   1.00219e-02   9.23573e-03   8.44379e-03   7.64371e-03   6.83379e-03   6.01299e-03   5.18088e-03   4.33768e-03   3.48416e-03   2.62166e-03   1.75197e-03   8.77274e-04  -2.40724e-09  -8.77278e-04  -1.75198e-03  -2.62167e-03  -3.48417e-03  -4.33768e-03  -5.18089e-03  -6.01299e-03  -6.83379e-03  -7.64371e-03  -8.44379e-03  -9.23573e-03  -1.00219e-02  -1.08053e-02  -1.15900e-02  -1.23811e-02  -1.31872e-02  -1.40247e-02  -1.49351e-02  -1.60384e-02  -1.77092e-02  -2.12537e-02  -3.65150e-02  -6.39155e-01  -5.72535e-01   3.98818e-02  -9.38770e-03  -1.45817e-02  -1.36332e-02  -1.16187e-02  -9.58013e-03  -7.77037e-03  -6.24820e-03  -5.01122e-03  -4.03490e-03  -3.28752e-03  -2.73682e-03  -2.35290e-03  -2.10926e-03  -1.98291e-03  -1.94641e-03
# Total Vertical 2nd Order Kick [T2m2]
START
                -1.00000e-02  -9.75000e-03  -9.50000e-03  -9.25000e-03  -9.00000e-03  -8.75000e-03  -8.50000e-03  -8.25000e-03  -8.00000e-03  -7.75000e-03  -7.50000e-03  -7.25000e-03  -7.00000e-03  -6.75000e-03  -6.50000e-03  -6.25000e-03  -6.00000e-03  -5.75000e-03  -5.50000e-03  -5.25000e-03  -5.00000e-03  -4.75000e-03  -4.50000e-03  -4.25000e-03  -4.00000e-03  -3.75000e-03  -3.50000e-03  -3.25000e-03  -3.00000e-03  -2.75000e-03  -2.50000e-03  -2.25000e-03  -2.00000e-03  -1.75000e-03  -1.50000e-03  -1.25000e-03  -1.00000e-03  -7.50000e-04  -5.00000e-04  -2.50000e-04   0.00000e+00   2.50000e-04   5.00000e-04   7.50000e-04   1.00000e-03   1.25000e-03   1.50000e-03   1.75000e-03   2.00000e-03   2.25000e-03   2.50000e-03   2.75000e-03   3.00000e-03   3.25000e-03   3.50000e-03   3.75000e-03   4.00000e-03   4.25000e-03   4.50000e-03   4.75000e-03   5.00000e-03   5.25000e-03   5.50000e-03   5.75000e-03   6.00000e-03   6.25000e-03   6.50000e-03   6.75000e-03   7.00000e-03   7.25000e-03   7.50000e-03   7.75000e-03   8.00000e-03   8.25000e-03   8.50000e-03   8.75000e-03   9.00000e-03   9.25000e-03   9.50000e-03   9.75000e-03   1.00000e-02
   6.00000e-03  -9.75233e-03  -1.12165e-02  -1.30499e-02  -1.53624e-02  -1.82872e-02  -2.19828e-02  -2.66330e-02  -3.24421e-02  -3.96202e-02  -4.83519e-02  -5.87389e-02  -7.07285e-02  -8.40814e-02  -8.91673e-02  -2.75472e-01  -2.51654e-01  -2.31466e-01  -2.41651e-02  -2.12170e-02  -1.81427e-02  -1.58280e-02  -1.39520e-02  -1.23797e-02  -1.10336e-02  -9.85936e-03  -8.81738e-03  -7.87987e-03  -7.02802e-03  -6.24960e-03  -5.53708e-03  -4.88614e-03  -4.29462e-03  -3.76179e-03  -3.28788e-03  -2.87368e-03  -2.52029e-03  -2.22896e-03  -2.00088e-03  -1.83713e-03  -1.73853e-03  -1.70561e-03  -1.73853e-03  -1.83713e-03  -2.00088e-03  -2.22896e-03  -2.52029e-03  -2.87368e-03  -3.28789e-03  -3.76179e-03  -4.29462e-03  -4.88614e-03  -5.53708e-03  -6.24960e-03  -7.02802e-03  -7.87988e-03  -8.81739e-03  -9.85937e-03  -1.10336e-02  -1.23797e-02  -1.39521e-02  -1.58280e-02  -1.81428e-02  -2.12171e-02  -2.41654e-02  -2.31466e-01  -2.51654e-01  -2.75472e-01  -8.91670e-02  -8.40812e-02  -7.07283e-02  -5.87388e-02  -4.83519e-02  -3.96202e-02  -3.24421e-02  -2.66330e-02  -2.19828e-02  -1.82872e-02  -1.53624e-02  -1.30499e-02  -1.12165e-02  -9.75234e-03
   5.25000e-03  -1.34281e-02  -1.56497e-02  -1.84301e-02  -2.19175e-02  -2.62823e-02  -3.17105e-02  -3.83880e-02  -4.64690e-02  -5.60334e-02  -6.70551e-02  -7.47702e-02  -1.73845e-01  -1.68541e-01  -1.60942e-01  -1.50427e-01  -1.37036e-01  -1.25400e-01  -2.05901e-02  -1.81783e-02  -1.58573e-02  -1.40307e-02  -1.25103e-02  -1.12081e-02  -1.00709e-02  -9.06145e-03  -8.15312e-03  -7.32748e-03  -6.57221e-03  -5.87934e-03  -5.24398e-03  -4.66335e-03  -4.13607e-03  -3.66171e-03  -3.24046e-03  -2.87291e-03  -2.55985e-03  -2.30215e-03  -2.10067e-03  -1.95616e-03  -1.86921e-03  -1.84019e-03  -1.86921e-03  -1.95617e-03  -2.10067e-03  -2.30215e-03  -2.55985e-03  -2.87291e-03  -3.24047e-03  -3.66171e-03  -4.13607e-03  -4.66335e-03  -5.24399e-03  -5.87934e-03  -6.57221e-03  -7.32749e-03  -8.15312e-03  -9.06146e-03  -1.00709e-02  -1.12081e-02  -1.25103e-02  -1.40307e-02  -1.58574e-02  -1.81784e-02  -2.05902e-02  -1.25400e-01  -1.37036e-01  -1.50428e-01  -1.60942e-01  -1.68541e-01  -1.73844e-01  -7.47700e-02  -6.70549e-02  -5.60333e-02  -4.64689e-02  -3.83880e-02  -3.17105e-02  -2.62823e-02  -2.19175e-02  -1.84301e-02  -1.56497e-02  -1.34281e-02
   4.50000e-03  -2.38767e-02  -2.82919e-02  -3.37419e-02  -4.04172e-02  -4.84768e-02  -5.80053e-02  -6.89802e-02  -7.66413e-02  -1.75561e-01  -1.70088e-01  -1.62342e-01  -1.51705e-01  -1.38216e-01  -1.26510e-01  -2.16659e-02  -1.92326e-02  -1.68968e-02  -1.50614e-02  -1.35372e-02  -1.22352e-02  -1.11012e-02  -1.00967e-02  -9.19388e-03  -8.37318e-03  -7.62097e-03  -6.92801e-03  -6.28811e-03  -5.69714e-03  -5.15242e-03  -4.65226e-03  -4.19561e-03  -3.78193e-03  -3.41099e-03  -3.08280e-03  -2.79751e-03  -2.55538e-03  -2.35671e-03  -2.20181e-03  -2.09094e-03  -2.02433e-03  -2.00211e-03  -2.02433e-03  -2.09094e-03  -2.20181e-03  -2.35671e-03  -2.55538e-03  -2.79751e-03  -3.08280e-03  -3.41099e-03  -3.78193e-03  -4.19562e-03  -4.65226e-03  -5.15243e-03  -5.69714e-03  -6.28811e-03  -6.92802e-03  -7.62097e-03  -8.37318e-03  -9.19388e-03  -1.00967e-02  -1.11012e-02  -1.22352e-02  -1.35372e-02  -1.50614e-02  -1.68969e-02  -1.92327e-02  -2.16660e-02  -1.26510e-01  -1.38217e-01  -1.51705e-01  -1.62342e-01  -1.70088e-01  -1.75560e-01  -7.66411e-02  -6.89801e-02  -5.80052e-02  -4.84768e-02  -4.04172e-02  -3.37419e-02  -2.82919e-02  -2.38767e-02
   3.75000e-03  -4.28447e-02  -5.09353e-02  -6.04518e-02  -7.13815e-02  -7.89724e-02  -1.77663e-01  -1.71907e-01  -1.63902e-01  -1.53035e-01  -1.39347e-01  -1.27471e-01  -2.25418e-02  -2.00527e-02  -1.76720e-02  -1.58016e-02  -1.42511e-02  -1.29305e-02  -1.17843e-02  -1.07727e-02  -9.86672e-03  -9.04567e-03  -8.29476e-03  -7.60363e-03  -6.96500e-03  -6.37370e-03  -5.82601e-03  -5.31923e-03  -4.85135e-03  -4.42089e-03  -4.02675e-03  -3.66811e-03  -3.34438e-03  -3.05516e-03  -2.80017e-03  -2.57925e-03  -2.39231e-03  -2.23932e-03  -2.12028e-03  -2.03523e-03  -1.98418e-03  -1.96717e-03  -1.98418e-03  -2.03523e-03  -2.12028e-03  -2.23932e-03  -2.39231e-03  -2.57925e-03  -2.80017e-03  -3.05516e-03  -3.34438e-03  -3.66811e-03  -4.02675e-03  -4.42089e-03  -4.85135e-03  -5.31923e-03  -5.82602e-03  -6.37371e-03  -6.96501e-03  -7.60364e-03  -8.29476e-03  -9.04567e-03  -9.86673e-03  -1.07727e-02  -1.17843e-02  -1.29306e-02  -1.42511e-02  -1.58016e-02  -1.76720e-02  -2.00528e-02  -2.25420e-02  -1.27471e-01  -1.39347e-01  -1.53035e-01  -1.63902e-01  -1.71907e-01  -1.77663e-01  -7.89722e-02  -7.13813e-02  -6.04517e-02  -5.09352e-02  -4.28447e-02
   3.00000e-03  -7.43363e-02  -8.18962e-02  -1.80348e-01  -1.74150e-01  -1.65729e-01  -1.54482e-01  -1.40454e-01  -1.28282e-01  -2.31971e-02  -2.06079e-02  -1.81457e-02  -1.62106e-02  -1.46104e-02  -1.32530e-02  -1.20809e-02  -1.10527e-02  -1.01377e-02  -9.31350e-03  -8.56406e-03  -7.87770e-03  -7.24597e-03  -6.66259e-03  -6.12286e-03  -5.62313e-03  -5.16055e-03  -4.73282e-03  -4.33807e-03  -3.97477e-03  -3.64168e-03  -3.33778e-03  -3.06221e-03  -2.81432e-03  -2.59356e-03  -2.39950e-03  -2.23182e-03  -2.09027e-03  -1.97465e-03  -1.88485e-03  -1.82076e-03  -1.78233e-03  -1.76952e-03  -1.78233e-03  -1.82076e-03  -1.88485e-03  -1.97466e-03  -2.09027e-03  -2.23182e-03  -2.39950e-03  -2.59356e-03  -2.81432e-03  -3.06222e-03  -3.33778e-03  -3.64169e-03  -3.97477e-03  -4.33807e-03  -4.73282e-03  -5.16056e-03  -5.62314e-03  -6.12286e-03  -6.66259e-03  -7.24597e-03  -7.87771e-03  -8.56406e-03  -9.31350e-03  -1.01377e-02  -1.10527e-02  -1.20809e-02  -1.32530e-02  -1.46104e-02  -1.62106e-02  -1.81457e-02  -2.06080e-02  -2.31973e-02  -1.28283e-01  -1.40454e-01  -1.54482e-01  -1.65729e-01  -1.74150e-01  -1.80348e-01  -8.18961e-02  -7.43361e-02
   2.25000e-03  -1.77081e-01  -1.67981e-01  -1.56107e-01  -1.41517e-01  -1.28856e-01  -2.34945e-02  -2.07434e-02  -1.81539e-02  -1.61218e-02  -1.44505e-02  -1.30436e-02  -1.18400e-02  -1.07949e-02  -9.87479e-03  -9.05484e-03  -8.31680e-03  -7.64724e-03  -7.03615e-03  -6.47593e-03  -5.96073e-03  -5.48591e-03  -5.04773e-03  -4.64312e-03  -4.26953e-03  -3.92480e-03  -3.60712e-03  -3.31495e-03  -3.04699e-03  -2.80212e-03  -2.57942e-03  -2.37809e-03  -2.19748e-03  -2.03705e-03  -1.89636e-03  -1.77504e-03  -1.67281e-03  -1.58944e-03  -1.52476e-03  -1.47865e-03  -1.45101e-03  -1.44181e-03  -1.45101e-03  -1.47865e-03  -1.52476e-03  -1.58944e-03  -1.67281e-03  -1.77504e-03  -1.89636e-03  -2.03705e-03  -2.19748e-03  -2.37809e-03  -2.57942e-03  -2.80212e-03  -3.04699e-03  -3.31495e-03  -3.60712e-03  -3.92480e-03  -4.26953e-03  -4.64313e-03  -5.04774e-03  -5.48591e-03  -5.96073e-03  -6.47593e-03  -7.03615e-03  -7.64725e-03  -8.31681e-03  -9.05484e-03  -9.87480e-03  -1.07949e-02  -1.18401e-02  -1.30437e-02  -1.44505e-02  -1.61219e-02  -1.81540e-02  -2.07435e-02  -2.34947e-02  -1.28856e-01  -1.41517e-01  -1.56107e-01  -1.67981e-01  -1.77081e-01
   1.50000e-03  -1.42306e-01  -1.28816e-01  -2.29242e-02  -1.99404e-02  -1.71884e-02  -1.50487e-02  -1.33135e-02  -1.18769e-02  -1.06700e-02  -9.64135e-03  -8.75256e-03  -7.97473e-03  -7.28644e-03  -6.67170e-03  -6.11853e-03  -5.61778e-03  -5.16233e-03  -4.74654e-03  -4.36588e-03  -4.01663e-03  -3.69570e-03  -3.40049e-03  -3.12881e-03  -2.87879e-03  -2.64884e-03  -2.43760e-03  -2.24390e-03  -2.06674e-03  -1.90528e-03  -1.75880e-03  -1.62667e-03  -1.50838e-03  -1.40351e-03  -1.31170e-03  -1.23264e-03  -1.16612e-03  -1.11192e-03  -1.06991e-03  -1.03998e-03  -1.02205e-03  -1.01608e-03  -1.02205e-03  -1.03998e-03  -1.06991e-03  -1.11192e-03  -1.16612e-03  -1.23265e-03  -1.31170e-03  -1.40351e-03  -1.50838e-03  -1.62667e-03  -1.75880e-03  -1.90528e-03  -2.06674e-03  -2.24390e-03  -2.43760e-03  -2.64884e-03  -2.87879e-03  -3.12881e-03  -3.40049e-03  -3.69570e-03  -4.01663e-03  -4.36589e-03  -4.74654e-03  -5.16233e-03  -5.61778e-03  -6.11854e-03  -6.67170e-03  -7.28644e-03  -7.97474e-03  -8.75256e-03  -9.64136e-03  -1.06700e-02  -1.18770e-02  -1.33135e-02  -1.50487e-02  -1.71884e-02  -1.99405e-02  -2.29244e-02  -1.28817e-01  -1.42306e-01
   7.50000e-04  -1.63180e-02  -1.35922e-02  -1.15380e-02  -9.92877e-03  -8.64357e-03  -7.60238e-03  -6.74636e-03  -6.03162e-03  -5.42572e-03  -4.90484e-03  -4.45149e-03  -4.05274e-03  -3.69891e-03  -3.38263e-03  -3.09823e-03  -2.84121e-03  -2.60800e-03  -2.39569e-03  -2.20187e-03  -2.02457e-03  -1.86210e-03  -1.71307e-03  -1.57626e-03  -1.45067e-03  -1.33543e-03  -1.22978e-03  -1.13309e-03  -1.04482e-03  -9.64511e-04  -8.91758e-04  -8.26228e-04  -7.67640e-04  -7.15756e-04  -6.70377e-04  -6.31342e-04  -5.98515e-04  -5.71792e-04  -5.51089e-04  -5.36344e-04  -5.27513e-04  -5.24573e-04  -5.27513e-04  -5.36344e-04  -5.51089e-04  -5.71792e-04  -5.98516e-04  -6.31342e-04  -6.70378e-04  -7.15756e-04  -7.67640e-04  -8.26229e-04  -8.91758e-04  -9.64512e-04  -1.04482e-03  -1.13309e-03  -1.22978e-03  -1.33543e-03  -1.45067e-03  -1.57626e-03  -1.71307e-03  -1.86210e-03  -2.02457e-03  -2.20188e-03  -2.39569e-03  -2.60800e-03  -2.84121e-03  -3.09823e-03  -3.38264e-03  -3.69891e-03  -4.05274e-03  -4.45150e-03  -4.90485e-03  -5.42573e-03  -6.03163e-03  -6.74637e-03  -7.60239e-03  -8.64358e-03  -9.92879e-03  -1.15381e-02  -1.35923e-02  -1.63181e-02
   0.00000e+00  -7.53717e-04  -5.06247e-04  -3.29602e-04  -2.10401e-04  -1.32565e-04  -8.27865e-05  -5.13863e-05  -3.17640e-05  -1.95809e-05  -1.20502e-05  -7.40906e-06  -4.55422e-06  -2.79995e-06  -1.72237e-06  -1.06033e-06  -6.53330e-07  -4.02879e-07  -2.48571e-07  -1.53368e-07  -9.45496e-08  -5.81644e-08  -3.56368e-08  -2.16854e-08  -1.30518e-08  -7.72087e-09  -4.44376e-09  -2.44436e-09  -1.23913e-09   0.00000e+00   0.00000e+00   0.00000e+00   0.00000e+00   0.00000e+00   0.00000e+00   0.00000e+00   0.00000e+00   0.00000e+00   0.00000e+00   0.00000e+00   0.00000e+00   0.00000e+00   0.00000e+00   0.00000e+00   0.00000e+00   0.00000e+00   0.00000e+00   0.00000e+00   0.00000e+00   0.00000e+00   0.00000e+00   0.00000e+00   0.00000e+00   0.00000e+00  -1.22580e-09  -2.42972e-09  -4.42784e-09  -7.70349e-09  -1.30329e-08  -2.16648e-08  -3.56143e-08  -5.81398e-08  -9.45225e-08  -1.53339e-07  -2.48538e-07  -4.02843e-07  -6.53291e-07  -1.06029e-06  -1.72232e-06  -2.79990e-06  -4.55417e-06  -7.40903e-06  -1.20501e-05  -1.95809e-05  -3.17642e-05  -5.13866e-05  -8.27871e-05  -1.32566e-04  -2.10403e-04  -3.29606e-04  -5.06254e-04  -7.53729e-04
  -7.50000e-04   1.44238e-02   1.18910e-02   1.02790e-02   9.06433e-03   8.07384e-03   7.23611e-03   6.51462e-03   5.88655e-03   5.33555e-03   4.84906e-03   4.41710e-03   4.03157e-03   3.68589e-03   3.37463e-03   3.09331e-03   2.83819e-03   2.60614e-03   2.39454e-03   2.20117e-03   2.02413e-03   1.86183e-03   1.71290e-03   1.57616e-03   1.45061e-03   1.33539e-03   1.22975e-03   1.13308e-03   1.04482e-03   9.64507e-04   8.91755e-04   8.26227e-04   7.67640e-04   7.15756e-04   6.70378e-04   6.31342e-04   5.98516e-04   5.71793e-04   5.51089e-04   5.36344e-04   5.27514e-04   5.24573e-04   5.27514e-04   5.36344e-04   5.51090e-04   5.71793e-04   5.98516e-04   6.31342e-04   6.70378e-04   7.15756e-04   7.67640e-04   8.26227e-04   8.91756e-04   9.64507e-04   1.04482e-03   1.13308e-03   1.22975e-03   1.33539e-03   1.45061e-03   1.57616e-03   1.71290e-03   1.86183e-03   2.02413e-03   2.20117e-03   2.39454e-03   2.60614e-03   2.83819e-03   3.09331e-03   3.37463e-03   3.68589e-03   4.03157e-03   4.41710e-03   4.84907e-03   5.33555e-03   5.88655e-03   6.51463e-03   7.23612e-03   8.07385e-03   9.06433e-03   1.02790e-02   1.18910e-02   1.44239e-02
  -1.50000e-03   2.14550e-01   2.28900e-01   2.50131e-02   1.81282e-02   1.55505e-02   1.38342e-02   1.24790e-02   1.13268e-02   1.03162e-02   9.41755e-03   8.61246e-03   7.88765e-03   7.23256e-03   6.63847e-03   6.09808e-03   5.60520e-03   5.15459e-03   4.74178e-03   4.36295e-03   4.01482e-03   3.69458e-03   3.39980e-03   3.12838e-03   2.87852e-03   2.64868e-03   2.43750e-03   2.24384e-03   2.06671e-03   1.90526e-03   1.75878e-03   1.62666e-03   1.50838e-03   1.40351e-03   1.31170e-03   1.23264e-03   1.16612e-03   1.11192e-03   1.06991e-03   1.03998e-03   1.02205e-03   1.01608e-03   1.02205e-03   1.03998e-03   1.06991e-03   1.11192e-03   1.16612e-03   1.23264e-03   1.31170e-03   1.40351e-03   1.50838e-03   1.62666e-03   1.75878e-03   1.90526e-03   2.06671e-03   2.24384e-03   2.43750e-03   2.64868e-03   2.87852e-03   3.12838e-03   3.39980e-03   3.69458e-03   4.01483e-03   4.36295e-03   4.74178e-03   5.15459e-03   5.60520e-03   6.09808e-03   6.63848e-03   7.23256e-03   7.88765e-03   8.61246e-03   9.41755e-03   1.03162e-02   1.13268e-02   1.24790e-02   1.38342e-02   1.55505e-02   1.81283e-02   2.50133e-02   2.28899e-01   2.14550e-01
  -2.25000e-03   2.14834e-01   2.14450e-01   2.13358e-01   2.13811e-01   2.28936e-01   2.55645e-02   1.89224e-02   1.65116e-02   1.49050e-02   1.36146e-02   1.24926e-02   1.14857e-02   1.05707e-02   9.73442e-03   8.96756e-03   8.26279e-03   7.61391e-03   7.01562e-03   6.46329e-03   5.95295e-03   5.48112e-03   5.04478e-03   4.64130e-03   4.26840e-03   3.92410e-03   3.60669e-03   3.31468e-03   3.04682e-03   2.80202e-03   2.57935e-03   2.37805e-03   2.19746e-03   2.03704e-03   1.89635e-03   1.77504e-03   1.67281e-03   1.58944e-03   1.52476e-03   1.47865e-03   1.45101e-03   1.44181e-03   1.45101e-03   1.47865e-03   1.52476e-03   1.58944e-03   1.67281e-03   1.77504e-03   1.89635e-03   2.03704e-03   2.19746e-03   2.37805e-03   2.57935e-03   2.80202e-03   3.04682e-03   3.31469e-03   3.60669e-03   3.92410e-03   4.26840e-03   4.64130e-03   5.04478e-03   5.48112e-03   5.95296e-03   6.46330e-03   7.01562e-03   7.61392e-03   8.26279e-03   8.96757e-03   9.73443e-03   1.05707e-02   1.14858e-02   1.24926e-02   1.36146e-02   1.49050e-02   1.65116e-02   1.89225e-02   2.55646e-02   2.28935e-01   2.13811e-01   2.13358e-01   2.14450e-01   2.14834e-01
  -3.00000e-03   2.12702e-02   5.28575e-03   2.07271e-01   2.12006e-01   2.12241e-01   2.11745e-01   2.12744e-01   2.28352e-01   2.52570e-02   1.87812e-02   1.64999e-02   1.49915e-02   1.37731e-02   1.27010e-02   1.17260e-02   1.08281e-02   9.99700e-03   9.22602e-03   8.50991e-03   7.84429e-03   7.22537e-03   6.64991e-03   6.11505e-03   5.61833e-03   5.15759e-03   4.73099e-03   4.33694e-03   3.97407e-03   3.64125e-03   3.33751e-03   3.06205e-03   2.81422e-03   2.59350e-03   2.39946e-03   2.23180e-03   2.09025e-03   1.97465e-03   1.88485e-03   1.82076e-03   1.78233e-03   1.76952e-03   1.78233e-03   1.82076e-03   1.88485e-03   1.97465e-03   2.09025e-03   2.23180e-03   2.39947e-03   2.59350e-03   2.81422e-03   3.06205e-03   3.33751e-03   3.64125e-03   3.97407e-03   4.33694e-03   4.73099e-03   5.15759e-03   5.61833e-03   6.11506e-03   6.64991e-03   7.22538e-03   7.84429e-03   8.50992e-03   9.22603e-03   9.99700e-03   1.08281e-02   1.17260e-02   1.27010e-02   1.37731e-02   1.49915e-02   1.64999e-02   1.87813e-02   2.52571e-02   2.28350e-01   2.12744e-01   2.11745e-01   2.12241e-01   2.12006e-01   2.07271e-01   5.28706e-03   2.12705e-02
  -3.75000e-03   1.67420e-02   1.81463e-02   1.92687e-02   1.83533e-02   2.40649e-03   2.04620e-01   2.09771e-01   2.10410e-01   2.10289e-01   2.11626e-01   2.27531e-01   2.45958e-02   1.82225e-02   1.60241e-02   1.45811e-02   1.34129e-02   1.23780e-02   1.14290e-02   1.05478e-02   9.72590e-03   8.95809e-03   8.24054e-03   7.57017e-03   6.94439e-03   6.36101e-03   5.81820e-03   5.31442e-03   4.84838e-03   4.41906e-03   4.02562e-03   3.66741e-03   3.34395e-03   3.05490e-03   2.80001e-03   2.57915e-03   2.39225e-03   2.23928e-03   2.12026e-03   2.03522e-03   1.98417e-03   1.96716e-03   1.98417e-03   2.03522e-03   2.12026e-03   2.23928e-03   2.39225e-03   2.57915e-03   2.80001e-03   3.05490e-03   3.34395e-03   3.66741e-03   4.02562e-03   4.41906e-03   4.84839e-03   5.31442e-03   5.81821e-03   6.36102e-03   6.94439e-03   7.57018e-03   8.24055e-03   8.95810e-03   9.72590e-03   1.05478e-02   1.14290e-02   1.23780e-02   1.34129e-02   1.45811e-02   1.60241e-02   1.82225e-02   2.45959e-02   2.27530e-01   2.11626e-01   2.10289e-01   2.10410e-01   2.09771e-01   2.04620e-01   2.40780e-03   1.83537e-02   1.92689e-02   1.81463e-02   1.67420e-02
  -4.50000e-03   1.10187e-02   1.19550e-02   1.30515e-02   1.43183e-02   1.56934e-02   1.68284e-02   1.59576e-02   7.89932e-05   2.02516e-01   2.07944e-01   2.08839e-01   2.08947e-01   2.10486e-01   2.26563e-01   2.37158e-02   1.73999e-02   1.52474e-02   1.38400e-02   1.26984e-02   1.16823e-02   1.07457e-02   9.87170e-03   9.05300e-03   8.28558e-03   7.56675e-03   6.89456e-03   6.26751e-03   5.68446e-03   5.14463e-03   4.64746e-03   4.19266e-03   3.78012e-03   3.40987e-03   3.08211e-03   2.79708e-03   2.55512e-03   2.35655e-03   2.20171e-03   2.09088e-03   2.02428e-03   2.00207e-03   2.02428e-03   2.09088e-03   2.20171e-03   2.35655e-03   2.55512e-03   2.79708e-03   3.08211e-03   3.40988e-03   3.78012e-03   4.19267e-03   4.64747e-03   5.14463e-03   5.68447e-03   6.26751e-03   6.89457e-03   7.56676e-03   8.28558e-03   9.05300e-03   9.87171e-03   1.07457e-02   1.16823e-02   1.26984e-02   1.38401e-02   1.52474e-02   1.73999e-02   2.37159e-02   2.26562e-01   2.10485e-01   2.08947e-01   2.08839e-01   2.07944e-01   2.02516e-01   8.03024e-05   1.59579e-02   1.68285e-02   1.56934e-02   1.43183e-02   1.30514e-02   1.19549e-02   1.10186e-02
  -5.25000e-03   7.23636e-03   7.73908e-03   8.33629e-03   9.06134e-03   9.94765e-03   1.10225e-02   1.22913e-02   1.36870e-02   1.48569e-02   1.40309e-02  -1.79685e-03   2.00792e-01   2.06387e-01   2.07428e-01   2.07659e-01   2.09296e-01   2.25448e-01   2.26371e-02   1.63439e-02   1.42069e-02   1.28088e-02   1.16712e-02   1.06551e-02   9.71540e-03   8.83652e-03   8.01231e-03   7.23996e-03   6.51807e-03   5.84596e-03   5.22345e-03   4.65074e-03   4.12833e-03   3.65696e-03   3.23755e-03   2.87113e-03   2.55875e-03   2.30147e-03   2.10025e-03   1.95589e-03   1.86901e-03   1.84001e-03   1.86901e-03   1.95589e-03   2.10025e-03   2.30147e-03   2.55875e-03   2.87113e-03   3.23755e-03   3.65696e-03   4.12833e-03   4.65074e-03   5.22345e-03   5.84596e-03   6.51807e-03   7.23996e-03   8.01231e-03   8.83653e-03   9.71540e-03   1.06551e-02   1.16712e-02   1.28088e-02   1.42069e-02   1.63440e-02   2.26373e-02   2.25447e-01   2.09296e-01   2.07659e-01   2.07428e-01   2.06387e-01   2.00791e-01  -1.79554e-03   1.40312e-02   1.48570e-02   1.36871e-02   1.22913e-02   1.10225e-02   9.94763e-03   9.06132e-03   8.33627e-03   7.73906e-03   7.23635e-03
  -6.00000e-03   5.74892e-03   6.09303e-03   6.49582e-03   6.98487e-03   7.59187e-03   8.35174e-03   9.30044e-03   1.04698e-02   1.18763e-02   1.34913e-02   1.51463e-02   1.61164e-02   1.28876e-02  -2.03859e-02   3.83963e-01   3.98525e-01   4.33983e-01   3.01330e-02   1.88637e-02   1.57201e-02   1.39534e-02   1.26360e-02   1.15012e-02   1.04644e-02   9.49735e-03   8.59000e-03   7.73824e-03   6.94030e-03   6.19548e-03   5.50378e-03   4.86568e-03   4.28206e-03   3.75410e-03   3.28317e-03   2.87079e-03   2.51852e-03   2.22786e-03   2.00020e-03   1.83668e-03   1.73821e-03   1.70532e-03   1.73821e-03   1.83668e-03   2.00020e-03   2.22786e-03   2.51852e-03   2.87079e-03   3.28317e-03   3.75410e-03   4.28207e-03   4.86569e-03   5.50378e-03   6.19548e-03   6.94030e-03   7.73825e-03   8.59001e-03   9.49735e-03   1.04644e-02   1.15012e-02   1.26360e-02   1.39534e-02   1.57201e-02   1.88638e-02   3.01332e-02   4.33980e-01   3.98524e-01   3.83963e-01  -2.03834e-02   1.28883e-02   1.61166e-02   1.51463e-02   1.34913e-02   1.18762e-02   1.04698e-02   9.30042e-03   8.35172e-03   7.59185e-03   6.98486e-03   6.49581e-03   6.09302e-03   5.74891e-03
# Total Longitudinally Integrated Squared Transverse Magnetic Field [T2m]
START
                -1.00000e-02  -9.75000e-03  -9.50000e-03  -9.25000e-03  -9.00000e-03  -8.75000e-03  -8.50000e-03  -8.25000e-03  -8.00000e-03  -7.75000e-03  -7.50000e-03  -7.25000e-03  -7.00000e-03  -6.75000e-03  -6.50000e-03  -6.25000e-03  -6.00000e-03  -5.75000e-03  -5.50000e-03  -5.25000e-03  -5.00000e-03  -4.75000e-03  -4.50000e-03  -4.25000e-03  -4.00000e-03  -3.75000e-03  -3.50000e-03  -3.25000e-03  -3.00000e-03  -2.75000e-03  -2.50000e-03  -2.25000e-03  -2.00000e-03  -1.75000e-03  -1.50000e-03  -1.25000e-03  -1.00000e-03  -7.50000e-04  -5.00000e-04  -2.50000e-04   0.00000e+00   2.50000e-04   5.00000e-04   7.50000e-04   1.00000e-03   1.25000e-03   1.50000e-03   1.75000e-03   2.00000e-03   2.25000e-03   2.50000e-03   2.75000e-03   3.00000e-03   3.25000e-03   3.50000e-03   3.75000e-03   4.00000e-03   4.25000e-03   4.50000e-03   4.75000e-03   5.00000e-03   5.25000e-03   5.50000e-03   5.75000e-03   6.00000e-03   6.25000e-03   6.50000e-03   6.75000e-03   7.00000e-03   7.25000e-03   7.50000e-03   7.75000e-03   8.00000e-03   8.25000e-03   8.50000e-03   8.75000e-03   9.00000e-03   9.25000e-03   9.50000e-03   9.75000e-03   1.00000e-02
   6.00000e-03   3.27270e+00   3.24173e+00   3.21147e+00   3.18166e+00   3.15198e+00   3.12213e+00   3.09180e+00   3.06070e+00   3.02852e+00   2.99498e+00   2.95982e+00   2.92279e+00   2.88369e+00   2.84237e+00   2.79875e+00   2.75296e+00   2.70594e+00   2.42999e+00   2.18683e+00   1.98346e+00   1.80439e+00   1.64302e+00   1.49574e+00   1.36033e+00   1.23527e+00   1.11955e+00   1.01244e+00   9.13417e-01   8.22122e-01   7.38305e-01   6.61805e-01   5.92527e-01   5.30426e-01   4.75497e-01   4.27758e-01   3.87248e-01   3.54013e-01   3.28101e-01   3.09557e-01   2.98416e-01   2.94699e-01   2.98416e-01   3.09557e-01   3.28101e-01   3.54013e-01   3.87248e-01   4.27758e-01   4.75497e-01   5.30427e-01   5.92527e-01   6.61806e-01   7.38305e-01   8.22122e-01   9.13417e-01   1.01244e+00   1.11955e+00   1.23527e+00   1.36033e+00   1.49575e+00   1.64302e+00   1.80439e+00   1.98346e+00   2.18683e+00   2.43000e+00   2.70594e+00   2.75296e+00   2.79875e+00   2.84237e+00   2.88369e+00   2.92279e+00   2.95982e+00   2.99498e+00   3.02852e+00   3.06070e+00   3.09180e+00   3.12213e+00   3.15198e+00   3.18166e+00   3.21147e+00   3.24173e+00   3.27270e+00
   5.25000e-03   3.09182e+00   3.05758e+00   3.02502e+00   2.99374e+00   2.96335e+00   2.93345e+00   2.90364e+00   2.87355e+00   2.84281e+00   2.81111e+00   2.77817e+00   2.74380e+00   2.70806e+00   2.67176e+00   2.40778e+00   2.17642e+00   1.98432e+00   1.81589e+00   1.66448e+00   1.52638e+00   1.39929e+00   1.28163e+00   1.17231e+00   1.07053e+00   9.75690e-01   8.87358e-01   8.05210e-01   7.29013e-01   6.58599e-01   5.93856e-01   5.34714e-01   4.81135e-01   4.33107e-01   3.90636e-01   3.53741e-01   3.22449e-01   2.96791e-01   2.76797e-01   2.62495e-01   2.53904e-01   2.51039e-01   2.53904e-01   2.62495e-01   2.76798e-01   2.96791e-01   3.22449e-01   3.53741e-01   3.90636e-01   4.33107e-01   4.81135e-01   5.34714e-01   5.93856e-01   6.58599e-01   7.29013e-01   8.05210e-01   8.87358e-01   9.75690e-01   1.07053e+00   1.17231e+00   1.28163e+00   1.39929e+00   1.52638e+00   1.66448e+00   1.81589e+00   1.98432e+00   2.17642e+00   2.40778e+00   2.67176e+00   2.70806e+00   2.74380e+00   2.77817e+00   2.81111e+00   2.84281e+00   2.87355e+00   2.90364e+00   2.93345e+00   2.96335e+00   2.99374e+00   3.02502e+00   3.05758e+00   3.09182e+00
   4.50000e-03   2.85942e+00   2.82302e+00   2.78956e+00   2.75848e+00   2.72922e+00   2.70121e+00   2.67395e+00   2.64697e+00   2.61990e+00   2.59261e+00   2.56576e+00   2.31498e+00   2.09741e+00   1.91867e+00   1.76308e+00   1.62388e+00   1.49731e+00   1.38098e+00   1.27327e+00   1.17302e+00   1.07937e+00   9.91699e-01   9.09521e-01   8.32473e-01   7.60282e-01   6.92742e-01   6.29707e-01   5.71070e-01   5.16762e-01   4.66740e-01   4.20985e-01   3.79493e-01   3.42274e-01   3.09345e-01   2.80732e-01   2.56460e-01   2.36557e-01   2.21047e-01   2.09952e-01   2.03288e-01   2.01066e-01   2.03288e-01   2.09952e-01   2.21047e-01   2.36557e-01   2.56460e-01   2.80732e-01   3.09345e-01   3.42274e-01   3.79493e-01   4.20985e-01   4.66740e-01   5.16762e-01   5.71070e-01   6.29707e-01   6.92743e-01   7.60282e-01   8.32474e-01   9.09521e-01   9.91700e-01   1.07937e+00   1.17302e+00   1.27327e+00   1.38098e+00   1.49731e+00   1.62388e+00   1.76308e+00   1.91867e+00   2.09741e+00   2.31498e+00   2.56576e+00   2.59261e+00   2.61990e+00   2.64697e+00   2.67395e+00   2.70121e+00   2.72922e+00   2.75848e+00   2.78956e+00   2.82302e+00   2.85942e+00
   3.75000e-03   2.56659e+00   2.53031e+00   2.49864e+00   2.47071e+00   2.44573e+00   2.42295e+00   2.40195e+00   2.38304e+00   2.14712e+00   1.94598e+00   1.78338e+00   1.64351e+00   1.51946e+00   1.40737e+00   1.30476e+00   1.20995e+00   1.12171e+00   1.03917e+00   9.61644e-01   8.88635e-01   8.19758e-01   7.54722e-01   6.93310e-01   6.35360e-01   5.80758e-01   5.29425e-01   4.81310e-01   4.36388e-01   3.94650e-01   3.56101e-01   3.20758e-01   2.88645e-01   2.59792e-01   2.34230e-01   2.11993e-01   1.93113e-01   1.77620e-01   1.65541e-01   1.56897e-01   1.51704e-01   1.49972e-01   1.51704e-01   1.56897e-01   1.65541e-01   1.77620e-01   1.93113e-01   2.11993e-01   2.34230e-01   2.59792e-01   2.88645e-01   3.20758e-01   3.56101e-01   3.94650e-01   4.36389e-01   4.81311e-01   5.29425e-01   5.80758e-01   6.35360e-01   6.93310e-01   7.54722e-01   8.19758e-01   8.88635e-01   9.61644e-01   1.03917e+00   1.12171e+00   1.20995e+00   1.30476e+00   1.40737e+00   1.51946e+00   1.64351e+00   1.78339e+00   1.94598e+00   2.14713e+00   2.38304e+00   2.40195e+00   2.42295e+00   2.44573e+00   2.47071e+00   2.49864e+00   2.53031e+00   2.56659e+00
   3.00000e-03   2.20473e+00   2.17325e+00   2.14855e+00   2.12949e+00   2.11572e+00   1.89646e+00   1.71506e+00   1.57224e+00   1.45189e+00   1.34687e+00   1.25314e+00   1.16806e+00   1.08987e+00   1.01727e+00   9.49318e-01   8.85329e-01   8.24779e-01   7.67277e-01   7.12536e-01   6.60343e-01   6.10549e-01   5.63049e-01   5.17779e-01   4.74702e-01   4.33805e-01   3.95094e-01   3.58589e-01   3.24320e-01   2.92325e-01   2.62650e-01   2.35341e-01   2.10446e-01   1.88015e-01   1.68096e-01   1.50732e-01   1.35964e-01   1.23829e-01   1.14358e-01   1.07575e-01   1.03498e-01   1.02138e-01   1.03498e-01   1.07575e-01   1.14358e-01   1.23830e-01   1.35964e-01   1.50732e-01   1.68096e-01   1.88016e-01   2.10446e-01   2.35341e-01   2.62650e-01   2.92326e-01   3.24320e-01   3.58589e-01   3.95094e-01   4.33805e-01   4.74702e-01   5.17779e-01   5.63050e-01   6.10549e-01   6.60343e-01   7.12536e-01   7.67277e-01   8.24779e-01   8.85330e-01   9.49318e-01   1.01727e+00   1.08987e+00   1.16807e+00   1.25314e+00   1.34687e+00   1.45189e+00   1.57224e+00   1.71506e+00   1.89646e+00   2.11572e+00   2.12949e+00   2.14855e+00   2.17325e+00   2.20473e+00
   2.25000e-03   1.77035e+00   1.75449e+00   1.55278e+00   1.39491e+00   1.27651e+00   1.18077e+00   1.10005e+00   1.02990e+00   9.67457e-01   9.10758e-01   8.58415e-01   8.09429e-01   7.63078e-01   7.18840e-01   6.76340e-01   6.35313e-01   5.95581e-01   5.57029e-01   5.19592e-01   4.83243e-01   4.47984e-01   4.13840e-01   3.80854e-01   3.49078e-01   3.18578e-01   2.89422e-01   2.61686e-01   2.35445e-01   2.10776e-01   1.87755e-01   1.66456e-01   1.46950e-01   1.29302e-01   1.13576e-01   9.98266e-02   8.81047e-02   7.84533e-02   7.09085e-02   6.54987e-02   6.22446e-02   6.11586e-02   6.22447e-02   6.54988e-02   7.09085e-02   7.84533e-02   8.81047e-02   9.98267e-02   1.13576e-01   1.29302e-01   1.46950e-01   1.66456e-01   1.87756e-01   2.10776e-01   2.35445e-01   2.61686e-01   2.89423e-01   3.18578e-01   3.49078e-01   3.80854e-01   4.13840e-01   4.47984e-01   4.83243e-01   5.19592e-01   5.57029e-01   5.95581e-01   6.35313e-01   6.76340e-01   7.18840e-01   7.63078e-01   8.09429e-01   8.58415e-01   9.10758e-01   9.67458e-01   1.02990e+00   1.10005e+00   1.18078e+00   1.27651e+00   1.39491e+00   1.55278e+00   1.75449e+00   1.77035e+00
   1.50000e-03   9.76759e-01   8.88185e-01   8.23819e-01   7.74624e-01   7.35273e-01   7.02355e-01   6.73592e-01   6.47435e-01   6.22822e-01   5.99028e-01   5.75567e-01   5.52121e-01   5.28499e-01   5.04600e-01   4.80386e-01   4.55871e-01   4.31103e-01   4.06156e-01   3.81123e-01   3.56109e-01   3.31226e-01   3.06594e-01   2.82335e-01   2.58569e-01   2.35419e-01   2.13002e-01   1.91435e-01   1.70829e-01   1.51290e-01   1.32919e-01   1.15810e-01   1.00053e-01   8.57287e-02   7.29103e-02   6.16643e-02   5.20486e-02   4.41127e-02   3.78975e-02   3.34351e-02   3.07484e-02   2.98513e-02   3.07484e-02   3.34351e-02   3.78975e-02   4.41127e-02   5.20486e-02   6.16644e-02   7.29104e-02   8.57287e-02   1.00053e-01   1.15810e-01   1.32919e-01   1.51290e-01   1.70829e-01   1.91435e-01   2.13003e-01   2.35419e-01   2.58569e-01   2.82335e-01   3.06594e-01   3.31226e-01   3.56109e-01   3.81123e-01   4.06157e-01   4.31103e-01   4.55871e-01   4.80386e-01   5.04600e-01   5.28500e-01   5.52121e-01   5.75567e-01   5.99028e-01   6.22822e-01   6.47435e-01   6.73592e-01   7.02355e-01   7.35273e-01   7.74624e-01   8.23819e-01   8.88186e-01   9.76760e-01
   7.50000e-04   3.85083e-01   3.85302e-01   3.90008e-01   3.96372e-01   4.02664e-01   4.07830e-01   4.11246e-01   4.12571e-01   4.11648e-01   4.08444e-01   4.03011e-01   3.95456e-01   3.85926e-01   3.74590e-01   3.61631e-01   3.47244e-01   3.31623e-01   3.14967e-01   2.97470e-01   2.79321e-01   2.60707e-01   2.41807e-01   2.22794e-01   2.03832e-01   1.85080e-01   1.66688e-01   1.48798e-01   1.31543e-01   1.15050e-01   9.94358e-02   8.48083e-02   7.12676e-02   5.89046e-02   4.78011e-02   3.80296e-02   2.96535e-02   2.27264e-02   1.72927e-02   1.33868e-02   1.10333e-02   1.02471e-02   1.10333e-02   1.33868e-02   1.72927e-02   2.27265e-02   2.96535e-02   3.80297e-02   4.78012e-02   5.89047e-02   7.12677e-02   8.48084e-02   9.94358e-02   1.15050e-01   1.31543e-01   1.48798e-01   1.66688e-01   1.85080e-01   2.03832e-01   2.22794e-01   2.41807e-01   2.60707e-01   2.79321e-01   2.97470e-01   3.14967e-01   3.31624e-01   3.47244e-01   3.61631e-01   3.74590e-01   3.85926e-01   3.95457e-01   4.03011e-01   4.08444e-01   4.11648e-01   4.12571e-01   4.11246e-01   4.07830e-01   4.02664e-01   3.96372e-01   3.90008e-01   3.85302e-01   3.85083e-01
   0.00000e+00   1.74939e-01   2.07870e-01   2.38156e-01   2.64944e-01   2.87834e-01   3.06699e-01   3.21574e-01   3.32598e-01   3.39970e-01   3.43928e-01   3.44729e-01   3.42641e-01   3.37938e-01   3.30888e-01   3.21757e-01   3.10803e-01   2.98275e-01   2.84416e-01   2.69454e-01   2.53613e-01   2.37101e-01   2.20119e-01   2.02860e-01   1.85501e-01   1.68216e-01   1.51164e-01   1.34496e-01   1.18356e-01   1.02874e-01   8.81734e-02   7.43680e-02   6.15612e-02   4.98473e-02   3.93109e-02   3.00268e-02   2.20601e-02   1.54662e-02   1.02905e-02   6.56820e-03   4.32470e-03   3.57518e-03   4.32471e-03   6.56822e-03   1.02905e-02   1.54663e-02   2.20602e-02   3.00268e-02   3.93109e-02   4.98474e-02   6.15613e-02   7.43680e-02   8.81734e-02   1.02874e-01   1.18356e-01   1.34496e-01   1.51164e-01   1.68216e-01   1.85501e-01   2.02860e-01   2.20120e-01   2.37101e-01   2.53613e-01   2.69455e-01   2.84416e-01   2.98275e-01   3.10803e-01   3.21757e-01   3.30888e-01   3.37938e-01   3.42641e-01   3.44729e-01   3.43927e-01   3.39970e-01   3.32598e-01   3.21574e-01   3.06698e-01   2.87834e-01   2.64943e-01   2.38156e-01   2.07869e-01   1.74939e-01
  -7.50000e-04   3.83029e-01   3.83765e-01   3.88852e-01   3.95502e-01   4.02008e-01   4.07334e-01   4.10872e-01   4.12289e-01   4.11435e-01   4.08283e-01   4.02889e-01   3.95365e-01   3.85857e-01   3.74537e-01   3.61592e-01   3.47214e-01   3.31601e-01   3.14950e-01   2.97457e-01   2.79311e-01   2.60700e-01   2.41802e-01   2.22789e-01   2.03829e-01   1.85078e-01   1.66686e-01   1.48796e-01   1.31542e-01   1.15049e-01   9.94351e-02   8.48078e-02   7.12673e-02   5.89044e-02   4.78009e-02   3.80295e-02   2.96533e-02   2.27263e-02   1.72926e-02   1.33867e-02   1.10332e-02   1.02471e-02   1.10332e-02   1.33867e-02   1.72926e-02   2.27264e-02   2.96534e-02   3.80295e-02   4.78009e-02   5.89044e-02   7.12673e-02   8.48079e-02   9.94352e-02   1.15050e-01   1.31542e-01   1.48796e-01   1.66686e-01   1.85078e-01   2.03829e-01   2.22790e-01   2.41802e-01   2.60700e-01   2.79311e-01   2.97457e-01   3.14950e-01   3.31601e-01   3.47214e-01   3.61592e-01   3.74537e-01   3.85857e-01   3.95365e-01   4.02889e-01   4.08283e-01   4.11435e-01   4.12289e-01   4.10872e-01   4.07334e-01   4.02008e-01   3.95502e-01   3.88852e-01   3.83764e-01   3.83029e-01
  -1.50000e-03   9.70037e-01   8.83383e-01   8.20299e-01   7.72011e-01   7.33320e-01   7.00891e-01   6.72492e-01   6.46608e-01   6.22200e-01   5.98560e-01   5.75214e-01   5.51856e-01   5.28299e-01   5.04449e-01   4.80272e-01   4.55785e-01   4.31038e-01   4.06108e-01   3.81086e-01   3.56081e-01   3.31205e-01   3.06578e-01   2.82323e-01   2.58560e-01   2.35412e-01   2.12997e-01   1.91431e-01   1.70826e-01   1.51288e-01   1.32917e-01   1.15809e-01   1.00052e-01   8.57279e-02   7.29097e-02   6.16639e-02   5.20482e-02   4.41124e-02   3.78973e-02   3.34349e-02   3.07482e-02   2.98511e-02   3.07482e-02   3.34349e-02   3.78973e-02   4.41125e-02   5.20483e-02   6.16639e-02   7.29098e-02   8.57280e-02   1.00052e-01   1.15809e-01   1.32917e-01   1.51288e-01   1.70826e-01   1.91432e-01   2.12997e-01   2.35412e-01   2.58560e-01   2.82323e-01   3.06579e-01   3.31205e-01   3.56081e-01   3.81087e-01   4.06108e-01   4.31038e-01   4.55785e-01   4.80272e-01   5.04449e-01   5.28300e-01   5.51856e-01   5.75214e-01   5.98560e-01   6.22200e-01   6.46608e-01   6.72492e-01   7.00891e-01   7.33321e-01   7.72011e-01   8.20299e-01   8.83383e-01   9.70037e-01
  -2.25000e-03   1.75624e+00   1.73913e+00   1.54170e+00   1.38748e+00   1.27122e+00   1.17691e+00   1.09719e+00   1.02777e+00   9.65862e-01   9.09563e-01   8.57518e-01   8.08756e-01   7.62573e-01   7.18461e-01   6.76055e-01   6.35099e-01   5.95420e-01   5.56908e-01   5.19501e-01   4.83174e-01   4.47932e-01   4.13801e-01   3.80824e-01   3.49056e-01   3.18561e-01   2.89410e-01   2.61677e-01   2.35438e-01   2.10771e-01   1.87751e-01   1.66453e-01   1.46947e-01   1.29300e-01   1.13574e-01   9.98256e-02   8.81038e-02   7.84526e-02   7.09080e-02   6.54983e-02   6.22443e-02   6.11582e-02   6.22443e-02   6.54983e-02   7.09080e-02   7.84527e-02   8.81039e-02   9.98256e-02   1.13575e-01   1.29301e-01   1.46947e-01   1.66453e-01   1.87751e-01   2.10771e-01   2.35438e-01   2.61677e-01   2.89410e-01   3.18561e-01   3.49056e-01   3.80824e-01   4.13801e-01   4.47932e-01   4.83174e-01   5.19501e-01   5.56908e-01   5.95420e-01   6.35099e-01   6.76055e-01   7.18461e-01   7.62573e-01   8.08756e-01   8.57518e-01   9.09563e-01   9.65862e-01   1.02777e+00   1.09719e+00   1.17691e+00   1.27122e+00   1.38748e+00   1.54170e+00   1.73913e+00   1.75624e+00
  -3.00000e-03   2.18863e+00   2.15771e+00   2.13336e+00   2.11421e+00   2.09938e+00   1.88473e+00   1.70721e+00   1.56667e+00   1.44783e+00   1.34387e+00   1.25090e+00   1.16640e+00   1.08862e+00   1.01633e+00   9.48620e-01   8.84806e-01   8.24387e-01   7.66983e-01   7.12315e-01   6.60178e-01   6.10425e-01   5.62956e-01   5.17709e-01   4.74649e-01   4.33765e-01   3.95064e-01   3.58566e-01   3.24303e-01   2.92313e-01   2.62640e-01   2.35333e-01   2.10441e-01   1.88011e-01   1.68093e-01   1.50729e-01   1.35962e-01   1.23828e-01   1.14357e-01   1.07574e-01   1.03497e-01   1.02137e-01   1.03497e-01   1.07574e-01   1.14357e-01   1.23828e-01   1.35962e-01   1.50729e-01   1.68093e-01   1.88011e-01   2.10441e-01   2.35334e-01   2.62641e-01   2.92313e-01   3.24303e-01   3.58566e-01   3.95064e-01   4.33765e-01   4.74649e-01   5.17709e-01   5.62956e-01   6.10425e-01   6.60178e-01   7.12315e-01   7.66983e-01   8.24387e-01   8.84806e-01   9.48620e-01   1.01633e+00   1.08862e+00   1.16640e+00   1.25091e+00   1.34387e+00   1.44783e+00   1.56667e+00   1.70721e+00   1.88473e+00   2.09938e+00   2.11421e+00   2.13336e+00   2.15771e+00   2.18863e+00
  -3.75000e-03   2.54757e+00   2.51193e+00   2.48093e+00   2.45366e+00   2.42925e+00   2.40689e+00   2.38589e+00   2.36609e+00   2.13499e+00   1.93787e+00   1.77764e+00   1.63933e+00   1.51638e+00   1.40508e+00   1.30306e+00   1.20867e+00   1.12076e+00   1.03846e+00   9.61112e-01   8.88237e-01   8.19460e-01   7.54499e-01   6.93143e-01   6.35235e-01   5.80664e-01   5.29354e-01   4.81258e-01   4.36349e-01   3.94621e-01   3.56079e-01   3.20741e-01   2.88633e-01   2.59782e-01   2.34223e-01   2.11987e-01   1.93109e-01   1.77617e-01   1.65539e-01   1.56895e-01   1.51702e-01   1.49970e-01   1.51702e-01   1.56895e-01   1.65539e-01   1.77617e-01   1.93109e-01   2.11987e-01   2.34223e-01   2.59782e-01   2.88633e-01   3.20742e-01   3.56079e-01   3.94621e-01   4.36349e-01   4.81258e-01   5.29355e-01   5.80665e-01   6.35235e-01   6.93143e-01   7.54500e-01   8.19461e-01   8.88238e-01   9.61113e-01   1.03846e+00   1.12076e+00   1.20867e+00   1.30306e+00   1.40508e+00   1.51638e+00   1.63933e+00   1.77764e+00   1.93788e+00   2.13499e+00   2.36609e+00   2.38589e+00   2.40689e+00   2.42925e+00   2.45366e+00   2.48093e+00   2.51193e+00   2.54757e+00
  -4.50000e-03   2.83799e+00   2.80211e+00   2.76922e+00   2.73875e+00   2.71013e+00   2.68280e+00   2.65623e+00   2.62987e+00   2.60326e+00   2.57605e+00   2.54842e+00   2.30261e+00   2.08916e+00   1.91283e+00   1.75884e+00   1.62076e+00   1.49500e+00   1.37926e+00   1.27199e+00   1.17206e+00   1.07866e+00   9.91167e-01   9.09123e-01   8.32176e-01   7.60060e-01   6.92577e-01   6.29583e-01   5.70977e-01   5.16692e-01   4.66688e-01   4.20946e-01   3.79464e-01   3.42252e-01   3.09329e-01   2.80719e-01   2.56451e-01   2.36549e-01   2.21041e-01   2.09947e-01   2.03284e-01   2.01062e-01   2.03284e-01   2.09947e-01   2.21041e-01   2.36550e-01   2.56451e-01   2.80720e-01   3.09329e-01   3.42252e-01   3.79464e-01   4.20946e-01   4.66688e-01   5.16693e-01   5.70978e-01   6.29583e-01   6.92577e-01   7.60060e-01   8.32177e-01   9.09124e-01   9.91167e-01   1.07866e+00   1.17206e+00   1.27199e+00   1.37926e+00   1.49500e+00   1.62076e+00   1.75884e+00   1.91284e+00   2.08916e+00   2.30261e+00   2.54842e+00   2.57605e+00   2.60326e+00   2.62987e+00   2.65623e+00   2.68281e+00   2.71013e+00   2.73875e+00   2.76922e+00   2.80211e+00   2.83799e+00
  -5.25000e-03   3.06851e+00   3.03468e+00   3.00256e+00   2.97177e+00   2.94190e+00   2.91257e+00   2.88339e+00   2.85396e+00   2.82393e+00   2.79293e+00   2.76065e+00   2.72679e+00   2.69121e+00   2.65423e+00   2.39530e+00   2.16810e+00   1.97845e+00   1.81164e+00   1.66136e+00   1.52407e+00   1.39757e+00   1.28036e+00   1.17136e+00   1.06982e+00   9.75163e-01   8.86965e-01   8.04918e-01   7.28795e-01   6.58437e-01   5.93735e-01   5.34624e-01   4.81068e-01   4.33057e-01   3.90598e-01   3.53713e-01   3.22428e-01   2.96775e-01   2.76784e-01   2.62484e-01   2.53895e-01   2.51030e-01   2.53895e-01   2.62484e-01   2.76785e-01   2.96775e-01   3.22428e-01   3.53713e-01   3.90599e-01   4.33057e-01   4.81068e-01   5.34624e-01   5.93736e-01   6.58437e-01   7.28795e-01   8.04918e-01   8.86966e-01   9.75164e-01   1.06982e+00   1.17137e+00   1.28036e+00   1.39757e+00   1.52407e+00   1.66136e+00   1.81165e+00   1.97845e+00   2.16811e+00   2.39530e+00   2.65423e+00   2.69121e+00   2.72679e+00   2.76065e+00   2.79293e+00   2.82393e+00   2.85396e+00   2.88339e+00   2.91258e+00   2.94190e+00   2.97177e+00   3.00256e+00   3.03468e+00   3.06851e+00
  -6.00000e-03   3.24793e+00   3.21728e+00   3.18738e+00   3.15794e+00   3.12868e+00   3.09928e+00   3.06945e+00   3.03888e+00   3.00729e+00   2.97439e+00   2.93991e+00   2.90362e+00   2.86526e+00   2.82464e+00   2.78157e+00   2.73600e+00   2.68838e+00   2.41751e+00   2.17853e+00   1.97762e+00   1.80017e+00   1.63993e+00   1.49346e+00   1.35864e+00   1.23402e+00   1.11862e+00   1.01175e+00   9.12904e-01   8.21741e-01   7.38023e-01   6.61596e-01   5.92372e-01   5.30311e-01   4.75411e-01   4.27694e-01   3.87200e-01   3.53976e-01   3.28073e-01   3.09534e-01   2.98395e-01   2.94680e-01   2.98395e-01   3.09534e-01   3.28073e-01   3.53976e-01   3.87200e-01   4.27694e-01   4.75411e-01   5.30311e-01   5.92372e-01   6.61596e-01   7.38023e-01   8.21741e-01   9.12904e-01   1.01175e+00   1.11862e+00   1.23402e+00   1.35864e+00   1.49346e+00   1.63993e+00   1.80017e+00   1.97762e+00   2.17853e+00   2.41751e+00   2.68838e+00   2.73600e+00   2.78157e+00   2.82464e+00   2.86526e+00   2.90362e+00   2.93991e+00   2.97439e+00   3.00729e+00   3.03888e+00   3.06945e+00   3.09928e+00   3.12868e+00   3.15794e+00   3.18738e+00   3.21728e+00   3.24793e+00
