# multipoles are divided by excitation current and units are [T], [m] and [A]
# harmonics (dipole n=0): 00 01 02 03 04 05 06 07 08 09 10 11 12 13 14 
# MAG_LABEL   CURRENT[A]   <NORMAL_MULTIPOLES/CURRENT>[T/m^(n-1)/A]   <SKEW_MULTIPOLES/CURRENT>[T/m^(n-1)/A]
S15-005   +5.996750e+00   +1.629944e-06 +6.870171e-05 -2.503621e+00 -8.352092e-02 +9.036168e-01 +1.488432e+02 -8.675921e+03 -1.025949e+05 +1.294779e+09 -6.416802e+08 -1.851916e+11 -7.026579e+12 +9.399718e+14 +3.927582e+16 -3.562598e+20   +3.742907e-07 +1.011349e-04 -8.436333e-04 +7.248151e-02 +5.182464e+00 +9.270358e+01 -2.911097e+03 +8.614184e+04 -3.007057e+07 -3.807619e+09 -4.325229e+10 +7.502591e+12 -3.697826e+14 +1.051377e+17 -1.649992e+18   
S15-007   +5.996950e+00   +9.413088e-07 +1.007000e-04 -2.499666e+00 -2.358182e-04 -1.255641e+01 +2.022491e+02 -2.982660e+04 -2.230205e+05 +1.162084e+09 +1.526268e+09 -1.000254e+11 +6.056517e+11 +9.083071e+14 +1.651755e+17 -3.331205e+20   +5.145732e-07 +2.292387e-04 +6.200002e-04 -3.787904e-01 -2.701972e+00 +1.279955e+01 +4.961024e+03 +3.633557e+05 -2.737603e+08 +8.827249e+08 +1.602621e+11 +1.675707e+13 -5.756443e+14 +1.917041e+17 +5.129623e+19   
S15-011   +5.997050e+00   +9.690029e-07 +5.372095e-05 -2.495539e+00 -1.152660e-01 -8.548768e+00 +4.911870e+01 -1.699834e+04 -2.043963e+05 +1.302219e+09 +1.294207e+09 +4.500199e+10 +2.322595e+12 -1.650711e+14 +4.176360e+16 -3.606046e+20   +2.895057e-07 +9.912240e-05 -2.146617e-03 +8.977189e-02 +9.031731e-01 +5.061489e+01 +1.209368e+03 -3.052643e+05 -4.592183e+07 -2.710923e+09 +4.327588e+10 +1.009106e+13 -8.816270e+14 +5.621189e+16 +1.725652e+18   
S15-012   +5.996950e+00   +1.174012e-06 +1.340412e-04 -2.502394e+00 +7.725494e-02 -6.819427e+00 +1.771214e+02 -1.765861e+04 -4.031925e+05 +1.303718e+09 +3.889771e+08 +7.659452e+10 +1.298801e+12 +5.188564e+14 +1.875360e+17 -3.565566e+20   +7.710403e-07 +1.426862e-04 -2.091763e-03 -1.448917e-01 -4.732297e+00 +1.945544e+01 +4.110716e+03 +4.743280e+05 -8.015304e+07 -1.440199e+09 -2.545491e+09 +1.253695e+13 -3.380398e+14 +4.754714e+16 +2.402788e+18   
S15-013   +5.997550e+00   +1.039345e-06 +8.169297e-05 -2.503374e+00 +6.143495e-03 -1.056330e+01 -2.110068e+02 -2.524624e+04 -2.819064e+05 +1.252427e+09 +1.337287e+09 +1.482248e+11 +1.173823e+12 +7.677387e+14 +1.024109e+17 -3.521001e+20   -3.435621e-08 +1.857430e-04 -7.036995e-04 -1.728206e-01 +1.109715e+01 +1.914739e+02 -1.555843e+04 -2.087122e+05 -1.938663e+08 +2.958436e+09 +2.282957e+11 -1.551333e+13 +2.533178e+14 +1.681957e+17 +2.548686e+19   
S15-015   +5.997200e+00   +1.346005e-06 +8.954854e-05 -2.491843e+00 -2.240396e-02 -6.552583e+00 -5.086727e+02 -1.427677e+04 -1.532637e+05 +1.415588e+09 -5.886070e+08 -5.531631e+10 +1.445082e+13 +2.700027e+14 +4.915972e+16 -3.603453e+20   +1.058434e-07 +1.282010e-04 -1.463325e-03 -2.383919e-02 -1.740272e+00 +3.695103e+01 +1.033044e+04 -1.275922e+05 -4.459218e+07 -5.735675e+08 +8.613638e+10 +5.829834e+12 -5.218247e+14 +2.619569e+17 -3.102274e+18   
S15-019   +5.997350e+00   +8.754445e-07 +8.228149e-05 -2.484257e+00 +6.796105e-04 -2.080772e+00 +8.221891e+01 -9.959912e+03 -3.117132e+05 +1.270207e+09 -4.869719e+08 -1.314769e+11 +1.131445e+13 +8.462102e+14 +1.144080e+17 -3.439404e+20   +8.703617e-08 +1.521576e-04 +4.601898e-04 -6.470791e-02 -6.653665e+00 +8.874128e+01 +1.173006e+04 -1.107686e+05 -2.129242e+08 -1.036257e+08 +1.316049e+11 +4.901001e+12 -5.031577e+14 +1.108913e+17 +3.323104e+19   
S15-020   +5.996800e+00   +1.100281e-06 +9.441494e-05 -2.490880e+00 -1.660931e-02 -3.095766e+00 +5.862428e+01 -9.369447e+03 -1.336987e+05 +1.388314e+09 +5.851858e+08 -5.199445e+10 +6.932787e+12 +4.471872e+14 +7.951804e+16 -3.519107e+20   +3.502220e-07 +1.199128e-04 -2.753155e-03 +5.468612e-02 +5.904089e-01 +1.282413e+02 -2.650282e+03 -1.377107e+05 -3.122984e+07 -1.893533e+09 +7.329856e+10 +2.922465e+12 +2.421535e+14 +1.553455e+17 -4.643643e+18   
S15-022   +5.996950e+00   +1.155076e-06 +1.029515e-04 -2.467881e+00 -8.173040e-02 -6.153061e+00 -2.195438e+01 -1.051830e+04 -4.988546e+04 +1.407724e+09 -1.394120e+08 +6.293948e+10 -2.450321e+12 -1.044259e+14 +1.530991e+17 -3.598361e+20   +4.874881e-07 +1.134962e-04 -2.113354e-03 +4.682068e-02 +5.892664e+00 +2.444816e+01 -1.731680e+04 +7.955112e+03 -2.659882e+07 -1.579558e+09 +6.125159e+10 +1.365554e+13 -8.457974e+13 +1.747490e+17 -1.066565e+19   
S15-023   +5.997400e+00   +1.155176e-06 +1.198300e-04 -2.482501e+00 +2.702930e-02 -5.811717e+00 +5.820457e+02 -7.222747e+03 +2.714870e+05 +1.340969e+09 -6.496168e+08 +9.203937e+10 +3.262442e+12 -3.374539e+14 +5.181554e+16 -3.497647e+20   +2.689912e-07 +1.296418e-04 -1.267432e-03 -4.159399e-02 +3.287114e+00 -9.101922e+01 -6.094766e+03 +1.658678e+05 -3.852710e+07 -2.001277e+09 -7.974814e+10 +2.061665e+13 +4.591458e+14 +1.971809e+16 -3.205059e+18   
S15-024   +5.997400e+00   +1.251803e-06 +1.271162e-04 -2.467758e+00 -7.627524e-02 -1.006941e+01 -7.009574e+01 -1.955016e+04 -3.552439e+05 +1.263072e+09 -2.961605e+09 +8.908922e+10 +8.141188e+12 +1.253035e+15 -1.887983e+16 -3.261652e+20   -6.613929e-07 +1.384040e-04 -6.306911e-04 +2.234800e-02 -1.141001e+00 +7.085717e+01 +3.299880e+03 -1.392357e+05 -2.719332e+08 +1.158668e+09 +2.584975e+11 +2.100449e+13 +2.336209e+14 +1.491479e+17 +4.975798e+19   
S15-025   +5.997150e+00   +1.146924e-06 +1.220360e-04 -2.470122e+00 -1.929860e-02 -2.106087e+00 -1.565176e+02 -9.051044e+03 -2.221133e+05 +1.262760e+09 -1.684337e+09 +4.307156e+10 +1.148348e+13 +1.509401e+15 +1.087111e+17 -3.273702e+20   -8.166466e-07 +1.796922e-04 -5.928773e-04 -4.210762e-02 -1.205848e+00 +6.365919e+01 -4.014404e+02 +7.765299e+03 -2.807592e+08 -2.033618e+09 -2.208022e+11 -9.761372e+11 -5.006910e+14 +8.698719e+16 +4.051159e+19   
S15-028   +5.997200e+00   +5.370940e-07 +1.374066e-04 -2.466371e+00 -5.385325e-02 -9.776316e+00 +2.058722e+02 -2.002368e+04 -5.346733e+05 +1.244788e+09 +1.154724e+09 +9.737681e+10 +5.237959e+11 +9.308497e+14 +1.701237e+17 -3.293384e+20   -7.207769e-07 +1.305313e-04 -5.923216e-04 +1.086216e-02 +1.866363e+00 +1.329949e+01 -3.663940e+02 -3.062774e+05 -3.198211e+08 -1.882974e+09 +1.194377e+11 +2.868989e+13 -2.100102e+14 +1.101208e+17 +4.448323e+19   
S15-039   +5.997650e+00   +1.985009e-06 +1.012246e-05 -2.483976e+00 -2.365181e-01 -4.572307e-01 -2.196350e+02 -2.051682e+04 +5.295154e+03 +1.396681e+09 +1.726955e+09 -9.155934e+10 +2.475470e+13 -8.540750e+13 +1.107843e+17 -3.593027e+20   -4.846388e-07 +2.152280e-04 -1.318736e-03 -3.244901e-01 +5.513231e+00 +1.052416e+02 -3.921796e+03 -2.536553e+04 -3.916829e+07 +1.167788e+09 +2.785434e+11 -1.065338e+13 -5.560358e+13 +1.738871e+17 -6.382333e+18   
S15-042   +5.997400e+00   +8.899255e-07 +1.329091e-04 -2.486638e+00 +1.503038e-02 -4.233173e+00 -3.020124e+02 -1.309785e+03 +1.099363e+05 +1.298502e+09 -6.903967e+07 +2.355201e+10 +8.688994e+12 -3.081639e+14 +8.218606e+16 -3.413796e+20   +4.668383e-07 +1.268257e-04 -2.401424e-03 -2.182986e-02 +5.786026e+00 -1.090172e+02 -1.271579e+04 +3.166454e+05 -5.789659e+07 -1.113839e+09 -8.821981e+10 +1.874571e+13 -5.387705e+14 +1.287897e+17 -2.643280e+18   
S15-049   +5.998050e+00   +7.914757e-07 +9.158712e-05 -2.463059e+00 -5.313890e-02 -1.018024e+01 +2.363913e+02 -1.817244e+04 -5.238869e+05 +1.369761e+09 -2.239411e+08 +1.010839e+11 -7.591514e+11 +6.350957e+14 +9.233379e+16 -3.479704e+20   +8.914724e-07 +1.272812e-04 -2.868677e-04 +1.309605e-02 -7.208613e+00 +1.576791e+00 +8.357713e+03 -3.100066e+04 -6.614138e+07 -7.717033e+08 +2.036745e+11 +1.556026e+13 -1.032141e+15 +1.287513e+17 +1.104699e+19   
S15-063   +5.996800e+00   +9.604204e-07 +8.143480e-05 -2.496291e+00 -1.339148e-01 -5.277621e+00 +1.834432e+02 -6.704971e+03 -4.189963e+05 +1.350492e+09 +3.650210e+09 +2.340400e+11 -9.400464e+11 +7.715338e+14 +1.576144e+17 -3.547851e+20   -3.716277e-07 +1.131832e-04 -1.134186e-03 +8.700258e-02 +8.202173e+00 +1.066502e+02 -2.042923e+03 +1.388929e+05 -6.193497e+07 -1.568520e+09 -1.741207e+11 +2.011935e+13 +1.071151e+15 +3.498599e+17 +1.317324e+19   
S15-064   +5.996700e+00   +1.201739e-06 +5.200946e-05 -2.487618e+00 -8.900704e-02 -7.662699e+00 +3.141183e+02 -1.584896e+04 -5.096315e+05 +1.286129e+09 +3.874473e+06 -1.850308e+10 +1.675898e+13 +6.740996e+14 -3.946732e+15 -3.558349e+20   +3.704628e-07 +1.360812e-04 -4.324844e-05 -4.836325e-02 -6.679307e+00 +1.433243e+01 +1.163338e+04 +1.808089e+05 -7.656369e+07 -9.558684e+08 +1.826376e+11 +1.216147e+13 -1.459633e+15 +2.682926e+17 -4.700580e+18   
S15-065   +5.996600e+00   +1.051081e-06 +1.177686e-04 -2.471037e+00 +9.479485e-03 -1.953792e+00 -1.614116e+02 -8.221651e+03 -2.981801e+05 +1.284979e+09 +1.679035e+09 +3.715307e+10 +1.972898e+13 -7.941193e+14 +8.473959e+16 -3.359287e+20   +4.409819e-07 +1.366975e-04 -8.022676e-04 -1.051386e-02 +4.823061e-01 +4.935955e+00 +2.419309e+03 -3.050795e+05 -1.262203e+08 -4.811620e+08 +7.525641e+09 +4.430993e+12 -7.748656e+14 +2.456245e+17 -6.705131e+18   
S15-067   +5.997500e+00   +7.946629e-07 +9.588477e-05 -2.475133e+00 +1.076348e-01 -1.363144e+01 -1.539540e+01 -3.029816e+04 -9.760225e+04 +1.377011e+09 -1.820460e+09 +2.585536e+11 +8.993307e+12 +1.240648e+15 +2.704902e+16 -3.430293e+20   +1.888835e-06 +1.584408e-04 -2.172782e-04 -1.340904e-01 -2.316960e+01 +1.173980e+02 +1.936070e+04 -1.262680e+05 -6.009479e+07 -9.490618e+08 +3.822613e+11 +1.911491e+13 -1.569604e+15 +9.226263e+16 +4.454798e+18   
S15-068   +5.997800e+00   +9.756781e-07 +9.131885e-05 -2.461369e+00 -2.386340e-02 -3.117747e+00 +4.050752e+02 -1.474736e+04 -1.468511e+05 +1.324010e+09 +1.641222e+09 -1.982519e+11 +6.101252e+12 +7.447587e+14 -3.996856e+16 -3.495090e+20   +4.917150e-07 +1.187810e-04 -1.877270e-04 -3.568640e-02 +2.318298e+00 +1.840066e+01 -6.043919e+03 -1.399334e+05 -7.635421e+07 +9.008912e+08 -6.504227e+10 +9.201934e+10 +7.095858e+13 +5.265307e+16 +1.120249e+19   
S15-071   +5.997250e+00   +1.433255e-06 +1.273994e-04 -2.484412e+00 +3.788738e-03 -8.463237e+00 +1.187447e+02 -2.333248e+04 +8.116645e+04 +1.328527e+09 +1.651941e+09 +2.830472e+10 +7.876123e+12 +2.139542e+15 +7.744785e+16 -3.538282e+20   +3.276929e-07 +1.241413e-04 -1.306195e-03 +6.275833e-02 -3.567125e+00 +6.141558e+01 +1.196283e+04 -4.670055e+05 -1.716688e+07 -1.040087e+08 -1.220608e+11 +9.812236e+12 -9.726728e+14 +1.987826e+17 -4.812296e+18   
S15-073   +5.997400e+00   +1.109826e-06 +1.565708e-04 -2.480528e+00 -6.712267e-02 -1.053820e+01 -1.210295e+02 -1.974719e+04 -5.763871e+05 +1.314275e+09 +1.533913e+09 +4.152268e+10 +1.017146e+13 +1.043733e+15 +1.630790e+17 -3.558065e+20   +3.637425e-07 +1.435760e-04 -1.011664e-03 +2.128296e-02 +5.912432e+00 +1.417301e+01 -2.847481e+03 -6.467818e+05 -1.642793e+07 +2.288155e+08 -6.671794e+10 +1.022948e+13 -9.697744e+14 +1.423536e+17 +2.177720e+18   
S15-074   +5.997150e+00   +1.729547e-06 +1.267812e-04 -2.484860e+00 -2.206156e-02 +7.390634e+00 +8.549468e+01 -4.807689e+02 -3.817545e+05 +1.348112e+09 +8.524878e+08 -2.609750e+11 -2.887286e+12 +6.593854e+14 +1.044162e+17 -3.623498e+20   +2.084764e-07 +1.507534e-04 -1.026581e-03 -1.042679e-01 +1.232515e+00 +7.263797e+01 +1.011826e+04 -3.918149e+05 -4.179068e+07 +1.821667e+09 -4.759654e+09 +4.281319e+12 -8.528671e+14 +1.182326e+17 +5.074704e+18   
S15-075   +5.997450e+00   +1.209908e-06 +1.595135e-04 -2.491464e+00 -8.357985e-02 -6.074787e+00 -1.585545e+02 -1.574073e+04 -3.909753e+05 +1.307452e+09 +1.718444e+09 -5.507254e+10 +4.692591e+12 +6.099209e+14 +1.656648e+17 -3.589754e+20   +6.794783e-07 +1.546457e-04 -3.445001e-04 -3.976355e-02 -6.849601e+00 +5.589104e+01 +1.466923e+04 -4.439090e+04 -1.959424e+07 +1.277433e+08 +5.678685e+10 +1.707242e+13 -6.855442e+14 +1.369768e+17 -9.225521e+18   
S15-077   +5.997400e+00   +9.945982e-07 +1.151533e-04 -2.486404e+00 -2.157186e-02 -7.542558e+00 +2.084130e+02 -1.856986e+04 -2.437470e+05 +1.298977e+09 +1.717344e+09 +1.622344e+10 +1.057061e+12 +3.648148e+12 +9.653498e+16 -3.518917e+20   +5.335667e-07 +1.687046e-04 -1.260530e-04 +1.302659e-02 -6.654889e-01 -5.341835e+01 +5.976913e+03 -5.988418e+04 -5.269922e+07 -1.679359e+09 +1.312957e+10 +1.853243e+13 -7.943154e+14 +1.176759e+17 +7.902136e+18   
S15-080   +5.997100e+00   +1.047471e-06 +1.523659e-04 -2.482682e+00 +4.925888e-03 -8.222187e+00 -4.669277e+00 -1.621041e+04 -4.151807e+05 +1.313316e+09 +4.236438e+08 -2.542611e+10 +3.146819e+12 +7.707414e+14 +1.524001e+17 -3.458073e+20   +4.460696e-07 +1.486844e-04 -7.552867e-04 -1.512996e-02 -9.949085e-01 +1.246229e+02 +6.473017e+03 -2.638350e+05 -5.887449e+07 -7.890235e+08 +6.866429e+09 +1.067732e+13 -1.410949e+15 +1.682330e+17 +2.308226e+18   
S15-081   +5.997450e+00   +1.275115e-06 +1.342855e-04 -2.481436e+00 -3.485115e-03 -7.376071e+00 +3.353660e+02 -1.970779e+04 -3.449988e+05 +1.305850e+09 -1.132552e+09 +2.187838e+10 +6.767956e+12 +2.249871e+14 +1.352629e+17 -3.441321e+20   +4.162286e-07 +1.452782e-04 -1.382242e-03 +5.162959e-02 +3.479039e-01 +1.684499e+01 +4.791076e+03 -3.550104e+05 -8.489030e+07 -3.681068e+08 +3.526005e+10 +7.936983e+12 -3.985847e+14 +1.535946e+17 +4.819743e+18   
S15-082   +5.997450e+00   +9.392800e-07 +3.114610e-05 -2.480329e+00 -6.609856e-02 -7.536085e+00 +2.563651e+01 -1.467593e+04 -5.100208e+04 +1.289731e+09 +5.557007e+08 +1.277478e+10 +6.161399e+12 +1.137967e+15 -6.371224e+15 -3.465555e+20   +3.729670e-07 +9.166678e-05 -9.246438e-04 -4.889081e-02 -6.957605e-01 -2.754954e+01 +3.406314e+03 -7.438071e+04 -6.247969e+07 -1.031625e+09 -6.118382e+10 +2.049801e+13 -1.131277e+15 +7.205852e+16 +5.088134e+17   
S15-083   +5.997550e+00   +1.248994e-06 +6.744892e-05 -2.479761e+00 -7.336121e-02 -2.454497e+00 -3.089587e+01 -1.490355e+04 -7.301556e+04 +1.282615e+09 +7.839373e+08 -3.446141e+10 +3.405761e+12 +1.223134e+15 +1.181480e+16 -3.524044e+20   +4.837170e-07 +1.236615e-04 -2.847591e-03 -8.869640e-02 +1.725396e+00 +2.100589e+01 -4.455719e+02 -2.070090e+05 -8.960207e+07 -2.971598e+08 -3.922552e+10 +2.190379e+12 -3.688544e+14 +7.880278e+16 +4.621814e+18   
S15-084   +5.997550e+00   +1.228032e-06 +1.107250e-04 -2.473006e+00 +3.373112e-03 -3.954273e+00 -1.514042e+01 -1.314835e+04 -1.934488e+05 +1.280966e+09 +4.039338e+08 -6.975458e+10 +3.728059e+12 +5.158591e+14 +2.233380e+16 -3.452001e+20   +5.564254e-07 +1.144951e-04 -2.486264e-03 +4.237600e-03 +7.984277e+00 +6.404567e+01 -1.951327e+04 -1.021369e+05 -8.091161e+07 -7.105451e+08 -8.490005e+10 +3.004512e+12 -1.278439e+14 +1.283227e+17 +4.649090e+18   
S15-085   +5.997250e+00   +1.233652e-06 +4.508523e-05 -2.478995e+00 -1.434036e-01 +3.989182e+00 -1.585599e+02 +8.425935e+02 -3.778152e+05 +1.255224e+09 +9.112025e+08 -1.672388e+11 +5.486785e+11 +5.680899e+14 +3.622380e+16 -3.485908e+20   +2.354834e-07 +9.152683e-05 -2.041372e-03 -2.809694e-02 -1.811805e+00 +7.317826e+01 +5.542284e+03 +2.044879e+05 -1.076160e+08 -9.537558e+08 +8.895390e+10 -1.864780e+11 -1.355601e+15 +7.090900e+16 +6.033357e+18   
S15-086   +5.997400e+00   +4.242017e-07 +5.987046e-05 -2.475323e+00 -4.719617e-02 -8.297336e+00 -3.245095e+01 -1.403270e+04 +1.347635e+05 +1.267155e+09 -1.811847e+09 +1.203606e+11 +1.172226e+13 +3.852364e+14 -3.987293e+16 -3.426865e+20   +3.369370e-07 +7.575648e-05 -2.196989e-03 +1.629317e-02 -1.984430e+00 +6.490192e+01 +9.839024e+02 -2.683361e+05 -4.248194e+07 -7.653136e+08 -2.869430e+11 +1.651392e+13 +1.525733e+14 +4.157403e+16 +1.066290e+19   
S15-088   +5.997300e+00   +7.672037e-07 +8.316061e-05 -2.475607e+00 +3.993174e-03 -5.740938e+00 +6.574592e+01 -8.299820e+03 -3.461809e+05 +1.224304e+09 +1.258003e+09 +1.924673e+10 -3.746554e+12 +3.633657e+14 +6.730320e+16 -3.389424e+20   +2.988218e-07 +7.753567e-05 -2.392637e-04 +1.277565e-01 +4.838589e+00 +1.201871e+02 -6.964269e+03 -3.243406e+05 -2.525026e+08 -2.982169e+08 -3.678317e+10 +4.842397e+11 -2.068079e+14 +3.586546e+16 +3.158992e+19   
S15-089   +5.997250e+00   +7.769616e-07 +6.216708e-05 -2.475715e+00 -1.622381e-01 -7.292666e+00 +3.326321e+02 -1.050576e+04 -7.695984e+05 +1.207911e+09 +2.846493e+09 +4.161736e+10 -7.958963e+12 -4.715198e+14 +1.999773e+17 -3.347676e+20   +6.285026e-07 +1.343318e-04 +3.587214e-04 -8.097455e-03 -3.194097e+00 +9.320230e+01 +3.356260e+03 -3.275798e+05 -2.524289e+08 -1.614757e+08 +1.941645e+11 -1.099172e+12 -7.560505e+14 +5.191713e+16 +3.337686e+19   
S15-090   +5.997150e+00   +9.177248e-07 +9.532316e-05 -2.476148e+00 +3.496564e-02 -1.015214e+00 +8.337785e+01 -4.523402e+03 +3.113012e+04 +1.204754e+09 -7.210932e+08 +1.409581e+10 -1.467184e+12 +1.262654e+15 +3.413463e+16 -3.289748e+20   +1.111575e-07 +1.474828e-04 +7.034930e-04 -1.530465e-01 +3.600602e+00 +1.198122e+02 -4.643039e+03 +2.646179e+05 -2.923951e+08 +1.942233e+09 -1.463490e+11 +4.409303e+12 +6.618337e+13 +4.845008e+16 +3.886486e+19   
S15-094   +5.997850e+00   +9.247589e-07 +9.041463e-05 -2.480455e+00 +2.582649e-01 -1.119701e+01 -1.699282e+01 -8.247254e+03 +7.636735e+05 +1.329983e+09 -3.956376e+09 +1.727751e+11 +4.876943e+12 -6.686091e+14 -6.740192e+15 -3.608648e+20   -1.315692e-07 +1.074587e-05 -2.223252e-03 +4.114701e-01 +6.955976e+00 +1.403408e+02 +3.089322e+02 -1.293655e+06 -5.249684e+07 -2.682144e+09 -2.313427e+11 +8.005767e+11 -7.943545e+14 +8.946017e+16 +8.006862e+18   
S15-095   +5.997850e+00   +9.897787e-07 +5.475604e-05 -2.457561e+00 +5.039407e-02 -2.894405e+00 +3.234471e+01 -3.423542e+03 +6.165029e+05 +1.296308e+09 -4.105955e+09 -1.323380e+10 +1.796976e+13 +5.614760e+14 -1.060257e+17 -3.513499e+20   +4.312822e-08 +1.324555e-04 -3.310550e-03 -4.718389e-02 -7.144483e-01 +2.262883e+01 +7.069123e+03 -2.378834e+05 -8.496139e+07 +1.116955e+09 +3.042088e+11 +1.246179e+13 -3.446642e+15 +1.122467e+17 +1.273969e+19   
S15-096   +5.997750e+00   +1.153642e-06 +4.639538e-05 -2.455946e+00 -9.587509e-03 -2.353704e+00 -1.205317e+02 -9.450281e+03 +3.129775e+04 +1.305892e+09 -4.812453e+08 -1.655623e+10 +1.400671e+13 -2.140950e+13 +1.069515e+17 -3.544844e+20   +4.501960e-07 +7.604255e-05 -3.582165e-03 +1.002611e-01 -8.750783e-01 +1.350326e+02 -1.561702e+03 -3.285824e+05 -6.108456e+07 -6.928520e+08 +2.508054e+10 -2.880774e+12 -2.831907e+14 +9.020501e+16 +5.485432e+18   
S15-097   +5.997900e+00   +7.138385e-07 +6.028922e-06 -2.451246e+00 -2.157689e-01 -1.586721e+01 -9.679361e+01 -2.843500e+04 -2.326433e+05 +1.304189e+09 +2.118723e+09 +8.074930e+10 +4.340903e+11 +1.023831e+15 +8.406671e+16 -3.523001e+20   +1.825341e-07 +1.057644e-04 -2.668516e-03 +5.948974e-02 +5.106686e+00 +5.240924e+01 -9.304493e+03 -3.480797e+05 -8.338033e+07 -1.403690e+09 +9.227865e+10 +7.487156e+12 -7.220771e+14 +1.608335e+17 +3.148677e+18   
S15-098   +5.998150e+00   +1.084586e-06 +3.681900e-05 -2.457988e+00 -7.662178e-02 -4.169834e+00 -1.548085e+02 -5.062761e+03 -7.748141e+04 +1.313091e+09 -1.324841e+09 +4.458555e+10 +8.031236e+11 +2.447386e+14 +1.201506e+17 -3.526247e+20   +6.642835e-07 +1.263692e-04 -3.343353e-03 -1.806475e-02 -3.039762e+00 +4.688611e+01 +5.156240e+03 -3.926234e+05 -7.141852e+07 +7.434666e+08 +1.493263e+11 +6.132019e+12 -8.092732e+14 +1.285354e+17 +5.183868e+18   
S15-108   +5.996950e+00   +1.444481e-06 +1.253152e-04 -2.477841e+00 +2.140231e-01 -6.662610e+00 -3.674913e+01 -1.371116e+04 +1.587739e+05 +1.427817e+09 -9.396605e+08 +6.946986e+10 +7.568169e+12 +9.847457e+14 +4.518775e+16 -3.577749e+20   -4.980098e-07 +1.502106e-04 -1.282709e-03 -1.678078e-01 +1.245014e+01 +4.509241e+01 -5.074413e+03 -1.596412e+05 -3.322307e+07 +6.715139e+08 -2.785538e+11 +4.388064e+12 -8.454154e+14 +8.426904e+16 -1.502953e+17   
S15-112   +5.997150e+00   +8.733038e-07 +4.450484e-05 -2.474089e+00 +1.154849e-01 -4.713377e+00 -1.298813e+02 -7.725113e+03 -2.846285e+05 +1.378395e+09 -2.499189e+09 -1.593517e+10 +1.357957e+13 +9.011059e+14 +8.069993e+16 -3.458846e+20   -3.340085e-08 +1.150331e-04 -1.727337e-03 -2.124171e-02 +5.879264e+00 +1.399942e+02 +2.384953e+03 -9.235980e+04 -6.730961e+07 -2.055962e+09 -2.230521e+11 -2.154220e+12 -1.374652e+15 +8.709775e+16 +2.624096e+18   
S15-114   +5.997050e+00   +1.159175e-06 +5.797254e-05 -2.472152e+00 -5.829019e-03 +5.021349e-01 -8.345777e+01 -7.948975e+03 +6.106696e+03 +1.415792e+09 +6.018998e+07 -6.009603e+10 -1.659549e+12 +7.046061e+14 +2.840933e+16 -3.577637e+20   +5.278705e-07 +8.681372e-05 -1.337460e-03 +6.762590e-02 -1.813448e+00 +3.812595e+01 +2.798166e+03 -1.576711e+05 -2.997811e+07 -5.890191e+08 +9.891929e+10 +6.820894e+12 -3.397032e+13 +1.722128e+17 +3.225124e+18   
S15-115   +5.997250e+00   +1.017311e-06 +7.256154e-05 -2.468613e+00 +2.746210e-02 -4.282710e+00 +1.301042e+02 -1.701722e+04 +1.272988e+05 +1.229169e+09 -3.214905e+08 +3.064078e+11 -4.449098e+12 +9.161923e+14 +1.310200e+17 -3.170235e+20   +8.159481e-07 +1.298409e-04 -2.282936e-04 -1.338380e-02 -6.365843e+00 +4.035204e+01 +3.140761e+03 -1.524556e+05 -4.319420e+08 +1.078216e+09 -2.253168e+11 -1.702492e+13 +7.768262e+14 +6.499396e+16 +6.834391e+19   
S15-125   +5.997400e+00   +7.506388e-07 +3.055431e-05 -2.464961e+00 -1.876690e-01 -7.451631e+00 +1.946939e+02 -6.437214e+03 -6.721996e+05 +1.362313e+09 +3.023910e+08 +1.468016e+11 +2.946810e+12 -7.940594e+14 +8.348263e+16 -3.494841e+20   +5.439609e-07 +6.603713e-05 -4.277502e-03 +1.429788e-01 -6.979876e-01 +7.188078e+01 -2.433034e+02 -4.324957e+05 -4.154634e+07 -2.079221e+09 -2.424654e+10 +8.349925e+12 -7.193235e+14 +1.356891e+17 -1.400803e+18   
S15-129   +5.997100e+00   +1.458465e-06 +8.663556e-05 -2.466044e+00 +8.327920e-02 -7.609471e+00 +1.442910e+02 -5.812403e+03 -1.191576e+05 +1.376868e+09 +1.736896e+09 -5.410613e+10 +4.217430e+12 +5.034488e+13 +4.874211e+16 -3.590640e+20   -1.341438e-08 +9.319321e-05 -2.643434e-03 +1.056339e-03 +2.570813e+00 +7.338515e+01 +1.890640e+03 -1.226401e+05 -3.627011e+07 -3.151326e+09 +2.407068e+10 +3.937058e+12 -6.749961e+13 -1.201320e+16 +4.509666e+18   
S15-135   +5.997250e+00   +1.029590e-06 +5.101858e-05 -2.461575e+00 +3.668141e-03 -2.596218e+00 -7.223154e+01 -1.107437e+04 -5.096911e+03 +1.334821e+09 +2.503457e+09 -1.462084e+11 +1.657808e+13 -1.423353e+14 +2.126703e+16 -3.483807e+20   +5.076490e-07 +1.090466e-04 -9.908515e-04 -5.314749e-02 -1.411280e+00 +2.806478e+01 +5.177004e+02 -1.081634e+05 -1.000292e+08 +1.663378e+09 -9.099646e+08 +9.477864e+12 -7.672040e+14 +1.834221e+17 -3.685666e+18   
S15-144   +5.997400e+00   +4.727238e-07 +8.087671e-05 -2.460946e+00 +1.050404e-01 -5.168586e+00 +2.472581e+02 -1.765250e+04 -3.300500e+04 +1.413932e+09 -3.409041e+09 +1.279898e+11 +5.459651e+12 -3.697656e+14 +7.316877e+16 -3.533289e+20   +6.686401e-07 +8.813304e-05 -3.384840e-03 +7.283189e-02 -3.224357e+00 +4.158729e+01 +4.095416e+03 -2.460830e+05 -7.667939e+07 +5.617172e+08 +2.419635e+11 +2.333726e+11 -3.130308e+14 +1.737558e+17 +4.753405e+18   
S15-147   +5.997450e+00   +1.013354e-06 +1.362624e-04 -2.460571e+00 +8.964285e-02 -6.346954e+00 +1.481370e+02 -1.328998e+04 +1.661886e+05 +1.390904e+09 +4.451195e+08 -3.515601e+10 +2.901612e+12 +8.687119e+14 +7.944932e+16 -3.519964e+20   +1.621447e-07 +1.373575e-04 -5.729273e-04 -2.529372e-02 +2.100113e+00 +1.408715e+01 +6.408300e+02 -2.789367e+05 -9.915863e+07 -1.386582e+09 +1.419995e+11 +1.457688e+13 -1.108856e+15 +1.134664e+17 +1.006840e+19   
S15-150   +5.996900e+00   +1.331086e-06 -3.981475e-06 -2.461984e+00 -1.011642e-01 -4.276008e+00 +8.508056e+01 -1.296011e+04 -1.180316e+05 +1.386745e+09 +1.253526e+09 -7.690465e+10 -1.467083e+11 +7.355729e+14 -6.578564e+15 -3.522848e+20   +5.852761e-07 +1.162541e-04 -2.633968e-03 -2.510622e-02 -2.057176e+00 -2.695016e+00 -2.427763e+03 -3.670495e+05 -4.648770e+07 -4.693522e+08 +1.341716e+11 +6.383280e+12 -4.061684e+14 +1.557739e+17 -5.956651e+18   
S15-151   +5.997750e+00   +1.138849e-06 +5.812268e-05 -2.462425e+00 -5.133638e-02 -2.971266e+00 +1.885775e+02 -1.224026e+04 -6.818715e+03 +1.376154e+09 -5.368710e+08 +3.439546e+10 -9.619912e+12 +2.115757e+13 +1.037051e+17 -3.466593e+20   +3.929380e-08 +1.164299e-04 -5.541480e-04 +2.428002e-02 +2.759620e+00 -2.062547e+01 +9.541265e+02 -2.047786e+05 -9.310363e+07 -1.136658e+09 -3.458020e+10 +2.485242e+13 -9.468764e+14 +1.505302e+17 +1.049821e+19   
S15-152   +5.997250e+00   +1.111101e-06 +6.972784e-05 -2.463039e+00 -3.655600e-02 -2.760960e+00 -1.033403e+02 -8.212549e+03 -4.209541e+05 +1.366691e+09 -6.137910e+08 -9.450330e+10 +5.865358e+12 -2.257178e+12 +5.097805e+16 -3.498815e+20   +2.795480e-07 +1.139349e-04 -6.002426e-04 +3.957626e-02 +1.632823e+00 -4.230447e+00 +6.671661e+02 -2.921807e+05 -8.595418e+07 -1.279744e+09 -5.020008e+09 +1.126222e+13 -6.616711e+14 +1.720073e+17 +8.616924e+18   
S15-153   +5.997550e+00   +1.144058e-06 +4.406546e-05 -2.463671e+00 -1.320647e-02 -3.093090e+00 +1.555219e+02 -1.404438e+04 -1.574747e+05 +1.351465e+09 -1.467965e+09 +3.259351e+10 +4.165901e+12 +1.070073e+15 +6.157389e+16 -3.474314e+20   +4.068598e-07 +1.219539e-04 -3.546632e-03 -9.508888e-02 -4.667421e-01 +4.123355e+01 +4.997349e+03 -2.066799e+05 -7.587502e+07 +5.015650e+08 +3.543193e+10 +1.064178e+13 -9.929856e+14 +6.932269e+16 +5.890762e+18   
S15-158   +5.997050e+00   +1.108833e-06 +7.002136e-05 -2.478325e+00 -1.122477e-02 -3.630752e+00 -6.890726e+01 -1.868620e+04 -4.489456e+05 +1.290844e+09 -3.818597e+08 -1.735213e+11 -3.160322e+12 +9.730733e+14 -1.592720e+16 -3.255911e+20   +4.418319e-07 +2.831652e-04 +7.976450e-04 -5.692255e-01 -4.877682e-01 -1.446652e+01 -2.868519e+03 +5.902480e+05 -2.891021e+08 +6.833917e+09 +1.825416e+11 +1.985134e+13 -4.745140e+14 +9.748753e+16 +4.417755e+19   
S15-160   +5.996900e+00   +6.759452e-07 +5.521698e-05 -2.488644e+00 +8.357345e-02 -4.120561e+00 -1.031600e+02 -1.143481e+04 +2.050416e+04 +1.303702e+09 +8.655659e+08 +5.128210e+10 +1.933372e+12 +4.209537e+14 +7.004487e+16 -3.224288e+20   +2.726008e-07 +1.301644e-04 +1.384179e-03 +4.323094e-02 -1.950881e-02 +9.449696e+01 -1.843749e+03 -3.879027e+05 -3.171632e+08 +1.603397e+09 +7.165994e+10 -2.180470e+12 +1.175721e+15 +1.326433e+17 +5.456036e+19   
S15-161   +5.997200e+00   +9.403375e-07 +7.861814e-05 -2.491049e+00 -3.394392e-02 -7.407193e-02 -5.277278e+01 -2.497904e+03 -3.089420e+05 +1.410912e+09 -1.677506e+09 -1.647870e+10 +7.988475e+12 +4.760847e+13 +9.155101e+16 -3.563508e+20   +7.179597e-07 +1.498122e-04 -9.217095e-04 +5.645608e-03 -1.074950e+00 -5.116306e+01 -5.323288e+03 -1.752474e+05 -8.884006e+07 -8.224268e+08 +8.347454e+10 +2.415712e+13 +1.300200e+14 +1.348415e+17 +3.042898e+18   
S15-163   +5.997100e+00   +8.662625e-07 +7.188201e-05 -2.468018e+00 -6.650891e-02 -6.796615e+00 +1.336929e+02 -1.097411e+04 -3.439176e+05 +1.424075e+09 +8.119950e+08 -1.164003e+11 +3.705274e+12 +7.419041e+14 +4.183969e+16 -3.511764e+20   +1.457153e-07 +1.189412e-04 -8.574346e-04 +5.486772e-02 +8.077246e+00 +7.660383e+01 -1.533445e+04 -6.430088e+04 -3.381768e+07 -1.463930e+09 -1.333028e+11 -6.026238e+11 -4.062302e+14 +1.005339e+17 -3.407852e+18   
S15-169   +5.997500e+00   +1.342476e-06 +4.126968e-05 -2.472784e+00 -1.300619e-01 +3.228550e+00 -8.043828e+01 -8.147086e+03 -3.017009e+05 +1.369223e+09 +3.310581e+08 -1.460634e+11 +8.635723e+11 +6.609597e+14 +3.119305e+16 -3.507738e+20   +8.190916e-07 +2.105241e-04 -6.087735e-04 -3.303348e-01 -6.698063e+00 +6.094868e+01 +7.094883e+03 +3.241924e+05 -5.610898e+07 +3.375935e+09 +5.265394e+10 +1.566807e+13 -3.436132e+14 +1.818278e+17 +1.085398e+19   
S15-173   +5.997650e+00   +1.308092e-06 +5.479243e-05 -2.459015e+00 -8.119625e-02 -3.689847e+00 +2.949093e+02 -5.214476e+03 -3.216958e+05 +1.333209e+09 +2.640703e+09 +2.002176e+11 -8.443395e+11 -6.706565e+14 +4.734966e+16 -3.406302e+20   +4.276328e-07 +1.405770e-04 -1.931880e-04 +2.948325e-02 +3.421980e+00 +2.474046e+01 -4.835446e+03 -3.644252e+05 -8.785054e+07 -1.212398e+09 +6.749894e+10 +1.377772e+13 -8.916542e+14 +1.479280e+17 +1.014178e+19   
S15-178   +5.996600e+00   +1.407060e-06 +1.005045e-04 -2.480934e+00 +1.337552e-01 -1.837578e+00 -1.497692e+02 -1.349856e+03 -3.579573e+05 +1.390888e+09 -1.137778e+09 +9.762530e+10 +1.233634e+13 -7.048294e+12 +8.486466e+16 -3.577386e+20   +1.352413e-06 +2.144405e-04 -2.141347e-03 -3.080856e-01 -1.453202e+01 -1.440956e+01 +1.013744e+04 +4.973450e+05 -5.973807e+07 +3.295619e+08 +3.575441e+11 +5.530936e+12 -1.385199e+15 +5.388852e+15 -2.179061e+18   
S15-182   +5.997200e+00   +9.227980e-07 +7.071802e-05 -2.487146e+00 -1.199374e-01 -2.925247e+00 +3.070916e+01 -6.165054e+03 -8.187392e+05 +1.276467e+09 +2.969839e+09 +1.747070e+11 +1.070782e+13 -4.310857e+14 +1.914302e+17 -3.419678e+20   +2.024648e-07 +1.437556e-04 +6.697774e-04 -1.657839e-02 +6.125220e+00 -3.582085e+01 -6.201402e+03 -1.545953e+05 -3.124256e+08 -6.445253e+08 -8.383232e+10 +1.039590e+13 -1.208228e+15 +1.574181e+17 +4.150717e+19   
S15-196   +5.997000e+00   +1.170088e-06 +1.030849e-04 -2.481521e+00 +5.497227e-02 -5.277872e+00 +3.597384e+01 -1.175363e+04 -4.256170e+05 +1.391668e+09 -6.870340e+08 +2.898272e+10 +2.397219e+12 +4.743859e+14 +4.695118e+16 -3.494247e+20   +2.356805e-07 +1.457390e-04 -3.110932e-03 +2.998604e-02 -2.266925e+00 +4.853837e+01 -1.873235e+02 -4.954149e+05 -5.619095e+07 +2.821099e+08 +1.113253e+11 +1.537332e+13 -3.395891e+14 +1.474491e+17 +6.212556e+18   
S15-198   +5.997050e+00   +8.575248e-07 +1.081830e-04 -2.472802e+00 +9.331441e-02 -9.351494e+00 -1.129044e+02 -1.370159e+04 +1.370477e+05 +1.387558e+09 -1.803145e+09 +1.067773e+11 +6.644263e+12 +8.911280e+14 +1.388818e+17 -3.487570e+20   +1.390659e-07 +1.411203e-04 -3.386899e-03 -6.208462e-02 +1.632447e+00 +7.770364e+01 -5.102862e+02 +2.386021e+04 -4.805221e+07 -1.948416e+09 -4.671527e+10 +1.469144e+13 -7.773819e+14 +1.219101e+17 +8.737272e+18   
S15-200   +5.997800e+00   +1.036413e-06 +4.552711e-05 -2.476721e+00 -9.448353e-02 -2.868350e+00 +8.469060e+01 -4.676391e+03 -5.642489e+05 +1.375957e+09 +3.307890e+08 +2.531340e+10 -2.283040e+12 -5.302588e+14 +6.863643e+16 -3.555869e+20   -7.917550e-08 +1.177111e-04 -3.715372e-03 +6.945443e-03 +5.688986e+00 +1.182677e+01 -3.803871e+02 -3.392781e+05 -5.722522e+07 +5.801802e+08 +3.600614e+10 +1.327228e+13 -1.342590e+15 +1.292601e+17 -3.044278e+18   
S15-201   +5.996800e+00   +6.542569e-07 +8.483953e-05 -2.480236e+00 +2.759205e-02 -1.036337e+01 -2.110411e+02 -2.181362e+04 -1.257977e+05 +1.434959e+09 -2.222143e+07 +1.327553e+10 +7.904194e+12 +6.774608e+14 +7.272077e+16 -3.584542e+20   +9.585717e-08 +8.745204e-05 -1.643451e-03 +9.862728e-02 +6.767036e-01 +7.332968e+01 +7.653132e+03 -6.588337e+05 -2.480740e+07 -7.833038e+08 +1.379852e+11 +4.425185e+12 -9.573734e+14 +1.085117e+17 -1.701878e+18   
S15-202   +5.997500e+00   +6.326409e-07 -2.380348e-05 -2.487548e+00 -2.122903e-02 -2.276844e+00 +3.436025e+01 -1.155632e+04 -2.128770e+05 +1.401373e+09 -7.599103e+08 -1.733199e+11 +1.246314e+13 -1.937619e+14 -5.367425e+16 -3.485809e+20   +3.067390e-07 +9.441972e-05 -2.569234e-05 +7.832987e-02 +3.657961e-01 -3.893519e+01 -4.719161e+02 -2.884370e+05 -2.259068e+07 -3.971308e+09 +1.112619e+11 +1.557679e+13 -8.779178e+14 +1.614598e+17 -1.159945e+19   
S15-203   +5.997250e+00   +6.457635e-07 +5.849691e-05 -2.470561e+00 -7.044784e-03 -8.194201e+00 +2.534742e+02 -1.051626e+04 -7.602328e+04 +1.385540e+09 -6.159181e+08 -4.444182e+10 -2.874532e+12 +5.347379e+14 +3.558196e+15 -3.515785e+20   +2.984111e-07 +1.097433e-04 -3.237200e-03 +3.007287e-02 -2.583469e+00 +5.532481e+01 +5.428255e+03 -1.104032e+05 -6.750767e+07 -2.851449e+08 -1.356453e+10 +9.113427e+12 -4.912932e+14 +1.147220e+17 +2.994659e+18   
S15-204   +5.997900e+00   +5.235162e-07 +7.351505e-05 -2.475720e+00 +1.017378e-01 -3.768949e+00 +2.715422e+01 -1.571342e+04 -2.743007e+05 +1.416468e+09 -3.002696e+09 +3.349309e+10 +1.542283e+13 -4.754939e+14 +1.596431e+17 -3.490033e+20   +3.516029e-07 +1.255984e-04 -4.025000e-03 -8.030742e-02 -2.145539e-01 +1.986799e+01 +9.682686e+02 -1.378368e+05 -6.123798e+07 -1.904797e+09 +1.637572e+11 +1.062236e+13 -9.920192e+14 +1.127838e+17 -1.819830e+18   
S15-205   +5.997450e+00   +8.718625e-07 +1.093043e-04 -2.467544e+00 -5.263555e-03 -6.793492e+00 -2.295019e+02 -1.441183e+04 -8.139167e+04 +1.383970e+09 -1.895852e+09 +1.890010e+11 +8.187580e+12 +4.123851e+14 +1.171996e+17 -3.476528e+20   +2.588280e-07 +1.253055e-04 -3.332735e-03 +7.269568e-02 +3.789661e+00 +1.100338e+02 -3.431442e+03 -2.343980e+05 -5.728101e+07 -1.277861e+09 -2.173224e+10 +3.896663e+12 -4.936560e+14 +1.797587e+17 +2.752186e+18   
S15-208   +5.997250e+00   +1.068038e-06 +4.904331e-05 -2.469497e+00 +5.808706e-02 +7.481734e+00 +4.662485e+01 -6.605187e+03 -6.767380e+04 +1.423398e+09 -6.573063e+08 -2.614365e+11 +1.234374e+13 -2.010640e+14 +1.027816e+17 -3.516417e+20   +6.150322e-07 +1.274294e-04 -4.460786e-04 +4.214628e-02 -1.254844e+00 -1.124438e+01 +4.762279e+03 -5.134682e+05 -3.192093e+07 -1.678736e+09 +1.448695e+11 +6.054128e+12 -1.727198e+15 +2.178353e+17 -9.201306e+18   
S15-211   +5.997900e+00   +5.446014e-07 -5.758064e-06 -2.482330e+00 -1.973352e-01 +2.482424e+00 +7.650334e+01 -4.689736e+03 -4.619090e+05 +1.379770e+09 +5.704188e+08 +1.959974e+10 +1.096930e+12 +1.096083e+14 +4.531278e+16 -3.591240e+20   +6.481235e-07 +1.330275e-04 -4.320701e-03 -5.269526e-02 +8.599815e-01 +1.587865e+00 -2.859471e+03 -6.835651e+04 -7.231744e+07 +1.269696e+09 -5.775675e+09 +3.524904e+12 +2.159299e+14 +7.172609e+16 +1.993509e+17   
S15-214   +5.997250e+00   +1.118743e-06 +3.234944e-05 -2.488462e+00 -2.149083e-01 +4.248704e-02 -1.862635e+01 -4.469323e+03 -5.087707e+05 +1.366879e+09 +2.999466e+09 -7.906624e+09 +4.375846e+12 +2.072785e+14 +5.091392e+16 -3.520687e+20   +1.086659e-06 +1.403310e-04 -2.699464e-03 +3.224776e-02 -1.372676e+01 +7.252022e+01 +1.450160e+04 -8.627839e+04 -5.418005e+07 -1.508629e+09 +2.697880e+11 +1.127474e+13 -1.548165e+15 +1.509392e+17 -2.776674e+17   
S15-217   +5.997350e+00   +1.100372e-06 +7.807390e-05 -2.487357e+00 -3.495762e-02 -6.061896e+00 -3.721075e+00 -1.345306e+04 -2.994971e+04 +1.401249e+09 -1.653507e+09 +1.505928e+11 -4.602071e+12 +1.053929e+14 +3.285644e+16 -3.566217e+20   +5.490353e-07 +1.752954e-04 -2.745916e-03 -1.479081e-01 +1.765058e-01 +6.433992e+01 +3.411147e+03 +3.348559e+05 -8.085468e+07 +1.159153e+09 +8.059136e+10 +1.013653e+13 +5.508663e+14 +1.655229e+17 -4.011653e+18   
S15-224   +5.997250e+00   +1.141101e-06 +9.062857e-05 -2.471748e+00 -1.131018e-02 -1.449084e+00 -6.423457e+01 -5.737290e+02 -2.198268e+05 +1.399947e+09 -3.539797e+08 -3.351711e+10 +9.341033e+12 +1.490083e+15 +4.601466e+16 -3.497828e+20   +2.825510e-07 +1.383202e-04 -2.962513e-03 +2.635720e-02 +8.519590e-02 +3.269340e+01 +1.820668e+03 -2.397199e+05 -6.461318e+07 +1.912860e+08 -7.408687e+10 +1.095125e+13 -1.085205e+15 +1.777143e+17 +3.875623e+18   
S15-225   +5.997250e+00   +1.009747e-06 +1.306141e-04 -2.479728e+00 +1.173101e-01 -3.370048e+00 +1.277848e+02 -6.099777e+03 +1.179449e+05 +1.404182e+09 -2.245069e+09 +8.968466e+10 +1.572857e+12 -3.830374e+14 +6.948335e+16 -3.509265e+20   +1.060321e-06 +5.110557e-05 -3.139454e-03 +3.337120e-01 -7.777308e+00 +7.423592e+01 +5.180706e+03 -8.905267e+05 -8.412101e+07 -4.440589e+09 +2.415307e+11 +7.245336e+12 -7.722448e+14 +1.294695e+17 +7.396472e+17   
S15-226   +5.997850e+00   +6.774387e-07 +5.809547e-05 -2.472059e+00 +3.032193e-02 -4.571688e+00 +1.105063e+01 -1.531331e+04 -5.216873e+05 +1.402141e+09 +4.753148e+08 -6.157653e+10 +7.549785e+12 -4.998394e+14 +7.889237e+16 -3.464473e+20   +2.029316e-07 +1.258041e-04 -3.126232e-03 +3.067798e-02 +4.372695e+00 +1.219700e+02 -8.958082e+03 -2.382532e+05 -7.327246e+07 -2.215009e+09 +1.373723e+11 +9.975526e+12 -8.469642e+14 +1.609354e+17 +2.210991e+18   
S15-233   +5.997200e+00   +1.777920e-06 +4.181465e-05 -2.472460e+00 -1.289494e-01 -5.720643e-01 +2.492742e+01 -1.451435e+04 -7.346207e+05 +1.392512e+09 +1.208307e+09 -1.858089e+11 +5.885545e+12 +1.588383e+15 +8.519441e+16 -3.448169e+20   +5.140779e-07 +2.311659e-04 -3.244554e-03 -4.273324e-01 -4.421870e+00 +5.513983e+01 +7.170485e+03 +6.606620e+05 -8.711470e+07 +3.083140e+09 +1.922175e+11 +8.308401e+12 -6.539312e+14 +1.633718e+17 +5.016995e+18   
S15-235   +5.997150e+00   +1.883938e-06 +9.701827e-05 -2.477152e+00 +7.093419e-02 +5.084488e+00 +1.180232e+02 -8.479946e+03 -3.123212e+05 +1.399697e+09 -7.293648e+08 -1.877964e+11 -6.444433e+11 +7.992081e+14 +1.949131e+16 -3.481337e+20   +5.547323e-07 +8.069395e-05 -2.506812e-03 +2.148906e-01 -1.699689e+00 +7.428444e+01 +2.074605e+03 -3.314216e+05 -5.884305e+07 -2.859347e+09 +7.366467e+10 +6.385038e+12 -2.879638e+14 +1.524289e+17 -1.641996e+18   
S15-241   +5.996950e+00   +8.356208e-07 +1.114454e-04 -2.470339e+00 +1.269717e-01 -7.620154e+00 +9.723626e+01 -1.593450e+04 +1.110672e+05 +1.386004e+09 -1.721337e+09 +1.214940e+11 -6.203013e+12 -1.006434e+14 +5.126975e+16 -3.458785e+20   -2.950191e-07 +2.005104e-04 -1.142649e-03 -2.662127e-01 +6.568471e+00 +2.327070e+01 -3.295530e+03 +1.497141e+05 -9.193700e+07 +2.196410e+09 -1.154587e+11 +1.081830e+13 -9.555486e+14 +1.336541e+17 +1.051838e+19   
S15-243   +5.997050e+00   +1.520424e-06 +7.765536e-06 -2.470390e+00 -6.774096e-04 +6.884682e+00 -2.211251e+02 +5.504741e+03 +5.083002e+05 +1.370832e+09 +6.720344e+08 -1.151099e+11 +1.423675e+13 -1.216240e+14 -1.342935e+16 -3.532517e+20   +4.185671e-07 +8.621801e-05 -4.706221e-04 +1.458244e-01 -1.640946e+00 +2.100483e+01 +5.232796e+03 -7.737993e+05 -2.107378e+07 -2.423186e+09 +6.274200e+10 +1.292279e+13 -1.749452e+15 +1.514378e+17 -5.422324e+18   
S15-247   +5.997200e+00   +2.820670e-07 +5.094016e-05 -2.474131e+00 -1.141407e-01 -1.065469e+01 +8.069644e+01 -5.734648e+03 -3.321892e+05 +1.404135e+09 +2.055411e+09 +2.037422e+11 -2.296288e+12 -4.021193e+14 +5.911817e+16 -3.526257e+20   +2.857569e-07 +1.328792e-04 -2.326781e-03 +6.418475e-03 +1.247150e+00 +3.374445e+01 +1.404383e+03 -3.272012e+05 -1.043248e+08 -6.603690e+08 +1.526937e+11 +1.676973e+13 -2.065090e+14 +1.222085e+17 +8.947676e+18   
S15-250   +5.997300e+00   +1.093750e-06 +8.551982e-05 -2.487364e+00 +3.140985e-02 +4.001025e-02 +1.602954e+02 -3.836585e+03 -3.804145e+03 +1.402038e+09 -1.314158e+09 -8.182359e+10 +1.886787e+12 -3.786529e+13 +7.591223e+16 -3.524831e+20   +2.262363e-07 +1.356809e-04 -1.443025e-03 +8.449334e-03 +4.221041e+00 +6.330951e+01 -1.381496e+03 -3.800684e+05 -4.326137e+07 -1.072513e+09 +3.583908e+10 +1.354983e+13 -7.482791e+14 +1.592259e+17 +2.435224e+18   
S15-252   +5.997750e+00   +5.112889e-07 +1.424958e-04 -2.490054e+00 +2.336700e-01 -8.098078e+00 +3.244298e+02 -7.412706e+03 +3.659896e+05 +1.407924e+09 -1.265359e+09 +1.181996e+11 +1.152552e+12 -2.094295e+14 +5.871820e+16 -3.530064e+20   -2.311757e-07 +1.299077e-04 -1.699964e-03 -6.520619e-02 +9.136768e+00 -4.640585e+00 -5.777990e+03 -7.872601e+04 -7.112320e+07 -7.936773e+08 -1.630549e+11 +1.316669e+13 -6.791535e+14 +7.840572e+16 +6.434505e+18   
S15-254   +5.996950e+00   +1.153407e-06 +9.982978e-05 -2.484254e+00 +3.873592e-02 -2.287341e-01 +1.079016e+02 -5.135756e+03 -8.376580e+04 +1.421737e+09 -2.987387e+08 +5.826048e+08 +7.848031e+12 -3.982443e+14 +5.857488e+16 -3.574939e+20   +3.207392e-07 +1.204547e-04 -3.071910e-03 -6.215461e-03 +4.146553e-01 +3.603669e+01 +9.024467e+02 +7.732104e+04 -7.861546e+07 -7.230142e+08 +8.406635e+09 +1.180801e+13 +3.947133e+14 +1.026303e+17 +3.826700e+18   
S15-255   +5.997450e+00   +9.238758e-07 +3.389419e-05 -2.482033e+00 +1.170264e-03 -2.156355e+00 +1.815907e+02 -1.701156e+04 -2.693196e+05 +1.445520e+09 -7.392837e+08 -6.425913e+10 +9.272806e+12 -1.927442e+14 +1.255679e+17 -3.556997e+20   +9.146724e-07 +1.382027e-04 -2.401919e-03 -7.302587e-02 -3.426273e+00 +8.910470e+01 +2.490140e+03 +1.082748e+05 -8.430931e+07 -1.592589e+08 +1.825139e+11 -3.310025e+12 -9.033414e+13 +9.569152e+16 +3.478462e+18   
S15-259   +5.997850e+00   +1.062795e-06 +4.047192e-05 -2.481483e+00 -5.422285e-02 -5.981897e+00 -1.976737e+02 -9.449776e+03 -4.043567e+05 +1.397597e+09 +1.295258e+09 +1.393919e+11 +4.241722e+12 +9.707982e+13 +4.591934e+16 -3.473760e+20   -1.234346e-07 +1.358282e-04 -1.305854e-03 -3.512008e-02 +4.353077e+00 +2.361491e+01 -3.269678e+03 -8.914251e+04 -8.376223e+07 -1.584016e+09 +5.346389e+08 +2.097422e+13 -5.016404e+14 +1.219942e+17 +6.148763e+18   
S15-260   +5.997300e+00   +9.137195e-07 +8.454339e-05 -2.481170e+00 +1.471420e-01 -1.955773e+00 +2.068212e+02 -7.987656e+03 -1.122839e+05 +1.417940e+09 -2.785458e+09 -9.756105e+10 +1.643284e+11 +1.285871e+15 +9.488353e+15 -3.514036e+20   +6.340180e-07 +1.745370e-05 -2.177633e-03 +3.208399e-01 -8.073150e+00 +8.455757e+01 +3.042889e+03 -7.886379e+05 -6.340266e+07 -4.308709e+09 +3.100240e+11 +9.391294e+12 -3.662787e+14 +1.644268e+17 +6.149676e+17   
S15-262   +5.997550e+00   +6.582618e-07 +3.887386e-05 -2.488051e+00 -1.421597e-01 -4.875111e+00 +1.978750e+02 -3.604875e+03 -4.510170e+05 +1.365349e+09 +1.618104e+09 +1.012578e+11 +3.425560e+12 -8.092680e+13 +5.817899e+16 -3.510685e+20   +4.151207e-09 +6.877367e-05 -2.507721e-03 +5.170773e-02 +8.181276e+00 +3.028558e+01 -7.321926e+03 -2.234924e+05 -7.239583e+07 -1.170647e+09 -8.600595e+10 +1.255217e+13 -7.696975e+14 +4.655319e+16 +5.126959e+18   
S15-264   +5.997050e+00   +7.895589e-07 +5.013292e-05 -2.483344e+00 +3.051834e-02 -3.313324e+00 -5.681405e+01 -3.017537e+03 +8.291398e+04 +1.403720e+09 -1.548622e+08 -7.373737e+10 +6.926712e+12 +1.966547e+14 -7.960200e+15 -3.532063e+20   +1.052596e-06 +4.994676e-05 -1.303088e-03 +2.844118e-01 -9.416396e+00 +1.018982e+02 +7.033465e+03 -8.485395e+05 -6.787052e+07 -4.351108e+09 +2.174352e+11 +1.234942e+13 -2.685801e+14 +1.314903e+17 +9.730513e+18   
S15-265   +5.997050e+00   +9.861699e-07 +8.988092e-05 -2.485277e+00 +1.186942e-01 -1.455798e+01 -8.119057e+01 -2.805948e+04 +6.603980e+04 +1.378596e+09 -1.111649e+09 +1.255739e+11 +3.861305e+12 +1.082860e+15 +3.770872e+16 -3.510955e+20   +7.560737e-07 +1.383680e-04 -2.515163e-03 -1.212229e-01 -5.379046e+00 +5.905302e+01 +6.502325e+03 -1.722612e+04 -9.172665e+07 +1.272598e+08 +2.371373e+11 +1.476652e+13 -1.264779e+15 +1.271579e+17 +9.432873e+18   
S15-266   +5.997800e+00   +1.206013e-06 +4.327894e-05 -2.465979e+00 -1.325110e-01 +3.922548e+00 -2.695070e+02 +2.624576e+03 -4.890495e+04 +1.389282e+09 +4.452669e+09 +1.191890e+11 +1.365007e+13 +1.927112e+15 +1.285159e+17 -3.357206e+20   +3.409582e-07 +6.748149e-05 -1.447114e-03 +1.955707e-01 +4.311789e+00 +9.817658e+01 -1.454753e+03 -4.829472e+05 -8.928762e+07 -2.856552e+09 +1.138115e+11 -7.142494e+12 -2.234878e+15 +1.958376e+16 +3.804757e+18   
S15-268   +5.997400e+00   +1.059832e-06 +5.137423e-05 -2.476355e+00 +1.264335e-01 +1.950979e-01 +4.799006e+01 -1.032121e+03 +1.785015e+05 +1.350604e+09 -1.880288e+09 -3.457603e+10 +2.188295e+12 +2.656610e+14 -3.993907e+16 -3.467161e+20   +7.841585e-07 +1.385863e-04 -1.392732e-03 -1.692120e-01 -1.207951e+01 -1.271805e+01 +1.762157e+04 +2.319260e+05 -1.053612e+08 +1.756401e+09 +2.308575e+11 +4.217841e+12 -8.981169e+14 +1.237801e+17 +6.052324e+18   
S15-269   +5.997450e+00   +1.240809e-06 +7.165782e-05 -2.477820e+00 +1.163914e-01 -6.027440e-01 +1.653102e+01 -9.577681e+03 +4.197681e+04 +1.352424e+09 -1.429017e+09 -8.438014e+10 +9.447403e+11 +6.104701e+14 +1.090526e+17 -3.446340e+20   +7.980608e-07 +1.424181e-04 -1.050349e-03 -1.345456e-01 -8.527556e+00 +2.236672e+01 +9.791180e+03 -9.019605e+04 -7.974606e+07 +1.863817e+08 +1.216850e+10 +1.683894e+13 -1.654276e+15 +1.200659e+17 +1.327108e+18   
S15-270   +5.997200e+00   +1.338015e-06 +2.873749e-05 -2.479335e+00 -9.635346e-02 -4.138320e+00 +2.597509e+01 -1.434868e+04 -1.940029e+05 +1.280106e+09 +3.645808e+09 -1.696442e+11 +1.649544e+13 +1.334633e+15 +1.395071e+17 -3.544276e+20   +6.344761e-07 +1.525407e-04 -2.097759e-04 -4.807545e-02 -3.668544e+00 +7.004742e+01 +3.188910e+03 -5.110236e+05 -2.120491e+08 +1.570923e+09 -3.081446e+10 +4.969239e+12 -4.491624e+14 +2.143404e+17 +2.606283e+19   
S15-273   +5.997750e+00   +1.044934e-06 +5.260634e-06 -2.479655e+00 +3.845859e-02 -2.705443e+00 +3.419731e+02 -1.285039e+04 -3.076289e+05 +1.296012e+09 -7.193738e+08 -9.824799e+10 -7.276185e+12 +5.429423e+14 +7.791945e+16 -3.453467e+20   +2.109344e-07 +1.575183e-04 +7.729909e-04 -2.808885e-01 +9.505751e-01 +4.603573e+01 -4.555343e+03 +7.990535e+04 -2.152184e+08 +2.720570e+09 +1.018904e+11 -2.052516e+12 -3.270203e+14 +1.459766e+17 +3.173155e+19   
S15-279   +5.996800e+00   +1.619337e-06 -5.020813e-07 -2.472434e+00 -2.698389e-01 +7.611816e-01 -9.865273e+01 -1.322770e+04 -1.062691e+06 +1.381885e+09 +3.553208e+09 -8.762595e+10 +5.740430e+11 +7.445506e+14 +9.354049e+16 -3.593525e+20   +1.107957e-07 +5.722564e-05 -1.388684e-03 +2.556228e-01 +2.695926e+00 +2.092935e+01 -1.804721e+03 -7.124361e+05 -4.728237e+06 -3.516836e+09 +6.389464e+10 +1.777998e+13 -7.436700e+14 +1.252006e+17 -4.218858e+18   
S15-280   +5.997450e+00   +9.876584e-07 +4.489671e-05 -2.476107e+00 -2.503961e-02 -7.865661e-01 +1.923307e+02 -5.864647e+03 +5.851917e+04 +1.384976e+09 -1.072158e+08 -1.833646e+10 +5.214309e+12 +4.733722e+14 +4.352717e+16 -3.508671e+20   +4.400170e-07 +1.141021e-04 -1.051188e-03 -4.032594e-02 +1.247931e-01 -4.178773e+00 -2.726027e+03 -8.386084e+04 -6.129137e+07 +4.609161e+08 +5.401489e+10 +1.165304e+13 -6.259078e+14 +9.472551e+16 +6.292909e+18   
S15-282   +5.996900e+00   +9.869644e-07 +7.908833e-06 -2.484559e+00 -4.967482e-02 -1.021500e+01 +1.234806e+02 -1.345374e+04 -7.489751e+04 +1.416627e+09 +8.001894e+08 -3.914804e+10 +1.658501e+12 -7.834041e+13 -3.328500e+16 -3.515568e+20   +4.571042e-07 +1.409037e-04 -6.159733e-04 -2.459562e-02 +6.726982e+00 +2.963948e+01 -7.404682e+03 -6.767298e+05 -2.891269e+07 +8.467091e+08 -6.540623e+10 +1.710102e+13 +3.741910e+14 +1.304882e+17 -5.279554e+18   
S15-283   +5.997500e+00   +5.443595e-07 +7.209776e-05 -2.484293e+00 +1.271453e-01 -1.122411e+01 -3.307446e+01 -2.256345e+04 +3.134066e+05 +1.251986e+09 -2.632627e+09 +2.132767e+11 +3.759903e+12 +1.342118e+15 +9.326941e+16 -3.510014e+20   +5.362968e-07 +1.325878e-04 +1.572719e-04 -6.680047e-02 -1.373583e+00 +2.547638e+01 +7.134726e+02 +2.190943e+05 -3.004729e+08 -7.862926e+08 -1.785020e+11 +2.105442e+12 -1.733124e+15 +9.426786e+16 +3.563835e+19   
S15-284   +5.997100e+00   +9.176849e-07 +4.341280e-06 -2.467801e+00 -2.626096e-01 -4.792039e+00 +1.006671e+01 -9.347390e+03 -6.199897e+05 +1.388107e+09 +3.064910e+09 +2.895918e+10 +8.519895e+12 +6.223490e+14 +1.464608e+16 -3.485176e+20   -3.170201e-07 +1.153690e-04 -2.351186e-03 -2.135846e-02 +5.751467e+00 +1.875580e+01 +7.689747e+02 +1.822819e+05 -6.568868e+07 -9.433268e+08 -1.164411e+11 +1.616045e+13 -7.606897e+14 +9.224634e+16 +4.721552e+18   
S15-285   +5.997150e+00   +6.118800e-07 -4.118340e-07 -2.478225e+00 -2.378935e-01 -6.857511e+00 +1.080357e+02 -6.188953e+03 -3.392445e+05 +1.384791e+09 +2.677615e+09 +1.490457e+11 -2.337394e+12 +1.240039e+14 -8.635877e+15 -3.498328e+20   +3.546575e-07 +1.193840e-04 -3.152904e-03 -2.449792e-02 -3.404936e+00 +6.330557e+01 +4.077579e+03 -1.161601e+05 -6.694443e+07 -2.651491e+07 +7.195566e+10 +8.940157e+12 -4.487395e+14 +1.016790e+17 +7.708405e+18   
S15-286   +5.997150e+00   +7.454096e-07 +6.125800e-06 -2.478924e+00 -2.535628e-01 -5.447564e+00 +3.073875e+00 -1.033784e+04 -8.020925e+05 +1.407012e+09 +1.434746e+09 -7.585285e+10 +6.873813e+12 -2.247743e+13 -9.337507e+14 -3.548951e+20   -6.541686e-08 +1.862024e-04 -2.301515e-03 -2.232464e-01 +7.943555e+00 +4.078501e+01 -6.265294e+03 +1.682726e+05 -4.547028e+07 +2.831327e+08 -5.154625e+10 -2.654896e+12 -1.259843e+14 +1.464712e+17 +4.308021e+18   
