# multipoles are divided by excitation current and units are [T], [m] and [A]
# harmonics (dipole n=0): 00 01 02 03 04 05 06 07 08 09 10 11 12 13 14 
# MAG_LABEL   CURRENT[A]   <NORMAL_MULTIPOLES/CURRENT>[T/m^(n-1)/A]   <SKEW_MULTIPOLES/CURRENT>[T/m^(n-1)/A]
S15-005   +3.997700e+00   +2.659024e-06 +6.332131e-05 -2.705361e+00 -1.333342e-01 +7.486207e+00 +1.654872e+02 -7.367656e+03 -2.417065e+05 +1.206358e+09 +6.925360e+08 -1.572089e+11 +1.677600e+12 +1.584098e+15 +1.621262e+15 -3.777072e+20   +4.187248e-07 +8.821165e-05 -1.002614e-03 +1.676766e-01 +8.485532e+00 +1.371350e+02 -4.452970e+03 -2.430973e+05 -4.153703e+07 -4.109003e+09 -1.049562e+11 +1.056102e+13 -4.388251e+14 -1.025546e+16 +1.885544e+18   
S15-007   +3.998000e+00   +1.366602e-06 +1.259371e-04 -2.699705e+00 +7.221338e-02 -1.393521e+01 +1.870150e+02 -3.357009e+04 -1.583046e+05 +1.063765e+09 +3.632909e+08 -6.926638e+10 +1.130402e+13 +3.106316e+14 +2.361147e+17 -3.531361e+20   +8.999710e-07 +3.077406e-04 +6.241226e-04 -6.385688e-01 -6.128717e+00 +7.557136e+01 +7.379430e+03 +6.915835e+05 -3.051626e+08 +1.143488e+09 +2.580610e+11 +1.011169e+13 -8.626406e+14 +1.674485e+17 +5.572821e+19   
S15-011   +3.997800e+00   +1.280605e-06 +5.048399e-05 -2.690115e+00 -1.661421e-01 -1.172566e+01 +6.965063e+01 -1.873939e+04 -2.012259e+05 +1.229742e+09 +1.629097e+09 +1.211633e+11 +1.670574e+12 +1.129302e+15 +2.417776e+16 -3.774659e+20   +1.590595e-07 +9.918935e-05 -2.245215e-03 +1.344466e-01 +5.613643e+00 +7.097829e+01 -1.029001e+03 -1.886791e+05 -7.485895e+07 -1.457564e+09 -1.783847e+11 -3.787265e+12 -5.267742e+14 +1.469097e+17 +2.189178e+18   
S15-012   +3.997850e+00   +1.686191e-06 +1.829372e-04 -2.703043e+00 +2.304915e-01 -6.670250e+00 +1.947866e+02 -1.667396e+04 -1.832544e+05 +1.220704e+09 -1.559179e+09 +1.051381e+11 +2.169233e+12 +5.860853e+14 +1.344455e+17 -3.786950e+20   +1.189743e-06 +1.826874e-04 -2.304397e-03 -2.405267e-01 -5.737907e+00 +7.137969e+01 +6.858319e+03 +7.896694e+05 -8.619195e+07 -6.403517e+08 +2.846863e+11 +1.768863e+13 -6.066268e+14 +1.625342e+17 +9.220321e+18   
S15-013   +3.998200e+00   +1.471566e-06 +9.663879e-05 -2.708139e+00 +2.500083e-02 -1.127198e+01 -2.421402e+02 -2.768466e+04 -3.144305e+05 +1.152651e+09 +1.927052e+08 +2.145807e+11 +7.581589e+12 +7.664724e+14 +1.462106e+17 -3.687632e+20   -7.694005e-08 +2.369600e-04 -6.961508e-04 -3.481874e-01 +1.510491e+01 +2.335752e+02 -1.945326e+04 -5.506080e+04 -2.180016e+08 +5.315692e+09 +1.185259e+11 -3.060805e+13 +8.293229e+14 +1.514861e+17 +1.843734e+19   
S15-015   +3.997900e+00   +1.932806e-06 +9.746837e-05 -2.683064e+00 -2.083393e-02 -7.123202e+00 -4.704670e+02 -1.024170e+04 -1.820052e+05 +1.292394e+09 +2.768769e+09 -1.330015e+10 +2.442540e+13 +6.615781e+14 +1.234755e+17 -3.839421e+20   +3.344028e-07 +1.358526e-04 -1.778564e-03 -1.876348e-02 -2.828272e+00 +1.571345e+02 +1.369094e+04 -3.702431e+05 -3.939258e+07 -4.087849e+09 +1.643771e+11 +2.020092e+11 -2.322927e+15 +2.967273e+17 +2.950572e+18   
S15-019   +3.998100e+00   +1.279375e-06 +9.302199e-05 -2.673277e+00 +7.922643e-03 -2.319063e+00 +1.136674e+02 -1.226301e+04 -4.838551e+05 +1.179718e+09 -1.319650e+09 -4.532838e+10 +7.742720e+12 +9.948493e+14 +5.562782e+16 -3.627491e+20   +1.026252e-07 +1.615880e-04 +4.826623e-04 -6.162735e-02 -5.318856e+00 +1.432221e+02 +7.429642e+03 -2.426647e+05 -2.215444e+08 +6.337163e+08 +2.160942e+11 +4.487689e+12 -4.522106e+14 +1.118187e+17 +2.839429e+19   
S15-020   +3.997950e+00   +1.591812e-06 +1.072054e-04 -2.681459e+00 -5.265654e-04 -3.687370e+00 +1.087202e+02 -1.182381e+04 +3.051124e+04 +1.294028e+09 +5.864831e+08 +5.622199e+08 -6.920894e+12 +6.231499e+14 +8.285001e+16 -3.743411e+20   +4.695999e-07 +1.221933e-04 -2.934864e-03 +9.928423e-02 +1.506510e+00 +1.728873e+02 -6.913308e+03 -2.119582e+05 -4.029810e+07 -8.696712e+08 +7.567361e+10 +3.364697e+12 +1.292375e+15 +4.146272e+16 -7.984595e+18   
S15-022   +3.997300e+00   +1.713185e-06 +1.071502e-04 -2.647690e+00 -1.036098e-01 -5.671716e+00 -1.484429e+01 -1.056074e+04 +6.398171e+04 +1.312031e+09 +2.783271e+09 +9.954467e+10 +4.990684e+12 -3.606642e+14 +2.058758e+17 -3.770925e+20   +7.606842e-07 +1.061364e-04 -2.292499e-03 +1.179761e-01 +6.145481e+00 +3.237743e+01 -1.778206e+04 +1.100943e+04 -3.936825e+07 -1.185482e+09 -6.868689e+09 +1.412712e+13 +9.353609e+14 +1.769379e+17 -1.597490e+19   
S15-023   +3.997850e+00   +1.649622e-06 +1.346922e-04 -2.669312e+00 +4.260568e-02 -8.208342e+00 +5.674135e+02 -7.722671e+03 +3.119004e+05 +1.265460e+09 -6.122361e+08 +1.028085e+11 -1.671458e+12 +2.337278e+14 -2.490206e+16 -3.706497e+20   +3.585625e-07 +1.403885e-04 -1.465263e-03 -4.049519e-02 +4.652953e+00 -1.135032e+02 -4.039154e+03 +7.802414e+03 -3.487652e+07 -3.429183e+09 -1.777224e+11 +9.911725e+12 -5.674410e+14 +9.170457e+16 -1.102922e+18   
S15-024   +3.998200e+00   +1.691320e-06 +1.393074e-04 -2.645616e+00 -7.192312e-02 -1.200661e+01 +1.181372e+01 -2.973501e+04 -9.938652e+04 +1.208569e+09 -6.336782e+09 -7.792126e+10 -1.115345e+13 -2.787242e+15 +1.110534e+17 -3.441991e+20   -8.904434e-07 +1.334722e-04 -8.550875e-04 +7.525602e-02 -4.426965e+00 +1.029704e+02 +1.336429e+03 -3.905237e+05 -3.899912e+08 -2.316495e+09 -3.828473e+11 -2.437502e+13 +1.311498e+15 +2.061235e+17 +4.076352e+19   
S15-025   +3.997700e+00   +1.628122e-06 +1.320988e-04 -2.649976e+00 -1.750328e-02 -2.108197e+00 -1.662755e+02 -1.034132e+04 -8.952082e+04 +1.183667e+09 -1.131741e+09 +5.687653e+10 +1.311429e+13 +2.669615e+14 +4.489064e+16 -3.479593e+20   -1.153375e-06 +1.924878e-04 -6.073872e-04 -3.957040e-02 -9.798787e-01 +9.673895e+01 -2.602061e+03 +5.052303e+05 -3.033352e+08 +1.329037e+08 -3.420297e+11 -2.626713e+13 -1.098811e+15 +2.355733e+17 +3.746034e+19   
S15-028   +3.998100e+00   +7.544711e-07 +1.556425e-04 -2.644371e+00 -2.625720e-02 -1.191632e+01 +2.193478e+02 -2.436506e+04 -7.791028e+05 +1.155722e+09 +1.692236e+09 +2.958513e+11 +3.812956e+12 +9.829627e+14 +2.121160e+17 -3.406000e+20   -1.033958e-06 +1.287755e-04 -6.009900e-04 +4.685931e-02 +1.657929e+00 +6.159253e+01 +1.722829e+03 -2.070606e+05 -3.428529e+08 -3.823966e+09 -2.865869e+10 +3.990088e+12 -9.485403e+14 +2.202517e+17 +3.993627e+19   
S15-039   +3.998950e+00   +3.176074e-06 -2.803463e-05 -2.673844e+00 -4.064264e-01 +8.010040e+00 -2.037899e+02 -1.229335e+04 -5.262726e+05 +1.279000e+09 +6.847220e+09 +7.198967e+10 -1.601307e+12 +2.068394e+15 +1.345242e+17 -3.769542e+20   -9.381733e-07 +2.901484e-04 -1.388771e-03 -5.767306e-01 +1.226176e+01 +1.744187e+02 -1.355343e+04 +5.034329e+05 -7.553723e+06 +7.555768e+09 -3.705230e+11 +2.620128e+13 -1.827761e+15 +3.343195e+17 -3.277160e+18   
S15-042   +3.998150e+00   +1.258333e-06 +1.590614e-04 -2.675335e+00 +7.335263e-02 -5.342681e+00 -3.380353e+02 -1.890861e+02 +3.037938e+05 +1.184506e+09 +1.117717e+08 +1.167645e+11 -2.086641e+12 +3.959821e+14 +1.106419e+17 -3.608842e+20   +6.772672e-07 +1.399944e-04 -2.541025e-03 -3.590936e-02 +6.209312e+00 -7.712122e+01 -1.412648e+04 +4.458382e+05 -5.165699e+07 -1.743691e+09 +4.319318e+09 +8.773468e+12 -6.559264e+14 +1.880946e+17 +4.382810e+18   
S15-049   +3.998600e+00   +1.045682e-06 +8.824351e-05 -2.640352e+00 -1.009567e-01 -1.422600e+01 +2.809318e+02 -2.333989e+04 -3.987213e+05 +1.314813e+09 +4.581564e+08 +3.415108e+11 +4.531396e+12 -2.390698e+14 +1.410764e+17 -3.645814e+20   +1.731319e-06 +1.271748e-04 -4.633234e-04 +4.540589e-02 -1.692861e+01 +1.799549e+01 +1.581829e+04 -2.640582e+05 -5.954747e+07 -4.191282e+08 +5.788861e+11 +6.019517e+11 -1.924455e+15 +1.281638e+17 +4.430731e+18   
S15-063   +3.997650e+00   +1.420837e-06 +7.054955e-05 -2.695664e+00 -2.219225e-01 -6.623466e+00 +2.337991e+02 -1.060064e+04 -7.113041e+05 +1.269100e+09 +2.003309e+09 +6.583588e+10 +3.137038e+13 +1.127055e+15 +1.308009e+17 -3.697647e+20   -1.068815e-06 +8.690105e-05 -1.319789e-03 +2.463176e-01 +2.151835e+01 +1.040087e+02 -1.561109e+04 -6.680222e+05 -6.883597e+07 -4.510302e+09 -4.217768e+11 +9.976799e+12 -5.145200e+14 +1.731583e+17 -1.349395e+18   
S15-064   +3.997250e+00   +1.766832e-06 +4.953280e-05 -2.681333e+00 -1.169763e-01 -8.513791e+00 +3.062060e+02 -2.067782e+04 -3.668732e+05 +1.171641e+09 -9.498618e+08 +4.283297e+09 -8.914576e+12 +2.288543e+15 +4.396235e+16 -3.734357e+20   +5.189350e-07 +1.530773e-04 -1.944904e-04 -7.348870e-02 -5.933759e+00 +3.723322e+01 +9.616944e+03 +1.354882e+05 -8.839572e+07 -1.991217e+09 -2.152399e+10 +1.491067e+13 -6.275547e+14 +1.429698e+17 -7.710594e+18   
S15-065   +3.997550e+00   +1.524674e-06 +1.312916e-04 -2.655877e+00 +3.343543e-02 -2.947445e+00 -1.994143e+02 -6.017858e+03 +1.639040e+04 +1.174818e+09 -1.243930e+08 -1.529221e+11 +8.078933e+12 +1.051818e+15 +9.848192e+16 -3.533189e+20   +6.368736e-07 +1.435725e-04 -8.480169e-04 +2.105828e-03 +6.608373e-01 +9.789866e+01 +6.025341e+02 -4.425115e+05 -9.653893e+07 -1.859340e+08 +1.243236e+11 +1.649297e+13 -2.273538e+15 +1.737520e+17 -1.239078e+18   
S15-067   +3.997600e+00   +1.095713e-06 +1.230698e-04 -2.665742e+00 +1.935467e-01 -1.715494e+01 +9.836187e+01 -3.100450e+04 +4.696951e+05 +1.237661e+09 -1.004844e+10 +3.742961e+11 +1.075431e+13 +6.042978e+14 -2.655961e+16 -3.949742e+20   +3.188448e-06 +1.923190e-04 -2.653137e-04 -2.213019e-01 -3.884931e+01 +1.624736e+02 +3.902569e+04 -2.909648e+05 -7.670632e+07 -2.036812e+08 +8.569552e+11 +8.796150e+12 +1.717753e+15 +9.199715e+16 -2.104176e+19   
S15-068   +3.998400e+00   +1.441494e-06 +9.822939e-05 -2.640584e+00 -1.106846e-02 -3.131505e+00 +4.270758e+02 -1.280808e+04 -1.626933e+05 +1.249412e+09 -4.826871e+08 -1.585055e+11 +2.021421e+12 +5.086980e+14 +3.065179e+16 -3.675238e+20   +7.267802e-07 +1.287869e-04 -2.033042e-04 -4.661700e-02 +2.853244e+00 +3.687718e+01 -2.870508e+03 +1.059025e+05 -6.374622e+07 -7.870036e+08 +7.853709e+10 +6.534599e+12 -1.661032e+14 +1.727972e+17 +9.416907e+18   
S15-071   +3.998100e+00   +2.133137e-06 +1.421594e-04 -2.680286e+00 +2.383114e-02 -9.490751e+00 +1.095716e+02 -2.792566e+04 +6.247192e+04 +1.310008e+09 -6.317886e+07 -2.437862e+11 -1.200739e+13 +2.419991e+15 -3.818894e+16 -3.709735e+20   +5.251264e-07 +1.240965e-04 -1.501493e-03 +1.087603e-01 -4.449376e+00 +1.049987e+02 +1.149756e+04 -3.016315e+05 -1.686685e+07 -1.789199e+09 +3.363543e+10 -3.379353e+11 -1.640496e+15 +1.158936e+17 +3.046152e+18   
S15-073   +3.998050e+00   +1.683070e-06 +1.634420e-04 -2.673053e+00 -1.000088e-01 -1.145793e+01 -1.385215e+02 -1.810264e+04 -4.625217e+05 +1.257834e+09 +3.166224e+08 -1.712439e+11 +1.227500e+13 +1.489491e+15 +1.922928e+17 -3.723813e+20   +4.560603e-07 +1.507236e-04 -1.200491e-03 +5.201751e-02 +8.092095e+00 +9.807906e+01 -5.590733e+03 -9.787581e+05 -2.517965e+07 -3.288088e+09 -1.109537e+11 +8.687780e+12 -9.656663e+13 +9.827531e+16 +1.440438e+17   
S15-074   +3.997900e+00   +2.591055e-06 +1.432414e-04 -2.679962e+00 -5.788021e-03 +1.204881e+01 +9.894975e+01 -3.128948e+03 -4.610563e+05 +1.289090e+09 +2.536424e+09 -4.663043e+11 -8.808044e+12 +9.026269e+14 +1.074179e+17 -3.755412e+20   +3.280927e-07 +1.752780e-04 -1.041576e-03 -1.726205e-01 +2.254793e+00 +9.267918e+01 +1.087540e+04 -3.848308e+05 -2.651092e+07 +4.645634e+09 -1.541713e+11 -1.840110e+12 -1.716709e+15 +1.652347e+17 +5.286283e+18   
S15-075   +3.998200e+00   +1.684429e-06 +1.649322e-04 -2.690356e+00 -1.326972e-01 -7.687094e+00 -2.212537e+02 -2.270187e+04 -7.945993e+05 +1.249838e+09 +1.970444e+09 -1.416385e+11 +5.050015e+12 -8.681637e+14 +1.948156e+17 -3.802506e+20   +1.042036e-06 +1.666618e-04 -5.240643e-04 -2.520389e-02 -8.427722e+00 +5.789523e+01 +1.723659e+04 -4.556275e+05 +1.321629e+06 -3.282022e+08 +1.261705e+11 +1.930136e+13 -1.532459e+14 +1.467887e+17 -5.037377e+18   
S15-077   +3.998150e+00   +1.505276e-06 +1.225481e-04 -2.682738e+00 -3.441199e-02 -7.469079e+00 +2.091955e+02 -1.768645e+04 -2.382145e+05 +1.222918e+09 +1.311164e+09 -7.144587e+10 +4.017601e+12 -2.237196e+14 +5.396949e+16 -3.744604e+20   +7.727516e-07 +1.810584e-04 -2.825709e-04 +3.594342e-02 -1.224043e-01 -5.330866e+01 +4.663044e+03 +1.370100e+04 -7.477881e+07 -2.369728e+09 -7.144092e+10 +5.279432e+12 -8.915091e+14 +1.496399e+17 -3.082696e+18   
S15-080   +3.998000e+00   +1.509414e-06 +1.752481e-04 -2.677391e+00 +3.827719e-02 -8.937034e+00 -9.092839e+00 -2.084618e+04 -8.873617e+04 +1.235801e+09 -2.447211e+09 -4.796918e+10 +3.920950e+12 +4.014160e+14 +1.578640e+17 -3.691436e+20   +6.100603e-07 +1.569700e-04 -9.168164e-04 -1.534858e-03 -3.970298e-01 +1.162423e+02 +5.344747e+03 -4.516091e+05 -5.274087e+07 -9.279912e+08 +1.738177e+11 +1.053148e+12 -7.762539e+14 +1.863369e+17 +5.699140e+17   
S15-081   +3.998000e+00   +1.842625e-06 +1.450182e-04 -2.675958e+00 +8.276553e-03 -6.715450e+00 +3.443242e+02 -2.127338e+04 -2.624667e+05 +1.225978e+09 -1.904406e+09 +5.524822e+10 +9.467964e+12 +7.583504e+14 +2.080763e+17 -3.676218e+20   +6.518317e-07 +1.605726e-04 -1.577029e-03 +5.340728e-02 -6.998704e-02 +7.831016e+01 -1.000122e+03 -2.668117e+05 -1.088873e+08 +3.340435e+08 +1.195319e+11 +2.045852e+12 -7.626951e+14 +1.395679e+17 +5.463699e+18   
S15-082   +3.998150e+00   +1.357339e-06 +3.349499e-05 -2.672138e+00 -7.398419e-02 -9.278351e+00 +2.744119e+01 -1.660173e+04 -2.549202e+05 +1.193072e+09 +9.625859e+08 +2.867689e+11 +7.446159e+12 +1.140688e+15 -7.390736e+16 -3.657164e+20   +5.753826e-07 +1.068146e-04 -1.156274e-03 -7.333169e-02 -6.474795e-01 -1.131297e+01 +2.903735e+03 +1.801406e+05 -7.560089e+07 +5.180566e+08 -1.639388e+11 +8.944677e+12 -9.138251e+14 +1.453127e+17 +9.315363e+17   
S15-083   +3.998150e+00   +1.799302e-06 +7.706982e-05 -2.670710e+00 -5.833553e-02 -1.625937e+00 -2.216223e+01 -1.870019e+04 -1.821464e+05 +1.178372e+09 -1.141726e+09 -3.029236e+10 +1.031550e+13 +1.632260e+15 +3.525210e+16 -3.639653e+20   +7.181416e-07 +1.508758e-04 -3.087180e-03 -1.515167e-01 +2.308529e+00 +5.708050e+01 -1.640133e+03 +1.130087e+05 -9.427153e+07 +2.113965e+09 +6.219029e+10 +1.148757e+12 -7.028588e+14 +9.079814e+16 -6.955249e+17   
S15-084   +3.998250e+00   +1.794116e-06 +1.200408e-04 -2.658908e+00 +7.309758e-03 -2.050650e+00 +8.934929e+00 -1.512350e+04 -1.541514e+05 +1.182245e+09 +1.290355e+08 -9.727186e+10 +1.497640e+13 +9.672534e+14 +5.028165e+16 -3.683364e+20   +9.236684e-07 +1.197663e-04 -2.756831e-03 +2.400033e-02 +6.908395e+00 +1.487498e+02 -1.694444e+04 -8.563927e+04 -9.857570e+07 -8.990969e+08 +1.780737e+11 -9.994715e+10 -3.285455e+14 +1.097112e+17 +7.926160e+18   
S15-085   +3.998200e+00   +1.856741e-06 +3.539873e-05 -2.667088e+00 -2.216118e-01 +7.205107e+00 -1.672005e+02 +4.625629e+03 -6.578178e+04 +1.161075e+09 +1.805015e+09 -1.430052e+11 +2.664186e+12 -1.754028e+14 +1.189340e+17 -3.694450e+20   +3.787417e-07 +1.003504e-04 -2.172105e-03 -1.817391e-02 -9.043542e-01 +9.889378e+01 +5.314449e+03 +3.276222e+05 -1.260714e+08 -2.052387e+09 -6.120069e+09 -1.320751e+13 -1.872023e+15 +8.772140e+16 +4.857789e+18   
S15-086   +3.998100e+00   +6.025600e-07 +5.775126e-05 -2.661984e+00 -6.824294e-02 -1.152549e+01 -4.716468e+01 -1.904752e+04 +4.914032e+05 +1.171822e+09 -3.817601e+09 +2.495109e+11 +1.602965e+13 -1.993076e+13 -1.143706e+17 -3.537060e+20   +5.104652e-07 +7.399545e-05 -2.387005e-03 +3.053791e-02 -1.153912e+00 +1.653415e+02 -3.821488e+03 -1.613448e+05 -2.627656e+07 -1.715423e+09 -3.537073e+11 +2.328419e+13 +3.964168e+14 -8.348476e+15 +7.727050e+18   
S15-088   +3.998050e+00   +1.072303e-06 +9.187379e-05 -2.662100e+00 +2.609802e-02 -8.373850e+00 +5.163450e+01 -7.240455e+03 -3.853819e+05 +1.160314e+09 +1.513432e+09 +2.647928e+11 -1.415361e+13 +2.849026e+14 +1.361150e+17 -3.543400e+20   +4.658331e-07 +6.444987e-05 -3.249642e-04 +2.175050e-01 +5.233054e+00 +2.169340e+02 -7.915104e+03 -7.512655e+05 -2.634519e+08 -2.051772e+09 +1.544386e+11 -9.261460e+12 -7.293315e+13 -4.993002e+16 +3.421861e+19   
S15-089   +3.998100e+00   +1.118194e-06 +4.313917e-05 -2.664703e+00 -2.796056e-01 -9.829849e+00 +3.439746e+02 -1.386431e+04 -1.043434e+06 +1.131676e+09 +1.407062e+09 +3.649091e+11 -1.595544e+13 +3.526523e+14 +8.125370e+16 -3.471239e+20   +9.140454e-07 +1.366489e-04 +4.943648e-04 +9.543221e-03 -3.934504e+00 +1.711216e+02 +2.643678e+03 -3.334266e+05 -2.837343e+08 -3.166792e+09 +2.311479e+11 -3.729984e+12 -6.083992e+14 +1.823886e+17 +3.663530e+19   
S15-090   +3.998150e+00   +1.458040e-06 +1.137366e-04 -2.663199e+00 +8.634851e-02 -9.459975e-01 +6.006598e+01 -6.150840e+03 -1.432439e+05 +1.109265e+09 -2.778618e+09 -1.522738e+10 +7.072156e+12 +8.613831e+13 +2.490360e+16 -3.485407e+20   +8.573693e-08 +1.717416e-04 +7.335393e-04 -2.221913e-01 +7.292570e+00 +1.933829e+02 -7.671528e+03 +3.079612e+05 -3.250158e+08 +1.416149e+09 -3.816825e+11 -4.241414e+12 -6.601778e+14 +9.437875e+15 +4.388092e+19   
S15-094   +3.998700e+00   +1.216756e-06 +1.494638e-04 -2.669348e+00 +4.713484e-01 -1.812104e+01 -5.361435e+01 -1.104286e+04 +1.516463e+06 +1.222941e+09 -6.310753e+09 +2.095091e+11 +9.102768e+12 +2.564849e+14 +9.851299e+16 -3.853822e+20   -3.153302e-07 -5.619039e-05 -2.539400e-03 +7.270198e-01 +1.310433e+01 +2.856571e+02 -9.224243e+02 -1.790107e+06 -6.739875e+07 -5.042271e+09 -3.019221e+11 -8.615985e+11 -6.984487e+14 +1.920444e+17 +5.967054e+18   
S15-095   +3.998650e+00   +1.473234e-06 +6.750401e-05 -2.630270e+00 +8.956470e-02 -3.650757e+00 +1.213183e+01 -1.331418e+03 +5.390187e+05 +1.195467e+09 -6.077371e+09 -3.453716e+10 +1.982410e+13 +3.892826e+14 -2.205333e+17 -3.750911e+20   +3.830548e-08 +1.497083e-04 -3.688065e-03 -7.255386e-02 +1.260252e+00 +8.656049e+01 +8.300221e+03 -1.216684e+05 -1.008718e+08 -2.638355e+08 +4.766591e+11 -3.167772e+12 -3.278021e+15 +4.007555e+16 +1.282528e+19   
S15-096   +3.998250e+00   +1.664972e-06 +5.571082e-05 -2.628600e+00 +2.552884e-02 -2.087902e+00 -1.631513e+02 -1.321125e+04 +1.635324e+05 +1.228245e+09 -7.622785e+08 +1.326606e+09 +5.437979e+12 +3.738386e+14 +1.198384e+17 -3.695102e+20   +6.658693e-07 +6.489869e-05 -3.874543e-03 +1.698787e-01 -5.405385e-01 +1.838388e+02 +2.037681e+03 -4.344016e+05 -6.311034e+07 +1.316691e+09 +1.430504e+11 -8.308035e+12 +5.487413e+14 +1.505142e+17 +3.659841e+18   
S15-097   +3.998550e+00   +1.020504e-06 -2.386683e-05 -2.622253e+00 -3.423506e-01 -1.853782e+01 -7.290818e+01 -3.089365e+04 -3.220713e+05 +1.196569e+09 +3.298681e+09 +1.699940e+11 -2.243502e+11 +7.025064e+14 +1.479799e+17 -3.679054e+20   +3.383994e-07 +1.049369e-04 -2.884000e-03 +8.870386e-02 +4.612885e+00 +1.369252e+02 -7.667027e+03 -4.176917e+05 -1.049212e+08 -2.327607e+09 -2.040493e+10 -1.682170e+13 -4.941951e+14 +1.555614e+17 +3.314774e+18   
S15-098   +3.998700e+00   +1.382494e-06 +4.110571e-05 -2.632043e+00 -6.126564e-02 -7.892615e+00 -1.441143e+02 -1.340107e+04 -2.301412e+05 +1.211359e+09 -1.478786e+09 +1.871689e+11 -3.883877e+12 -7.887656e+14 +8.466707e+16 -3.711561e+20   +9.408735e-07 +1.422606e-04 -3.739045e-03 -3.094008e-02 -3.529405e+00 +1.046577e+02 +5.960405e+03 -3.341291e+04 -7.733331e+07 +2.795296e+08 +2.255791e+11 -8.419711e+12 -4.323133e+14 +1.057073e+17 +1.146413e+18   
S15-108   +3.997800e+00   +1.994611e-06 +1.747312e-04 -2.663542e+00 +3.881287e-01 -6.103317e+00 -7.670511e+01 -1.371955e+04 +2.728706e+05 +1.335085e+09 -4.275549e+09 -4.169308e+10 +1.467835e+13 +1.281623e+15 +1.160633e+17 -3.788436e+20   -7.184957e-07 +1.892799e-04 -1.569862e-03 -2.894119e-01 +1.818498e+01 +7.710056e+01 -7.966186e+03 -2.651018e+05 -3.787155e+07 +2.531412e+09 -4.541805e+11 +1.099529e+13 -1.219332e+15 +5.616502e+16 -1.073020e+19   
S15-112   +3.998100e+00   +1.180449e-06 +7.511966e-05 -2.658178e+00 +2.528821e-01 -7.294267e+00 -1.117508e+02 -1.239181e+04 +7.422811e+04 +1.301926e+09 -8.456674e+09 -7.999337e+10 +2.843686e+13 +3.024166e+14 +2.725237e+17 -3.648273e+20   -1.373420e-07 +1.348605e-04 -2.067280e-03 -6.223174e-02 +1.112468e+01 +1.930494e+02 -8.860596e+02 +2.966164e+05 -7.703129e+07 -3.194627e+09 -4.661487e+11 -1.146053e+11 -1.917738e+15 +2.310683e+17 +8.022936e+18   
S15-114   +3.998000e+00   +1.631723e-06 +5.753722e-05 -2.654110e+00 -2.398779e-02 +2.727351e-01 -7.821151e+01 -6.801853e+03 +6.130360e+04 +1.301147e+09 +1.132852e+09 -1.528552e+11 +1.452738e+13 +7.280205e+14 +9.805840e+16 -3.787274e+20   +9.216926e-07 +7.818779e-05 -1.558165e-03 +1.306370e-01 -3.637421e+00 +5.304610e+01 +6.813547e+03 -4.167086e+05 -1.618144e+07 -2.264413e+09 +7.140973e+10 -1.201409e+11 -8.997989e+13 +2.025788e+17 -2.320734e+18   
S15-115   +3.997950e+00   +1.548189e-06 +9.052579e-05 -2.648690e+00 +8.644153e-02 -3.809935e+00 +1.708308e+02 -1.278271e+04 -1.818391e+05 +1.157295e+09 +7.607581e+08 +2.111273e+11 -6.824302e+12 +1.129916e+15 +2.861692e+16 -3.240131e+20   +1.255005e-06 +1.469885e-04 -2.176322e-04 -4.301047e-02 -9.358621e+00 +1.363834e+02 +3.117870e+03 +1.003703e+05 -4.686822e+08 +3.889198e+08 -2.691287e+11 -1.333219e+13 -4.961660e+14 +7.443442e+16 +7.365878e+19   
S15-125   +3.998150e+00   +1.190060e-06 +3.043413e-06 -2.643245e+00 -3.114438e-01 -8.469119e+00 +2.397006e+02 -8.462426e+03 -8.851119e+05 +1.263796e+09 +2.123700e+09 +2.194735e+11 -1.684712e+13 -9.719620e+14 +9.960622e+16 -3.682813e+20   +9.286780e-07 +4.602871e-05 -4.773398e-03 +2.448610e-01 -2.946845e+00 +1.170659e+02 +2.030716e+03 -3.375691e+05 -7.193057e+07 -4.478646e+09 +7.268101e+10 -6.427708e+12 -1.329441e+15 +2.000884e+17 -4.161350e+18   
S15-129   +3.998100e+00   +2.101996e-06 +1.265389e-04 -2.643953e+00 +2.125828e-01 -8.629264e+00 +1.196007e+02 -8.851597e+03 +3.260894e+05 +1.309822e+09 -9.301476e+08 -1.187469e+11 +5.063285e+12 +8.199735e+14 +4.526810e+16 -3.735392e+20   +2.021601e-07 +1.163109e-04 -3.018631e-03 -6.330002e-02 +1.769429e+00 +2.790898e+01 +4.538311e+03 -1.253722e+05 -4.181746e+07 -7.708809e+08 -2.955191e+11 -4.697149e+12 -1.230829e+15 -7.319627e+16 +9.369010e+18   
S15-135   +3.998050e+00   +1.503924e-06 +5.610870e-05 -2.633841e+00 +1.137330e-02 -2.871752e+00 -9.874531e+01 -1.340146e+04 -5.799182e+04 +1.248135e+09 +3.597034e+09 -1.553251e+10 +9.720479e+12 +6.094511e+14 +3.107347e+16 -3.610320e+20   +7.407596e-07 +1.208873e-04 -1.056793e-03 -7.368217e-02 -1.083422e+00 +1.360868e+02 -2.414869e+03 -4.408529e+04 -1.154646e+08 +1.311453e+09 -1.300071e+10 -2.800045e+12 -1.574301e+15 +1.970889e+17 -4.323328e+18   
S15-144   +3.998100e+00   +8.252860e-07 +7.929106e-05 -2.638096e+00 +1.562724e-01 -4.402114e+00 +2.952410e+02 -1.657567e+04 -5.177777e+05 +1.325061e+09 -1.401456e+09 +7.039109e+09 +1.787164e+13 +1.296564e+14 +4.122198e+16 -3.651464e+20   +1.175174e-06 +7.636812e-05 -3.694930e-03 +1.432977e-01 -6.975143e+00 +1.635537e+02 +4.660511e+03 -7.762832e+05 -6.436785e+07 -2.033207e+09 +3.387842e+11 -3.349864e+12 -1.221656e+15 +1.350889e+17 +9.465103e+17   
S15-147   +3.998100e+00   +1.375598e-06 +1.843062e-04 -2.633779e+00 +2.440954e-01 -8.689803e+00 +1.030132e+02 -1.319800e+04 +6.296223e+05 +1.275951e+09 +9.893782e+08 +2.501014e+11 +2.613912e+10 +8.757537e+14 +2.005474e+17 -3.776749e+20   +1.971787e-07 +1.496832e-04 -6.910155e-04 -3.510743e-02 +3.986496e+00 +9.973605e+01 +1.137864e+03 -3.757720e+05 -1.119577e+08 -2.235491e+09 -2.010980e+10 +1.333658e+13 -2.546917e+15 +2.545131e+16 +1.233946e+19   
S15-150   +3.997750e+00   +2.001914e-06 -2.323991e-05 -2.638727e+00 -1.794589e-01 -2.517006e+00 +8.189849e+01 -1.404793e+04 -1.275672e+05 +1.277674e+09 +2.110472e+09 +8.901252e+10 +2.304147e+12 +6.797171e+14 -4.306365e+15 -3.660236e+20   +9.967887e-07 +1.201132e-04 -2.984774e-03 -2.273400e-02 -4.571724e+00 +8.930326e+01 -3.692870e+00 -8.087229e+05 -1.879689e+07 +6.475070e+08 +2.780064e+11 +1.657891e+13 -8.817740e+14 +5.297095e+16 +8.255444e+18   
S15-151   +3.998450e+00   +1.660096e-06 +5.778799e-05 -2.641609e+00 -7.318618e-02 -2.514882e+00 +1.348125e+02 -1.206252e+04 -1.455768e+05 +1.241187e+09 -3.790026e+08 -1.517877e+10 -2.009282e+13 +2.108925e+15 +1.847162e+17 -3.669364e+20   +2.156606e-07 +1.147279e-04 -6.577894e-04 +7.297995e-02 +1.893608e+00 +1.575892e+00 +3.140967e+03 -3.007098e+05 -1.214834e+08 -2.401465e+09 +2.304528e+10 +2.211394e+13 -2.190444e+14 +1.537795e+17 -2.192557e+18   
S15-152   +3.998300e+00   +1.577954e-06 +7.351724e-05 -2.642025e+00 -4.906955e-02 -3.673129e+00 -8.107466e+01 -1.015378e+04 -3.455236e+05 +1.276308e+09 -1.494241e+09 -2.896589e+11 +2.725793e+13 +5.271305e+14 +2.364484e+17 -3.674294e+20   +3.844666e-07 +1.218070e-04 -8.639654e-04 +5.054248e-02 +2.551484e+00 +4.268994e+01 +4.652652e+02 -2.308343e+05 -1.027136e+08 -2.825013e+09 +1.060887e+11 +1.819536e+13 -4.998422e+14 +1.567830e+17 -1.587676e+19   
S15-153   +3.998650e+00   +1.660899e-06 +5.181769e-05 -2.642649e+00 +6.686099e-03 -3.406605e+00 +1.513722e+02 -1.736271e+04 -4.338019e+03 +1.254257e+09 -8.828477e+08 +7.462031e+10 +1.620828e+13 +1.460725e+15 +8.133435e+16 -3.690213e+20   +6.389121e-07 +1.413548e-04 -3.880057e-03 -1.369700e-01 -2.799515e-01 +1.489120e+02 +7.378920e+03 +2.340399e+05 -5.719020e+07 -8.122901e+08 -7.370150e+10 +1.533207e+12 -7.097293e+14 +1.768795e+17 +1.214178e+19   
S15-158   +3.997750e+00   +1.540918e-06 +7.510297e-05 -2.667028e+00 -2.328965e-02 -4.596741e+00 -9.369173e+01 -2.458826e+04 -1.831388e+05 +1.197619e+09 +4.802271e+08 -2.362799e+11 +2.570886e+12 +1.006605e+15 +3.415941e+16 -3.356508e+20   +6.283827e-07 +3.852807e-04 +6.735351e-04 -9.557021e-01 -4.638034e-01 +3.165873e+01 -9.393174e+03 +1.074285e+06 -3.258035e+08 +9.741057e+09 +2.565118e+11 +1.383822e+13 -6.213853e+14 +1.199277e+17 +5.019126e+19   
S15-160   +3.997500e+00   +1.072943e-06 +7.043567e-05 -2.683652e+00 +1.294181e-01 -5.163447e+00 -1.100578e+02 -1.514476e+04 +2.981819e+05 +1.206701e+09 +1.524322e+08 +1.382796e+11 +3.040795e+12 +5.672093e+14 +5.598454e+16 -3.463330e+20   +3.921093e-07 +1.365170e-04 +1.414744e-03 +7.240941e-02 +1.068391e+00 +1.428059e+02 -3.845323e+03 -1.944280e+05 -3.372876e+08 +2.259033e+09 +1.962432e+11 -1.813262e+13 +7.610459e+14 +1.762052e+17 +6.369929e+19   
S15-161   +3.998050e+00   +1.475219e-06 +9.269021e-05 -2.687270e+00 +2.458489e-03 +2.826123e-01 -1.369552e+01 -5.423674e+03 -4.772767e+05 +1.357068e+09 -1.144040e+09 +8.681745e+10 +1.043182e+13 +3.040255e+14 +4.538445e+16 -3.673118e+20   +9.941501e-07 +1.624759e-04 -1.112393e-03 -9.324243e-04 -2.073348e+00 -9.441450e+01 -6.862626e+03 -6.874499e+04 -8.592044e+07 -1.052455e+08 +5.488593e+09 +2.129883e+13 -8.524376e+13 +2.511479e+17 -3.720979e+18   
S15-163   +3.997850e+00   +1.279241e-06 +6.158653e-05 -2.649954e+00 -1.153443e-01 -7.837850e+00 +1.470005e+02 -1.275992e+04 -2.003277e+05 +1.344376e+09 +3.221462e+09 -2.480784e+10 +2.043778e+13 -4.583894e+13 +2.253775e+16 -3.677972e+20   +2.731606e-07 +1.195878e-04 -9.916288e-04 +9.307443e-02 +8.877627e+00 +9.137389e+01 -1.914305e+04 -4.692385e+05 -3.943562e+07 -1.136979e+09 -1.716205e+11 -2.036862e+13 +2.601363e+14 +6.497858e+16 +3.050282e+17   
S15-169   +3.998200e+00   +2.277226e-06 +2.740871e-05 -2.656083e+00 -2.054319e-01 +1.136577e+01 -9.425521e+01 -8.558952e+02 -4.777657e+05 +1.284609e+09 +9.033170e+08 -3.307148e+11 +7.607844e+12 +1.002437e+15 +1.230420e+16 -3.665237e+20   +1.293341e-06 +2.837637e-04 -7.510820e-04 -5.893555e-01 -1.057038e+01 +1.272164e+02 +1.226843e+04 +6.590786e+05 -6.558856e+07 +6.249420e+09 +3.501903e+11 +8.896661e+12 -1.943597e+14 +2.562998e+17 +7.985368e+18   
S15-173   +3.998400e+00   +1.908987e-06 +5.961822e-05 -2.629429e+00 -8.366482e-02 -2.371838e+00 +3.185312e+02 -5.594603e+03 -2.002070e+05 +1.243396e+09 +1.748826e+09 +2.754444e+11 -2.720993e+12 -2.034110e+14 +1.144438e+17 -3.555977e+20   +6.769295e-07 +1.416578e-04 -2.682906e-04 +6.252046e-02 +3.380230e+00 +7.088275e+01 -3.354789e+03 -3.909171e+05 -8.647494e+07 -2.192766e+09 +7.867660e+10 -6.673339e+12 -7.183103e+14 +1.644928e+17 +1.468750e+19   
S15-178   +3.997200e+00   +2.101897e-06 +1.402645e-04 -2.668388e+00 +2.826529e-01 -2.405849e-01 -1.783469e+02 -2.043227e+03 -3.257873e+05 +1.308845e+09 -1.071341e+09 -3.729516e+10 +1.481518e+13 -5.883879e+14 +1.644081e+17 -3.765156e+20   +2.412198e-06 +2.795737e-04 -2.217576e-03 -5.453507e-01 -2.640403e+01 +4.626378e+01 +2.045833e+04 +1.471652e+06 -4.913119e+07 +2.150574e+09 +7.202962e+11 +3.540526e+12 -1.785401e+15 +3.211756e+16 -2.165300e+18   
S15-182   +3.998300e+00   +1.427099e-06 +7.099155e-05 -2.679026e+00 -1.544834e-01 -2.983913e+00 +1.522928e+01 -5.655924e+03 -1.002643e+06 +1.195208e+09 +3.432064e+09 +2.942473e+11 +8.373569e+12 +5.831786e+14 +2.496049e+17 -3.606118e+20   +8.042916e-08 +1.564988e-04 +6.992847e-04 -2.792207e-02 +1.120856e+01 +4.821109e+01 -1.109940e+04 -5.068822e+05 -3.374749e+08 -1.337947e+09 -1.957957e+11 +2.092962e+13 -9.506673e+14 +1.242344e+17 +4.683688e+19   
S15-196   +3.997950e+00   +1.581183e-06 +1.187868e-04 -2.672029e+00 +9.268973e-02 -6.935795e+00 +7.562743e+01 -1.396855e+04 -2.324293e+05 +1.308525e+09 -3.119786e+09 +7.316250e+10 -3.858197e+12 +4.810213e+13 +1.207649e+17 -3.678853e+20   +5.237434e-07 +1.515972e-04 -3.436511e-03 +7.183639e-02 -4.536700e+00 +9.656296e+01 +3.480374e+03 -6.607571e+05 -8.455731e+07 +1.284540e+09 +5.096887e+10 +1.199612e+13 +3.364304e+14 +2.962031e+17 -1.917978e+18   
S15-198   +3.997500e+00   +1.288365e-06 +1.338680e-04 -2.658787e+00 +1.777010e-01 -1.030195e+01 -7.178251e+01 -1.860224e+04 +1.151508e+05 +1.322951e+09 -1.182990e+09 +1.796478e+11 +1.018351e+13 +4.995877e+14 +7.780328e+14 -3.702627e+20   +1.996782e-07 +1.545598e-04 -3.790899e-03 -7.315210e-02 +3.399970e+00 +1.374613e+02 -5.190714e+03 +8.248140e+03 -7.525126e+07 -2.660315e+09 -9.270844e+10 +7.315752e+12 -1.809612e+15 +7.475194e+16 -3.629513e+18   
S15-200   +3.998750e+00   +1.447852e-06 +3.811088e-05 -2.664350e+00 -1.348506e-01 -3.495335e+00 +1.244181e+02 -7.307138e+03 -6.661142e+05 +1.274358e+09 +1.812718e+09 +1.044072e+11 +1.548917e+13 -8.767790e+14 +7.933529e+16 -3.812949e+20   -1.964780e-07 +1.255343e-04 -4.019186e-03 -4.187794e-04 +1.054293e+01 +4.404321e+01 -2.782830e+03 -1.907301e+05 -6.014685e+07 +5.019646e+08 -8.197252e+10 +5.709072e+12 -1.899294e+15 +1.910968e+17 -8.839525e+16   
S15-201   +3.997750e+00   +9.114054e-07 +9.967239e-05 -2.670657e+00 +5.905752e-02 -1.261077e+01 -1.787244e+02 -2.654008e+04 -1.296219e+05 +1.356847e+09 +2.721396e+08 -4.240085e+10 +1.708309e+13 -4.565808e+13 +4.812507e+16 -3.743586e+20   +3.520913e-07 +9.024681e-05 -1.897616e-03 +1.255965e-01 -1.015706e-01 +1.182049e+02 +8.320505e+03 -4.553549e+05 -4.645133e+07 -2.311435e+09 +2.132516e+11 -2.538583e+12 -1.637409e+14 +6.173850e+16 -4.073696e+18   
S15-202   +3.998250e+00   +8.893121e-07 -5.150346e-05 -2.681231e+00 -6.022570e-02 -1.297565e+00 +7.434733e+01 -1.726327e+04 +4.764064e+04 +1.344205e+09 -1.006848e+09 -6.516626e+10 +2.526893e+13 +6.665249e+14 +7.860574e+16 -3.683236e+20   +6.037126e-07 +9.953142e-05 -2.160373e-04 +9.518737e-02 -7.304321e-01 -8.341352e-01 -6.657840e+02 -2.426549e+05 -5.379446e+06 -5.654039e+09 +2.270870e+11 +2.195872e+13 -1.118850e+15 +2.460105e+17 -8.267650e+18   
S15-203   +3.998100e+00   +1.006801e-06 +6.518196e-05 -2.653173e+00 -4.905765e-03 -9.095030e+00 +2.597021e+02 -1.691507e+04 -1.957331e+05 +1.271634e+09 -1.321324e+09 +1.560752e+10 +6.913634e+11 -4.594617e+13 -1.355871e+16 -3.742993e+20   +5.518116e-07 +1.126221e-04 -3.498807e-03 +6.240169e-02 -3.915175e+00 +9.886691e+01 +7.400393e+03 -2.131706e+05 -7.359023e+07 -1.628743e+09 +2.241463e+11 -1.401105e+12 -5.570063e+14 +8.749724e+16 +4.869661e+18   
S15-204   +3.998650e+00   +7.225056e-07 +8.328816e-05 -2.663379e+00 +1.849768e-01 -2.788206e+00 +6.770430e+01 -1.572275e+04 -5.489930e+04 +1.358598e+09 -4.107596e+09 +5.829145e+10 +1.662398e+13 +3.952897e+14 +1.479958e+17 -3.649707e+20   +6.618209e-07 +1.397125e-04 -4.307651e-03 -1.020055e-01 -1.547299e+00 +8.780456e+01 +3.593310e+03 +3.764283e+05 -5.810559e+07 -3.522819e+09 +2.656777e+11 +1.032926e+13 -1.547197e+15 +2.188416e+17 +1.353040e+18   
S15-205   +3.998300e+00   +1.289990e-06 +1.145556e-04 -2.650074e+00 -1.531368e-02 -7.581255e+00 -2.455308e+02 -1.616110e+04 -1.207430e+05 +1.283416e+09 -5.829102e+08 +5.752217e+10 +2.332930e+12 +9.972371e+13 +2.263788e+16 -3.673734e+20   +5.683576e-07 +1.361972e-04 -3.670668e-03 +7.578198e-02 +2.408990e+00 +1.445542e+02 -6.492852e+03 -4.735878e+05 -6.854703e+07 -1.640608e+09 +4.344456e+10 -4.568332e+12 -1.415397e+15 +4.525471e+16 -3.390809e+18   
S15-208   +3.998400e+00   +1.639776e-06 +3.575785e-05 -2.652313e+00 +7.468840e-02 +1.314409e+01 +7.046694e+01 -5.052826e+03 -2.631002e+05 +1.320049e+09 +4.653879e+08 -5.644873e+11 +7.021238e+12 -5.993340e+14 +2.197990e+17 -3.756037e+20   +7.628719e-07 +1.183354e-04 -3.479017e-04 +1.175793e-01 +2.879269e-01 +1.043518e+01 +7.650300e+02 -7.254449e+05 -4.495861e+07 -3.380565e+09 +1.199643e+11 +6.086602e+12 -2.342427e+15 +2.234708e+17 -7.379102e+18   
S15-211   +3.998650e+00   +9.176172e-07 -4.413727e-05 -2.673822e+00 -3.061433e-01 +5.881715e+00 +4.190814e+01 -8.607307e+03 -6.944386e+05 +1.287295e+09 +1.144218e+09 +2.295775e+11 -8.696095e+12 +4.967849e+14 +1.450766e+17 -3.777375e+20   +9.419969e-07 +1.497653e-04 -4.716497e-03 -8.074510e-02 +6.206465e-01 +1.192767e+02 -3.236105e+03 -1.182513e+04 -5.452025e+07 +4.695055e+08 +5.762732e+10 +3.460238e+12 +9.870076e+14 +1.453305e+17 -2.014786e+17   
S15-214   +3.997950e+00   +1.703666e-06 +3.879453e-06 -2.682750e+00 -3.621949e-01 +1.415078e+00 -4.523776e+01 -4.831254e+03 -8.370818e+05 +1.308394e+09 +4.570582e+09 -1.340544e+11 +1.043553e+12 -8.730679e+13 +1.093145e+17 -3.604867e+20   +1.812654e-06 +1.596575e-04 -2.909301e-03 +4.354817e-03 -2.265358e+01 +1.233678e+02 +2.026226e+04 +1.361137e+05 -7.051586e+07 +3.160110e+08 +3.650891e+11 -4.374722e+12 -8.838220e+13 +2.196423e+17 -9.628027e+18   
S15-217   +3.998000e+00   +1.621244e-06 +8.998597e-05 -2.681743e+00 -5.664595e-03 -6.457746e+00 +2.281348e+01 -1.609764e+04 +7.464445e+03 +1.313926e+09 -1.126452e+09 +1.929834e+10 -3.683029e+12 -7.520795e+14 +1.044408e+17 -3.710890e+20   +9.816553e-07 +2.175328e-04 -2.861178e-03 -2.621651e-01 -2.021438e+00 +1.399022e+02 +1.242493e+03 +5.209030e+05 -5.715888e+07 +4.674997e+09 +1.140124e+11 +1.768266e+13 -1.037495e+15 +1.875270e+17 +8.217839e+18   
S15-224   +3.998400e+00   +1.705745e-06 +1.021654e-04 -2.652468e+00 +1.304209e-02 -2.269667e+00 -1.285547e+01 -4.071644e+02 -2.868080e+05 +1.304961e+09 +7.160629e+08 +2.097247e+11 +1.112319e+13 +1.410929e+15 +5.841614e+15 -3.633153e+20   +4.176876e-07 +1.488784e-04 -3.222782e-03 +2.865489e-02 +8.095251e-01 +1.197685e+02 +7.104547e+02 -3.608093e+05 -5.366367e+07 -1.816480e+09 +2.291158e+10 +6.753521e+12 -1.478223e+15 +1.381043e+17 +6.593447e+18   
S15-225   +3.998000e+00   +1.529538e-06 +1.743453e-04 -2.666498e+00 +2.569610e-01 -3.373482e+00 +8.337379e+01 -6.103497e+03 +1.809629e+05 +1.296630e+09 -5.761168e+09 +3.029792e+10 -8.549877e+12 +2.470001e+14 +1.027084e+17 -3.821153e+20   +1.734685e-06 -2.487944e-06 -3.473467e-03 +5.889530e-01 -1.367003e+01 +3.209992e+01 +1.577566e+04 -1.115288e+06 -1.304688e+08 -5.111311e+09 +3.356793e+11 -2.703937e+13 -9.954917e+14 +1.745262e+17 -6.073672e+18   
S15-226   +3.998750e+00   +9.724654e-07 +6.186656e-05 -2.653277e+00 +8.649701e-02 -4.644794e+00 +8.407497e+01 -1.505896e+04 -1.009072e+06 +1.329271e+09 -1.289046e+09 -1.361077e+11 +2.217801e+13 +1.129466e+14 +2.213495e+16 -3.686805e+20   +3.523594e-07 +1.295726e-04 -3.488315e-03 +6.397542e-02 +4.919102e+00 +1.806506e+02 -1.474261e+04 -2.603986e+05 -6.822337e+07 -4.331676e+08 -6.922716e+10 +9.488400e+12 -1.896863e+15 +2.720925e+17 +1.126964e+19   
S15-233   +3.997800e+00   +2.722455e-06 +2.041602e-05 -2.654843e+00 -2.186788e-01 +3.208452e+00 +9.361699e+00 -2.211150e+04 -1.222499e+06 +1.304266e+09 +3.245650e+09 -1.664428e+11 -3.780434e+12 +2.501964e+14 +1.078158e+17 -3.705335e+20   +9.795227e-07 +3.279256e-04 -3.622200e-03 -7.532238e-01 -8.209598e+00 +1.435435e+02 +8.031237e+03 +1.552621e+06 -1.055587e+08 +5.967452e+09 +5.150375e+11 -2.181151e+12 -1.039957e+15 +9.479626e+16 +1.833028e+18   
S15-235   +3.998250e+00   +2.937993e-06 +1.281522e-04 -2.661554e+00 +1.623558e-01 +1.307816e+01 +1.430850e+02 -5.443932e+03 +7.518467e+04 +1.273790e+09 -1.988962e+09 -2.555661e+11 +2.584171e+13 +7.545936e+14 +1.086625e+17 -3.716964e+20   +8.463670e-07 +5.012253e-05 -2.644457e-03 +3.860306e-01 -3.544756e+00 +1.163178e+02 +1.595249e+03 -4.193497e+05 -8.102572e+07 -2.757624e+09 +1.494505e+11 -1.422124e+13 -8.477899e+14 +2.960055e+17 -1.150688e+19   
S15-241   +3.997850e+00   +1.206752e-06 +1.428969e-04 -2.650970e+00 +2.318512e-01 -1.010220e+01 +1.184065e+02 -1.720884e+04 +3.041878e+05 +1.285660e+09 -4.483312e+09 +1.484188e+11 +1.171970e+13 +7.301725e+14 +1.384721e+16 -3.640029e+20   -4.753995e-07 +2.622750e-04 -1.330365e-03 -4.646530e-01 +1.083912e+01 +1.229263e+02 -6.209090e+03 +4.580562e+05 -9.397501e+07 +2.300070e+09 -1.699034e+11 +9.051400e+12 -9.423152e+13 +1.113038e+17 +5.646890e+18   
S15-243   +3.997750e+00   +2.521909e-06 +1.283211e-05 -2.647979e+00 +9.581707e-03 +1.256343e+01 -3.048882e+02 +1.290234e+04 +7.106350e+05 +1.287066e+09 +1.734021e+09 -2.125350e+11 +5.374005e+12 +4.189321e+14 -1.095988e+16 -3.638669e+20   +6.394822e-07 +5.628909e-05 -5.795345e-04 +3.001646e-01 -3.011116e+00 +7.267583e+01 +7.437761e+03 -1.268179e+06 -4.615073e+07 -4.671915e+09 -8.733608e+09 +1.094784e+13 -4.993294e+14 +1.262628e+17 -1.861119e+18   
S15-247   +3.998000e+00   +3.896753e-07 +4.519472e-05 -2.655420e+00 -1.685376e-01 -1.591150e+01 +1.102288e+02 -1.323523e+04 -4.448922e+05 +1.328256e+09 +2.444138e+09 +2.252109e+11 +1.543726e+12 -1.335038e+15 +3.236003e+16 -3.701688e+20   +4.569325e-07 +1.526553e-04 -2.445310e-03 -1.452328e-02 +1.866132e+00 +6.800780e+01 -2.221370e+03 -2.161341e+05 -9.629977e+07 -6.890833e+08 +1.829821e+11 +6.087656e+12 +2.144485e+14 +1.034341e+17 +1.588104e+19   
S15-250   +3.998150e+00   +1.654345e-06 +8.418846e-05 -2.678922e+00 +6.945335e-03 +2.034662e+00 +1.679982e+02 -1.404158e+03 +6.884216e+04 +1.307096e+09 -1.196740e+09 -1.236106e+11 +2.150701e+12 +9.243663e+14 +8.288061e+15 -3.665735e+20   +1.875649e-07 +1.558700e-04 -1.560748e-03 -2.352891e-02 +8.812823e+00 +6.478884e+01 -4.214972e+03 -2.542296e+05 -3.913535e+07 -1.890725e+09 -1.197518e+11 -3.394285e+12 -1.173975e+15 +1.804922e+17 +6.555639e+17   
S15-252   +3.998700e+00   +4.168460e-07 +2.000527e-04 -2.687548e+00 +4.488614e-01 -1.546537e+01 +3.803591e+02 -1.135213e+04 +7.918183e+05 +1.326908e+09 -3.927249e+09 +4.833056e+11 +1.098101e+13 +1.315652e+15 +6.877015e+16 -3.778360e+20   -4.463966e-07 +1.444635e-04 -1.980350e-03 -7.934814e-02 +1.544602e+01 -1.574142e+01 -1.464097e+04 -1.073093e+05 -8.353540e+07 -1.380867e+09 -1.853974e+11 +6.937725e+12 -1.295529e+15 +7.700655e+16 +3.101543e+18   
S15-254   +3.997750e+00   +1.826968e-06 +1.219517e-04 -2.678136e+00 +8.874574e-02 +1.662561e+00 +1.178199e+02 -1.749240e+03 -2.289358e+05 +1.363930e+09 -7.925043e+08 -5.630497e+10 -1.905003e+12 +6.784219e+14 -1.247609e+17 -3.685253e+20   +4.886166e-07 +1.234956e-04 -3.203014e-03 +6.912638e-03 -2.353153e-01 +1.401551e+02 -2.150204e+03 -6.799022e+04 -7.421707e+07 -4.867881e+09 +1.258723e+11 +3.311940e+13 -5.621199e+14 +2.475120e+17 -1.912819e+18   
S15-255   +3.998200e+00   +1.260735e-06 +2.867468e-05 -2.675424e+00 +5.475554e-02 -1.586755e+00 +2.453069e+02 -1.384709e+04 -7.729136e+05 +1.414184e+09 -5.395741e+08 -1.088934e+11 +9.091799e+12 -4.377777e+14 -5.336186e+16 -3.662283e+20   +1.469579e-06 +1.530513e-04 -2.554510e-03 -9.294137e-02 -7.233568e+00 +1.843665e+02 +1.504269e+03 +2.617190e+05 -5.415967e+07 -1.103968e+09 +2.960677e+11 -7.295833e+12 -1.642205e+15 +2.324034e+17 +1.096860e+19   
S15-259   +3.998700e+00   +1.382853e-06 +3.531513e-05 -2.672106e+00 -8.103214e-02 -9.855521e+00 -2.142744e+02 -1.415851e+04 -3.067242e+05 +1.333539e+09 +8.412682e+08 +1.537558e+11 +3.065251e+12 +8.747090e+14 -1.380262e+16 -3.640556e+20   -1.927701e-07 +1.622359e-04 -1.331170e-03 -8.630552e-02 +6.740831e+00 +4.677395e+01 -3.179848e+03 +1.900630e+05 -9.312189e+07 -1.288456e+09 +1.127115e+11 +3.987586e+12 -6.207122e+14 +1.094505e+17 +4.806227e+18   
S15-260   +3.998200e+00   +1.441263e-06 +1.308611e-04 -2.672265e+00 +3.384953e-01 -8.097206e-01 +2.473191e+02 -1.262197e+04 +2.042204e+05 +1.330837e+09 -5.236959e+09 -1.606556e+11 +4.285231e+12 +3.134948e+14 -1.998227e+16 -3.773656e+20   +1.267133e-06 -2.358401e-05 -2.298671e-03 +5.152284e-01 -1.647723e+01 +1.295911e+02 +1.063058e+04 -1.022915e+06 -6.802078e+07 -6.794247e+09 +4.358691e+11 +1.762947e+13 -4.090861e+14 +1.229711e+17 +2.314807e+18   
S15-262   +3.998400e+00   +9.587830e-07 +2.395112e-05 -2.681308e+00 -2.259416e-01 -7.999607e+00 +2.360354e+02 -6.117144e+03 -5.158638e+05 +1.306359e+09 +1.140978e+09 +2.856498e+11 +4.691279e+12 +3.995996e+14 +3.565441e+16 -3.631725e+20   -7.432243e-08 +7.258999e-05 -2.787475e-03 +5.071626e-02 +1.331700e+01 +7.384611e+01 -1.082462e+04 +1.262262e+05 -7.891639e+07 -7.319025e+08 -1.477810e+11 +4.380685e+12 -5.752408e+14 +1.238294e+17 -2.005328e+17   
S15-264   +3.998100e+00   +1.163683e-06 +6.581849e-05 -2.674821e+00 +7.805625e-02 -4.324254e+00 -7.020542e+01 -6.124344e+03 +3.172474e+05 +1.336035e+09 -1.831113e+09 -1.250281e+11 +5.241547e+12 -1.167772e+15 +3.886691e+16 -3.747312e+20   +1.776077e-06 +1.179730e-05 -1.514849e-03 +4.890573e-01 -1.727124e+01 +8.929889e+01 +1.151433e+04 -1.060403e+06 -9.023779e+07 -6.548055e+09 +4.424171e+11 +4.886659e+12 +1.920612e+14 +1.163860e+17 +7.440859e+18   
S15-265   +3.998050e+00   +1.080332e-06 +1.254997e-04 -2.677455e+00 +2.405861e-01 -2.120218e+01 -8.218789e+01 -3.087705e+04 +2.518293e+05 +1.315433e+09 -1.842687e+09 +1.282179e+11 -9.662365e+11 +1.650061e+15 -1.545903e+16 -3.647576e+20   +1.229093e-06 +1.717843e-04 -2.812816e-03 -2.103864e-01 -9.428932e+00 +9.995413e+01 +8.700179e+03 +1.126454e+05 -9.898370e+07 +1.181759e+09 +2.469494e+11 +1.309805e+13 -1.880019e+15 +1.201098e+17 +1.058090e+19   
S15-266   +3.998600e+00   +1.957099e-06 +1.883057e-05 -2.641460e+00 -2.735335e-01 +7.751000e+00 -2.746806e+02 +6.144861e+03 +1.005056e+06 +1.239751e+09 +3.633239e+09 +2.974806e+11 +6.054527e+13 +7.383259e+14 +5.703381e+16 -3.941547e+20   +3.176792e-07 +2.198802e-05 -1.614317e-03 +4.446841e-01 +7.734577e+00 +1.234814e+02 +1.442803e+03 -6.255932e+05 +2.697482e+07 -6.838889e+09 -8.891077e+10 +7.133857e+12 +1.793538e+15 -2.564958e+17 +2.161562e+19   
S15-268   +3.998050e+00   +1.609565e-06 +9.520824e-05 -2.661743e+00 +3.001506e-01 +1.638301e+00 +5.348185e+01 -1.447567e+03 +7.015918e+05 +1.289981e+09 -3.974530e+09 -8.917202e+10 +9.917375e+12 +3.947109e+14 -3.105616e+16 -3.584860e+20   +1.426968e-06 +1.827608e-04 -1.640839e-03 -3.050407e-01 -1.944106e+01 +3.627496e+01 +2.387406e+04 +4.573630e+05 -1.061903e+08 +2.654249e+09 +3.177932e+11 +3.640307e+11 -1.472110e+15 +1.023682e+17 +4.974337e+18   
S15-269   +3.998100e+00   +1.861808e-06 +1.086344e-04 -2.664506e+00 +2.656940e-01 +1.614032e+00 +4.988465e+01 -9.151172e+03 -7.684915e+04 +1.285184e+09 -3.205633e+09 -1.707076e+11 +2.164250e+12 +3.680753e+14 +3.790648e+16 -3.550579e+20   +1.461115e-06 +1.804721e-04 -1.295735e-03 -2.477267e-01 -1.612823e+01 +6.626498e+01 +1.900885e+04 -9.764756e+04 -1.074569e+08 +1.309295e+09 +1.392065e+11 -3.157492e+12 -1.983716e+15 +5.787962e+16 +2.379131e+18   
S15-270   +3.998050e+00   +1.944943e-06 +5.544913e-06 -2.663493e+00 -1.965439e-01 -3.557122e+00 -3.860735e+01 -1.428654e+04 -4.110331e+05 +1.181029e+09 +5.360118e+09 +3.252623e+10 +1.760307e+13 +3.469691e+14 +1.241347e+17 -3.694258e+20   +1.012463e-06 +1.689285e-04 -1.314024e-04 -6.716129e-02 -6.489324e+00 +1.583451e+02 +4.993199e+03 -2.470641e+05 -2.440150e+08 +1.915432e+09 +1.453689e+11 +4.529253e+12 -4.991403e+14 +3.011426e+17 +2.808957e+19   
S15-273   +3.999000e+00   +1.468353e-06 +2.371970e-05 -2.664451e+00 +1.114537e-01 -3.929817e+00 +4.328657e+02 -1.430561e+04 -1.214702e+05 +1.175451e+09 -3.626922e+09 +1.638556e+10 +2.710105e+12 +1.572448e+15 +4.999802e+16 -3.674499e+20   +4.000240e-07 +2.282894e-04 +8.734866e-04 -5.529085e-01 +4.477892e-01 +8.003148e+01 -5.525656e+03 +6.507499e+05 -2.355731e+08 +5.276149e+09 +2.510655e+11 -3.117349e+12 -5.991798e+14 +1.819779e+17 +2.971133e+19   
S15-279   +3.997750e+00   +2.293164e-06 -4.960825e-05 -2.651284e+00 -4.803682e-01 +1.291870e+00 -7.143593e+01 -1.904535e+04 -1.622660e+06 +1.291553e+09 +4.494323e+09 -9.893853e+10 +5.030225e+12 +7.058718e+14 +1.131217e+17 -3.698998e+20   +2.474458e-07 +7.946205e-06 -1.531630e-03 +5.024199e-01 +2.605078e+00 +6.799382e+01 -3.782190e+02 -1.063006e+06 +6.348746e+05 -7.381787e+09 -5.801824e+09 +8.963549e+12 -1.369493e+14 +1.492872e+17 -3.776129e+18   
S15-280   +3.998200e+00   +1.542387e-06 +5.106688e-05 -2.661153e+00 -9.035336e-03 +8.218443e-01 +1.992249e+02 -4.853952e+03 +3.867015e+04 +1.325348e+09 -3.256996e+09 -1.626189e+11 +4.066948e+12 +4.943987e+14 +3.624011e+15 -3.649682e+20   +6.475822e-07 +1.321428e-04 -1.261213e-03 -6.729961e-02 -8.603807e-01 +3.200755e+01 -2.753134e+03 +1.170256e+05 -7.771672e+07 -6.380196e+07 +9.229508e+09 +1.439586e+13 -6.826472e+14 +1.854227e+17 +3.449610e+18   
S15-282   +3.998050e+00   +1.305172e-06 +4.225107e-06 -2.675915e+00 -6.971806e-02 -1.447941e+01 +9.049594e+01 -1.361953e+04 -1.381416e+05 +1.332803e+09 +4.309708e+08 +2.045605e+11 +1.492406e+13 +2.620653e+14 +3.876870e+16 -3.832218e+20   +3.726146e-07 +1.448578e-04 -7.254219e-04 +1.257980e-02 +1.164480e+01 +1.517026e+02 -1.301003e+04 -7.822411e+05 +3.913835e+06 -1.746958e+09 +2.733030e+10 +4.901307e+12 +9.052353e+14 +4.676742e+16 +2.253469e+18   
S15-283   +3.998550e+00   +6.214088e-07 +1.018267e-04 -2.672591e+00 +2.512686e-01 -1.731997e+01 -3.274209e+01 -3.047717e+04 +4.468915e+05 +1.172159e+09 -3.437556e+09 +4.038924e+11 +6.590462e+12 +1.747555e+15 +4.410729e+16 -3.701847e+20   +8.571460e-07 +1.545564e-04 +8.118375e-05 -1.199160e-01 -1.977847e+00 +7.870981e+01 +5.305681e+03 +2.479008e+05 -3.163709e+08 +9.337570e+08 +2.158496e+11 +1.582789e+12 -5.654390e+14 +7.356364e+16 +3.890628e+19   
S15-284   +3.998050e+00   +1.426903e-06 -3.163450e-05 -2.645104e+00 -4.168184e-01 -4.769050e+00 -1.553791e+01 -1.319018e+04 -7.648846e+05 +1.313073e+09 +2.206278e+09 -1.223177e+11 +1.514078e+13 +4.476510e+14 +8.504488e+16 -3.625733e+20   -4.787264e-07 +1.299521e-04 -2.570901e-03 -3.943878e-02 +1.086483e+01 +1.140704e+02 -4.664414e+03 +2.539681e+05 -7.338002e+07 -1.593719e+09 -1.843018e+11 +1.021623e+13 -9.999210e+14 +1.722753e+17 +1.794956e+18   
S15-285   +3.997900e+00   +7.031019e-07 -3.735529e-05 -2.664449e+00 -3.993712e-01 -1.209694e+01 +1.534167e+02 -1.075971e+04 -5.445516e+05 +1.325976e+09 +5.250744e+09 +2.840364e+11 -3.028532e+12 +4.748290e+14 +1.444970e+16 -3.659991e+20   +7.137382e-07 +1.309663e-04 -3.348013e-03 -3.676845e-02 -6.155377e+00 +8.721094e+01 +6.896301e+03 +9.421964e+04 -5.810255e+07 -9.284810e+08 +1.207628e+11 +6.915448e+12 -8.762148e+14 +1.455203e+17 +8.977638e+18   
S15-286   +3.998200e+00   +9.769241e-07 -2.995868e-05 -2.665362e+00 -4.303016e-01 -7.698382e+00 -4.063188e+00 -1.168094e+04 -1.176953e+06 +1.325975e+09 +1.956255e+09 +1.425050e+11 +1.352991e+13 +5.475251e+14 +9.376327e+16 -3.809847e+20   -1.214233e-07 +2.369383e-04 -2.681259e-03 -3.833740e-01 +1.228160e+01 +8.518994e+01 -8.246516e+03 +6.914654e+05 -6.434173e+07 +2.416273e+09 -1.558955e+11 -1.090302e+12 -3.715630e+14 +1.350397e+17 +1.176425e+19   
