# multipoles are divided by excitation current and units are [T], [m] and [A]
# harmonics (dipole n=0): 00 01 02 03 04 05 06 07 08 09 10 11 12 13 14 
# MAG_LABEL   CURRENT[A]   <NORMAL_MULTIPOLES/CURRENT>[T/m^(n-1)/A]   <SKEW_MULTIPOLES/CURRENT>[T/m^(n-1)/A]
S15-005   +1.995100e+00   +5.804416e-06 +5.133502e-05 -3.339496e+00 -2.710873e-01 +2.750808e+01 +2.517844e+02 +6.480116e+03 -2.493689e+05 +1.013052e+09 +1.691315e+09 -7.316109e+11 -3.469295e+12 -1.838330e+14 +1.509498e+17 -4.633590e+20   +5.185058e-07 +4.523497e-05 -1.310891e-03 +4.629636e-01 +1.746322e+01 +3.107945e+02 -1.185476e+04 -5.267816e+05 -4.744222e+07 -8.665866e+09 -3.369535e+11 -2.351848e+13 -5.701118e+14 +1.424536e+17 -1.259018e+19   
S15-007   +1.995600e+00   +2.658991e-06 +2.093399e-04 -3.329079e+00 +3.188528e-01 -1.858324e+01 +3.266584e+02 -4.291080e+04 -2.886926e+04 +8.713620e+08 -3.965201e+09 -1.052700e+11 +6.548632e+12 -4.788270e+14 +1.797132e+17 -4.226069e+20   +2.176261e-06 +5.432030e-04 +8.266872e-04 -1.400166e+00 -1.689037e+01 +2.536766e+02 +7.839196e+03 +2.872299e+06 -3.867903e+08 +6.072755e+09 +6.788951e+11 -2.787441e+13 -1.917521e+15 +1.864178e+17 +6.515920e+19   
S15-011   +1.995050e+00   +2.103198e-06 +4.121314e-05 -3.301995e+00 -3.089371e-01 -2.244001e+01 +8.993253e+01 -2.833192e+04 -2.211477e+05 +1.019582e+09 +2.204522e+08 +2.908916e+11 +1.317153e+13 +3.345003e+14 +9.320288e+16 -4.545390e+20   -2.620003e-07 +1.061313e-04 -3.136028e-03 +2.460363e-01 +2.039619e+01 +1.092076e+02 -1.051225e+04 -3.512580e+05 -5.609178e+07 -8.548197e+09 -3.545779e+11 -4.582727e+13 -1.206851e+15 +8.521666e+16 -4.701824e+18   
S15-012   +1.995000e+00   +3.221460e-06 +3.331452e-04 -3.333050e+00 +7.032296e-01 -6.254807e+00 +2.932137e+02 -1.959049e+04 +4.037827e+05 +1.052054e+09 -5.178160e+09 +3.013226e+11 +6.178536e+12 +7.808371e+14 +3.469323e+17 -4.585242e+20   +2.332412e-06 +3.029139e-04 -3.087575e-03 -5.676722e-01 -8.976882e+00 +1.457799e+02 +6.714376e+03 +1.379197e+06 -1.747590e+08 +1.570166e+09 +2.756662e+11 -2.898904e+13 +7.988977e+14 -6.175659e+16 +1.143636e+19   
S15-013   +1.996100e+00   +2.875512e-06 +1.543262e-04 -3.350764e+00 +1.573617e-01 -1.405472e+01 -2.960062e+02 -3.024080e+04 -5.279786e+05 +9.453399e+08 +2.161699e+09 +2.701310e+11 -8.754712e+12 +1.317907e+14 +1.777938e+17 -4.586350e+20   -1.200421e-07 +3.900760e-04 -8.380036e-04 -8.631176e-01 +2.575842e+01 +4.097937e+02 -3.653203e+04 +1.309060e+06 -2.519816e+08 +1.191046e+10 +1.470899e+11 -6.019538e+13 +1.060444e+15 +1.763035e+17 +3.521759e+19   
S15-015   +1.995500e+00   +3.660767e-06 +1.249420e-04 -3.282487e+00 -3.502958e-02 -1.024396e+01 -6.566765e+02 -2.079812e+04 -1.018417e+06 +1.202772e+09 +2.826554e+09 -1.158570e+11 +1.260537e+13 -2.702934e+15 +6.026274e+16 -4.456374e+20   +1.017872e-06 +1.613634e-04 -2.639480e-03 +2.221564e-02 -2.945624e+00 +2.170526e+02 +2.701982e+04 -1.540950e+06 -4.916093e+07 -4.155269e+09 +5.459614e+11 -1.361822e+13 -3.924782e+15 +1.639475e+17 -1.972861e+19   
S15-019   +1.995250e+00   +2.607626e-06 +1.214365e-04 -3.267154e+00 +2.938252e-02 -2.271679e+00 +1.331632e+02 -2.177605e+04 -2.024334e+05 +1.000505e+09 -2.944594e+09 -1.450634e+11 +2.157645e+11 -2.118226e+15 +1.062166e+17 -4.403282e+20   +1.347241e-07 +1.903638e-04 +3.940322e-04 -4.407274e-02 -1.850859e+00 +3.026828e+02 -3.970813e+03 +2.036779e+04 -2.596818e+08 -1.288828e+09 +2.487779e+11 -5.080717e+13 -5.414324e+14 +3.630117e+15 +4.652442e+19   
S15-020   +1.995300e+00   +3.045363e-06 +1.435707e-04 -3.280265e+00 +3.691353e-02 -4.865981e+00 +2.336005e+02 -1.770567e+04 -3.148608e+05 +1.137272e+09 +2.066200e+08 -1.857140e+11 -5.878850e+12 -1.920404e+15 +3.948232e+16 -4.602401e+20   +7.773122e-07 +1.286612e-04 -3.668688e-03 +2.288570e-01 +5.559370e+00 +3.168218e+02 -1.430827e+04 -2.134857e+05 -2.378137e+07 +2.477803e+08 +1.985535e+11 -2.320603e+13 -2.355724e+14 +1.420773e+17 -4.481438e+18   
S15-022   +1.994750e+00   +3.385516e-06 +1.213508e-04 -3.212642e+00 -1.669888e-01 -3.410008e+00 -5.866429e+01 -1.457911e+04 -2.309435e+05 +1.179151e+09 +6.738930e+09 +9.037443e+10 +1.054601e+13 -1.142324e+15 +3.203068e+16 -4.616086e+20   +1.564217e-06 +9.041128e-05 -2.837194e-03 +3.018870e-01 +4.875157e+00 -3.068046e+01 -2.646336e+04 -7.811741e+05 -2.685332e+07 -8.185241e+09 -9.771345e+09 -1.539203e+13 -1.070876e+14 +2.584669e+17 -4.148615e+18   
S15-023   +1.995250e+00   +3.141005e-06 +1.794019e-04 -3.255755e+00 +1.213575e-01 -1.441172e+01 +8.663155e+02 -2.460887e+04 +8.109079e+05 +1.024677e+09 +2.923551e+09 +5.217206e+11 +2.416129e+13 -1.257042e+15 -9.348237e+15 -4.570616e+20   +6.576835e-07 +1.694512e-04 -2.058599e-03 -2.397588e-02 +7.557083e+00 -2.199500e+02 -5.985486e+03 +3.795441e+05 -8.068844e+07 +6.041423e+08 -1.149243e+11 -1.114076e+13 +2.506514e+15 -8.864192e+16 -7.795309e+18   
S15-024   +1.995950e+00   +3.038575e-06 +1.749189e-04 -3.204698e+00 -4.929904e-02 -1.766272e+01 -9.706370e+01 -2.572092e+04 -3.960432e+05 +1.005923e+09 -6.574032e+09 -9.993266e+10 -2.799397e+13 +3.852018e+15 +5.609324e+16 -4.055303e+20   -1.569370e-06 +1.267740e-04 -9.473038e-04 +2.631826e-01 -8.732488e+00 +1.851872e+02 +4.142686e+03 -6.942098e+05 -4.400266e+08 +1.748889e+09 +4.645765e+11 -4.929860e+12 +3.266866e+14 -6.245136e+16 +6.295989e+19   
S15-025   +1.995650e+00   +3.110899e-06 +1.602141e-04 -3.213981e+00 -4.159386e-02 -1.861125e+00 -1.739904e+02 -1.458819e+04 -5.165550e+03 +1.009588e+09 -3.702471e+09 +2.183486e+11 -6.979145e+12 +2.159545e+15 +8.273580e+16 -4.106048e+20   -2.203609e-06 +2.340219e-04 -5.514023e-04 -4.958551e-02 +6.599414e-01 +1.807974e+02 -8.550387e+03 +6.351835e+05 -3.521055e+08 -1.315708e+09 +1.173368e+11 -4.182653e+13 -1.843757e+15 +1.436271e+17 +5.871330e+19   
S15-028   +1.995600e+00   +1.331199e-06 +2.141388e-04 -3.204427e+00 +8.073361e-02 -2.134913e+01 +2.802290e+02 -4.016618e+04 -7.966496e+05 +9.733484e+08 +3.698436e+09 +2.793870e+10 +2.073570e+13 -1.521925e+14 +2.743193e+17 -4.205391e+20   -1.945345e-06 +1.283569e-04 -7.679745e-04 +1.539962e-01 +1.760112e+00 +8.234456e+01 -8.413259e+03 -2.596725e+05 -4.103996e+08 -5.774915e+09 +5.318491e+11 +6.837703e+12 -1.355378e+15 +1.835675e+17 +6.009005e+19   
S15-039   +1.996350e+00   +6.792757e-06 -1.471786e-04 -3.270546e+00 -9.311664e-01 +3.079761e+01 -2.322642e+02 -2.338633e+03 -1.193777e+06 +1.158413e+09 +8.526997e+09 -9.946933e+11 +4.578447e+13 +2.110094e+15 +1.642115e+17 -4.747972e+20   -2.294733e-06 +5.252536e-04 -1.864640e-03 -1.372381e+00 +3.559324e+01 +2.058707e+02 -2.654118e+04 +1.536886e+06 -8.596759e+06 +1.297587e+10 -7.068851e+11 -2.899868e+13 -3.152825e+15 +4.218280e+17 -2.523751e+19   
S15-042   +1.995600e+00   +2.441229e-06 +2.338683e-04 -3.267949e+00 +2.375929e-01 -1.019895e+01 -5.067143e+02 -1.213835e+03 +4.793355e+05 +1.001524e+09 -3.650811e+09 +3.527969e+09 +2.153681e+13 +1.472551e+15 +1.236703e+17 -4.471928e+20   +1.243604e-06 +1.761262e-04 -3.175471e-03 -7.538715e-02 +8.270976e+00 -1.626043e+02 -2.693286e+04 +1.117732e+06 -1.071601e+08 -4.504580e+09 +1.124013e+10 -2.688184e+13 -2.954008e+15 +1.149835e+17 -1.343992e+18   
S15-049   +1.996100e+00   +1.688810e-06 +8.134758e-05 -3.199037e+00 -2.184811e-01 -2.941983e+01 +3.134549e+02 -3.151184e+04 -9.344893e+05 +1.119496e+09 +4.844887e+09 +3.043524e+11 -1.455864e+13 +2.840332e+15 +1.474185e+17 -4.312792e+20   +4.600922e-06 +1.345564e-04 -8.040764e-04 +1.272907e-01 -5.152432e+01 -3.159654e+01 +3.856226e+04 +2.174769e+05 -1.445059e+08 -4.535743e+09 +1.070913e+12 -2.329412e+13 -3.179303e+15 +1.661188e+17 -2.214461e+19   
S15-063   +1.994650e+00   +2.889035e-06 +3.901962e-05 -3.323453e+00 -4.865955e-01 -8.739964e+00 +3.253977e+02 -1.013791e+04 -1.782124e+06 +1.077507e+09 +6.075597e+09 -3.388177e+11 -5.895175e+12 +5.481027e+14 +1.457027e+17 -4.480529e+20   -3.332481e-06 -1.116132e-06 -1.902160e-03 +7.565337e-01 +6.382824e+01 +2.438161e+02 -6.096498e+04 -1.795749e+06 -9.038438e+06 -6.157892e+09 -1.043195e+12 -2.779479e+13 -2.430919e+15 +2.643083e+17 +9.083258e+18   
S15-064   +1.994600e+00   +3.351243e-06 +3.877008e-05 -3.293454e+00 -2.094199e-01 -1.024700e+01 +3.905740e+02 -2.776121e+04 -1.051994e+06 +1.038472e+09 -3.227135e+09 +9.158127e+09 -2.322883e+12 +2.127540e+15 +2.947269e+16 -4.539676e+20   +1.015630e-06 +2.050544e-04 -3.824201e-04 -1.394031e-01 -4.552846e+00 +5.913707e+01 +8.170260e+03 -2.636656e+04 -9.091933e+07 +1.863516e+09 +2.074445e+11 -1.963748e+13 -2.030223e+15 +2.377974e+17 +2.933383e+18   
S15-065   +1.994850e+00   +2.903725e-06 +1.751000e-04 -3.240617e+00 +9.190480e-02 -5.260280e+00 -1.871808e+02 -1.312646e+04 -4.007748e+05 +1.018750e+09 -3.072304e+09 -6.288227e+11 +1.497924e+13 -1.091937e+15 +2.298488e+16 -4.440624e+20   +1.333346e-06 +1.695982e-04 -1.476512e-03 +4.957518e-02 -1.262805e+00 +1.021896e+02 -7.105462e+03 -5.166033e+05 -1.325306e+08 +2.802840e+09 +1.355668e+11 +4.898088e+12 -1.220107e+15 +2.135736e+17 +5.335965e+18   
S15-067   +1.995550e+00   +1.948923e-06 +2.075966e-04 -3.264747e+00 +5.166987e-01 -2.981999e+01 +6.544481e+01 -5.787768e+04 +4.239872e+05 +1.187538e+09 -7.735126e+09 +3.415620e+11 +5.116184e+12 +2.786474e+15 -3.317794e+16 -4.527527e+20   +7.135762e-06 +2.929888e-04 -5.600551e-04 -5.062374e-01 -8.700048e+01 +2.665391e+02 +6.657398e+04 +2.299504e+03 -7.721901e+07 +1.208985e+09 +1.837306e+12 -1.713274e+13 -2.778362e+15 -9.949964e+16 -1.061515e+19   
S15-068   +1.995400e+00   +3.055056e-06 +1.175388e-04 -3.207690e+00 +3.830518e-03 -1.470048e+00 +6.283176e+02 -8.773228e+03 -5.370843e+04 +1.125561e+09 +1.314531e+09 -5.324707e+11 +2.045767e+13 +3.102491e+15 +1.093903e+17 -4.716337e+20   +1.349591e-06 +1.625963e-04 -2.680371e-04 -8.297514e-02 +3.566584e+00 -1.261341e+02 -1.260107e+04 +9.651679e+05 -1.054048e+08 -1.134668e+09 -4.653460e+10 -3.442472e+13 -3.430809e+15 +5.164579e+17 -5.398677e+18   
S15-071   +1.995450e+00   +4.215825e-06 +1.919350e-04 -3.299493e+00 +9.254018e-02 -9.930502e+00 +7.125561e+01 -2.900846e+04 +4.065740e+05 +1.164198e+09 +1.337518e+08 -1.222126e+10 -2.018605e+13 +8.678925e+14 +1.107672e+17 -4.625734e+20   +1.143039e-06 +1.260523e-04 -2.185459e-03 +2.401631e-01 -8.282843e+00 +1.488389e+02 +8.824847e+03 -3.461743e+05 -2.116215e+07 +2.493884e+08 +1.123338e+11 -2.259180e+13 -4.378613e+15 +5.073302e+17 -1.195035e+19   
S15-073   +1.995200e+00   +3.333592e-06 +1.839678e-04 -3.281944e+00 -2.171085e-01 -1.478363e+01 -2.770454e+02 -2.721145e+04 -6.469246e+05 +1.130412e+09 +2.977831e+09 +1.561885e+11 +7.183119e+12 +4.126325e+14 +1.833944e+17 -4.587825e+20   +7.382508e-07 +1.760907e-04 -1.844248e-03 +9.946081e-02 +1.706886e+01 +1.179665e+02 -7.936417e+03 -1.148003e+06 +1.153679e+07 +4.671073e+08 -4.470256e+11 -1.648798e+13 -9.456811e+14 +1.295003e+17 +1.209412e+19   
S15-074   +1.995200e+00   +5.199860e-06 +1.958807e-04 -3.297302e+00 +4.051157e-02 +2.496844e+01 +9.884723e+01 +5.802782e+03 -4.452863e+05 +1.129460e+09 -4.691698e+08 -7.427331e+11 -3.015235e+12 +1.750351e+15 +2.433349e+17 -4.650350e+20   +7.377356e-07 +2.537489e-04 -1.783851e-03 -3.921245e-01 +6.805202e+00 +3.011509e+02 +8.868730e+03 -5.041911e+05 -5.914184e+07 +1.025490e+10 -3.464159e+10 -2.816998e+13 -1.944211e+15 +2.016735e+17 -4.431724e+18   
S15-075   +1.995500e+00   +3.278611e-06 +1.934844e-04 -3.319228e+00 -2.451192e-01 -1.400607e+01 -2.891336e+02 -2.637261e+04 -6.198091e+05 +1.088205e+09 +3.877316e+09 +2.808434e+11 +1.499979e+13 +1.767690e+15 +2.262986e+17 -4.714986e+20   +2.033476e-06 +2.010395e-04 -1.073286e-03 -8.568905e-03 -1.418686e+01 +1.373361e+02 +2.596836e+04 -2.329506e+05 -2.105386e+07 +4.886596e+09 +5.481328e+10 -5.740386e+13 +7.863192e+13 +6.602811e+16 -6.334277e+18   
S15-077   +1.995400e+00   +3.134998e-06 +1.457852e-04 -3.303588e+00 -7.110304e-02 -7.077814e+00 +3.557057e+02 -2.949433e+04 -3.604795e+05 +1.107652e+09 -2.168315e+07 -2.043284e+11 -1.801067e+13 -1.450417e+15 +5.307166e+16 -4.530683e+20   +1.517130e-06 +2.170949e-04 -3.972090e-04 +8.324055e-02 +2.304737e+00 -3.146060e+00 +2.478693e+03 +3.474388e+05 -9.659111e+07 +2.766873e+08 -1.861276e+11 -3.102067e+13 -3.050108e+15 +3.291660e+17 -3.047654e+18   
S15-080   +1.995350e+00   +2.839709e-06 +2.465458e-04 -3.293390e+00 +1.901928e-01 -1.114494e+01 -4.936230e+01 -2.560505e+04 -3.653080e+03 +1.098652e+09 -3.769919e+09 -1.498728e+11 +1.234838e+13 +2.063934e+15 +1.836574e+17 -4.503080e+20   +1.165468e-06 +1.801950e-04 -1.227203e-03 +4.274853e-02 +4.706248e-01 +2.614793e+02 -5.160343e+01 -5.139750e+05 -8.233638e+07 +3.229323e+08 +3.169339e+11 -2.797218e+13 -1.105693e+15 +9.271120e+16 +1.074810e+18   
S15-081   +1.995350e+00   +3.610385e-06 +1.817627e-04 -3.290573e+00 +4.961981e-02 -6.282958e+00 +4.029812e+02 -1.842517e+04 -3.960964e+05 +1.092946e+09 -5.234615e+09 -1.237952e+11 -3.488095e+13 +1.702938e+15 +1.549958e+17 -4.441124e+20   +1.507186e-06 +2.059636e-04 -2.092164e-03 +5.440960e-02 -2.549940e+00 +1.773908e+01 +8.753196e+03 -5.340081e+04 -1.163256e+08 -1.386731e+09 +8.026176e+10 -3.260153e+13 -3.979095e+15 +2.890445e+17 -8.260275e+18   
S15-082   +1.995500e+00   +2.611334e-06 +3.481580e-05 -3.279014e+00 -1.110255e-01 -1.431973e+01 +1.009375e+02 -1.973093e+04 -3.648627e+05 +1.064976e+09 -9.154688e+08 +1.483918e+11 +8.544741e+12 +1.326499e+15 -2.835500e+16 -4.532890e+20   +1.207349e-06 +1.551727e-04 -1.304329e-03 -1.535585e-01 -1.741511e+00 +5.893916e+00 +2.423424e+03 +2.853440e+05 -9.555745e+07 -1.894340e+09 -1.186904e+11 -1.324936e+13 -4.634057e+14 +1.257485e+17 +9.034372e+18   
S15-083   +1.995650e+00   +3.437865e-06 +1.036670e-04 -3.274996e+00 -3.220935e-02 -4.664808e-01 +3.094834e+00 -2.190029e+04 -2.700545e+05 +1.096804e+09 -6.332137e+08 -4.288398e+10 +1.124559e+13 +2.413824e+15 -1.900198e+16 -4.467275e+20   +1.358544e-06 +2.367246e-04 -3.923763e-03 -3.720341e-01 +2.691823e+00 +1.589703e+02 -4.897560e+03 +1.295764e+05 -1.273376e+08 +6.718012e+08 -1.116233e+11 -2.710192e+13 -1.297192e+15 +1.808983e+17 +1.345639e+18   
S15-084   +1.995300e+00   +3.546928e-06 +1.512270e-04 -3.249206e+00 +3.605136e-02 +2.928669e+00 +2.608208e+01 -1.237121e+04 +6.835042e+04 +1.069228e+09 -1.591372e+09 -1.603099e+11 +7.681757e+12 +1.049931e+15 +4.963087e+16 -4.483894e+20   +1.906232e-06 +1.320979e-04 -3.368029e-03 +9.059329e-02 +3.468473e+00 +2.204099e+02 -2.280894e+04 +1.211430e+05 -1.134474e+08 -1.563088e+09 +5.127034e+10 -3.919079e+13 -2.112249e+14 +1.649592e+17 +8.083366e+18   
S15-085   +1.995350e+00   +3.628881e-06 +1.303658e-07 -3.263341e+00 -4.318612e-01 +1.543194e+01 -1.983010e+02 +1.379749e+04 -7.119718e+05 +1.028640e+09 +3.200345e+09 -5.663432e+11 +9.225068e+12 +9.769484e+13 +4.061801e+16 -4.468068e+20   +7.976069e-07 +1.275684e-04 -2.777148e-03 -1.656882e-02 -3.762339e-01 +1.635867e+02 +7.132568e+03 +7.050482e+05 -1.286513e+08 -2.889875e+09 +1.030253e+11 -5.347789e+13 -2.093181e+15 +1.087068e+17 +7.786879e+18   
S15-086   +1.995350e+00   +1.132653e-06 +5.327727e-05 -3.253580e+00 -1.202838e-01 -2.119758e+01 -1.563274e+02 -3.413021e+04 +7.260360e+05 +1.024143e+09 -3.865091e+09 +3.410791e+11 +4.001378e+13 -4.961560e+14 -2.618056e+17 -4.315301e+20   +9.002771e-07 +6.713313e-05 -2.892066e-03 +8.656426e-02 +1.380017e+00 +2.010639e+02 -1.379809e+04 -5.202401e+05 +4.085258e+07 -5.668915e+09 -4.661801e+11 -9.073235e+12 +2.325528e+15 +1.815227e+15 +6.937725e+18   
S15-088   +1.995550e+00   +2.109414e-06 +1.215502e-04 -3.252456e+00 +5.973326e-02 -1.495677e+01 +8.317682e+01 -1.256213e+04 -4.626371e+05 +1.079562e+09 -1.156025e+07 +1.883434e+11 -1.321147e+13 +7.598492e+14 +1.345253e+17 -4.379085e+20   +1.073827e-06 +2.152768e-05 -4.017876e-04 +4.911139e-01 +6.316199e+00 +3.594413e+02 -1.415238e+04 -8.779605e+05 -3.796369e+08 -5.928641e+09 +1.952384e+10 -6.122944e+13 -8.208669e+14 +7.204776e+16 +4.350303e+19   
S15-089   +1.995650e+00   +2.133229e-06 -1.113466e-05 -3.261936e+00 -6.085060e-01 -1.702372e+01 +3.614884e+02 -2.039054e+04 -1.616849e+06 +9.559306e+08 +3.234505e+09 +5.430491e+11 -1.725490e+13 -1.210883e+14 +2.733944e+17 -4.256751e+20   +1.811793e-06 +1.481765e-04 +8.585268e-04 +8.151259e-02 -9.116639e+00 +3.395016e+02 +1.064845e+04 -4.714602e+05 -3.833432e+08 -5.068248e+09 +1.943681e+11 -6.895242e+13 +4.001427e+14 +4.996931e+16 +5.137820e+19   
S15-090   +1.995500e+00   +2.993845e-06 +1.737295e-04 -3.255529e+00 +2.517025e-01 +7.288128e-01 +1.465941e+02 -7.925327e+03 +2.268487e+05 +1.016330e+09 -4.810671e+09 -8.624686e+10 +7.948043e+12 +1.436319e+15 -1.844585e+16 -4.316158e+20   +6.396768e-08 +2.444502e-04 +7.722821e-04 -4.230969e-01 +1.754603e+01 +2.921540e+02 -2.503588e+04 +2.925248e+05 -4.108482e+08 +6.128905e+09 -4.380116e+11 -6.534698e+13 +3.477817e+14 +3.205383e+16 +5.044856e+19   
S15-094   +1.996000e+00   +2.042013e-06 +3.269738e-04 -3.267407e+00 +1.139064e+00 -3.977082e+01 -4.691022e+01 -1.151961e+04 +2.643470e+06 +1.107166e+09 -5.090521e+09 +7.509955e+11 +3.484844e+11 -2.534976e+14 -8.659504e+16 -4.725834e+20   -9.216588e-07 -2.545446e-04 -3.177998e-03 +1.657759e+00 +3.095296e+01 +3.012837e+02 -9.382991e+03 -3.931525e+06 +1.007831e+07 -1.294417e+10 -1.038273e+12 -6.018081e+13 -1.317546e+15 +1.327905e+17 +1.158991e+19   
S15-095   +1.995800e+00   +2.843201e-06 +1.090956e-04 -3.178658e+00 +2.258969e-01 -6.574236e+00 +3.272737e+01 -3.513834e+03 +1.590517e+06 +9.692369e+08 -7.170784e+09 -8.974972e+10 +2.337263e+13 -4.687491e+14 -9.663168e+16 -4.517776e+20   +3.212851e-08 +2.055111e-04 -4.534490e-03 -1.522622e-01 +4.868794e+00 -8.658332e+00 +4.633694e+02 -2.683229e+05 -1.269553e+08 +2.631261e+09 +5.813183e+11 -3.946717e+12 -3.476989e+15 +1.130371e+17 +6.600291e+18   
S15-096   +1.995850e+00   +3.343627e-06 +8.921858e-05 -3.175089e+00 +1.239697e-01 -3.369222e+00 -1.941146e+02 -7.756194e+03 +4.525926e+04 +1.029523e+09 +4.710349e+08 -3.965838e+11 +1.462894e+13 +2.105594e+15 +4.698916e+16 -4.421277e+20   +1.361528e-06 +3.300579e-05 -4.741447e-03 +3.707781e-01 -2.875368e+00 +2.764344e+02 -7.890017e+03 -9.415287e+05 -4.958073e+07 -4.173601e+09 +2.407346e+11 -1.835484e+13 -1.559177e+15 +2.065022e+17 +1.039353e+19   
S15-097   +1.995850e+00   +1.981716e-06 -1.134131e-04 -3.164643e+00 -7.397941e-01 -2.806283e+01 -1.379424e+02 -3.933560e+04 -5.084455e+05 +1.002605e+09 +8.280788e+09 +1.354192e+11 +3.571495e+12 +1.520915e+15 -8.235689e+15 -4.401543e+20   +8.521116e-07 +1.064390e-04 -3.307282e-03 +1.957285e-01 +5.167798e+00 +1.006873e+02 -1.100179e+04 -2.841640e+05 -1.097201e+08 -4.657428e+09 +2.870757e+11 -3.226104e+13 -1.424482e+15 +2.561694e+17 +6.538888e+18   
S15-098   +1.996300e+00   +2.239043e-06 +5.412213e-05 -3.183803e+00 +3.198633e-05 -1.860028e+01 -2.149283e+02 -2.247982e+04 -3.750828e+05 +1.033530e+09 +5.040004e+08 +2.178270e+11 +1.511803e+13 +4.578684e+14 +1.068372e+17 -4.509204e+20   +1.790152e-06 +1.966639e-04 -4.663665e-03 -1.171422e-01 -7.487261e+00 +1.099246e+02 +3.928306e+03 -3.122250e+05 -6.171738e+07 +8.276111e+08 +3.023847e+11 -2.379290e+13 -3.408848e+14 +1.610346e+17 +1.433600e+19   
S15-108   +1.995300e+00   +3.986732e-06 +3.138207e-04 -3.250190e+00 +8.839267e-01 -3.419358e+00 -1.895897e+02 -1.627714e+04 +1.311296e+06 +1.242099e+09 -4.466980e+09 -2.824708e+11 +2.553958e+13 +1.312884e+15 +1.379993e+17 -4.775828e+20   -1.313888e-06 +3.124041e-04 -2.115982e-03 -6.509462e-01 +3.603643e+01 +9.582614e+01 -1.835276e+04 +2.651183e+04 -1.506877e+07 +6.780790e+09 -8.272440e+11 -1.930992e+13 -1.270781e+15 +7.072114e+16 -5.633484e+18   
S15-112   +1.995550e+00   +2.084844e-06 +1.656504e-04 -3.240391e+00 +6.861853e-01 -1.592711e+01 -2.727012e+02 -2.079399e+04 +1.344768e+05 +1.123932e+09 -1.225929e+10 -1.091248e+11 -6.655203e+12 +3.600718e+15 +1.744063e+17 -4.499467e+20   -4.779093e-07 +1.895392e-04 -2.354160e-03 -1.909782e-01 +2.642148e+01 +3.313507e+02 -8.643923e+03 +2.122284e+05 -1.195559e+08 -3.475602e+09 -8.243792e+11 -4.637211e+13 -2.200811e+15 -8.091704e+15 +8.741319e+18   
S15-114   +1.995500e+00   +2.892355e-06 +5.594382e-05 -3.229405e+00 -8.622681e-02 -1.658143e+00 -6.034172e+01 -1.560816e+04 +3.593196e+05 +1.193463e+09 -7.225588e+08 +7.105973e+10 +1.240103e+13 +5.202691e+14 +1.342234e+17 -4.460512e+20   +2.068050e-06 +4.824782e-05 -2.169105e-03 +3.471173e-01 -1.017469e+01 -5.576166e+01 +6.125778e+03 +1.209978e+05 -6.151085e+06 -2.107342e+09 +1.484842e+11 -2.542806e+13 -2.407270e+15 +1.141251e+17 +4.659670e+18   
S15-115   +1.995500e+00   +3.236788e-06 +1.504309e-04 -3.218131e+00 +2.435528e-01 -8.461488e-01 +2.058610e+02 -1.154281e+04 +5.296778e+05 +9.925462e+08 -2.154412e+09 +2.473485e+11 +1.670645e+13 +1.860871e+15 +2.687435e+17 -4.057039e+20   +2.630154e-06 +1.989227e-04 -2.985220e-04 -1.445462e-01 -1.878028e+01 +5.224204e+01 +1.287661e+04 -2.422743e+05 -5.509567e+08 +6.020516e+09 +2.897277e+10 -2.463696e+13 +2.793929e+15 +1.667144e+16 +9.351155e+19   
S15-125   +1.995650e+00   +2.394383e-06 -8.226783e-05 -3.206958e+00 -6.641826e-01 -1.258983e+01 +3.974258e+02 -1.307651e+04 -1.887759e+06 +1.129068e+09 +4.678928e+09 +4.748008e+10 +9.841616e+12 +8.029665e+14 -2.286254e+16 -4.469424e+20   +2.018555e-06 -2.126330e-05 -5.934673e-03 +5.863939e-01 -9.504142e+00 +1.927944e+02 +4.293263e+03 -1.158641e+06 -5.681382e+07 -1.075465e+10 +2.552150e+11 -1.289094e+13 -6.097958e+14 +1.419693e+17 -7.825966e+18   
S15-129   +1.995400e+00   +3.966978e-06 +2.568113e-04 -3.206649e+00 +6.220783e-01 -1.271046e+01 +7.899534e+01 -1.888856e+04 +1.365360e+06 +1.205766e+09 +1.736481e+09 +3.204747e+11 +1.600686e+12 -9.311567e+14 +5.581417e+16 -4.229928e+20   +6.806139e-07 +1.965864e-04 -4.210263e-03 -2.469665e-01 +1.829725e-01 +1.386907e+02 +7.137246e+03 +5.820632e+05 -6.193320e+07 -2.689466e+09 +3.146635e+11 -4.408428e+13 +1.755374e+15 -1.286604e+16 +9.199298e+18   
S15-135   +1.995450e+00   +2.829952e-06 +6.665464e-05 -3.178075e+00 -2.672761e-02 -3.996908e+00 -1.096058e+02 -2.743565e+04 +2.178503e+05 +1.048177e+09 +4.112910e+09 -5.858378e+11 +3.772544e+13 -3.598579e+14 -4.895258e+16 -4.422718e+20   +1.554589e-06 +1.623925e-04 -1.200653e-03 -1.825177e-01 -4.201672e+00 +5.304297e+01 -5.244692e+03 -9.749335e+04 -1.264277e+08 -4.695500e+08 +1.177922e+11 -3.628427e+13 -4.999816e+14 +4.531288e+17 -9.578707e+18   
S15-144   +1.995250e+00   +1.908701e-06 +7.242907e-05 -3.198834e+00 +2.706914e-01 -1.021039e+00 +3.054970e+02 -9.687137e+03 -5.060850e+05 +1.232589e+09 -3.278984e+09 -1.687498e+11 +1.697131e+13 +2.582467e+15 +9.885699e+16 -4.491076e+20   +2.752409e-06 +4.661764e-05 -4.807999e-03 +3.463817e-01 -1.829672e+01 +1.504681e+02 +1.608099e+04 -4.303588e+05 -4.552221e+07 -6.813657e+09 +5.593595e+11 -1.209515e+13 -3.035273e+15 +3.057145e+17 +1.291150e+19   
S15-147   +1.995450e+00   +2.467463e-06 +3.361396e-04 -3.181918e+00 +7.102639e-01 -1.596837e+01 +1.540177e+02 -2.279077e+04 +1.092159e+06 +1.110658e+09 -5.325155e+09 +8.133694e+10 -1.207416e+13 +1.089340e+15 +1.314243e+17 -4.504103e+20   +2.840836e-07 +1.886552e-04 -8.129735e-04 -4.137620e-02 +8.270676e+00 +4.497391e+01 -7.051988e+03 -2.229541e+05 -1.162210e+08 -4.462097e+09 +8.815230e+10 +3.227094e+12 -2.048557e+15 +6.058774e+16 +1.362654e+19   
S15-150   +1.994950e+00   +4.098591e-06 -8.594757e-05 -3.200356e+00 -4.545891e-01 +3.319418e+00 +1.647546e+02 -7.193373e+03 +3.085750e+04 +1.152848e+09 +1.149520e+09 +4.068954e+11 +1.060831e+13 +5.566841e+15 +2.932852e+17 -4.449405e+20   +2.252010e-06 +1.316923e-04 -3.979390e-03 +1.932758e-02 -1.371888e+01 -1.053286e+02 -2.845857e+03 -1.077246e+06 -3.518781e+07 -4.494834e+08 +4.084315e+11 +9.958400e+12 -6.221735e+14 +2.768839e+17 +5.681330e+18   
S15-151   +1.995450e+00   +3.187360e-06 +5.936445e-05 -3.210592e+00 -1.556456e-01 -1.091410e+00 +3.433955e+02 -1.824174e+04 -3.493552e+05 +1.162534e+09 +3.731517e+09 +7.922669e+09 +5.233306e+12 -8.287564e+14 -1.223218e+17 -4.388006e+20   +7.144890e-07 +1.129536e-04 -1.222070e-03 +1.740166e-01 +6.501852e-01 +1.674405e+01 +2.888439e+03 -1.320807e+06 -3.701493e+07 +1.642400e+09 -1.646229e+11 +3.507984e+13 -4.004777e+15 +8.421248e+16 +2.976046e+19   
S15-152   +1.995500e+00   +3.003844e-06 +9.102987e-05 -3.209791e+00 -6.164445e-02 -4.955686e+00 -8.335154e+00 -1.745980e+04 -3.463867e+05 +1.126282e+09 -7.647472e+08 -1.700471e+11 +3.603890e+13 -8.016006e+14 +1.986532e+17 -4.719082e+20   +7.407171e-07 +1.509628e-04 -1.433606e-03 +8.262977e-02 +5.435881e+00 -5.267231e+01 -2.470727e+02 -1.880313e+05 -1.712358e+08 -1.535608e+09 -3.425154e+11 -1.897452e+13 -3.362118e+15 +2.769121e+17 +5.325713e+18   
S15-153   +1.995500e+00   +3.102538e-06 +7.721243e-05 -3.211289e+00 +6.468850e-02 -2.695977e-01 +1.689343e+02 -2.115278e+04 -7.511421e+05 +1.073063e+09 -2.339557e+08 -5.683553e+10 +3.236882e+13 -1.278458e+15 -1.365057e+17 -4.576961e+20   +1.365429e-06 +2.003420e-04 -4.933353e-03 -2.586461e-01 -1.481319e+00 +1.627020e+02 +8.961107e+03 -1.640738e+05 -8.759078e+07 +6.263363e+09 +9.609000e+10 +2.035661e+13 -5.422566e+14 +3.231415e+17 -4.954808e+18   
S15-158   +1.995400e+00   +2.901178e-06 +9.256771e-05 -3.262537e+00 -2.738362e-02 -5.437576e+00 -1.170141e+02 -2.804016e+04 -1.261711e+06 +1.034982e+09 +2.876500e+09 -3.948369e+11 +3.578504e+13 +1.642560e+15 -1.096690e+17 -4.291638e+20   +1.294939e-06 +6.895891e-04 +3.988531e-04 -2.054357e+00 -1.701410e-01 +9.172452e+00 -2.599878e+03 +3.736891e+06 -4.723391e+08 +1.967217e+10 +5.156545e+11 -4.705677e+12 +2.300665e+15 +1.810988e+17 +4.029068e+19   
S15-160   +1.995150e+00   +2.209840e-06 +1.152395e-04 -3.298508e+00 +2.846935e-01 -9.532912e+00 -1.824737e+02 -2.517131e+04 -1.217619e+05 +1.084862e+09 -8.955287e+08 -8.057274e+10 -9.035125e+12 +1.515473e+15 +1.123941e+17 -4.208101e+20   +6.717645e-07 +1.406664e-04 +1.331591e-03 +1.643771e-01 +4.480774e+00 +3.421948e+02 -1.503500e+04 -5.271749e+05 -4.424534e+08 +1.829683e+09 +2.411864e+11 -5.530276e+13 +5.610987e+14 +1.339475e+17 +8.263268e+19   
S15-161   +1.995100e+00   +3.047024e-06 +1.416139e-04 -3.306773e+00 +8.950008e-02 +3.627725e+00 +6.815182e+01 -7.145727e+03 -5.294887e+05 +1.207733e+09 -5.967861e+09 -1.143575e+11 +2.761854e+13 -4.535375e+14 +2.447886e+17 -4.639963e+20   +1.867661e-06 +2.064079e-04 -1.762474e-03 -1.578311e-02 -4.561001e+00 -1.729225e+02 -5.298241e+03 +5.734710e+05 -1.157278e+08 +1.110842e+09 +5.572939e+11 -2.802523e+13 +1.759705e+15 +3.044153e+17 +5.980597e+18   
S15-163   +1.995400e+00   +2.488300e-06 +3.888870e-05 -3.224550e+00 -2.827835e-01 -1.136864e+01 +2.432688e+02 -1.744717e+04 -5.372482e+05 +1.332871e+09 -4.625225e+08 -1.151002e+10 +1.114823e+13 -1.695804e+15 -9.373058e+16 -4.470524e+20   +6.637030e-07 +1.336543e-04 -1.508890e-03 +1.728142e-01 +1.304492e+01 +1.007600e+02 -1.162350e+04 +5.050636e+05 -1.115480e+08 -1.100672e+09 -2.045325e+11 -2.415129e+13 -2.441050e+13 +4.309752e+17 -4.006462e+18   
S15-169   +1.995800e+00   +5.125178e-06 -1.289212e-05 -3.234931e+00 -4.015510e-01 +3.586841e+01 -1.129756e+02 +1.122071e+04 -9.894914e+05 +1.115136e+09 +2.722460e+09 -8.336432e+11 -1.864907e+11 +1.843012e+13 +6.100892e+16 -4.529764e+20   +2.705418e-06 +5.132533e-04 -1.070162e-03 -1.398349e+00 -2.271051e+01 +9.698422e+01 +2.377156e+04 +2.475223e+06 -9.319441e+07 +1.531236e+10 +5.388666e+11 -3.318875e+13 -2.613983e+15 +2.157061e+17 +8.297690e+18   
S15-173   +1.995400e+00   +3.774861e-06 +7.306259e-05 -3.168072e+00 -7.726772e-02 +1.918517e+00 +3.454526e+02 -5.926656e+03 -6.225348e+04 +1.049711e+09 +1.476607e+09 -1.329692e+11 -1.303058e+13 +6.166067e+14 +1.083918e+17 -4.306913e+20   +1.293128e-06 +1.524208e-04 -5.170066e-04 +1.479302e-01 +2.356225e+00 +3.467929e+01 -8.797865e+03 -4.311350e+05 -1.110875e+08 -3.102050e+09 +2.065709e+11 -2.748173e+13 -2.416439e+15 +2.560506e+17 +2.118076e+19   
S15-178   +1.995150e+00   +4.116357e-06 +2.663489e-04 -3.257933e+00 +7.457459e-01 +3.778912e+00 -2.785289e+02 +2.309326e+03 -2.262515e+05 +1.197693e+09 -8.263674e+09 -2.625985e+11 +2.771644e+13 -9.828614e+13 +1.411104e+17 -4.383733e+20   +5.548059e-06 +4.851964e-04 -2.570545e-03 -1.270604e+00 -6.698078e+01 +1.111763e+02 +5.603178e+04 +2.339686e+06 -1.023770e+08 +7.875348e+09 +1.455845e+12 -2.229978e+13 -2.068670e+15 -7.681568e+15 -5.915681e+18   
S15-182   +1.995600e+00   +2.954312e-06 +7.049504e-05 -3.283734e+00 -2.767009e-01 -3.236256e+00 +1.333075e+02 -1.135258e+04 -1.494153e+06 +1.033595e+09 +3.252384e+09 +4.223892e+11 +9.322389e+12 +6.244403e+13 +2.351624e+17 -4.425877e+20   -2.641663e-07 +2.012806e-04 +6.376458e-04 -7.265018e-02 +2.558565e+01 +6.317604e+01 -1.890349e+04 -1.200635e+05 -4.536503e+08 -2.794289e+09 -4.057595e+11 -1.434241e+13 +3.252108e+14 +6.558875e+16 +6.757401e+19   
S15-196   +1.995200e+00   +3.018740e-06 +1.697750e-04 -3.273014e+00 +2.055322e-01 -1.076969e+01 +1.256159e+02 -2.480910e+04 -1.018273e+05 +1.182818e+09 -4.342714e+09 +1.957564e+11 -6.616921e+11 +6.202932e+13 +2.160767e+17 -4.589057e+20   +1.393326e-06 +1.722773e-04 -4.543190e-03 +1.767180e-01 -1.061081e+01 +4.574023e+01 +8.860746e+03 -7.948762e+05 -8.258591e+07 +1.424804e+09 +3.223075e+11 -2.405092e+13 -6.070038e+14 +1.900804e+17 +1.234527e+19   
S15-198   +1.995050e+00   +2.511083e-06 +2.145767e-04 -3.246755e+00 +4.076320e-01 -1.535717e+01 -1.347312e+02 -2.455790e+04 +5.776778e+05 +1.214313e+09 -7.910052e+09 +2.607932e+11 +1.845593e+13 +2.477552e+14 +1.050168e+17 -4.592866e+20   +4.006302e-07 +2.071374e-04 -5.009076e-03 -1.217248e-01 +9.359224e+00 +2.241725e+02 -7.701647e+03 +5.591584e+05 -7.943094e+07 -3.370783e+09 +1.179492e+11 -1.847059e+13 -2.686456e+14 +1.598868e+17 +6.888008e+18   
S15-200   +1.995650e+00   +2.780594e-06 +1.912612e-05 -3.258414e+00 -2.722584e-01 -5.399689e+00 +1.251502e+02 -1.691962e+04 -1.113494e+06 +1.196597e+09 -1.382364e+09 -1.961949e+10 -8.218009e+12 -6.514609e+14 +2.453528e+17 -4.625601e+20   -4.645066e-07 +1.521899e-04 -5.063583e-03 -3.435324e-02 +2.378037e+01 -7.142034e+01 -1.228427e+04 -4.205939e+05 -4.271328e+07 +1.306040e+09 +1.067660e+10 -5.613565e+13 -1.173336e+15 +3.173313e+17 -2.842576e+18   
S15-201   +1.995100e+00   +1.804930e-06 +1.418098e-04 -3.272450e+00 +1.461976e-01 -1.842460e+01 -2.241412e+02 -3.983780e+04 -9.805809e+04 +1.279903e+09 -1.260086e+09 +3.691532e+10 +1.738983e+13 +1.615318e+15 -3.325113e+15 -4.601667e+20   +1.044862e-06 +9.955225e-05 -2.436139e-03 +2.161253e-01 -2.010456e+00 +2.157758e+02 +1.050370e+04 -6.404937e+05 -4.022218e+07 -6.076132e+09 +3.916539e+11 -5.086377e+13 -1.611135e+15 +1.878986e+17 -2.805454e+18   
S15-202   +1.995500e+00   +1.590323e-06 -1.332408e-04 -3.292912e+00 -1.583885e-01 +2.158510e-01 +2.161904e+02 -3.140393e+04 -7.746199e+05 +1.207327e+09 +2.574582e+08 -5.209476e+11 +3.207222e+13 -1.127443e+15 +6.125477e+15 -4.488974e+20   +1.476954e-06 +1.175001e-04 -2.143775e-04 +1.461666e-01 -4.266133e+00 -4.903059e+01 -2.952973e+03 -1.557488e+05 +7.684846e+06 -7.069546e+09 +5.263137e+11 -2.986715e+13 -2.812764e+15 +4.151527e+17 -1.476080e+19   
S15-203   +1.995300e+00   +2.053367e-06 +7.887621e-05 -3.231759e+00 +3.422438e-02 -1.394117e+01 +2.680879e+02 -1.357215e+04 +6.020268e+05 +1.170709e+09 -2.709542e+09 +6.819245e+11 -1.852123e+13 +2.114684e+15 +2.012714e+17 -4.500565e+20   +1.324021e-06 +1.312634e-04 -4.495401e-03 +1.222417e-01 -9.027069e+00 +7.394146e+01 +1.353550e+04 +2.332269e+05 -1.255850e+08 +3.927944e+09 +2.503519e+11 -2.974447e+13 +1.665380e+14 +1.924175e+17 +9.561329e+18   
S15-204   +1.995500e+00   +1.392619e-06 +1.102783e-04 -3.257832e+00 +4.293117e-01 -1.922035e+00 +1.086729e+02 -2.406764e+04 -3.772671e+05 +1.273126e+09 -7.190869e+09 -3.459794e+10 +1.578064e+13 +1.628799e+15 +1.658493e+17 -4.614893e+20   +1.573509e-06 +1.860386e-04 -5.228113e-03 -1.977329e-01 -2.873663e+00 +2.164319e+01 -1.117265e+03 +5.870263e+05 -1.051723e+08 -6.292879e+08 +4.576725e+11 -4.473140e+13 -1.867510e+15 +2.436212e+17 -9.878622e+18   
S15-205   +1.995300e+00   +2.517233e-06 +1.319633e-04 -3.229005e+00 -4.420893e-02 -1.157388e+01 -2.525208e+02 -2.630818e+04 -3.231211e+05 +1.150601e+09 -3.493665e+09 +2.327497e+11 +2.091295e+13 -3.072960e+14 +9.822147e+16 -4.541422e+20   +1.453409e-06 +1.754466e-04 -4.709596e-03 +7.945402e-02 -3.001132e-01 +1.796644e+02 -3.995329e+03 +2.916807e+05 -8.518784e+07 -4.180203e+09 +1.172710e+11 -4.667411e+13 -1.591187e+15 +2.767150e+17 +4.000008e+18   
S15-208   +1.995250e+00   +3.174168e-06 -4.529962e-06 -3.232838e+00 +1.120436e-01 +2.967471e+01 +2.294597e+02 -1.045544e+04 -5.646871e+05 +1.187180e+09 +2.622310e+09 -1.004863e+12 +1.823164e+13 -4.763564e+14 -2.852758e+16 -4.495095e+20   +1.327439e-06 +9.532455e-05 -4.607958e-04 +3.268907e-01 +5.902523e+00 -1.922894e+02 -9.064839e+02 -1.192214e+06 -3.762754e+07 -7.559243e+09 +2.219227e+11 -3.225366e+13 -3.179247e+15 +4.624428e+17 -1.490909e+19   
S15-211   +1.995850e+00   +1.948170e-06 -1.604653e-04 -3.278302e+00 -6.289185e-01 +1.340406e+01 +3.322614e+01 -1.230624e+04 -1.629774e+06 +1.189645e+09 -1.842129e+09 -3.038745e+11 -1.070118e+13 +1.336878e+15 +2.580267e+17 -4.720282e+20   +1.853543e-06 +2.042374e-04 -5.939970e-03 -1.745707e-01 +1.822738e+00 +5.209515e+01 -1.087564e+04 +1.855405e+05 -7.708846e+07 -4.788367e+08 +3.869397e+11 -4.945669e+13 -3.415094e+15 +5.656472e+16 -1.326278e+19   
S15-214   +1.995500e+00   +3.386340e-06 -8.077114e-05 -3.293774e+00 -7.883914e-01 +5.038622e+00 -3.563950e+01 -1.192989e+03 -1.692865e+06 +1.154777e+09 +5.912177e+09 -1.163653e+11 +1.887017e+13 +2.760826e+15 -1.587270e+17 -4.570678e+20   +4.152634e-06 +2.234639e-04 -3.797427e-03 -8.770183e-02 -4.886208e+01 +2.941947e+02 +4.071948e+04 +1.289714e+05 +8.680436e+06 +2.043749e+08 +9.352423e+11 -5.930789e+13 -3.039326e+15 +1.140476e+17 +1.281106e+19   
S15-217   +1.995500e+00   +3.233199e-06 +1.274332e-04 -3.292947e+00 +7.795324e-02 -7.717600e+00 +5.074272e+01 -1.268384e+04 -4.843861e+05 +1.202983e+09 -2.923895e+09 +1.921625e+11 +1.409847e+13 +1.649689e+15 -1.209589e+17 -4.622583e+20   +2.197996e-06 +3.476441e-04 -3.759238e-03 -6.394412e-01 -1.068885e+01 +1.661456e+02 +7.957088e+03 +8.138376e+05 -2.379498e+07 +2.751732e+08 +3.717305e+11 -2.722192e+13 -1.929703e+15 +1.446811e+17 +4.291576e+18   
S15-224   +1.995450e+00   +3.255389e-06 +1.403689e-04 -3.224059e+00 +8.493894e-02 -2.905040e+00 +4.202882e+01 -9.076143e+03 +2.907827e+05 +1.192910e+09 -2.236189e+08 +1.810829e+11 +7.556281e+12 -8.464497e+13 +1.864590e+17 -4.602947e+20   +8.028645e-07 +1.827543e-04 -4.216655e-03 +3.893566e-02 +3.694673e+00 -2.096461e+01 -5.180636e+03 +3.884475e+04 -9.073071e+07 +1.271912e+09 +2.029734e+11 -1.545127e+13 -8.862307e+14 +2.313199e+17 +3.011972e+18   
S15-225   +1.995100e+00   +3.005208e-06 +3.096294e-04 -3.255618e+00 +6.948434e-01 -5.262177e+00 +1.817285e+02 -3.810031e+02 +8.060443e+05 +1.201569e+09 -8.965736e+09 +1.260505e+11 +2.392086e+13 -4.895540e+15 +3.661319e+17 -4.820178e+20   +3.702656e-06 -1.547824e-04 -4.350163e-03 +1.349753e+00 -3.251647e+01 +8.933472e+01 +2.839131e+04 -2.574155e+06 -8.508646e+07 -1.581987e+10 +6.297484e+11 -5.757245e+12 +1.230060e+15 +1.579838e+17 +1.523494e+19   
S15-226   +1.995900e+00   +1.824362e-06 +7.640152e-05 -3.225536e+00 +2.260877e-01 -3.512661e+00 +6.612942e+01 -3.202009e+04 -5.130262e+05 +1.182726e+09 -6.949366e+09 +1.329143e+11 +4.945514e+12 +5.702590e+14 +2.818799e+17 -4.548523e+20   +8.100571e-07 +1.419906e-04 -4.206133e-03 +1.519727e-01 +7.914901e+00 +1.235986e+02 -1.124082e+04 +1.345146e+05 -1.690878e+08 -3.531199e+07 +3.254081e+11 -4.979004e+13 -1.230678e+15 +3.087734e+17 -3.076779e+18   
S15-233   +1.995100e+00   +5.539432e-06 -3.909282e-05 -3.229857e+00 -4.854958e-01 +1.416016e+01 -1.856079e+01 -2.234970e+04 -1.866868e+06 +1.205385e+09 +6.125402e+09 -4.038026e+11 -6.696592e+12 +3.013071e+15 +4.283796e+17 -4.353663e+20   +2.211060e-06 +6.175485e-04 -4.796270e-03 -1.754723e+00 -2.085174e+01 +8.237211e+01 +1.979732e+04 +3.154275e+06 -1.800384e+08 +1.799887e+10 +6.615513e+11 -3.706751e+13 -4.104407e+13 +1.776574e+17 +2.161880e+18   
S15-235   +1.995250e+00   +6.233480e-06 +2.222413e-04 -3.243525e+00 +4.656611e-01 +3.687445e+01 +1.462451e+02 +1.553480e+04 -2.686066e+05 +1.224214e+09 -4.513452e+09 -5.031385e+11 +1.291172e+13 +2.984035e+15 -3.188373e+16 -4.422406e+20   +1.826515e-06 -4.169645e-05 -3.206366e-03 +8.833595e-01 -9.095286e+00 +2.050848e+02 -3.086584e+03 -1.041413e+06 -4.502042e+07 -1.025686e+10 +3.031658e+11 -4.595605e+12 -3.429214e+15 +3.781039e+17 +3.876404e+18   
S15-241   +1.995300e+00   +2.382437e-06 +2.364188e-04 -3.220484e+00 +5.587801e-01 -1.682462e+01 +7.528908e+01 -2.569266e+04 +1.132611e+06 +1.105835e+09 -5.634421e+09 +2.367371e+11 +1.223695e+13 +3.160844e+15 -4.771433e+16 -4.530777e+20   -9.792708e-07 +4.538654e-04 -1.670189e-03 -1.085411e+00 +2.272009e+01 +5.264281e+01 -1.097795e+04 +1.018062e+06 -8.044921e+07 +8.023039e+09 -2.758668e+11 -9.471739e+12 +6.150363e+14 +1.344888e+15 +1.519632e+19   
S15-243   +1.995050e+00   +5.670630e-06 +2.848808e-05 -3.208873e+00 +2.742565e-02 +3.093960e+01 -5.016165e+02 +2.654483e+04 +6.621177e+05 +1.112976e+09 -4.884485e+08 -6.437623e+11 +4.615623e+13 -2.001969e+14 -1.127027e+17 -4.543145e+20   +1.404900e-06 -3.394376e-05 -7.844981e-04 +7.960026e-01 -6.845452e+00 +7.265101e+01 +1.508495e+04 -2.318286e+06 +1.075341e+07 -8.826746e+09 +1.535446e+11 -2.186486e+13 -9.760307e+14 +2.466627e+17 -2.739161e+18   
S15-247   +1.995150e+00   +7.239626e-07 +2.554713e-05 -3.227300e+00 -3.019531e-01 -3.256454e+01 +8.119951e+01 -1.995872e+04 -2.743500e+05 +1.202217e+09 +3.028590e+09 +6.729178e+11 +1.245235e+13 -5.231597e+14 +1.330088e+17 -4.536503e+20   +9.700544e-07 +2.114297e-04 -2.707407e-03 -1.314443e-01 +2.871534e+00 -4.728372e+01 -3.393071e+03 +5.508548e+04 -1.393878e+08 +3.149322e+09 +2.151023e+11 +5.547182e+12 -9.113245e+14 +2.663736e+17 +7.805679e+18   
S15-250   +1.995350e+00   +3.451593e-06 +7.236089e-05 -3.282989e+00 -9.916145e-02 +8.950124e+00 +2.319582e+02 -1.911119e+02 +7.041887e+04 +1.198129e+09 +4.005829e+08 -3.747822e+11 -2.834230e+12 +1.201761e+15 +4.791685e+15 -4.544744e+20   -8.244253e-08 +2.244575e-04 -2.022755e-03 -1.442668e-01 +2.321093e+01 +1.871399e+02 -1.989693e+04 -5.051259e+05 -3.727271e+07 -1.478063e+09 -3.781969e+11 -2.142452e+13 -1.804076e+15 +2.723702e+17 +2.700368e+18   
S15-252   +1.995800e+00   +1.212146e-07 +3.765416e-04 -3.311802e+00 +1.088752e+00 -3.941456e+01 +5.146453e+02 -3.294202e+04 +1.978982e+06 +1.264166e+09 -1.198921e+10 +6.587233e+11 +2.980444e+13 -1.211162e+15 +2.032899e+17 -4.562510e+20   -1.138606e-06 +1.830467e-04 -2.290077e-03 -9.685971e-02 +3.640088e+01 +9.490826e+01 -3.258038e+04 +1.132843e+05 -1.090408e+08 -2.307659e+09 -5.148121e+11 -2.100015e+13 -2.539327e+15 +1.968970e+17 +1.436718e+19   
S15-254   +1.994850e+00   +3.834309e-06 +1.904257e-04 -3.291855e+00 +2.913496e-01 +7.486733e+00 +1.604752e+02 -2.739397e+03 -8.575342e+04 +1.305703e+09 -2.982809e+09 +9.556989e+10 +8.636479e+12 +1.134535e+15 +1.137160e+17 -4.504629e+20   +1.074480e-06 +1.446889e-04 -4.113578e-03 +4.501178e-02 -1.662288e+00 +1.790656e+02 -8.253824e+03 -1.610276e+05 -7.529348e+07 -1.903606e+09 +4.028270e+11 -2.955076e+13 -7.577236e+14 +2.471018e+17 -2.091497e+16   
S15-255   +1.995250e+00   +2.413404e-06 +2.151459e-05 -3.287038e+00 +1.855990e-01 +6.792347e-01 +3.897938e+02 -1.633513e+04 -9.618915e+05 +1.360764e+09 -3.105723e+09 -2.968769e+11 +2.849082e+13 +7.768976e+14 +1.217706e+16 -4.617819e+20   +3.094726e-06 +2.014311e-04 -2.991138e-03 -1.406375e-01 -1.888336e+01 +3.921171e+02 +4.506156e+03 +5.090926e+05 -7.619221e+07 -5.396627e+09 +5.380459e+11 -4.135919e+13 -2.564052e+15 +2.258382e+17 -1.015347e+18   
S15-259   +1.996050e+00   +2.217444e-06 +2.364287e-05 -3.274363e+00 -1.755855e-01 -2.387689e+01 -1.564784e+02 -3.850093e+04 -1.026747e+06 +1.285305e+09 -4.382722e+09 +6.791052e+11 +4.062619e+13 -2.585842e+15 -5.753548e+16 -4.114610e+20   -4.117343e-07 +2.500626e-04 -1.751907e-03 -2.893449e-01 +1.608005e+01 +2.024561e+02 -7.791999e+03 +1.269496e+06 -2.233449e+08 -6.745903e+09 -3.433292e+11 +3.780281e+13 +3.428228e+15 +4.675701e+17 -1.044704e+19   
S15-260   +1.995400e+00   +3.098853e-06 +2.722684e-04 -3.276341e+00 +9.121018e-01 +3.694166e+00 +3.216016e+02 -1.430063e+04 +7.625103e+05 +1.279246e+09 -1.083046e+10 -3.856655e+11 +3.302143e+12 +1.144787e+14 +7.775854e+16 -4.662529e+20   +3.205601e-06 -1.470074e-04 -2.673863e-03 +1.077262e+00 -4.115880e+01 +2.411001e+02 +2.260985e+04 -1.926379e+06 -1.009434e+08 -1.204673e+10 +8.943550e+11 -2.284069e+13 -1.266851e+15 +2.797321e+17 +1.447910e+18   
S15-262   +1.995400e+00   +1.901454e-06 -2.203085e-05 -3.292732e+00 -4.697485e-01 -1.830341e+01 +3.073832e+02 -1.501995e+04 -8.761877e+05 +1.148547e+09 +1.978402e+09 +3.798379e+11 +1.019807e+13 +9.927178e+14 +1.517160e+17 -4.537681e+20   -3.184435e-07 +8.793044e-05 -3.616270e-03 +6.539927e-02 +2.825003e+01 +1.065286e+02 -2.055644e+04 +4.944062e+05 -7.891836e+07 -1.441439e+09 -4.334066e+11 -2.739760e+13 -1.671829e+15 +1.480345e+17 -8.546993e+18   
S15-264   +1.995350e+00   +2.364001e-06 +1.115703e-04 -3.280968e+00 +2.482840e-01 -9.109294e+00 -2.383868e+01 -6.571248e+03 +4.970595e+04 +1.255941e+09 -3.153605e+09 -3.619314e+11 +9.460806e+12 -9.098263e+14 -7.200621e+16 -4.500256e+20   +3.966198e-06 -1.020133e-04 -1.790540e-03 +1.080516e+00 -4.179844e+01 +2.497561e+02 +2.698427e+04 -1.737073e+06 -3.211139e+07 -1.498364e+10 +1.122634e+12 -2.640381e+13 +3.420214e+14 +2.589691e+17 +4.897188e+18   
S15-265   +1.995200e+00   +1.428165e-06 +2.303712e-04 -3.285121e+00 +6.213337e-01 -4.170291e+01 -1.203037e+02 -5.725737e+04 +5.026459e+05 +1.229949e+09 -7.959372e+09 +3.207653e+11 +4.129395e+12 +8.535896e+14 +3.483143e+16 -4.615386e+20   +2.604436e-06 +2.774096e-04 -3.591861e-03 -4.941687e-01 -2.047689e+01 +1.281174e+02 +1.322431e+04 +4.920073e+05 -1.316461e+08 +3.132958e+09 +7.011182e+11 -3.505302e+13 -1.664724e+15 +2.399202e+17 +1.116915e+19   
S15-266   +1.996150e+00   +4.158072e-06 -6.461704e-05 -3.198218e+00 -7.442893e-01 +3.038784e+01 -5.234106e+01 +1.553777e+04 -1.189643e+06 +1.119338e+09 -3.091276e+10 -8.584796e+11 +3.856657e+14 -9.167492e+14 +3.811453e+17 -4.863669e+20   +3.071515e-07 -1.353647e-04 -2.779980e-03 +1.276495e+00 +2.686302e+01 +4.178987e+02 +3.477471e+04 -3.756407e+06 -2.572670e+08 +1.875285e+10 +1.400789e+12 -5.367828e+12 +3.749231e+15 +6.058157e+17 -7.070831e+19   
S15-268   +1.995350e+00   +3.298711e-06 +2.329814e-04 -3.248410e+00 +8.588944e-01 +6.505535e+00 +1.312695e+02 +1.686724e+03 +1.150829e+06 +1.180300e+09 -1.015587e+10 -4.887772e+11 +2.060703e+13 +1.450869e+15 -5.063272e+16 -4.436914e+20   +3.568778e-06 +3.209008e-04 -2.244104e-03 -7.583587e-01 -4.501874e+01 +2.402066e+00 +4.350140e+04 +1.599637e+06 -1.150216e+08 +5.428767e+09 +8.270138e+11 -3.439867e+13 -1.691127e+15 +2.468338e+17 +3.360112e+17   
S15-269   +1.995200e+00   +3.812483e-06 +2.323352e-04 -3.255316e+00 +7.831982e-01 +1.105231e+01 +1.053897e+02 -1.175470e+04 +7.665622e+05 +1.134312e+09 -1.029093e+10 -3.009508e+11 +1.308185e+13 -2.901109e+15 +1.004101e+17 -4.340626e+20   +3.540027e-06 +3.064949e-04 -1.978039e-03 -6.325977e-01 -3.981571e+01 +1.103314e+02 +3.070536e+04 +8.474870e+05 -1.266177e+08 +6.098090e+09 +6.442963e+11 -1.902151e+13 -2.738424e+15 +1.648442e+17 +1.251385e+19   
S15-270   +1.995600e+00   +3.805230e-06 -5.826258e-05 -3.245649e+00 -5.451609e-01 -1.121235e+00 -4.493179e+01 -1.584693e+04 -1.047249e+06 +9.744037e+08 +7.609145e+09 -4.291919e+11 +9.657682e+12 +1.966785e+15 +1.959861e+17 -4.538673e+20   +2.175922e-06 +2.152742e-04 +2.978780e-05 -9.755126e-02 -1.525460e+01 +2.528254e+02 +1.610384e+04 -4.484939e+05 -2.514724e+08 +1.713192e+09 +2.999883e+11 -2.755002e+13 +9.031294e+14 +2.375839e+17 +3.961764e+19   
S15-273   +1.996350e+00   +2.690197e-06 +8.852100e-05 -3.249414e+00 +4.090356e-01 -8.534876e+00 +6.044281e+02 -2.472318e+04 +1.160976e+05 +1.027936e+09 -4.736103e+09 +1.317656e+11 -6.070995e+12 +1.201773e+15 -1.220155e+16 -4.368293e+20   +1.055854e-06 +4.569300e-04 +1.027673e-03 -1.400677e+00 -2.661637e+00 +1.709546e+02 -6.505568e+03 +2.614097e+06 -2.827931e+08 +1.306421e+10 +2.697157e+11 -4.147964e+13 +7.793408e+14 +2.324261e+17 +3.381022e+19   
S15-279   +1.994950e+00   +4.325156e-06 -2.113804e-04 -3.217570e+00 -1.135428e+00 +1.690714e+00 -1.305304e+02 -3.673388e+04 -3.409076e+06 +1.163228e+09 +1.240096e+10 -1.307415e+11 +2.963528e+12 +4.931930e+14 +2.008825e+17 -4.531783e+20   +6.685636e-07 -1.482351e-04 -1.956620e-03 +1.252078e+00 +7.221133e-01 +8.810476e+00 +3.492684e+03 -2.061938e+06 -6.487005e+06 -1.886362e+10 -5.944931e+10 -2.416992e+13 -2.061292e+15 +1.296255e+17 -7.272127e+17   
S15-280   +1.995350e+00   +3.225848e-06 +6.907996e-05 -3.247781e+00 +3.841049e-02 +5.796046e+00 +3.499632e+02 +4.668812e+03 -2.664092e+05 +1.210098e+09 -1.214700e+09 -3.424630e+11 -6.176260e+12 +9.777127e+14 -2.619887e+16 -4.527085e+20   +1.249540e-06 +1.882608e-04 -1.839086e-03 -1.736719e-01 -1.567511e+00 -7.655750e+01 -3.119690e+03 +1.788789e+05 -7.195023e+07 +1.628444e+09 +2.470266e+11 -1.707185e+13 -4.859822e+14 +1.867872e+17 +8.943403e+18   
S15-282   +1.995100e+00   +2.335600e-06 -7.493409e-06 -3.281963e+00 -1.515830e-01 -2.918364e+01 -3.902975e+01 -2.306802e+04 +2.369492e+05 +1.196656e+09 +8.665671e+09 +4.180975e+11 +1.333018e+13 +1.766876e+15 -6.302561e+15 -4.633120e+20   +1.598403e-07 +1.551530e-04 -1.000257e-03 +1.203187e-01 +2.695447e+01 +2.180197e+02 -2.428423e+04 -1.304103e+06 -4.591141e+07 -1.424371e+09 -5.442670e+11 -5.607158e+12 -1.277721e+15 +3.264699e+16 -2.069953e+19   
S15-283   +1.995900e+00   +8.946145e-07 +1.986424e-04 -3.268379e+00 +6.155479e-01 -3.395305e+01 -7.469482e+01 -4.903290e+04 +9.245649e+05 +9.696332e+08 -9.401929e+09 +1.018161e+12 +1.051173e+13 +3.787598e+15 -3.410973e+15 -4.553560e+20   +1.731280e-06 +2.251495e-04 +1.697172e-04 -2.751620e-01 -4.706292e+00 +1.219385e+02 -6.575760e+02 +1.666040e+06 -3.611083e+08 +2.707592e+09 +1.609986e+11 -4.531637e+13 -8.631810e+14 +1.263663e+17 +4.547319e+19   
S15-284   +1.995350e+00   +2.991775e-06 -1.378431e-04 -3.206516e+00 -9.323838e-01 -4.209892e+00 +6.068429e+01 -1.792465e+04 -2.029394e+06 +1.180320e+09 +8.711850e+09 +1.237831e+11 +1.068991e+13 +1.051811e+15 +7.364322e+15 -4.467711e+20   -1.076345e-06 +1.692545e-04 -3.031910e-03 -1.004621e-01 +2.712554e+01 +3.258358e+01 -2.258953e+04 +3.174779e+05 -1.025748e+08 -1.384633e+09 -4.051940e+11 -3.722694e+12 -1.989519e+15 -4.565049e+16 +8.242293e+18   
S15-285   +1.995050e+00   +9.098564e-07 -1.475053e-04 -3.253437e+00 -9.035337e-01 -2.810461e+01 +2.000219e+02 -2.302619e+04 -1.549206e+06 +1.191275e+09 +8.530102e+09 +4.620013e+11 +1.996465e+13 +1.523240e+15 -4.355967e+16 -4.591819e+20   +1.792922e-06 +1.683360e-04 -4.211002e-03 -8.502739e-02 -1.390394e+01 +1.791011e+02 +1.319143e+04 +4.818204e+05 -7.439578e+07 -1.722141e+09 +3.804114e+11 -2.831322e+13 -2.471394e+15 +2.185303e+17 +2.066444e+19   
S15-286   +1.995350e+00   +1.711705e-06 -1.507557e-04 -3.255140e+00 -9.582805e-01 -1.653775e+01 -4.268514e+00 -2.331003e+04 -2.220084e+06 +1.236259e+09 +7.964071e+09 +2.790767e+10 +9.879645e+12 -3.834351e+13 -7.513945e+15 -4.506060e+20   -3.839076e-07 +3.975876e-04 -2.910383e-03 -8.922986e-01 +2.784561e+01 +1.869886e+02 -2.053575e+04 +1.943731e+06 -7.427298e+07 +8.041216e+09 -4.536315e+11 -3.781234e+13 -3.644255e+14 +3.283765e+17 -1.688342e+18   
