# multipoles are divided by excitation current and units are [T], [m] and [A]
# harmonics (dipole n=0): 00 01 02 03 04 05 06 07 08 09 10 11 12 13 14 
# MAG_LABEL   CURRENT[A]   <NORMAL_MULTIPOLES/CURRENT>[T/m^(n-1)/A]   <SKEW_MULTIPOLES/CURRENT>[T/m^(n-1)/A]
S15-005   +1.299961e+02   +3.684053e-08 +6.889893e-05 -2.233159e+00 -6.201486e-02 -6.791958e+00 +1.048497e+02 -1.637500e+04 -1.460298e+05 +1.377853e+09 +8.325765e+08 +1.261866e+11 -3.690156e+12 +8.146398e+14 +6.809473e+16 -3.296110e+20   +1.356363e-07 +1.117890e-04 -2.962631e-04 -3.422460e-02 +8.276641e-01 +6.101255e+01 -8.397521e+02 -3.689160e+05 -9.512732e+07 -1.636803e+07 +8.940399e+10 -3.658175e+11 -5.909829e+14 +1.102919e+17 -1.933379e+18   
S15-007   +1.299960e+02   +2.409636e-07 +6.937499e-05 -2.239820e+00 -8.712791e-02 -7.745708e+00 +1.443321e+02 -2.151605e+04 -3.035120e+05 +1.283495e+09 +2.863957e+09 -8.675382e+10 +3.438477e+12 +3.623615e+14 +1.213213e+17 -3.031059e+20   -1.415951e-07 +1.063833e-04 +5.566835e-04 +2.719857e-02 +1.482134e+00 -3.126752e+01 +4.204455e+03 -6.601479e+05 -2.357875e+08 -2.744406e+09 +1.090819e+10 +1.102955e+13 -9.649120e+14 +1.636128e+17 +4.091881e+19   
S15-011   +1.299978e+02   +3.332181e-07 +5.124144e-05 -2.234054e+00 -8.168792e-02 -3.506950e+00 +6.888908e+01 -1.279922e+04 -1.492031e+05 +1.389714e+09 +6.803336e+08 -4.570854e+10 -2.157155e+12 +7.434893e+14 +6.585056e+16 -3.298615e+20   +3.330319e-07 +9.143409e-05 -1.605445e-03 +5.282224e-02 -5.428673e+00 +2.049676e+01 +4.747283e+03 -1.585365e+05 -1.137517e+08 -9.307488e+08 +1.076857e+11 +4.156653e+12 -3.536100e+14 +5.247066e+16 +2.457882e+17   
S15-012   +1.299957e+02   +2.966667e-07 +6.077009e-05 -2.233018e+00 -1.496366e-01 -5.861054e+00 +1.429493e+02 -1.439458e+04 -6.370608e+05 +1.401757e+09 +1.716021e+09 +5.949596e+10 -2.863933e+12 +5.174487e+14 +1.023141e+17 -3.346578e+20   +9.676720e-08 +9.125186e-05 -1.209591e-03 -1.668011e-02 -3.068242e+00 +3.172211e+01 +4.268795e+03 -2.928924e+04 -1.592860e+08 -5.820126e+08 +4.873502e+10 +2.621810e+12 -3.693892e+14 +5.274030e+16 +5.395309e+18   
S15-013   +1.299963e+02   +2.502906e-07 +5.950773e-05 -2.229299e+00 -1.713731e-02 -8.407362e+00 -2.131086e+02 -2.073489e+04 -1.668223e+04 +1.348555e+09 +2.330856e+09 +1.449288e+11 -2.053093e+12 +1.251289e+15 +7.949634e+16 -3.210138e+20   -3.704822e-08 +1.355017e-04 -4.553745e-04 +5.707098e-03 +6.098176e+00 +1.293602e+02 -7.526110e+03 -5.008986e+05 -1.818296e+08 +3.037396e+08 +1.490973e+11 -1.623440e+13 +3.602426e+14 +1.531499e+17 +2.153077e+19   
S15-015   +1.299969e+02   +2.373876e-07 +7.718053e-05 -2.234185e+00 +6.768115e-05 -4.374899e+00 -4.310533e+02 -1.244990e+04 +1.658759e+04 +1.490719e+09 -5.741505e+08 -6.788350e+10 +5.683422e+12 +5.136786e+14 +4.349589e+16 -3.327197e+20   -2.660737e-07 +1.093809e-04 -7.869457e-04 -2.231719e-02 -5.353362e-01 +2.397099e+00 +7.368269e+03 -2.592181e+05 -1.984210e+07 -5.583730e+08 +4.119207e+10 +6.162323e+12 -7.823471e+14 +1.338763e+17 -3.463026e+18   
S15-019   +1.299959e+02   +7.834924e-08 +6.596889e-05 -2.232940e+00 -3.694858e-02 -3.357417e+00 +3.132041e+01 -1.037613e+04 -2.717408e+05 +1.390890e+09 +5.468089e+08 -1.434735e+11 +7.020103e+12 +4.014336e+14 +1.218192e+17 -3.169416e+20   -7.561823e-08 +1.378943e-04 +5.738753e-04 -6.705510e-02 -7.331780e+00 +1.699011e+01 +1.407491e+04 -2.938721e+05 -1.998132e+08 +1.373172e+08 +1.100382e+11 -2.986525e+12 -5.034409e+14 +8.893480e+16 +2.935826e+19   
S15-020   +1.299961e+02   +2.246654e-07 +6.964103e-05 -2.234898e+00 -6.050622e-02 -2.158410e+00 -7.383465e+01 -9.863788e+03 -3.616754e+04 +1.498580e+09 +4.155150e+08 -1.111055e+11 +5.653045e+12 +8.174791e+14 +3.182593e+16 -3.334251e+20   +1.283821e-07 +1.154052e-04 -1.995524e-03 -1.132361e-02 -7.082336e-01 +3.454879e+01 -1.478638e+02 -2.165036e+05 -9.953237e+07 +4.767753e+08 +8.986247e+10 -4.013512e+12 -2.518789e+14 +1.493190e+17 -1.563730e+19   
S15-022   +1.299950e+02   +7.406973e-08 +9.870857e-05 -2.231099e+00 -5.690257e-02 -8.771745e+00 +3.942991e+01 -1.783489e+04 -3.980408e+05 +1.518725e+09 +1.834165e+09 +1.398925e+11 -6.768735e+12 +3.357117e+14 +7.112794e+16 -3.340930e+20   -5.442102e-08 +1.201358e-04 -1.248308e-03 -4.740798e-02 +6.980682e+00 +2.216083e+01 -1.247019e+04 -5.915366e+04 -1.330552e+08 -3.534012e+08 +2.393944e+10 +5.958916e+12 +6.573354e+13 +9.812462e+16 -1.425076e+19   
S15-023   +1.299963e+02   +2.244233e-07 +1.068355e-04 -2.234165e+00 +2.745999e-02 -2.597842e+00 +5.503376e+02 -9.560164e+03 +7.048258e+03 +1.467877e+09 -2.811688e+08 -1.381922e+10 -6.448590e+12 +6.116187e+14 +8.381808e+16 -3.301648e+20   +1.523157e-07 +1.043027e-04 -9.805887e-04 -5.630550e-03 +6.886246e-01 +5.457892e+00 -2.913471e+03 +4.399128e+03 -3.845725e+07 -1.386736e+09 +8.877499e+10 -1.445715e+12 -1.093535e+14 +7.293958e+16 -1.474833e+18   
S15-024   +1.299956e+02   +3.542761e-07 +1.200074e-04 -2.233007e+00 -6.885825e-02 -8.211332e+00 -6.636480e+01 -2.126604e+04 -3.020940e+05 +1.341181e+09 -1.860861e+09 +2.370145e+10 +7.455546e+12 +1.147535e+15 +9.216627e+16 -3.067505e+20   -1.179030e-07 +1.374473e-04 -5.486666e-04 -4.927643e-02 +3.099016e-01 -1.350773e+01 -1.887295e+03 -1.956328e+05 -2.743921e+08 +1.914423e+09 +2.738755e+10 +8.006971e+12 +5.610690e+14 +1.487995e+17 +4.004952e+19   
S15-025   +1.299961e+02   +2.125628e-07 +1.042830e-04 -2.232879e+00 -1.983419e-02 -3.127373e+00 -1.572953e+02 -1.072948e+04 -1.720388e+05 +1.338818e+09 +1.585921e+08 -5.576761e+10 -5.646664e+12 +1.034664e+15 +1.084071e+17 -3.061363e+20   -1.100356e-07 +1.651137e-04 -5.049100e-04 -6.341164e-02 -2.173011e+00 +3.550120e+01 +7.369609e+03 -1.282465e+05 -2.475233e+08 -3.864944e+08 -1.304055e+11 -3.870540e+12 -1.052679e+15 +1.668509e+17 +3.327331e+19   
S15-028   +1.299962e+02   +1.411144e-07 +1.148566e-04 -2.230682e+00 -9.859411e-02 -5.164377e+00 +1.985944e+02 -1.198498e+04 -7.294751e+05 +1.319495e+09 +2.333419e+09 +2.401559e+10 -4.556202e+12 +1.155826e+15 +1.476963e+17 -3.038907e+20   -1.777010e-07 +1.263589e-04 -4.898981e-04 -1.693403e-02 +2.695185e+00 +1.494948e+01 -2.886401e+03 -3.624104e+05 -2.782838e+08 +2.385540e+08 +1.151243e+11 +1.823616e+12 -1.053722e+14 +1.168903e+17 +3.323859e+19   
S15-039   +1.299990e+02   -1.266134e-07 +6.887211e-05 -2.231501e+00 +1.724339e-02 -1.194355e+01 -1.232663e+02 -2.301672e+04 +1.873086e+05 +1.483089e+09 -2.489157e+07 +1.027390e+11 +2.863721e+12 +7.390851e+14 +4.327384e+16 -3.297143e+20   +1.587445e-07 +1.025411e-04 -8.743006e-04 +5.707454e-02 -6.305649e+00 +3.726936e+01 +1.046501e+04 -5.321393e+05 -2.696947e+07 -4.164174e+08 +9.357980e+10 -5.644383e+12 -7.943615e+14 +1.252368e+17 -7.936861e+18   
S15-042   +1.299962e+02   +1.440449e-07 +9.435091e-05 -2.235566e+00 -8.161531e-02 -9.311280e-01 -1.863803e+02 -4.165200e+03 +1.562465e+04 +1.460700e+09 +2.839365e+09 +2.743832e+10 -2.512655e+12 -3.211869e+14 +5.316440e+16 -3.375563e+20   -2.134874e-08 +1.197167e-04 -1.486403e-03 -3.340701e-02 +6.374932e+00 -6.198607e+01 -8.969239e+03 -2.116650e+05 -1.728531e+08 -1.917168e+09 -5.025595e+10 +3.982669e+12 -5.727920e+14 +8.388191e+16 +5.187511e+18   
S15-049   +1.299964e+02   +7.061040e-09 +9.082705e-05 -2.230293e+00 -5.121093e-03 -7.259998e+00 +1.735203e+02 -1.543678e+04 -1.896877e+05 +1.467518e+09 -8.196858e+08 +8.056515e+10 +1.137957e+12 +4.775775e+13 +6.810309e+16 -3.286137e+20   -1.059151e-07 +1.333485e-04 +9.517525e-05 -6.231726e-02 +2.725266e+00 -7.912681e+00 -6.223642e+02 +5.368386e+04 -8.765612e+07 +1.452938e+08 +5.482408e+08 -1.182502e+12 -4.890267e+14 +1.023288e+17 +6.082302e+18   
S15-063   +1.299946e+02   +6.133059e-08 +9.463532e-05 -2.230278e+00 -8.077443e-03 -4.100980e+00 +1.639747e+02 -1.077566e+04 -1.894898e+05 +1.468734e+09 -5.881483e+08 +5.078338e+09 -2.623307e+12 +5.611979e+14 +9.977484e+16 -3.328631e+20   +4.265296e-07 +1.467117e-04 -5.869345e-04 -1.319250e-01 -9.362297e+00 +5.382589e+01 +1.308604e+04 +1.486384e+05 -8.520900e+07 +9.027544e+08 +1.396546e+11 +1.634082e+12 -6.218328e+14 +1.311888e+17 +3.341767e+18   
S15-064   +1.299945e+02   +2.679310e-07 +5.817940e-05 -2.230763e+00 -3.582076e-02 -5.243645e+00 +2.707361e+02 -1.386366e+04 -2.197662e+05 +1.437672e+09 -4.516883e+08 +5.253880e+10 -4.294724e+12 +9.380643e+14 +5.258042e+16 -3.323310e+20   +7.137565e-08 +1.018063e-04 +2.281081e-04 +8.964495e-03 -7.808030e+00 +1.810170e+01 +1.485216e+04 -1.990163e+05 -9.028613e+07 -9.010150e+08 +1.592785e+11 +4.811270e+11 -2.789603e+14 +1.086490e+17 +2.846462e+18   
S15-065   +1.299952e+02   +2.889781e-07 +9.590331e-05 -2.228457e+00 -1.754279e-02 +5.293435e-01 -1.831790e+02 -3.975067e+03 +7.741078e+03 +1.428478e+09 +8.203357e+08 -9.345784e+10 +8.510714e+12 +4.789955e+14 +6.489183e+16 -3.276699e+20   +1.166456e-07 +1.308880e-04 -2.858816e-04 -5.276370e-02 -4.706045e-01 +1.500858e+00 +1.729020e+03 -1.600271e+05 -1.289164e+08 +1.860019e+08 +6.921180e+10 +3.085871e+12 -9.429310e+14 +9.927905e+16 +6.635841e+18   
S15-067   +1.299967e+02   +1.362192e-07 +6.137853e-05 -2.227353e+00 -2.173164e-02 -9.788472e+00 -5.983971e+01 -2.372887e+04 -1.442690e+05 +1.449587e+09 +1.454132e+08 +8.464469e+10 -3.075144e+12 +1.143786e+15 +7.381218e+16 -3.243427e+20   -3.361821e-08 +1.127930e-04 +1.408740e-04 -1.013844e-02 -1.498009e+00 +4.076734e+01 +4.327948e+03 -3.387944e+05 -7.883377e+07 -3.175325e+08 +5.190976e+10 +4.888600e+12 -1.513315e+14 +9.821388e+16 +2.063008e+18   
S15-068   +1.299961e+02   +3.291225e-08 +8.372351e-05 -2.229489e+00 -2.808900e-02 -5.709170e+00 +3.299044e+02 -1.175200e+04 -3.195037e+04 +1.455100e+09 -1.433821e+07 +4.132969e+10 -3.260709e+12 +4.512472e+14 +3.987052e+16 -3.279163e+20   +1.056172e-07 +1.071752e-04 -1.021878e-04 -3.570792e-02 +1.308798e+00 +1.224766e+01 -2.755863e+03 -1.410192e+05 -8.376782e+07 +2.024292e+08 +6.521517e+10 +1.026069e+12 -2.516773e+13 +1.144520e+17 +1.697565e+18   
S15-071   +1.299966e+02   +8.531246e-08 +1.101070e-04 -2.227001e+00 -3.631053e-03 -8.137990e+00 +1.369284e+02 -1.936525e+04 -1.733215e+05 +1.434944e+09 -3.674051e+06 +4.123847e+10 +1.691871e+11 +7.136869e+14 +9.992854e+16 -3.313898e+20   +4.244977e-08 +1.245839e-04 -8.396020e-04 -3.352880e-03 -2.094296e+00 +3.121209e+01 +6.919705e+03 -2.788136e+05 -2.923364e+07 +6.712793e+06 +3.581091e+10 +9.055368e+11 -6.657455e+14 +1.353195e+17 -6.440078e+17   
S15-073   +1.299968e+02   +6.502440e-08 +1.505116e-04 -2.229292e+00 -1.467748e-02 -1.012512e+01 -5.090495e+01 -2.016241e+04 -3.264427e+05 +1.429387e+09 +1.470422e+08 +2.241808e+10 +1.045274e+12 +7.859724e+14 +1.307853e+17 -3.312684e+20   +1.431628e-07 +1.231933e-04 -5.771887e-04 +1.956934e-02 +1.192898e+00 +9.187457e-01 -6.812471e+02 -4.186227e+05 -2.980449e+07 -4.050223e+08 -2.778024e+09 -2.565154e+11 -3.191278e+14 +1.500215e+17 -1.032224e+18   
S15-074   +1.299964e+02   +2.169939e-07 +1.013118e-04 -2.229361e+00 -3.683976e-02 +1.899672e+00 +4.925629e+01 -1.049281e+03 -3.317390e+05 +1.434525e+09 -2.409734e+08 -5.186329e+10 +1.641888e+12 +3.662051e+14 +1.006856e+17 -3.316027e+20   -7.895357e-08 +1.232228e-04 -7.321489e-04 -4.038251e-02 -8.273475e-01 -1.054925e+01 +7.081638e+03 -2.044500e+05 -3.811225e+07 +1.822288e+08 +5.304625e+10 -1.057219e+12 -7.055032e+14 +1.339459e+17 +1.342307e+18   
S15-075   +1.299957e+02   +3.053198e-07 +1.502542e-04 -2.228882e+00 -2.009156e-02 -2.592987e+00 -1.231936e+02 -1.070344e+04 -3.469774e+05 +1.425591e+09 +2.435889e+08 -4.284276e+10 +5.157565e+12 +7.062468e+14 +1.486378e+17 -3.307522e+20   +1.305325e-07 +1.415238e-04 -6.756600e-05 -6.225805e-02 -4.339435e+00 +3.957061e+01 +9.602664e+03 -4.695879e+04 -1.637837e+07 -1.449286e+08 +8.579476e+10 -1.815067e+11 -4.295125e+14 +1.171252e+17 -9.960291e+17   
S15-077   +1.299962e+02   +1.751651e-08 +1.024198e-04 -2.228594e+00 -2.467158e-02 -8.066459e+00 +1.729593e+02 -1.567965e+04 -3.833086e+05 +1.411866e+09 +6.595340e+07 +1.174911e+11 -3.013547e+12 +1.394186e+14 +1.328083e+17 -3.285650e+20   +2.596324e-08 +1.459920e-04 +4.913780e-04 +8.539557e-03 -1.520071e+00 -2.184152e+01 +6.731534e+03 -2.058239e+05 -1.397629e+08 +2.123853e+07 +9.244516e+10 +4.532633e+12 -5.060759e+14 +1.448213e+17 +5.289997e+18   
S15-080   +1.299963e+02   +2.612900e-07 +1.240833e-04 -2.227085e+00 -6.478617e-02 -6.656632e+00 -1.635957e+01 -1.724009e+04 -5.129224e+05 +1.410949e+09 +1.003912e+09 -1.253296e+10 +2.090512e+12 +1.260690e+15 +1.219017e+17 -3.334036e+20   +1.563528e-07 +1.524115e-04 +1.662055e-04 -8.400408e-02 -2.697174e+00 +4.671028e+01 +6.083639e+03 +7.307963e+04 -2.010710e+08 +1.288443e+09 +3.122657e+10 -4.110955e+12 -1.191725e+14 +1.140918e+17 +4.251897e+18   
S15-081   +1.299962e+02   +2.043591e-07 +1.234527e-04 -2.226961e+00 -1.112053e-02 -8.823081e+00 +2.793104e+02 -1.972886e+04 -5.610006e+05 +1.414026e+09 -1.443154e+09 +1.157495e+11 +6.974535e+12 +3.556215e+14 +1.569713e+17 -3.291474e+20   -7.525751e-08 +1.145818e-04 -1.456564e-04 +6.471888e-02 +1.750424e+00 +5.289823e+01 -8.869259e+02 -3.396599e+05 -2.662268e+08 -4.458256e+08 +1.217797e+10 -1.342921e+13 -3.130474e+14 +1.284342e+17 +1.267245e+19   
S15-082   +1.299963e+02   +1.341830e-07 +3.064676e-05 -2.231261e+00 -5.082434e-02 -4.964277e+00 +2.913825e+01 -1.213338e+04 +3.147257e+05 +1.423450e+09 -8.389846e+08 -2.609744e+10 -6.122625e+12 +9.198569e+14 -1.325348e+17 -3.405165e+20   -5.461299e-08 +6.632259e-05 +2.126358e-04 -1.266411e-02 +3.800631e-01 -1.470873e+01 +1.619176e+03 -7.624614e+04 -2.356320e+08 +7.511728e+08 -5.211449e+10 +1.899863e+13 -1.935497e+14 +1.363282e+17 -3.789145e+17   
S15-083   +1.299954e+02   +2.567162e-07 +6.192629e-05 -2.230319e+00 -6.103182e-02 -2.503409e+00 -3.159296e+01 -1.115126e+04 -4.984565e+04 +1.400354e+09 +2.868065e+08 -9.223396e+10 +8.938547e+12 +8.524871e+14 +1.123218e+16 -3.372800e+20   -7.393750e-09 +7.515022e-05 -1.244589e-03 +3.258898e-02 +2.186485e+00 +2.097363e+01 -1.484520e+03 -3.089425e+05 -3.013004e+08 +1.455895e+09 +3.433842e+10 +3.833820e+12 -5.345422e+14 +9.328369e+16 +1.414981e+19   
S15-084   +1.299955e+02   +1.306321e-07 +9.521699e-05 -2.231226e+00 -9.484474e-03 -8.153675e+00 -2.903354e+00 -1.554711e+04 -1.951551e+05 +1.384135e+09 -9.280383e+08 +2.130848e+11 -9.483944e+12 +3.375525e+13 +6.243497e+16 -3.418458e+20   -3.729931e-08 +1.084392e-04 -8.618737e-04 -3.637071e-02 +9.901020e+00 +5.494135e+00 -1.600870e+04 -1.794064e+05 -2.913615e+08 +9.052790e+08 -5.396656e+10 -2.826719e+12 -5.037588e+14 +1.258654e+17 +1.413814e+19   
S15-085   +1.299954e+02   +2.411937e-07 +6.458571e-05 -2.233214e+00 -2.788243e-02 +6.684605e-01 -1.396866e+02 -3.018644e+03 -1.192781e+05 +1.381433e+09 -1.432665e+08 +1.171117e+11 -8.952555e+11 +1.463201e+15 +4.448750e+16 -3.409551e+20   -4.785996e-08 +7.916996e-05 -4.440026e-04 -2.968069e-02 -1.615073e+00 -9.793108e+00 +6.533243e+03 -1.194519e+05 -3.575316e+08 +5.160201e+08 +9.269113e+10 +9.565992e+12 -4.687384e+12 +3.758351e+16 +2.858897e+19   
S15-086   +1.299952e+02   +1.003703e-07 +6.200992e-05 -2.233247e+00 -1.016981e-02 -3.133393e+00 +7.344527e+01 -8.527846e+03 +1.433844e+05 +1.356188e+09 -7.763464e+08 -1.620538e+11 -1.198453e+13 +3.445065e+14 -3.957685e+16 -3.311762e+20   +6.772880e-08 +7.808819e-05 -5.180827e-04 +3.170227e-03 -2.951185e+00 -7.502492e+00 +7.059389e+03 -1.253073e+05 -3.265492e+08 +1.556591e+09 -8.580001e+10 +8.426711e+11 -9.046457e+14 +1.292800e+16 +2.490018e+19   
S15-088   +1.299957e+02   +8.024896e-08 +7.405083e-05 -2.233750e+00 -1.101441e-02 -1.506464e+00 +3.606590e+01 -5.191462e+03 -2.194356e+05 +1.287413e+09 +1.162912e+09 +7.114227e+10 +1.059413e+12 +7.108985e+14 +7.713794e+16 -3.104540e+20   -5.711391e-08 +9.620334e-05 -2.056446e-04 +2.265543e-03 +3.288002e+00 +2.944675e+00 -5.463317e+03 -3.849120e+05 -2.190136e+08 +1.398245e+09 +1.131044e+11 +2.409699e+12 -1.559268e+14 +1.118213e+17 +2.449777e+19   
S15-089   +1.299961e+02   +8.079435e-08 +8.261002e-05 -2.231156e+00 -2.878432e-02 -3.664685e+00 +2.947833e+02 -8.937814e+03 -3.677686e+05 +1.280625e+09 +1.633988e+09 -5.249455e+10 -8.385598e+12 +7.695892e+14 +1.006889e+17 -3.069677e+20   +9.739846e-08 +1.264553e-04 +2.423949e-04 -2.866827e-02 -9.309933e-01 +1.763986e+01 +2.304702e+03 -2.675459e+05 -2.099351e+08 -4.628183e+08 +8.045849e+10 -2.142320e+12 -7.320863e+14 +8.149044e+16 +2.722663e+19   
S15-090   +1.299956e+02   -2.042981e-09 +6.934774e-05 -2.233355e+00 -4.407721e-02 -1.933262e+00 +7.586531e+01 -5.240800e+03 -1.573176e+05 +1.264614e+09 +1.587354e+08 +2.550996e+10 -4.718233e+12 +8.439524e+14 +6.381403e+16 -3.088201e+20   -3.153452e-08 +1.160500e-04 +7.000475e-04 -5.989376e-02 -9.711806e-01 -3.516563e+00 +8.224786e+02 -1.503853e+04 -2.513761e+08 +1.773472e+09 -2.844421e+10 +6.587622e+11 -1.401580e+13 +5.433908e+16 +2.993211e+19   
S15-094   +1.299964e+02   +2.399510e-07 +1.487065e-05 -2.235528e+00 -1.337936e-02 -1.199728e+00 +3.415562e+01 -5.610078e+03 +4.711387e+04 +1.394103e+09 -8.943255e+08 -5.546009e+10 -3.919456e+12 +1.006868e+14 +2.761548e+16 -3.327318e+20   +1.353611e-08 +1.020751e-04 -1.667561e-03 -2.765045e-02 -8.311784e-01 +5.503614e+01 +2.808710e+03 -2.784612e+05 -6.334522e+07 +3.018038e+08 +5.203661e+09 -1.339957e+12 -6.485184e+14 +8.789766e+16 +8.192465e+18   
S15-095   +1.299970e+02   +3.327809e-08 +3.641212e-05 -2.234378e+00 -1.121283e-02 -3.783542e+00 +5.240703e+01 -5.459457e+03 +2.357710e+05 +1.382976e+09 -2.750427e+09 -2.660570e+10 +5.756386e+12 +1.339111e+14 -1.229406e+17 -3.402772e+20   +1.200192e-07 +1.069929e-04 -7.978692e-04 -1.307438e-02 -4.474813e+00 +5.189124e+00 +1.230086e+04 -4.757168e+05 -3.734126e+08 -2.870799e+08 +3.000104e+11 -1.246431e+12 -1.740123e+15 +1.302708e+17 +1.331200e+19   
S15-096   +1.299969e+02   +2.976467e-07 +2.747785e-05 -2.233535e+00 -7.043589e-02 -1.396464e+00 -1.464427e+02 -6.881261e+03 -2.638821e+05 +1.389322e+09 +6.124448e+08 -7.281402e+10 +9.545005e+12 +7.861811e+14 +1.221070e+17 -3.516197e+20   -3.072262e-08 +9.580744e-05 -1.087675e-03 -2.239346e-02 +5.397376e-01 +1.859692e+01 +2.382987e+03 -1.565564e+05 -3.362945e+08 +1.113877e+09 -4.349091e+10 +1.278997e+11 -6.149889e+14 +1.239812e+17 +3.396463e+18   
S15-097   +1.299969e+02   +5.145043e-08 +3.196449e-05 -2.231760e+00 -3.996114e-02 -1.177060e+01 -5.349961e+01 -2.131163e+04 -4.210995e+05 +1.386172e+09 -1.137210e+09 -2.991277e+10 -7.678735e+12 +1.779911e+14 +7.893242e+16 -3.357291e+20   -4.555793e-08 +1.125485e-04 -2.795611e-04 -1.331609e-02 +3.284880e+00 -2.275420e+01 -4.754766e+03 -4.656025e+05 -3.776509e+08 -1.374010e+09 +1.415495e+11 +9.021461e+12 +1.133619e+13 +1.741690e+17 +1.925034e+19   
S15-098   +1.299972e+02   +3.700350e-07 +3.937619e-05 -2.233043e+00 -6.138215e-02 -1.288463e+00 -1.091145e+02 -1.896896e+03 -1.096449e+05 +1.359047e+09 -1.211288e+09 -6.198510e+09 -6.852152e+12 -3.819072e+14 +6.988790e+16 -3.244104e+20   +8.592270e-08 +9.223160e-05 -9.631538e-04 +1.480126e-02 -6.537465e-01 +3.957590e+00 +3.673952e+03 -2.580566e+05 -3.280041e+08 -5.215478e+08 -5.138123e+10 -5.630834e+12 -8.453021e+14 +7.890016e+16 +3.889265e+18   
S15-108   +1.299965e+02   +2.260656e-07 +4.724991e-05 -2.234236e+00 -6.970103e-02 -6.539122e+00 +5.709317e+01 -1.369436e+04 -1.515843e+05 +1.488328e+09 +7.288679e+08 +3.762862e+10 +3.579546e+12 +6.545719e+14 +5.627135e+16 -3.342875e+20   -1.631375e-07 +9.542988e-05 -9.535226e-04 -1.138715e-02 +2.303199e+00 +1.598260e+00 +1.723758e+02 -2.201645e+05 -2.672590e+07 -2.931433e+08 -1.032614e+10 -1.977569e+12 -4.269103e+14 +9.589020e+16 -1.270469e+18   
S15-112   +1.299955e+02   +2.258662e-07 +1.390087e-05 -2.233098e+00 -3.774801e-02 -7.868903e-01 -8.267217e+01 -6.846282e+03 -2.617695e+05 +1.460341e+09 -5.188092e+08 -1.154245e+11 +1.064118e+12 -9.048098e+13 +7.480543e+16 -3.233050e+20   -4.864818e-08 +8.859122e-05 -1.152473e-03 +2.578648e-02 -1.424285e+00 +6.584713e+01 +4.322822e+03 -3.607287e+05 -1.593628e+08 -2.532253e+08 +5.899784e+10 -1.385896e+13 -2.773371e+12 +1.172271e+17 +7.916943e+18   
S15-114   +1.299957e+02   +3.032322e-07 +5.290461e-05 -2.232798e+00 -1.282860e-02 +2.696065e-01 -6.259722e+01 -2.618051e+03 -1.290310e+05 +1.514484e+09 +2.986080e+08 -9.106001e+10 +8.875147e+10 -2.785370e+14 -9.672397e+15 -3.378346e+20   -2.329232e-08 +8.217703e-05 -3.612576e-04 +3.790875e-02 +6.929041e-02 -3.158383e-01 -2.194459e+02 -3.299918e+05 -1.327522e+08 +8.826846e+08 -2.918019e+10 +3.593095e+12 +3.458621e+14 +8.488088e+16 -1.306116e+19   
S15-115   +1.299967e+02   +1.950303e-07 +5.491199e-05 -2.233015e+00 -1.803467e-03 -3.390135e+00 +8.162930e+01 -1.505171e+04 -2.269847e+05 +1.344768e+09 -2.425974e+08 +2.693821e+11 -8.951666e+12 +1.149801e+15 +7.419180e+16 -2.955193e+20   +1.378059e-07 +1.241939e-04 +8.079320e-06 -2.672757e-02 -2.298790e+00 +4.940630e+01 +2.286515e+03 -1.702438e+05 -3.686115e+08 +4.562131e+08 -2.139598e+11 -1.125009e+13 +5.549874e+14 +2.661591e+16 +6.926575e+19   
S15-125   +1.299960e+02   +1.168146e-07 +7.644771e-05 -2.230034e+00 +8.431113e-03 -4.691743e+00 +6.726198e+01 -4.199677e+03 -1.261964e+05 +1.492775e+09 -1.613507e+09 +6.116185e+10 +9.648705e+12 -1.891097e+14 +8.240607e+16 -3.423738e+20   -2.295034e-07 +9.652605e-05 -2.061104e-03 -2.179709e-02 +3.471720e+00 +7.033185e+01 -1.560235e+01 -1.624315e+05 -3.370362e+08 -3.434370e+08 -9.934606e+10 -9.785240e+12 -6.957595e+14 +8.482523e+16 +9.330710e+18   
S15-129   +1.299966e+02   +3.738089e-07 +4.006235e-05 -2.231479e+00 -3.684919e-02 -4.542245e+00 +2.023240e+02 -8.382781e+03 -7.128060e+04 +1.466629e+09 -4.059960e+08 +1.068119e+11 -4.022154e+12 +2.308460e+14 +6.151016e+16 -3.330637e+20   -3.950200e-07 +6.634986e-05 -1.893071e-03 +6.364195e-02 +3.871467e+00 -1.755390e+01 -6.548097e+02 -1.244936e+05 -7.280770e+07 -1.345005e+09 -3.843873e+10 +7.142572e+12 -5.373641e+14 +5.354549e+16 +7.373442e+18   
S15-135   +1.299961e+02   +1.156893e-07 +4.013771e-05 -2.232730e+00 -3.355670e-03 -2.925647e+00 -1.099084e+01 -4.696249e+03 -2.336005e+05 +1.459278e+09 -4.890241e+08 -2.623618e+10 -3.542506e+12 +2.504854e+14 +4.732213e+16 -3.327243e+20   +7.546309e-08 +8.852989e-05 -7.380895e-04 -8.596643e-03 -2.150549e+00 +7.846358e+00 +3.840731e+03 -2.609192e+05 -1.194740e+08 +8.885590e+08 +5.550528e+10 -1.275267e+12 -2.386014e+14 +1.422015e+17 +7.089930e+18   
S15-144   +1.299958e+02   +8.937950e-08 +6.726480e-05 -2.228947e+00 +6.966438e-03 -5.634352e+00 +2.361232e+02 -1.737739e+04 +4.370389e+05 +1.465253e+09 -2.107262e+09 +1.790837e+11 -1.279041e+13 +1.836484e+15 +4.170939e+16 -3.327174e+20   -1.252457e-07 +9.554909e-05 -8.191972e-04 -3.155311e-02 +3.894164e-01 -7.707549e+00 +9.847864e+03 -6.500252e+04 -4.193415e+08 +2.910349e+09 +4.847716e+10 +2.977768e+12 -1.060214e+15 +1.460359e+16 +2.426071e+19   
S15-147   +1.299964e+02   +1.594805e-07 +7.336225e-05 -2.230935e+00 -8.948448e-02 -4.482268e+00 +1.587089e+02 -1.265804e+04 -2.474281e+05 +1.491785e+09 +1.071757e+09 -1.714789e+10 -2.659219e+12 +1.755472e+14 +7.397919e+16 -3.356890e+20   +8.102778e-08 +1.156497e-04 +1.034549e-05 -2.776794e-02 -9.791471e-01 +1.863202e+01 +1.074454e+03 -3.175988e+05 -1.363264e+08 -4.396808e+08 +9.134330e+10 +1.358635e+12 -2.700206e+14 +9.284934e+16 +1.141411e+19   
S15-150   +1.299954e+02   +1.322438e-07 +1.091976e-05 -2.230974e+00 -2.512380e-02 -6.618553e+00 +1.028260e+02 -2.038665e+04 +2.748410e+05 +1.522184e+09 -1.174598e+09 -2.357484e+10 -8.952386e+12 +1.605492e+15 -4.653172e+16 -3.392402e+20   +1.657534e-07 +9.976630e-05 -1.408161e-03 -1.712522e-02 -1.967342e+00 +1.110156e+01 +3.149036e+03 -2.063091e+05 -1.370549e+08 +1.243769e+09 +1.133417e+11 +8.746548e+12 -2.145077e+14 +1.178992e+17 -1.182576e+19   
S15-151   +1.299963e+02   +2.960834e-07 +5.275395e-05 -2.227760e+00 -2.696321e-02 -2.815634e+00 +1.798207e+02 -9.574349e+03 -1.034323e+05 +1.468485e+09 +2.039046e+08 +6.516469e+09 -7.668021e+12 +5.150992e+14 +8.503057e+16 -3.309562e+20   -2.590288e-07 +1.247099e-04 +2.078848e-04 -6.678325e-02 +2.764793e+00 -2.221250e+01 +8.180664e+02 -2.851548e+05 -1.894890e+08 +1.549119e+09 +5.511698e+10 +6.297528e+12 +7.051567e+13 +1.265530e+17 +2.021413e+19   
S15-152   +1.299960e+02   +2.293643e-07 +5.840188e-05 -2.229296e+00 -3.920508e-02 -2.953844e+00 -9.961699e+01 -9.493561e+03 -2.806249e+05 +1.467107e+09 +1.348776e+08 +4.266782e+09 +2.258746e+12 +4.198181e+13 +8.531563e+16 -3.257005e+20   +9.881081e-08 +1.070298e-04 +1.633679e-04 +1.638750e-02 -1.344809e+00 +2.073359e+01 +1.207803e+03 -5.417787e+05 -1.908238e+08 -1.802437e+09 +1.179124e+11 -2.465430e+12 +3.364256e+13 +1.994158e+17 +1.301589e+19   
S15-153   +1.299964e+02   +3.467971e-07 +4.458995e-05 -2.229169e+00 -1.704694e-02 -3.672128e+00 +1.478445e+02 -1.237867e+03 -4.789910e+05 +1.364299e+09 -5.689941e+09 +5.843150e+10 -1.631054e+13 -9.216894e+14 +9.902390e+16 -3.322201e+20   -8.334015e-08 +8.913347e-05 +1.922006e-04 -1.239428e-02 +5.780752e-01 +1.006815e+01 +6.353089e+03 -2.346106e+05 -6.675363e+08 -6.800776e+08 -2.760093e+11 +4.522281e+12 -7.538250e+14 +7.762500e+16 -6.882256e+18   
S15-158   +1.299957e+02   +3.591577e-07 +5.643365e-05 -2.231060e+00 -3.296092e-02 -3.104917e+00 -6.247857e+01 -1.484459e+04 -1.379604e+05 +1.388497e+09 +1.391097e+07 -4.507092e+10 -4.549971e+12 +1.257031e+15 +5.259245e+15 -3.022273e+20   -3.932062e-08 +1.304926e-04 +9.806755e-04 -7.523776e-03 +7.726502e-01 +1.172686e+01 -3.324005e+03 -3.964177e+05 -2.603835e+08 +1.845279e+09 -8.232034e+10 +1.304530e+13 +5.043712e+13 +7.599642e+16 +3.857590e+19   
S15-160   +1.299956e+02   -5.726594e-08 +3.867667e-05 -2.230991e+00 +3.752201e-02 -3.013132e+00 -9.801239e+01 -6.871505e+03 +5.852860e+04 +1.385953e+09 +1.014225e+09 +1.835462e+10 +9.189957e+12 +1.537487e+14 +6.019279e+16 -3.049115e+20   +3.858441e-08 +1.293758e-04 +1.513020e-03 -1.184495e-02 -1.777423e+00 +1.785893e+01 +3.161595e+03 -3.483929e+05 -2.970471e+08 +1.387005e+09 +2.583116e+10 +5.074743e+11 -2.459326e+14 +1.303238e+17 +4.513151e+19   
S15-161   +1.299960e+02   +4.027805e-08 +6.038067e-05 -2.231127e+00 -7.539735e-02 -1.288320e+00 -6.134078e+01 -2.903654e+03 -2.322231e+05 +1.507589e+09 +1.472835e+08 +7.366893e+09 +2.152026e+12 +2.333406e+14 +8.812787e+16 -3.353682e+20   +3.015287e-07 +1.289544e-04 -2.260498e-04 +2.082563e-02 -1.120916e+00 +2.275195e-01 -9.555063e+01 -3.428725e+05 -1.422747e+08 -4.215948e+08 +6.379549e+10 +7.836826e+12 -3.472865e+14 +1.535821e+17 +4.790630e+18   
S15-163   +1.299959e+02   +1.836936e-07 +8.520015e-05 -2.229546e+00 -8.127441e-04 -4.244725e+00 +1.088874e+02 -1.162934e+04 -1.743717e+05 +1.509499e+09 +8.524600e+08 -9.385973e+10 +3.963614e+12 +4.044173e+14 +5.795520e+16 -3.276823e+20   -1.445324e-07 +1.193035e-04 -4.634838e-04 -6.070247e-03 +6.909533e+00 +5.489409e+01 -1.094406e+04 -4.754081e+03 -4.381475e+07 +1.027697e+09 -8.315878e+10 -2.820376e+12 +4.463208e+14 +6.575495e+16 +2.708077e+18   
S15-169   +1.299960e+02   -1.481065e-07 +6.821727e-05 -2.229114e+00 -1.196799e-02 -8.281093e+00 -9.245692e+01 -1.372763e+04 -2.031832e+04 +1.476465e+09 -1.802594e+08 +4.669810e+10 +8.551463e+12 +7.060583e+13 +4.034397e+16 -3.311566e+20   +1.269936e-07 +1.199954e-04 -1.197248e-04 -2.132399e-02 -2.586548e+00 +2.747584e+00 +4.577315e+03 -3.276722e+05 -7.911428e+07 +3.158013e+08 +1.259722e+11 +1.107453e+12 -2.694688e+14 +1.457093e+17 -1.779864e+18   
S15-173   +1.299960e+02   +2.309626e-07 +4.525989e-05 -2.230302e+00 -9.400158e-02 -5.393087e+00 +2.271705e+02 -5.388087e+03 -3.252419e+05 +1.428672e+09 +6.681783e+08 +1.485968e+11 +5.285380e+11 -3.647040e+14 +7.080776e+16 -3.219800e+20   +6.386311e-08 +1.308405e-04 +2.053535e-04 -4.992851e-03 +3.166427e+00 -1.301941e+01 -5.233245e+03 -8.294063e+04 -1.181499e+08 -5.486623e+08 +8.976915e+09 +3.047740e+12 -3.963646e+14 +1.057404e+17 +4.643884e+18   
S15-178   +1.299952e+02   +2.093633e-07 +5.226701e-05 -2.230433e+00 -3.118499e-02 -4.099914e+00 -3.407513e+01 -9.941598e+03 -1.776960e+05 +1.475668e+09 -8.871281e+08 -1.902138e+10 -1.563384e+12 +5.584355e+14 +4.861536e+16 -3.357601e+20   -7.340299e-08 +1.274482e-04 -1.444496e-03 -7.811381e-03 +1.751117e+00 -2.005095e+01 -1.027064e+03 +8.495791e+04 -9.996146e+07 -1.272871e+09 +3.412026e+09 +8.442658e+11 -5.080080e+14 +5.868005e+16 -1.124959e+19   
S15-182   +1.299961e+02   -1.549604e-08 +7.385175e-05 -2.229538e+00 -5.260294e-02 -4.078041e+00 -1.564226e+00 -8.343950e+03 -4.558514e+05 +1.373134e+09 +1.217267e+09 +8.950738e+10 +9.348165e+12 +3.748509e+14 +1.271408e+17 -3.143517e+20   +1.836662e-07 +1.256542e-04 +6.165494e-04 -2.921964e-03 +3.566585e-01 -1.403571e+01 -4.745886e+02 -4.412779e+05 -2.745819e+08 -1.478681e+08 -3.135652e+09 +8.218431e+12 -6.934126e+14 +1.232813e+17 +3.385984e+19   
S15-196   +1.299959e+02   +3.549463e-07 +7.643156e-05 -2.229538e+00 -1.786889e-02 -2.095560e+00 -9.218452e+01 -8.959736e+03 -4.678115e+05 +1.451940e+09 +3.558490e+08 +6.189642e+10 +1.002745e+13 -4.649035e+14 +3.324811e+16 -3.232335e+20   -1.097351e-07 +1.315472e-04 -1.236944e-03 +1.003609e-02 -6.282387e-01 +5.602176e+01 +8.672650e+02 -5.271322e+05 -2.676644e+08 -2.337039e+09 +1.495224e+11 +2.685862e+12 +1.775698e+14 +1.997001e+17 +7.609844e+18   
S15-198   +1.299954e+02   +9.354469e-08 +6.341167e-05 -2.230164e+00 -3.207744e-02 -6.397144e+00 -6.276752e+01 -1.314225e+04 -1.004687e+04 +1.448477e+09 +1.319176e+09 -7.817546e+10 -4.841383e+12 -3.644871e+13 +8.556718e+15 -3.400103e+20   -9.006880e-08 +1.181966e-04 -1.369355e-03 -4.725596e-02 -3.069056e-01 +2.823261e+01 +4.244729e+03 -1.648012e+05 -2.902572e+08 +1.904727e+08 +1.286382e+10 -1.533573e+12 -6.739362e+14 +2.091456e+17 +4.947195e+17   
S15-200   +1.299966e+02   +2.987587e-07 +5.429139e-05 -2.230684e+00 -4.309035e-02 -4.773737e-01 -2.974306e+01 -2.776713e+03 -3.679115e+05 +1.468924e+09 +4.049916e+09 -2.376084e+11 +6.383167e+12 +4.729054e+14 +6.232999e+16 -3.576602e+20   +1.030295e-07 +1.063346e-04 -7.301339e-04 -1.749205e-03 -2.385339e+00 +6.961741e+01 -3.891095e+02 +4.437632e+05 -4.661577e+08 +2.040491e+09 +1.168186e+11 -1.130870e+13 -3.933655e+14 +1.074392e+17 +7.692416e+18   
S15-201   +1.299957e+02   +1.874334e-07 +6.137995e-05 -2.230484e+00 -1.805640e-02 -6.184132e+00 -2.340074e+02 -1.427102e+04 -9.091208e+04 +1.499765e+09 -1.111712e+08 +6.042606e+10 +7.573920e+12 +3.788758e+14 +6.004115e+16 -3.306149e+20   -4.343411e-07 +8.991305e-05 -1.258415e-03 +3.173835e-02 +3.071424e+00 -2.874090e+00 +1.603761e+03 -3.359992e+05 -2.044997e+07 -8.649794e+08 +3.485184e+10 +1.377639e+12 -7.307801e+14 +1.037763e+17 -3.657246e+18   
S15-202   +1.299963e+02   +2.605034e-07 +1.777423e-05 -2.233841e+00 +1.994334e-02 -3.128698e+00 -3.125984e+01 -8.803204e+03 +1.822083e+05 +1.491193e+09 -4.320704e+07 +6.575264e+10 +2.800692e+12 -1.892060e+12 -2.644308e+16 -3.290291e+20   -1.407597e-07 +9.112782e-05 +7.698719e-05 +3.770880e-02 +6.767309e-01 +4.461777e+00 +3.746924e+03 -3.121897e+05 -2.952044e+07 -1.858141e+09 +1.439211e+10 +7.555739e+12 -4.386481e+14 +7.004559e+16 -5.918260e+18   
S15-203   +1.299957e+02   -5.063134e-08 +5.570137e-05 -2.232428e+00 -1.731547e-02 -5.600768e+00 +1.954798e+02 -1.257060e+04 -2.794473e+05 +1.418055e+09 -5.641036e+08 -8.950435e+10 +1.292871e+13 -1.091591e+15 +4.696338e+16 -3.445266e+20   -1.222158e-07 +1.003725e-04 -1.032213e-03 +1.447581e-02 +1.152731e+00 -3.100746e+00 -2.688255e+02 -1.591081e+03 -3.760820e+08 -4.179879e+07 -2.546033e+11 +6.364398e+12 -7.131337e+14 +4.455861e+16 +1.145019e+19   
S15-204   +1.299966e+02   +1.871668e-07 +6.742787e-05 -2.229681e+00 -2.430664e-02 -4.505592e+00 +4.613043e+01 -1.295245e+04 -4.944161e+05 +1.532473e+09 +7.408855e+08 +5.537699e+10 -8.495207e+12 +7.386669e+14 +1.074507e+17 -3.963761e+20   -2.218637e-07 +1.060955e-04 -9.995815e-04 -4.639466e-02 +7.885614e-01 -5.036622e+01 +3.033087e+03 -3.335670e+05 -5.436679e+08 +1.528649e+09 -1.591781e+11 +1.343966e+13 -6.110286e+14 +1.519270e+17 +9.934383e+17   
S15-205   +1.299954e+02   +1.639745e-07 +1.037315e-04 -2.229763e+00 +3.660845e-02 -5.014767e+00 -1.903126e+02 -1.686090e+04 -9.998254e+04 +1.468727e+09 -1.405296e+09 +1.116721e+11 +7.223543e+12 +1.394409e+15 +1.490992e+17 -3.342108e+20   -2.896460e-07 +1.091898e-04 -1.561034e-03 +5.281197e-02 +5.527255e+00 +1.614937e+01 -6.270500e+03 -4.353746e+05 -3.053469e+08 -1.429396e+09 -9.220203e+10 -7.044635e+12 -3.246059e+12 +1.552782e+17 +1.222134e+19   
S15-208   +1.299959e+02   +2.572647e-07 +8.080439e-05 -2.230698e+00 +4.046916e-02 -2.186425e+00 +3.261583e+00 -9.254676e+03 +1.088235e+04 +1.522663e+09 -4.157188e+08 -2.099952e+10 +2.941841e+11 +5.302932e+14 +8.129256e+16 -3.319826e+20   +2.492906e-07 +1.408828e-04 -4.483707e-04 -8.291869e-02 -3.989160e+00 +1.917817e+01 +6.357484e+03 -2.096417e+05 -2.469979e+07 +5.924063e+08 +1.135160e+11 -6.197645e+11 -6.205531e+14 +1.364444e+17 -1.989977e+18   
S15-211   +1.299966e+02   -1.714582e-08 +5.943972e-05 -2.231765e+00 -1.588834e-02 -1.924115e+00 +1.063820e+02 -2.034852e+03 +1.073379e+05 +1.430914e+09 -1.782228e+09 +1.612709e+10 +1.086794e+12 -1.641457e+14 +9.411638e+16 -3.544590e+20   +7.822258e-08 +1.068445e-04 -1.329369e-03 -2.160480e-02 +7.977186e-01 -2.746620e+01 +7.103413e+02 -1.830739e+05 -4.707457e+08 +1.870546e+09 +1.200818e+11 +7.806466e+12 -1.031272e+15 +6.812154e+16 +9.182963e+18   
S15-214   +1.299952e+02   +5.033146e-08 +6.902173e-05 -2.228922e+00 -2.573620e-02 -2.146045e+00 +3.811331e+01 -4.559831e+03 -3.948488e+05 +1.485344e+09 +6.079088e+08 -3.704057e+10 -4.747878e+12 +1.720804e+14 +5.996850e+16 -3.341611e+20   +5.585407e-08 +1.135172e-04 -1.199733e-03 +5.100984e-02 -3.088177e+00 -3.846562e+00 +8.364132e+03 -3.303405e+05 -2.482802e+08 -1.708657e+09 -6.510127e+09 -1.073727e+12 -7.461212e+14 +1.251679e+17 +1.089983e+19   
S15-217   +1.299975e+02   +1.891038e-07 +6.379765e-05 -2.227885e+00 -7.152698e-02 -5.292703e+00 +1.463467e+01 -1.312292e+04 -5.544122e+04 +1.502590e+09 -6.965849e+08 +1.043660e+11 -1.083183e+10 +3.883415e+14 +1.018130e+17 -3.412389e+20   -2.011748e-07 +1.137587e-04 -5.869495e-04 +1.400084e-03 +5.007662e+00 +1.193696e+01 -5.932586e+03 +1.639609e+05 -2.943491e+08 +3.089235e+09 -1.747689e+11 +1.659824e+12 +5.803038e+14 +4.215159e+16 -1.454811e+19   
S15-224   +1.299957e+02   +1.371308e-07 +6.906358e-05 -2.231188e+00 -6.308336e-02 -1.225536e+00 -1.552237e+02 -3.490909e+03 -2.616465e+05 +1.444268e+09 +1.222017e+08 -7.262056e+10 +8.488850e+12 +2.576442e+14 +6.037303e+16 -3.384123e+20   +9.943037e-08 +1.253631e-04 -9.893350e-04 +6.371161e-03 -2.239569e+00 +4.291553e+01 +6.223804e+03 -1.214628e+05 -3.252949e+08 -2.748103e+08 +1.140085e+11 -8.858101e+12 -9.376579e+14 +8.573884e+16 +3.673501e+18   
S15-225   +1.299963e+02   +3.491034e-08 +7.436541e-05 -2.231154e+00 -6.487200e-02 -3.629673e+00 +1.356602e+02 -4.869312e+03 -2.039006e+05 +1.423254e+09 -7.680482e+08 -1.682760e+11 -1.463229e+12 +4.146513e+13 +6.257669e+16 -3.198536e+20   +6.755686e-10 +1.262445e-04 -1.227318e-03 -3.598646e-02 +1.354979e+00 +3.449467e+01 -1.824870e+03 -4.457546e+05 -3.045864e+08 +1.087839e+09 +1.687364e+11 -9.874543e+12 -4.074994e+13 +1.026421e+17 -2.024668e+18   
S15-226   +1.299973e+02   +1.814979e-08 +4.835685e-05 -2.231279e+00 -7.395606e-02 -5.438978e+00 +1.352705e+01 -1.217495e+04 -2.217899e+05 +1.444030e+09 -8.841284e+08 -4.585626e+10 -3.489833e+12 +1.190417e+15 +1.362850e+17 -3.215764e+20   -1.510331e-07 +1.200873e-04 -1.006821e-03 -2.432936e-02 +3.401991e+00 +3.254064e+01 -4.135289e+03 -6.164824e+04 -3.559153e+08 +1.532053e+09 +1.436478e+11 -4.680802e+12 -4.269657e+14 +1.079580e+17 +1.147948e+18   
S15-233   +1.299957e+02   +1.249988e-07 +6.963476e-05 -2.228698e+00 +1.038641e-02 -6.240019e+00 +9.169396e+01 -1.383107e+04 +5.027651e+05 +1.416796e+09 -1.014740e+09 +6.291377e+10 -8.130715e+12 +1.294971e+15 +9.624288e+14 -3.408472e+20   -1.787011e-07 +1.011181e-04 -7.595730e-04 +1.608141e-02 +1.997425e+00 -2.362396e+01 +2.294390e+03 -6.693563e+05 -4.431889e+08 -1.374022e+09 -1.030889e+10 +2.000693e+13 -1.146617e+15 +1.624015e+17 -2.257689e+18   
S15-235   +1.299946e+02   +1.423555e-07 +5.590990e-05 -2.231437e+00 -6.130778e-02 -6.311101e+00 +9.387451e+01 -1.767442e+04 -1.987445e+05 +1.506854e+09 +1.370266e+09 +9.794168e+10 +7.895189e+11 +1.251820e+15 +6.213060e+16 -3.360664e+20   +5.111667e-08 +1.226379e-04 -1.228333e-03 -2.150140e-02 +7.182985e-02 +8.987450e+00 +2.138081e+03 -2.866688e+05 -2.178063e+08 +2.478192e+08 -1.045465e+11 +2.618499e+11 -2.896139e+14 +1.544616e+17 +2.518198e+18   
S15-241   +1.299956e+02   +7.598002e-08 +6.521843e-05 -2.229909e+00 -2.797015e-02 -5.028256e+00 +7.885852e+01 -1.195679e+04 +6.785917e+04 +1.516014e+09 -1.751671e+09 +1.268215e+11 -4.390499e+12 +7.042053e+14 -1.523798e+16 -3.278142e+20   -2.111020e-07 +1.196410e-04 +2.173290e-04 -3.166163e-02 +1.367471e+00 +1.739573e+01 +1.871153e+03 -1.673514e+05 -3.040321e+08 +4.496141e+08 +2.314131e+10 -1.293288e+13 -9.748738e+14 +1.304816e+17 +9.062830e+18   
S15-243   +1.299969e+02   -9.168488e-09 -1.747192e-06 -2.234329e+00 -6.410131e-03 +1.012606e+00 -1.157954e+02 +8.382992e+01 +2.860856e+05 +1.488205e+09 -3.572361e+08 -4.841404e+09 +5.169264e+12 -4.284831e+13 -1.183418e+16 -3.323641e+20   +5.399074e-08 +1.191548e-04 -2.108946e-04 -3.778499e-02 -6.501106e-01 +1.687605e+01 +1.807918e+03 -2.398984e+05 -1.914484e+07 +2.137349e+08 +5.640440e+10 -2.438942e+10 -5.159562e+14 +1.297103e+17 -5.756651e+18   
S15-247   +1.299957e+02   +5.000468e-08 +6.290776e-05 -2.230903e+00 -5.132930e-02 -3.627872e-01 +1.009773e+02 +1.986393e+03 -4.939241e+05 +1.524601e+09 +7.381836e+08 -7.372552e+10 -6.750610e+12 -2.686409e+14 +6.601657e+16 -3.352840e+20   -7.338847e-08 +1.023302e-04 -1.088892e-03 +5.407215e-02 +1.015385e+00 +1.122709e+00 +2.870970e+03 -2.388974e+05 -2.533927e+08 -6.261160e+07 +2.565369e+11 +8.410447e+11 -2.181456e+14 +1.166945e+17 -1.389713e+18   
S15-250   +1.299958e+02   +1.555534e-07 +6.190626e-05 -2.231922e+00 -3.665745e-02 -2.314327e+00 +1.383215e+02 -6.177043e+03 -2.005363e+05 +1.495501e+09 +6.432373e+07 +1.937670e+10 -5.727915e+11 +7.444673e+14 +3.100724e+16 -3.341590e+20   +2.363130e-08 +1.183456e-04 -3.557774e-04 -4.670768e-03 -2.447863e-01 +6.976137e+00 +3.340386e+03 -1.974489e+05 -2.020905e+08 -8.642679e+08 +5.688043e+10 -3.058351e+12 -6.705506e+14 +1.164981e+17 -4.210965e+18   
S15-252   +1.299966e+02   +1.479722e-07 +6.466141e-05 -2.231307e+00 -2.892609e-02 -1.277118e+00 +2.639157e+02 -3.739865e+03 -1.702041e+05 +1.529711e+09 -6.104774e+08 +1.722923e+10 -1.511256e+12 +3.230534e+14 +1.771266e+17 -3.427420e+20   -1.327871e-07 +8.775914e-05 -5.848307e-04 +3.695533e-02 +8.780537e-01 +2.585598e+01 +1.311772e+03 -1.569953e+05 -2.344725e+08 -3.774812e+08 -1.814568e+11 -2.290814e+12 -2.182609e+14 +3.354155e+15 +7.344514e+18   
S15-254   +1.299956e+02   +2.438670e-08 +7.098033e-05 -2.231542e+00 -5.639759e-02 -1.992172e+00 +4.916767e+01 -2.663089e+03 -7.097424e+04 +1.409695e+09 +1.396760e+09 +2.200475e+09 -5.880663e+12 -4.940549e+14 +3.909475e+16 -3.218078e+20   -4.459228e-09 +1.104390e-04 -9.498806e-04 -2.391222e-02 +1.155141e+00 +1.573368e+01 -1.898477e+03 -2.586194e+04 -3.394966e+08 -1.231026e+09 -5.799742e+10 +6.449562e+12 +3.871736e+14 +1.605057e+17 -4.001355e+18   
S15-255   +1.299959e+02   +3.067959e-07 +4.033204e-05 -2.230827e+00 -8.655388e-02 -2.326948e+00 +5.122762e+01 -6.921808e+03 -3.717442e+05 +1.484374e+09 +3.297255e+09 -1.014286e+11 -1.080729e+12 +3.286897e+14 +7.829485e+16 -3.267031e+20   +1.478280e-08 +1.162375e-04 -8.077716e-04 -6.589431e-02 +8.882942e-01 +3.270765e+01 -2.287463e+00 +3.180541e+05 -2.678462e+08 +8.394603e+08 +1.609741e+11 -1.002885e+12 -7.001069e+14 +3.122600e+16 +1.055488e+19   
S15-259   +1.299968e+02   +1.876460e-07 +4.597642e-05 -2.231939e+00 -1.111071e-02 -3.034961e+00 -1.903442e+02 -6.752287e+03 -2.308652e+05 +1.479310e+09 -4.026259e+07 -7.215587e+10 +6.839980e+11 +2.994568e+14 +5.437996e+16 -3.338788e+20   -1.953177e-07 +1.102250e-04 -2.732710e-04 -1.429251e-03 +2.412134e+00 +4.156653e+01 -8.290696e+02 -3.642671e+05 -2.427869e+08 -6.599005e+08 +2.420643e+10 -7.287632e+12 -7.247239e+12 +1.804686e+17 +6.743611e+18   
S15-260   +1.299956e+02   +1.411880e-07 +4.345747e-05 -2.231720e+00 -4.246409e-02 -1.135312e+00 +1.367283e+02 -5.352667e+03 -1.323557e+05 +1.508433e+09 -7.374849e+08 -4.733399e+10 +4.150033e+12 +2.621359e+14 -4.275393e+16 -3.384475e+20   -8.960172e-08 +8.491864e-05 -8.686102e-04 +1.556003e-02 +1.830103e-01 +9.877896e+00 +1.005882e+03 -1.085369e+05 -2.592949e+08 +1.052063e+09 -3.712361e+10 -3.734216e+12 -5.917222e+14 +1.050017e+17 +2.219511e+18   
S15-262   +1.299959e+02   -3.206760e-09 +5.498379e-05 -2.234195e+00 -4.465066e-02 -2.332335e-01 +1.640271e+02 +9.086756e+02 +4.196121e+04 +1.512742e+09 +1.642799e+08 -4.737629e+10 -2.972057e+12 -8.094963e+13 -7.255308e+15 -3.326192e+20   +1.941399e-08 +6.662288e-05 -9.864857e-04 +3.187131e-02 +1.194042e+00 +8.920858e+00 -4.183473e+02 -2.467840e+05 -2.885878e+08 -1.031275e+09 +4.463993e+10 +1.229758e+12 -3.329033e+14 +9.231791e+16 +1.349371e+19   
S15-264   +1.299955e+02   +3.172803e-08 +3.520063e-05 -2.233902e+00 -2.386729e-02 -1.938379e+00 -7.480138e+01 -2.520443e+03 +1.332685e+04 +1.506458e+09 +1.460504e+09 -3.698881e+10 -7.880234e+12 +4.769310e+14 +1.881651e+16 -3.411517e+20   +9.273267e-09 +9.708044e-05 -1.373079e-04 +3.526277e-02 +1.166902e+00 +9.350293e+00 -2.114394e+03 -7.769846e+05 -3.052083e+08 -1.026922e+09 +1.086932e+11 +8.606983e+12 +3.141254e+14 +1.529944e+17 +9.820663e+18   
S15-265   +1.299951e+02   +6.423111e-07 +3.995584e-05 -2.233301e+00 -4.950579e-02 -4.394069e+00 -1.100361e+02 -1.868299e+04 +2.669210e+05 +1.522496e+09 -1.441576e+09 -5.975739e+10 +5.662142e+12 +7.963431e+14 -3.301654e+16 -3.363761e+20   +7.380779e-08 +8.246103e-05 -9.768591e-04 +3.110846e-02 -1.455652e+00 +1.660473e+01 +6.898792e+03 -2.927340e+05 -3.423454e+08 -1.894614e+09 +2.799160e+11 +7.086689e+12 -1.052274e+15 +1.357857e+17 +2.337449e+19   
S15-266   +1.299970e+02   +1.765164e-07 +5.618319e-05 -2.233317e+00 -4.729879e-02 +7.131400e-02 -2.082856e+02 -5.095454e+03 -8.336046e+04 +1.464675e+09 +1.040325e+09 +2.684707e+10 +5.791430e+12 +4.479203e+14 +5.682566e+16 -3.305945e+20   +1.730239e-08 +9.853374e-05 -7.366327e-04 -1.339860e-02 -6.877751e-01 +5.610100e+00 +5.973328e+03 +5.923641e+04 -1.317800e+08 -2.201732e+08 -2.176842e+09 +3.702712e+12 -2.674111e+14 +1.051087e+17 +8.042455e+18   
S15-268   +1.299957e+02   +1.954709e-07 +2.536062e-07 -2.232267e+00 -8.516859e-02 -2.146421e-01 +1.354744e+01 -3.366504e+03 +2.977908e+04 +1.430405e+09 -9.483121e+08 +4.678577e+09 +4.632769e+12 -1.340832e+14 -8.652102e+16 -3.323134e+20   -3.844357e-08 +8.695641e-05 -8.029796e-05 -1.796828e-02 -4.170829e+00 +1.017873e+01 +1.295500e+04 -2.021281e+05 -3.018956e+08 -8.970735e+08 +4.445948e+10 -3.588829e+12 -1.762832e+15 +9.380387e+16 -2.031752e+17   
S15-269   +1.299957e+02   +3.121685e-07 +4.571730e-05 -2.233107e+00 -1.849618e-02 -2.417304e+00 -1.401938e+01 -8.557229e+03 -1.178780e+05 +1.426851e+09 +4.345678e+08 -4.518534e+10 +7.072668e+12 +9.800355e+14 +9.041838e+16 -3.202547e+20   -7.786196e-08 +9.761531e-05 -4.648545e-04 -5.227264e-03 +2.567476e-01 +1.615271e+01 +1.877070e+03 -3.336770e+05 -1.738799e+08 -5.121652e+08 +9.214105e+09 -4.756660e+12 -2.564836e+14 +1.002713e+17 +1.344819e+19   
S15-270   +1.299961e+02   +2.321016e-07 +4.394470e-05 -2.234652e+00 -3.131399e-03 -4.958673e+00 +2.659048e+01 -1.525889e+04 -1.367039e+05 +1.398490e+09 +1.551487e+09 +8.185876e+09 +8.103166e+12 +9.187745e+14 +5.929244e+16 -3.250931e+20   +1.827440e-07 +1.235972e-04 -3.289853e-04 +6.809994e-03 -2.598009e+00 +1.374327e+01 +2.373361e+03 -4.621581e+05 -1.879636e+08 +8.962446e+08 +1.421395e+10 -9.752739e+11 -6.520900e+14 +1.404610e+17 +2.420620e+19   
S15-273   +1.299966e+02   +2.688170e-07 -6.047840e-06 -2.233752e+00 -3.767614e-02 -9.153478e-01 +2.850064e+02 -1.024195e+04 -5.158196e+04 +1.394943e+09 -1.468125e+08 -1.009982e+11 -4.383593e+12 +1.200690e+15 +4.050204e+16 -3.151205e+20   -3.005764e-08 +8.004371e-05 +7.281342e-04 +1.301518e-02 -4.659069e-01 +1.740865e+01 -8.240792e+02 -5.208329e+05 -1.857686e+08 +3.252424e+08 +2.190608e+10 -1.708498e+12 -3.236600e+14 +1.307010e+17 +2.628526e+19   
S15-279   +1.299956e+02   +2.878587e-07 +5.641236e-05 -2.235409e+00 -5.541464e-02 -5.651471e-01 -7.788556e+01 -4.850931e+03 -2.165913e+05 +1.481743e+09 +2.370480e+08 -3.405808e+10 -1.217369e+12 +3.940706e+14 +8.500595e+16 -3.343906e+20   -1.225441e-08 +1.042165e-04 -1.139167e-03 -2.233793e-03 +9.282122e-01 -1.994391e-01 -2.094272e+02 -4.188681e+05 -1.514613e+07 -4.457729e+07 +2.765274e+10 +1.968321e+12 -3.562768e+14 +1.202701e+17 -2.702835e+18   
S15-280   +1.299960e+02   +6.834313e-08 +3.712489e-05 -2.233607e+00 -5.067743e-02 -2.505492e+00 +1.661275e+02 -6.279336e+03 -1.323442e+05 +1.493948e+09 -2.817812e+08 -3.611864e+10 -1.828670e+12 +6.293081e+14 +1.514417e+16 -3.408997e+20   +7.133926e-08 +8.437613e-05 +5.946902e-05 +1.124642e-02 +1.266281e+00 -2.301936e+01 -3.258660e+03 -2.869797e+05 -2.575162e+08 +4.472529e+08 -2.798862e+10 +2.197400e+12 -1.331580e+14 +1.103487e+17 +8.642574e+18   
S15-282   +1.299958e+02   +1.853382e-07 +1.437163e-05 -2.234231e+00 -2.080466e-03 -4.143203e+00 +1.598730e+02 -1.112891e+04 +1.593453e+05 +1.497169e+09 -3.510173e+08 -6.254309e+09 -1.349752e+12 +4.969156e+14 +1.440627e+16 -3.351537e+20   +4.656642e-07 +1.406319e-04 -3.341214e-04 -8.734390e-02 -6.789499e-01 +2.591101e+01 -3.487063e+03 -1.809709e+05 -2.109884e+07 +3.884712e+08 +1.135092e+11 +1.928368e+12 -2.201711e+14 +1.280248e+17 -1.358929e+18   
S15-283   +1.299959e+02   +1.722897e-07 +2.851521e-05 -2.235912e+00 -4.704001e-02 -2.903231e+00 +1.957393e+00 -1.190509e+04 -6.138854e+03 +1.360476e+09 +6.835043e+08 +1.115055e+11 +6.198189e+12 +1.525002e+15 +8.911258e+15 -3.192486e+20   +3.676470e-10 +1.046822e-04 +1.519452e-04 -9.461945e-03 +6.423870e-02 +1.081310e+01 +1.856423e+03 -2.292105e+05 -2.507214e+08 +1.352713e+09 -8.717767e+10 -6.980210e+12 -6.083300e+14 +8.155550e+16 +2.748221e+19   
S15-284   +1.299955e+02   +7.783846e-08 +4.245102e-05 -2.234547e+00 -8.386029e-02 -3.020751e+00 +1.593135e+01 -5.637869e+03 -4.123580e+05 +1.490255e+09 +2.365114e+09 -1.105675e+11 +1.418160e+12 -7.624805e+14 +6.981326e+16 -3.423758e+20   -3.585028e-07 +9.860457e-05 -9.350931e-04 -8.579759e-03 +1.165883e+00 +7.607856e-02 +4.543998e+03 -1.842140e+05 -2.972382e+08 -1.874616e+09 +1.322040e+10 +1.078320e+13 -4.483965e+14 +1.565922e+17 +1.912985e+19   
S15-285   +1.299959e+02   +2.899901e-07 +4.094339e-05 -2.234265e+00 -2.160593e-02 +3.945809e-01 +1.440628e+02 -5.333744e+03 +2.141473e+05 +1.453061e+09 -1.652501e+09 -1.212240e+10 -1.703412e+13 +1.307492e+15 -3.188682e+15 -3.486418e+20   -2.617565e-07 +9.402789e-05 -1.495008e-03 +2.095739e-02 +9.652689e-01 -2.343101e+01 +3.268243e+03 -3.262031e+05 -2.826594e+08 +1.568473e+09 -7.495786e+10 +5.703835e+12 -9.604503e+14 +1.053347e+17 +1.643663e+19   
S15-286   +1.299943e+02   +2.116324e-07 +5.587787e-05 -2.234043e+00 -3.162042e-02 -1.845690e+00 +2.190945e+01 -4.266409e+03 -1.499497e+05 +1.504314e+09 -4.516765e+08 -1.202588e+11 -6.647395e+12 -3.998291e+13 +4.519288e+16 -3.428262e+20   -5.028186e-08 +1.061166e-04 -8.976732e-04 +2.828472e-02 +1.227546e+00 -1.189931e+01 -2.943031e+02 -3.212807e+05 -2.256868e+08 -3.364900e+08 -1.053528e+10 -1.911485e+12 -7.057484e+14 +1.481813e+17 +1.134640e+18   
