# multipoles are divided by excitation current and units are [T], [m] and [A]
# harmonics (dipole n=0): 00 01 02 03 04 05 06 07 08 09 10 11 12 13 14 
# MAG_LABEL   CURRENT[A]   <NORMAL_MULTIPOLES/CURRENT>[T/m^(n-1)/A]   <SKEW_MULTIPOLES/CURRENT>[T/m^(n-1)/A]
S15-005   +4.999430e+01   +8.367340e-09 +8.179188e-05 -2.254357e+00 +2.200187e-03 -8.430817e+00 +1.179316e+02 -1.868952e+04 -2.071298e+04 +1.377105e+09 -6.769274e+08 +9.507090e+10 -2.246970e+12 +8.119046e+14 +5.095383e+16 -3.265546e+20   +1.234805e-07 +1.019310e-04 -6.118442e-04 +7.608111e-03 +1.623081e+00 +5.834921e+01 -1.467424e+03 -2.857310e+05 -3.111845e+07 -9.068738e+08 +3.740472e+10 -1.012431e+12 -3.868579e+14 +1.006154e+17 -3.734592e+18   
S15-007   +4.999440e+01   +2.621462e-07 +7.764670e-05 -2.254609e+00 -5.412840e-02 -9.085344e+00 +1.709580e+02 -2.298971e+04 -2.202897e+05 +1.281200e+09 +2.604770e+09 -1.032734e+11 +4.549502e+12 +3.016212e+14 +1.479573e+17 -3.040114e+20   +1.253468e-08 +1.108692e-04 +5.384547e-04 +1.390199e-02 -2.249534e-01 -3.598023e+01 +4.767480e+03 -6.480394e+05 -2.406478e+08 -2.504837e+09 +3.651043e+10 +9.281235e+12 -1.025593e+15 +1.341335e+17 +4.284322e+19   
S15-011   +4.999450e+01   +2.432618e-07 +5.655240e-05 -2.254554e+00 -5.812681e-02 -6.064723e+00 +6.050902e+01 -1.512696e+04 -1.160403e+05 +1.390820e+09 +4.847611e+07 +3.386639e+10 +1.634987e+11 +6.865727e+14 +3.477627e+16 -3.290332e+20   +1.585074e-07 +9.559240e-05 -1.864828e-03 +4.475106e-02 -2.317245e+00 +2.005999e+01 +4.741990e+03 -1.662015e+05 -5.008993e+07 -1.167964e+09 +5.859877e+10 -1.736470e+12 -5.488080e+14 +8.076110e+16 +1.247638e+18   
S15-012   +4.999430e+01   +2.283212e-07 +6.421310e-05 -2.253069e+00 -1.408581e-01 -7.947344e+00 +1.274853e+02 -1.629681e+04 -6.008487e+05 +1.395430e+09 +1.762471e+09 +9.364140e+10 +4.110915e+12 +3.579112e+14 +1.308605e+17 -3.265560e+20   +1.102661e-07 +9.615350e-05 -1.637627e-03 -2.866317e-02 -2.414055e+00 +2.913076e+01 +2.853741e+03 +3.002452e+04 -6.183427e+07 -6.031672e+08 +6.719784e+10 +2.247328e+12 -3.836335e+14 +5.963266e+16 +4.367864e+18   
S15-013   +4.999450e+01   +3.557693e-07 +8.105264e-05 -2.249015e+00 +5.192847e-02 -7.939669e+00 -2.129414e+02 -1.994611e+04 +1.503628e+05 +1.351362e+09 +1.929906e+09 +1.826644e+11 +6.524250e+12 +1.248249e+15 +8.061447e+16 -3.196462e+20   +1.787181e-07 +1.264910e-04 -5.602442e-04 +3.219576e-02 +2.860715e+00 +1.342255e+02 -5.015012e+03 -4.437634e+05 -1.726297e+08 +2.563930e+08 +1.915740e+11 -2.147938e+13 +3.651886e+14 +1.592115e+17 +2.047809e+19   
S15-015   +4.999465e+01   +3.326728e-07 +7.958108e-05 -2.254739e+00 -1.362977e-04 -4.397373e+00 -4.480103e+02 -1.250219e+04 -3.666056e+04 +1.490335e+09 -1.273064e+08 -4.832215e+10 +6.582332e+12 +5.848522e+14 +5.950317e+16 -3.344738e+20   -2.069779e-07 +1.134996e-04 -8.679489e-04 -3.007568e-02 -1.102871e+00 +1.999051e+00 +7.960542e+03 -2.957040e+05 -2.236121e+07 -3.423640e+08 +7.059363e+10 +3.379166e+12 -8.348781e+14 +1.314723e+17 -3.099094e+18   
S15-019   +4.999435e+01   +1.914738e-07 +7.441753e-05 -2.250276e+00 +5.321103e-03 -2.273017e+00 +3.726481e+01 -9.220588e+03 -2.108530e+05 +1.392252e+09 -1.700734e+08 -1.594729e+11 +9.825666e+12 +2.546086e+14 +1.233803e+17 -3.199494e+20   -6.857245e-08 +1.358367e-04 +5.634753e-04 -4.783523e-02 -7.549893e+00 +2.468563e+01 +1.371205e+04 -3.506428e+05 -1.947792e+08 -1.446025e+08 +1.038128e+11 -2.958194e+12 -4.872729e+14 +9.331706e+16 +2.942362e+19   
S15-020   +4.999420e+01   +2.265179e-07 +7.514556e-05 -2.254370e+00 -3.893684e-02 -3.241972e+00 -3.569316e+01 -1.047447e+04 -8.396196e+04 +1.467976e+09 +2.995249e+08 -7.627857e+10 +2.708732e+12 +8.581671e+14 +6.296112e+16 -3.339467e+20   +1.372421e-07 +1.194602e-04 -2.317239e-03 -1.407264e-02 -7.011637e-01 +4.655728e+01 +9.240820e+02 -2.109529e+05 -6.464928e+07 -2.724722e+07 +9.083280e+10 -4.762672e+12 -2.370187e+14 +1.171422e+17 +5.614903e+17   
S15-022   +4.999415e+01   +1.770880e-07 +9.872177e-05 -2.247845e+00 -4.807064e-02 -7.430991e+00 +1.770453e+01 -1.591204e+04 -3.293599e+05 +1.482769e+09 +4.665642e+08 +1.145736e+11 +1.076344e+12 +6.754604e+14 +1.082598e+17 -3.353648e+20   +4.730131e-10 +1.228997e-04 -1.765189e-03 -4.416723e-02 +6.899667e+00 +1.338971e+01 -1.229212e+04 -8.456049e+04 -8.416025e+07 +1.865617e+08 -7.697689e+10 +2.196877e+12 -2.354233e+14 +1.023195e+17 +3.826098e+18   
S15-023   +4.999455e+01   +2.767752e-07 +1.014667e-04 -2.251257e+00 +3.647840e-03 -2.803830e+00 +5.801716e+02 -7.447426e+03 -1.622209e+04 +1.469832e+09 -3.451916e+08 +8.212345e+10 -3.772523e+11 +2.712702e+14 +6.620816e+16 -3.294843e+20   +1.093227e-07 +1.133274e-04 -1.054939e-03 -2.463240e-02 +1.830866e+00 -5.152734e+00 -4.183820e+03 +7.269912e+04 -3.729899e+07 -1.881903e+09 +2.313678e+10 +1.117086e+12 +1.745748e+14 +6.908737e+16 -5.984886e+18   
S15-024   +4.999445e+01   +4.007051e-07 +1.187676e-04 -2.250324e+00 -7.193532e-02 -8.219922e+00 -3.977696e+01 -1.943002e+04 -2.467194e+05 +1.349764e+09 -1.314185e+09 -6.277213e+10 +3.507699e+11 +5.491298e+14 +6.793484e+16 -3.048558e+20   -1.590700e-07 +1.427927e-04 -5.997546e-04 -5.700641e-02 -5.949504e-03 -1.494157e+01 +6.326162e+02 -1.197145e+05 -2.634334e+08 +9.077360e+08 +4.846232e+10 +5.414143e+12 -1.525773e+14 +1.211108e+17 +3.698643e+19   
S15-025   +4.999440e+01   +2.532542e-07 +1.093095e-04 -2.249946e+00 -1.260072e-02 -2.765166e+00 -1.935335e+02 -8.813373e+03 -9.775571e+04 +1.339053e+09 -9.781199e+08 -1.833220e+10 +5.322322e+11 +1.127202e+15 +1.194617e+17 -3.037408e+20   -1.647090e-07 +1.647647e-04 -5.170089e-04 -4.205203e-02 -1.960196e+00 +4.999052e+01 +5.445968e+03 -5.786834e+04 -2.422667e+08 -1.380747e+09 -1.882046e+11 -1.251769e+13 -4.547115e+14 +1.289297e+17 +3.455355e+19   
S15-028   +4.999440e+01   +2.785832e-08 +1.241961e-04 -2.250458e+00 -6.064037e-02 -7.614865e+00 +1.778655e+02 -1.384483e+04 -6.513718e+05 +1.321666e+09 +2.631329e+09 +5.978492e+10 +7.660006e+12 +1.146640e+15 +1.591572e+17 -3.064555e+20   -2.616751e-07 +1.339063e-04 -4.934307e-04 -3.668223e-02 +3.160248e+00 +2.180210e+01 -2.926498e+03 -3.622270e+05 -2.924770e+08 -1.162878e+08 +1.341371e+11 +5.903779e+12 -9.183887e+12 +1.279672e+17 +3.884459e+19   
S15-039   +4.999695e+01   -1.497381e-08 +6.509247e-05 -2.248657e+00 -2.458252e-03 -1.141768e+01 -1.433335e+02 -2.243257e+04 +1.613214e+05 +1.477050e+09 +4.184387e+08 +1.028077e+11 +5.188701e+12 +6.678901e+14 +5.274024e+16 -3.272040e+20   +2.146197e-07 +1.036160e-04 -9.261987e-04 +6.259784e-02 -6.765243e+00 +3.901646e+01 +1.081388e+04 -5.392573e+05 -2.181551e+07 -4.349215e+08 +9.488723e+10 -4.798481e+12 -9.070949e+14 +1.438744e+17 -6.478521e+18   
S15-042   +4.999440e+01   +1.920805e-07 +9.276797e-05 -2.251888e+00 -9.155471e-02 -1.263095e+00 -1.911231e+02 -5.129613e+03 -2.382075e+05 +1.416115e+09 +1.556078e+09 +2.164130e+10 +1.834953e+12 +3.240281e+14 +1.189934e+17 -3.192000e+20   +1.387304e-08 +1.123608e-04 -2.102501e-03 -4.991913e-04 +6.181466e+00 -6.063825e+01 -8.575592e+03 -6.445630e+04 -5.737389e+07 -7.448672e+08 -7.218060e+10 +4.058553e+12 -2.278891e+14 +9.664920e+16 -1.668549e+18   
S15-049   +4.999540e+01   +4.076141e-08 +8.696378e-05 -2.248575e+00 -2.860483e-02 -7.869470e+00 +1.815779e+02 -1.662916e+04 -3.571893e+05 +1.468181e+09 -3.429049e+08 +5.364097e+10 +2.386964e+12 +3.148666e+14 +7.638999e+16 -3.237182e+20   -8.254021e-08 +1.365131e-04 -7.590600e-05 -6.435232e-02 +2.738696e+00 -2.325902e+01 -4.555343e+02 +1.063551e+05 -7.310331e+07 -1.791100e+08 +2.441213e+09 +2.425543e+11 -4.079263e+14 +1.098416e+17 +7.498844e+18   
S15-063   +4.999395e+01   +1.198193e-07 +9.303406e-05 -2.246986e+00 -2.018592e-02 -3.806793e+00 +1.755280e+02 -9.129989e+03 -2.682445e+05 +1.457497e+09 -3.358862e+08 +1.768354e+10 -2.665963e+12 +6.133828e+14 +9.318202e+16 -3.255804e+20   +4.004835e-07 +1.482048e-04 -7.736918e-04 -1.265741e-01 -8.323017e+00 +5.882208e+01 +1.239221e+04 +1.045017e+05 -5.677015e+07 +1.286056e+09 +1.436821e+11 -4.926890e+11 -9.201563e+14 +1.418703e+17 +2.735413e+18   
S15-064   +4.999350e+01   +2.720874e-07 +6.088536e-05 -2.249198e+00 -3.093002e-02 -6.462290e+00 +2.773941e+02 -1.567562e+04 -1.980678e+05 +1.419737e+09 -4.550340e+08 +5.260368e+10 -4.027750e+12 +9.493250e+14 +5.295354e+16 -3.233472e+20   +1.416518e-07 +1.131716e-04 +6.783862e-05 -2.820943e-02 -8.456657e+00 +2.102109e+01 +1.578993e+04 -6.966544e+04 -7.276074e+07 -4.538290e+08 +1.164486e+11 -1.014952e+12 -6.225875e+14 +1.035191e+17 +2.569830e+18   
S15-065   +4.999390e+01   +3.002640e-07 +1.006653e-04 -2.246102e+00 -1.282917e-02 -5.935796e-01 -1.815558e+02 -4.943461e+03 -1.503526e+05 +1.398296e+09 +2.417135e+08 -7.782421e+10 +3.042333e+12 +4.382609e+14 +8.958943e+16 -3.168659e+20   +6.766566e-08 +1.295301e-04 -4.965700e-04 -4.066088e-02 +9.780945e-01 +8.397645e+00 -6.421181e+02 -2.658980e+05 -9.862849e+07 +1.133470e+09 +4.069905e+10 +8.539546e+11 -5.393412e+14 +1.447000e+17 +1.067948e+18   
S15-067   +4.999480e+01   +1.817660e-07 +5.818979e-05 -2.244465e+00 -4.338537e-02 -9.717445e+00 -6.128881e+01 -2.304848e+04 -1.960626e+05 +1.454769e+09 +2.334215e+08 +7.258763e+10 +5.668406e+10 +7.845526e+14 +1.050130e+17 -3.243179e+20   +1.008249e-09 +1.094062e-04 -2.112376e-06 +6.830556e-03 -1.539346e+00 +3.045349e+01 +4.341840e+03 -4.156560e+05 -6.803142e+07 -7.466719e+08 +8.263007e+10 +4.367572e+12 -4.753810e+14 +1.150696e+17 +5.818571e+18   
S15-068   +4.999495e+01   +8.959373e-08 +8.409281e-05 -2.246707e+00 -3.148570e-02 -5.511739e+00 +3.496985e+02 -1.172266e+04 -8.986886e+04 +1.448876e+09 -3.880894e+07 -3.351384e+10 -9.753885e+12 +3.966949e+14 +1.177616e+17 -3.240867e+20   +1.323389e-07 +1.060512e-04 -1.936953e-04 -1.971328e-02 +1.848476e+00 +3.736711e+00 -3.754743e+03 -2.137576e+05 -6.382921e+07 +9.756549e+08 +7.026424e+10 -1.552471e+12 -4.361064e+14 +9.936916e+16 +1.032547e+19   
S15-071   +4.999465e+01   +1.741528e-07 +1.100035e-04 -2.246530e+00 -5.880335e-03 -8.473701e+00 +1.343841e+02 -2.038372e+04 -1.453612e+05 +1.433195e+09 +4.001956e+07 +4.437563e+10 -1.682967e+12 +9.670295e+14 +8.715469e+16 -3.312644e+20   +4.295006e-08 +1.285129e-04 -9.069646e-04 -1.153495e-02 -1.777214e+00 +2.876374e+01 +6.711992e+03 -2.775011e+05 -2.666575e+07 -1.587103e+08 +6.179471e+10 +4.674200e+11 -5.616641e+14 +1.131065e+17 +1.275129e+17   
S15-073   +4.999420e+01   +1.082084e-07 +1.515323e-04 -2.248263e+00 -1.618737e-02 -1.065648e+01 -5.982920e+01 -2.011929e+04 -3.200041e+05 +1.417523e+09 +9.206596e+07 +6.511299e+10 +1.213357e+12 +6.516644e+14 +1.446579e+17 -3.297306e+20   +1.414184e-07 +1.380610e-04 -6.373869e-04 -3.098713e-02 +1.838339e+00 -2.012677e+00 -1.046627e+03 -2.546585e+05 -2.406703e+07 +9.783183e+07 +5.174856e+09 +4.937533e+11 -1.930472e+14 +1.317620e+17 -1.130067e+18   
S15-074   +4.999435e+01   +2.139312e-07 +1.016150e-04 -2.247916e+00 -3.787498e-02 +5.413222e-01 +5.945602e+01 -2.361259e+03 -3.799453e+05 +1.431814e+09 +2.744362e+07 -7.669635e+10 -9.060122e+11 +2.234316e+14 +1.186975e+17 -3.304159e+20   +2.794850e-08 +1.210618e-04 -7.899803e-04 -2.414925e-02 -2.037154e+00 +9.858792e-01 +7.854396e+03 -2.335502e+05 -3.350219e+07 +1.695021e+08 +6.558065e+10 +6.855099e+11 -6.386612e+14 +1.381331e+17 -3.640959e+17   
S15-075   +4.999475e+01   +3.645129e-07 +1.581099e-04 -2.248128e+00 +6.211370e-03 -3.223438e+00 -1.294966e+02 -1.146290e+04 -3.145768e+05 +1.424602e+09 -1.455835e+08 -7.941754e+09 +4.484271e+12 +7.075511e+14 +1.455052e+17 -3.290964e+20   +2.095366e-07 +1.400424e-04 -1.309235e-04 -4.486913e-02 -5.236228e+00 +3.647299e+01 +1.013348e+04 -1.156519e+05 -1.283527e+07 -2.580047e+08 +7.063200e+10 -1.220766e+12 -5.302921e+14 +1.347432e+17 -3.427450e+18   
S15-077   +4.999475e+01   +1.125600e-07 +1.084104e-04 -2.247740e+00 +8.255647e-04 -7.447456e+00 +1.695017e+02 -1.692376e+04 -1.403495e+05 +1.394376e+09 +2.437134e+08 +4.986180e+10 -2.469187e+11 +5.044740e+14 +9.653310e+16 -3.266867e+20   +9.560438e-08 +1.493951e-04 +2.487689e-05 +7.426770e-03 -2.160735e+00 -1.142165e+01 +6.592960e+03 -2.758446e+05 -4.847827e+07 +5.910289e+07 +4.628694e+10 +1.564020e+12 -5.062402e+14 +1.370036e+17 +2.486389e+18   
S15-080   +4.999440e+01   +2.217392e-07 +1.191964e-04 -2.246102e+00 -7.865849e-02 -8.295059e+00 -2.606880e+01 -1.711955e+04 -4.398533e+05 +1.418320e+09 +5.647264e+08 +2.838716e+10 +2.465824e+12 +6.661264e+14 +1.532843e+17 -3.318730e+20   +1.906869e-07 +1.402720e-04 -4.557740e-04 -2.213092e-02 -2.763151e+00 +5.806534e+01 +6.645840e+03 -9.462010e+04 -8.890074e+07 +2.429228e+08 +4.523995e+10 -5.535784e+12 -3.354486e+14 +1.373558e+17 +8.467788e+18   
S15-081   +4.999455e+01   +2.326068e-07 +1.218636e-04 -2.245345e+00 -1.569951e-02 -9.370051e+00 +2.781765e+02 -2.143622e+04 -4.886645e+05 +1.405334e+09 -1.098115e+09 +4.193419e+10 +6.269145e+12 +1.014906e+15 +1.619488e+17 -3.299450e+20   -5.544646e-08 +1.263791e-04 -8.818077e-04 +2.989154e-02 +1.648339e+00 +2.558923e+01 +9.770163e+02 -3.698743e+05 -1.154389e+08 -1.035132e+09 +1.164045e+10 +2.601054e+10 -8.738114e+14 +1.455760e+17 +8.255362e+18   
S15-082   +4.999460e+01   +1.835833e-07 +3.347644e-05 -2.249589e+00 -4.293400e-02 -5.201410e+00 +4.247835e+01 -1.145563e+04 +5.222172e+04 +1.380506e+09 +5.969271e+08 +3.189388e+10 +1.204484e+12 +4.915157e+14 +1.141339e+16 -3.299600e+20   +1.157983e-08 +6.421778e-05 -5.402415e-04 +3.837104e-03 -3.439121e-01 +1.495396e+00 +2.746315e+03 -1.009397e+05 -9.523291e+07 -4.390164e+08 -3.092568e+10 +2.775136e+12 -6.102117e+14 +9.705048e+16 +3.855698e+18   
S15-083   +4.999440e+01   +3.498010e-07 +5.311961e-05 -2.249118e+00 -9.764324e-02 -2.241019e+00 -2.179070e+01 -1.189634e+04 -2.288908e+05 +1.346836e+09 +1.289206e+09 -1.154043e+11 -1.532183e+12 +3.792317e+14 +1.067900e+16 -3.228992e+20   +6.023737e-08 +8.609686e-05 -2.123710e-03 +1.393464e-03 +1.771711e+00 +2.775869e+00 -5.256753e+02 -1.887494e+05 -1.600905e+08 +1.035612e+09 +5.884231e+09 +1.528775e+12 -1.165826e+15 +1.359594e+17 +1.108887e+19   
S15-084   +4.999420e+01   +1.693999e-07 +9.902613e-05 -2.249845e+00 -4.068800e-03 -7.825818e+00 -5.767045e+00 -1.745897e+04 -2.967162e+04 +1.354671e+09 -1.035603e+09 +6.716817e+10 -1.354266e+12 +1.126500e+15 +2.414234e+16 -3.272728e+20   -7.467040e-08 +1.029298e-04 -1.778945e-03 -1.595057e-03 +1.086752e+01 +4.616756e+00 -2.066506e+04 -2.528167e+05 -1.647603e+08 +6.483708e+08 -9.903675e+10 +1.535156e+12 -1.726015e+14 +1.151028e+17 +1.388960e+19   
S15-085   +4.999420e+01   +1.963360e-07 +6.609819e-05 -2.251997e+00 -2.656904e-02 -1.271325e+00 -1.336557e+02 -3.414918e+03 -2.620708e+05 +1.338900e+09 -8.628369e+08 -4.248663e+09 +1.070790e+12 +7.666645e+14 +8.457123e+16 -3.253513e+20   -2.834567e-08 +8.073881e-05 -1.399083e-03 -3.208098e-02 -1.635702e+00 +2.194207e+01 +4.980808e+03 +3.198917e+04 -1.817479e+08 +4.484740e+07 +3.598947e+10 -9.163613e+11 -1.873746e+14 +5.529819e+16 +1.436489e+19   
S15-086   +4.999430e+01   +1.402148e-07 +6.246366e-05 -2.251847e+00 -1.185165e-02 -3.929530e+00 +4.912918e+01 -9.406918e+03 -7.642931e+04 +1.351137e+09 -1.485677e+09 -7.587389e+10 -2.024761e+12 +8.865201e+14 -9.391011e+15 -3.235323e+20   +1.324035e-07 +8.137678e-05 -1.450862e-03 -1.099932e-03 -3.656807e+00 +7.047165e+00 +7.478707e+03 -2.610134e+05 -1.809467e+08 +2.221933e+08 -8.828324e+10 +1.223243e+13 -7.165667e+14 +4.082497e+16 +2.499091e+19   
S15-088   +4.999445e+01   +1.913312e-07 +7.490135e-05 -2.250462e+00 -2.024785e-03 -8.787899e-01 +4.718298e+01 -4.501800e+03 -2.300809e+05 +1.284918e+09 +1.583225e+09 +1.072665e+11 +1.467551e+12 +6.241215e+14 +5.409286e+16 -3.097486e+20   -5.837446e-08 +1.031479e-04 -2.330713e-04 -2.168305e-02 +3.902957e+00 +1.295670e+01 -5.652155e+03 -3.330924e+05 -2.207987e+08 +1.275037e+09 -4.555140e+10 -1.444502e+12 -4.152629e+13 +9.690978e+16 +2.656451e+19   
S15-089   +4.999465e+01   +1.124539e-07 +9.212782e-05 -2.246386e+00 +6.161989e-03 -4.215993e+00 +3.017161e+02 -8.725762e+03 -2.723941e+05 +1.281803e+09 +6.354922e+08 -9.820707e+09 -9.725985e+12 +6.413824e+14 +1.216596e+17 -3.084578e+20   +6.343751e-08 +1.370923e-04 +2.362009e-04 -6.205092e-02 +8.881962e-02 +2.008501e+01 +7.672931e+02 -2.906835e+05 -2.094304e+08 +1.186714e+08 +9.165803e+10 -3.632573e+12 -4.886485e+14 +7.768895e+16 +2.678451e+19   
S15-090   +4.999470e+01   +5.684657e-08 +6.734398e-05 -2.249376e+00 -4.876417e-02 -2.289729e+00 +7.667381e+01 -5.747083e+03 -1.475301e+05 +1.258102e+09 +8.300480e+08 +2.658974e+10 -3.849920e+12 +9.039738e+14 +4.366563e+16 -3.082327e+20   +3.864776e-08 +1.181111e-04 +7.178725e-04 -6.319960e-02 -1.586717e+00 +4.297730e+00 +1.436344e+03 -2.519267e+04 -2.538587e+08 +2.165186e+09 -6.208502e+10 +4.182361e+12 -5.773372e+13 +6.214581e+16 +2.917099e+19   
S15-094   +4.999515e+01   +3.306535e-07 +5.791634e-06 -2.250924e+00 -5.093846e-02 -1.481898e+00 +2.619546e+01 -5.252824e+03 -4.989092e+02 +1.400362e+09 -4.805968e+08 -4.096689e+10 +2.489635e+11 +2.108086e+14 +3.244049e+16 -3.348007e+20   +1.100685e-07 +1.068380e-04 -1.758035e-03 -4.289330e-02 -1.757720e+00 +5.530542e+01 +3.476877e+03 -2.554642e+05 -4.455396e+07 +8.230274e+08 -7.279586e+09 -5.789066e+11 -6.238031e+14 +9.498407e+16 +3.045793e+18   
S15-095   +4.999555e+01   +1.773623e-07 +3.674889e-05 -2.252486e+00 -1.015256e-02 -2.429606e+00 +3.138869e+01 -4.915479e+03 +1.863200e+05 +1.363043e+09 -3.031114e+09 -5.057000e+10 +1.220864e+13 +3.836235e+13 -8.139658e+16 -3.313761e+20   +5.815004e-08 +1.081631e-04 -2.251386e-03 -6.444032e-03 -3.226735e+00 +1.726782e+01 +1.097745e+04 -3.198613e+05 -2.034367e+08 -1.800590e+08 +2.720250e+11 -3.430045e+12 -1.985563e+15 +1.127380e+17 +2.759714e+19   
S15-096   +4.999525e+01   +3.058737e-07 +2.730337e-05 -2.251164e+00 -6.844816e-02 -2.161199e+00 -1.362203e+02 -7.458131e+03 -1.207169e+05 +1.366987e+09 +6.145832e+08 -1.529486e+10 +4.261483e+12 +6.732426e+14 +5.217340e+16 -3.191239e+20   +4.756282e-08 +9.350672e-05 -2.574651e-03 -2.843424e-04 -6.849531e-02 +2.944556e+01 +8.728269e+02 -1.864700e+05 -1.664843e+08 -2.249928e+08 +2.847465e+10 -9.631597e+11 -4.904198e+14 +8.704047e+16 +1.825491e+19   
S15-097   +4.999505e+01   +4.716529e-08 +4.833132e-05 -2.248323e+00 -2.773665e-02 -1.255002e+01 -8.879017e+01 -2.470951e+04 -1.605693e+04 +1.354761e+09 -5.317438e+06 +8.661219e+08 +1.099165e+12 +6.794267e+14 +5.007590e+16 -3.206861e+20   -1.549902e-07 +1.098667e-04 -1.795469e-03 -1.865322e-03 +5.697890e+00 +8.159136e+00 -7.623999e+03 -3.788143e+05 -1.729449e+08 -1.283906e+09 +2.202488e+10 +1.330718e+12 +1.193979e+14 +1.400669e+17 +2.476413e+19   
S15-098   +4.999540e+01   +4.874444e-07 +3.255235e-05 -2.250923e+00 -9.426593e-02 +6.914888e-01 -1.373327e+02 -1.553996e+03 -2.755037e+05 +1.369608e+09 -5.225043e+07 -1.086809e+11 +2.285014e+12 -6.603171e+13 +6.202895e+16 -3.282844e+20   +1.845002e-07 +9.794419e-05 -2.307462e-03 +2.559445e-02 -1.743155e+00 +1.157847e+01 +3.854199e+03 -3.256948e+05 -1.661229e+08 -5.712898e+08 +1.170679e+11 -2.707469e+12 -6.968059e+14 +1.248988e+17 +1.923982e+19   
S15-108   +4.999445e+01   +2.985157e-07 +4.330247e-05 -2.252572e+00 -8.673871e-02 -6.326304e+00 +4.273976e+01 -1.318825e+04 -2.137431e+05 +1.495777e+09 +7.107891e+08 +2.459151e+10 +4.448230e+12 +6.539582e+14 +6.507738e+16 -3.341221e+20   -1.976874e-07 +9.574105e-05 -1.030218e-03 +1.247274e-03 +3.158337e+00 +9.763438e-01 -5.267097e+02 -2.543444e+05 -2.164512e+07 -1.364042e+08 -2.262217e+10 +2.044183e+11 -4.435488e+14 +9.753023e+16 -2.688088e+18   
S15-112   +4.999450e+01   +2.637092e-07 +5.735875e-06 -2.251740e+00 -7.435584e-02 -8.473840e-01 -1.023009e+02 -5.659781e+03 -3.044617e+05 +1.443258e+09 +4.107966e+06 -1.901591e+10 +4.677655e+12 +4.207527e+14 +5.088180e+16 -3.220710e+20   +3.043491e-08 +9.394741e-05 -1.506405e-03 +1.751478e-02 -1.905911e+00 +4.981650e+01 +5.976047e+03 -2.505960e+05 -8.569655e+07 -6.689594e+08 -8.545978e+09 -5.604328e+12 -8.859149e+13 +9.496667e+16 +5.066901e+18   
S15-114   +4.999430e+01   +3.855664e-07 +5.361933e-05 -2.251073e+00 -4.336254e-03 +6.832161e-01 -7.692447e+01 -4.236891e+03 +1.557822e+04 +1.471857e+09 +2.306287e+08 -5.132469e+10 +4.391211e+12 +2.628562e+14 +4.730127e+16 -3.287961e+20   -3.456856e-08 +9.030467e-05 -9.127981e-04 +1.139021e-02 +2.529816e-01 +1.736232e+01 +1.604448e+03 -2.087552e+05 -4.414957e+07 -4.493772e+08 +1.282475e+10 -2.247224e+12 -8.447269e+13 +8.123510e+16 -6.000088e+17   
S15-115   +4.999475e+01   +1.118031e-07 +5.275626e-05 -2.251528e+00 -2.565169e-02 -5.060113e+00 +1.012260e+02 -1.593271e+04 -2.016392e+05 +1.343215e+09 +1.227217e+08 +1.750671e+11 -4.412311e+12 +1.394439e+15 +9.163434e+16 -2.901935e+20   +2.160491e-07 +1.140256e-04 -7.602168e-05 +1.469027e-02 -3.241536e+00 +4.556728e+01 +2.227394e+03 -3.849522e+05 -3.813938e+08 +9.078143e+07 -1.933708e+11 -1.767518e+13 +6.741094e+14 -1.076944e+16 +6.258317e+19   
S15-125   +4.999455e+01   -1.403863e-08 +7.377312e-05 -2.249727e+00 -1.455705e-02 -6.731968e+00 +1.437315e+02 -7.210878e+03 -2.643740e+05 +1.472966e+09 -4.377747e+08 +1.061451e+11 -1.035351e+12 -1.668305e+14 +8.141343e+16 -3.316315e+20   -1.041375e-07 +8.758101e-05 -3.353944e-03 +2.341195e-02 +2.215353e+00 +4.116349e+01 -8.053890e+01 -2.928655e+05 -1.349826e+08 +8.304809e+07 -1.243593e+08 -3.466822e+12 -4.212589e+14 +1.138616e+17 +2.438246e+18   
S15-129   +4.999490e+01   +3.722014e-07 +3.633727e-05 -2.251206e+00 -6.122476e-02 -5.626096e+00 +1.785413e+02 -8.933355e+03 -1.577536e+05 +1.480520e+09 +1.075427e+09 +1.110045e+11 -3.886684e+12 +2.737645e+13 +4.963938e+16 -3.327509e+20   -4.030433e-07 +6.538705e-05 -2.067505e-03 +7.275010e-02 +4.202443e+00 -7.822086e+00 -5.987107e+02 -2.232492e+05 -3.358053e+07 -1.620403e+09 -4.964652e+10 +1.476764e+12 -4.104581e+14 +8.205045e+16 +2.938866e+14   
S15-135   +4.999435e+01   +1.406063e-07 +4.256877e-05 -2.254165e+00 -2.666183e-03 -3.209335e+00 -1.505313e+01 -4.402063e+03 -1.481501e+05 +1.453718e+09 -1.030880e+09 -2.103258e+10 +3.022123e+12 -1.157417e+14 +3.609388e+16 -3.294372e+20   +1.241220e-07 +9.006816e-05 -9.446962e-04 -8.534852e-03 -2.429435e+00 -2.706274e+00 +3.459787e+03 -2.283616e+05 -6.589539e+07 +2.356938e+08 +4.919150e+10 -2.297880e+12 -3.518846e+13 +1.263164e+17 +3.270112e+18   
S15-144   +4.999460e+01   -2.654203e-08 +7.672439e-05 -2.248263e+00 +2.005509e-03 -6.445742e+00 +1.676823e+02 -1.465829e+04 -2.217882e+03 +1.458986e+09 -9.043393e+08 +1.510216e+11 -5.816786e+12 +8.136163e+14 +6.292274e+16 -3.308311e+20   -1.879740e-07 +1.037855e-04 -2.317962e-03 -3.589878e-02 +2.230615e+00 -7.856362e+00 +4.158025e+03 -2.973759e+05 -1.979366e+08 +2.079955e+09 +1.210382e+11 +9.665366e+11 -1.035138e+15 +1.037527e+17 +2.726752e+19   
S15-147   +4.999470e+01   +2.236977e-07 +7.154848e-05 -2.252629e+00 -9.908330e-02 -4.226676e+00 +1.667597e+02 -1.241333e+04 -1.996332e+05 +1.489862e+09 +7.149792e+08 -5.828150e+09 -3.204880e+12 +5.691005e+14 +7.940284e+16 -3.315689e+20   +8.115980e-08 +1.153675e-04 -3.027041e-04 -4.864232e-03 -6.869796e-01 +2.294751e+01 +1.625241e+03 -1.893900e+05 -7.631379e+07 -7.651859e+08 +9.851704e+10 +1.537497e+12 -4.976293e+14 +7.366925e+16 +5.078328e+18   
S15-150   +4.999400e+01   +1.977262e-07 +1.694449e-05 -2.251386e+00 -1.536056e-02 -6.145898e+00 +9.664244e+01 -1.627835e+04 -1.344603e+04 +1.511288e+09 -3.254777e+08 +1.612690e+09 -6.174145e+12 +7.106571e+14 +6.570064e+16 -3.373569e+20   +8.351678e-08 +1.070000e-04 -1.875170e-03 -1.917864e-02 +1.025621e-01 +3.547520e+01 +9.265846e+01 -2.547688e+05 -7.769956e+07 +2.899656e+08 +8.052140e+10 -2.049478e+12 -3.114544e+14 +1.008353e+17 +3.520348e+18   
S15-151   +4.999470e+01   +2.244494e-07 +5.920016e-05 -2.248484e+00 -1.823380e-02 -4.340980e+00 +1.805748e+02 -1.175339e+04 -1.982047e+05 +1.472455e+09 -4.908640e+08 +4.768781e+10 -7.000910e+12 +3.996790e+14 +1.192396e+17 -3.252699e+20   -2.938814e-07 +1.307996e-04 -1.608658e-04 -7.750856e-02 +3.755928e+00 -2.597979e+01 +2.819359e+02 -2.016178e+05 -9.718768e+07 -1.687861e+07 +2.491112e+10 +8.138857e+12 -2.221555e+14 +1.206346e+17 +7.307789e+18   
S15-152   +4.999475e+01   +2.840280e-07 +6.449485e-05 -2.249564e+00 -3.513897e-02 -2.278041e+00 -1.028806e+02 -7.344383e+03 -2.366867e+05 +1.490839e+09 +7.526716e+08 -1.239351e+10 +9.446740e+12 +2.653865e+14 +4.689964e+16 -3.295592e+20   +8.222869e-08 +1.049222e-04 -2.997827e-04 +3.024330e-02 -4.435162e-01 +1.121224e+01 +6.658977e+02 -3.391464e+05 -1.016466e+08 -5.361687e+07 +4.908207e+10 +8.299345e+11 -4.075278e+14 +1.205033e+17 +1.010897e+19   
S15-153   +4.999500e+01   +3.412805e-07 +3.685501e-05 -2.250349e+00 -4.311237e-02 -4.526929e+00 +1.357506e+02 -1.095283e+04 -2.150979e+05 +1.450304e+09 -9.866129e+08 -5.119658e+10 +1.184707e+12 -1.509432e+13 +3.269817e+16 -3.378718e+20   -3.563126e-08 +9.056312e-05 -2.303338e-03 -1.589774e-02 +9.161266e-02 +1.368542e+01 +4.099746e+03 -3.090061e+05 -2.425251e+08 -4.097880e+08 +5.513315e+10 +5.900952e+12 -5.618292e+14 +1.025038e+17 +3.378690e+19   
S15-158   +4.999450e+01   +3.672674e-07 +6.484175e-05 -2.250206e+00 -2.918271e-03 -3.545472e+00 -5.717741e+01 -1.526834e+04 -1.411730e+05 +1.386757e+09 +1.685991e+08 -7.674400e+10 -1.758396e+12 +1.278474e+15 -1.799413e+15 -3.047277e+20   +4.808619e-08 +1.270257e-04 +9.657674e-04 +1.918005e-02 -3.157961e-01 +9.877687e+00 -2.452432e+03 -4.816640e+05 -2.600706e+08 +5.824665e+08 -2.644651e+10 +1.566248e+13 -1.615903e+14 +8.102769e+16 +4.106614e+19   
S15-160   +4.999410e+01   +3.168372e-09 +3.684223e-05 -2.250612e+00 +1.816819e-02 -2.552065e+00 -1.115545e+02 -7.177477e+03 +7.512638e+04 +1.387452e+09 +1.335988e+09 +4.575344e+10 +8.450745e+12 +4.358020e+14 +1.456172e+16 -3.059959e+20   +2.505346e-08 +1.291762e-04 +1.496092e-03 -2.173386e-03 -1.298618e+00 +2.406780e+01 +2.495740e+03 -3.630360e+05 -2.964948e+08 +2.065602e+09 -1.767036e+09 -2.821175e+12 -2.878622e+14 +1.172851e+17 +4.846708e+19   
S15-161   +4.999445e+01   -1.190783e-09 +5.959962e-05 -2.251038e+00 -8.800733e-02 -2.428422e+00 -5.762270e+01 -3.232115e+03 -2.662730e+05 +1.481056e+09 +6.285542e+08 +3.171320e+10 +3.250069e+12 +2.047541e+14 +5.842869e+16 -3.271721e+20   +3.175394e-07 +1.315590e-04 -5.506389e-04 +1.839534e-02 -9.273671e-01 +3.818324e+00 -1.280520e+03 -3.016167e+05 -8.706434e+07 -1.307595e+08 +2.396168e+10 +5.090039e+12 -3.360807e+14 +1.395392e+17 +6.400927e+18   
S15-163   +4.999420e+01   +1.237844e-07 +8.733983e-05 -2.249185e+00 +9.569526e-03 -5.297553e+00 +1.161996e+02 -1.162729e+04 -1.580670e+05 +1.514990e+09 +4.160733e+08 -5.411426e+10 +5.393642e+12 +3.938027e+14 +5.107939e+16 -3.285541e+20   -1.325790e-07 +1.224936e-04 -5.271560e-04 -5.989619e-03 +7.023617e+00 +5.368485e+01 -1.120206e+04 -2.841330e+03 -3.769195e+07 +9.349757e+08 -5.812374e+10 -3.784499e+12 +3.944654e+14 +7.384443e+16 +1.964987e+18   
S15-169   +4.999465e+01   -1.560002e-07 +7.005918e-05 -2.251175e+00 -1.704469e-03 -8.911232e+00 -9.080264e+01 -1.491372e+04 +5.536328e+04 +1.476727e+09 +2.626063e+08 +4.108082e+10 +9.330624e+11 +5.674389e+14 +4.363977e+16 -3.242687e+20   +9.003735e-08 +1.075362e-04 -3.397504e-04 +4.312661e-02 -1.580010e+00 +1.028820e+01 +4.044953e+03 -4.280488e+05 -6.647707e+07 -4.600620e+07 +8.510129e+10 -2.562394e+12 -4.283686e+14 +1.583808e+17 +4.761233e+18   
S15-173   +4.999440e+01   +3.195086e-07 +4.839358e-05 -2.253562e+00 -8.648695e-02 -5.097165e+00 +2.559989e+02 -5.997010e+03 -3.417213e+05 +1.431773e+09 +6.767546e+08 +1.388081e+11 +8.931560e+11 -1.985901e+14 +7.178942e+16 -3.194702e+20   +6.264946e-08 +1.390841e-04 +4.605940e-06 -1.968904e-02 +3.964368e+00 -1.529713e+00 -6.432814e+03 -1.738695e+05 -8.764792e+07 -6.425550e+08 +1.881734e+10 +4.822646e+12 -3.945948e+13 +1.065905e+17 +1.169885e+19   
S15-178   +4.999375e+01   +2.573764e-07 +4.840457e-05 -2.251387e+00 -6.107233e-02 -4.576202e+00 -5.381903e+01 -8.964891e+03 -3.277458e+05 +1.471313e+09 -2.485827e+08 +3.189905e+10 -1.771285e+12 +2.324407e+14 +6.250223e+16 -3.302629e+20   -1.477083e-07 +1.217293e-04 -1.856574e-03 +2.839375e-02 +3.381111e+00 -2.476510e+01 -2.922155e+03 -4.937079e+04 -3.644266e+07 -1.909726e+09 -2.373173e+10 +2.245195e+12 -4.696403e+14 +5.709404e+16 -5.129625e+18   
S15-182   +4.999445e+01   +9.668875e-08 +7.243860e-05 -2.250964e+00 -6.620837e-02 -2.870171e+00 +3.619874e+00 -6.663800e+03 -4.403361e+05 +1.371757e+09 +1.636384e+09 +1.075074e+11 +8.408443e+12 +2.347361e+14 +1.395313e+17 -3.154560e+20   +3.506227e-07 +1.253997e-04 +6.175916e-04 +8.903030e-03 -1.467278e+00 -1.135438e+01 +1.016367e+03 -4.148244e+05 -2.770233e+08 +1.354171e+08 +3.612739e+10 +1.236394e+13 -4.618533e+14 +1.320939e+17 +3.577239e+19   
S15-196   +4.999425e+01   +3.517322e-07 +7.576329e-05 -2.249869e+00 -2.871848e-02 -2.468334e+00 -1.320368e+01 -8.519056e+03 -4.084744e+05 +1.431722e+09 +5.930522e+08 -1.958121e+10 +6.485296e+12 +5.208655e+14 +9.449269e+16 -3.243801e+20   -1.816614e-07 +1.374590e-04 -2.268293e-03 -1.402388e-02 +5.880246e-01 +2.588126e+01 +7.479126e+02 -2.766112e+05 -1.377977e+08 -8.703125e+07 -1.087217e+10 -2.014630e+12 -1.735775e+14 +1.200068e+17 +1.703445e+19   
S15-198   +4.999410e+01   +1.137203e-08 +6.744970e-05 -2.248841e+00 -3.595268e-02 -8.269632e+00 -5.905635e+01 -1.542085e+04 -9.097155e+04 +1.435951e+09 +1.179660e+07 +7.492496e+10 -4.173392e+12 +3.669001e+14 +9.131604e+16 -3.275082e+20   +2.087572e-08 +1.212095e-04 -2.477596e-03 -4.328767e-02 -1.623487e+00 +1.671148e+01 +4.363005e+03 -4.278249e+04 -1.159199e+08 -9.127891e+08 +1.197890e+11 +1.093461e+12 -3.334491e+14 +1.341135e+17 +1.365704e+19   
S15-200   +4.999480e+01   +3.159753e-07 +5.930235e-05 -2.249880e+00 -1.688043e-02 -1.505972e+00 +6.775233e+00 -1.489445e+03 -1.772975e+05 +1.453969e+09 +4.655146e+08 +2.836307e+10 -1.158688e+12 -4.983546e+14 +8.138890e+16 -3.484582e+20   +8.012123e-08 +1.109955e-04 -2.553776e-03 +8.368730e-03 -1.981025e+00 +2.656844e+01 +4.476890e+03 -2.174180e+05 -1.806735e+08 +7.313573e+08 +7.213358e+10 -3.590867e+12 -5.578504e+14 +1.646145e+17 +1.100660e+19   
S15-201   +4.999420e+01   +1.502133e-07 +6.367893e-05 -2.248821e+00 -2.729009e-02 -7.325472e+00 -2.286903e+02 -1.542816e+04 -1.073735e+05 +1.503241e+09 -2.116514e+06 +6.805483e+10 +8.150938e+12 +3.184381e+14 +5.610609e+16 -3.287831e+20   -4.063551e-07 +8.389623e-05 -1.297807e-03 +5.751357e-02 +2.852693e+00 +7.741048e+00 +2.326362e+03 -4.525363e+05 -2.118552e+07 -8.999922e+08 +5.003908e+10 -1.098804e+12 -8.087156e+14 +1.151552e+17 -2.155982e+18   
S15-202   +4.999475e+01   +2.248086e-07 +2.455044e-05 -2.251664e+00 +3.461661e-02 -3.621752e+00 -3.131031e+01 -9.022821e+03 +1.894419e+05 +1.489629e+09 -6.237097e+08 +6.064671e+10 +4.654017e+12 +2.822152e+12 -1.558763e+16 -3.276936e+20   -1.975141e-07 +8.978385e-05 +4.785474e-05 +4.955616e-02 +2.397258e+00 +8.588210e-01 +1.080501e+03 -3.500582e+05 -2.741052e+07 -2.299889e+09 -1.855409e+10 +5.884230e+12 -6.030005e+14 +8.200217e+16 -5.286321e+18   
S15-203   +4.999445e+01   -2.315955e-09 +5.418787e-05 -2.251958e+00 -1.878131e-02 -6.155833e+00 +2.121387e+02 -1.087783e+04 -1.272971e+05 +1.446011e+09 -6.769051e+08 +9.620576e+10 -1.500768e+11 +3.257686e+14 +1.005164e+17 -3.310189e+20   -1.308905e-07 +1.072633e-04 -2.383153e-03 -1.429171e-03 -2.899458e-01 +1.696899e+01 +3.315988e+03 -2.395472e+05 -1.435700e+08 +3.913400e+08 -1.902563e+10 -1.791093e+12 -1.336543e+14 +1.220089e+17 +1.523390e+19   
S15-204   +4.999515e+01   +1.376762e-07 +6.496560e-05 -2.248300e+00 -2.473262e-02 -4.809347e+00 -3.366101e+01 -1.185181e+04 -2.737436e+05 +1.457968e+09 -4.046110e+08 +6.646479e+10 -4.814827e+12 +3.677239e+14 +5.755686e+16 -3.432285e+20   -2.270192e-07 +1.088703e-04 -2.920045e-03 -4.491158e-02 +9.914230e-01 -1.032596e+01 +3.864213e+03 -2.919865e+05 -2.195763e+08 -9.230105e+08 +4.018574e+10 -2.291642e+11 -9.267099e+14 +1.037752e+17 +2.732303e+19   
S15-205   +4.999435e+01   +1.996860e-07 +1.074440e-04 -2.249058e+00 +3.336007e-02 -4.711038e+00 -1.955168e+02 -1.233808e+04 -5.305135e+03 +1.469380e+09 -7.493623e+08 +1.663271e+10 +8.579692e+12 +5.177867e+14 +1.250226e+17 -3.235036e+20   -2.760670e-07 +1.097826e-04 -2.495130e-03 +5.865929e-02 +5.525164e+00 +2.035296e+01 -4.876643e+03 -4.444458e+05 -1.463626e+08 -5.414136e+08 -1.083546e+11 -1.156912e+12 -4.420876e+14 +1.110898e+17 +1.165326e+19   
S15-208   +4.999465e+01   +2.028909e-07 +7.454690e-05 -2.250137e+00 +3.332297e-02 -2.450560e+00 -1.534689e+00 -9.548470e+03 -1.121795e+04 +1.521373e+09 -1.900313e+08 -2.550741e+10 +1.765171e+12 +4.578228e+14 +7.824419e+16 -3.320959e+20   +2.955710e-07 +1.475608e-04 -4.421531e-04 -9.135269e-02 -4.221992e+00 +2.181951e+01 +6.142493e+03 -1.977398e+05 -2.181091e+07 +7.728253e+08 +1.528280e+11 -1.305433e+12 -8.756853e+14 +1.464469e+17 -1.235291e+18   
S15-211   +4.999545e+01   -2.114044e-08 +5.783014e-05 -2.250119e+00 -2.841445e-02 -1.880010e+00 +7.845468e+01 -4.905366e+03 -1.558070e+05 +1.427685e+09 -4.083552e+08 +2.600857e+10 +1.835517e+12 +2.889255e+14 +8.220852e+16 -3.389908e+20   +1.250996e-07 +1.079172e-04 -3.000453e-03 -1.116438e-02 +9.332727e-01 +2.035883e+01 -1.108056e+03 -2.270131e+05 -2.128194e+08 -2.161415e+08 +6.870811e+10 +1.438031e+12 +2.106488e+14 +1.262202e+17 +3.130811e+19   
S15-214   +4.999410e+01   +6.356544e-08 +7.478939e-05 -2.249389e+00 -3.756811e-03 -2.555013e+00 +2.264137e+01 -5.129869e+03 -1.767248e+05 +1.467163e+09 +3.106241e+08 -2.727304e+10 +1.730623e+12 +2.927805e+14 +6.686351e+16 -3.274600e+20   -7.833048e-08 +1.199957e-04 -1.964948e-03 +3.434273e-02 -9.424440e-01 +5.180281e+00 +6.461350e+03 -2.898860e+05 -1.100961e+08 -4.259859e+08 +3.511812e+10 +2.260839e+11 -8.310139e+14 +1.208287e+17 +1.761208e+18   
S15-217   +4.999495e+01   +2.479056e-07 +6.652602e-05 -2.247491e+00 -6.217304e-02 -5.081463e+00 +3.445428e+01 -1.279105e+04 -6.558770e+04 +1.485250e+09 -1.752661e+08 +7.340325e+10 -5.006130e+11 +6.473982e+14 +6.973344e+16 -3.329744e+20   -1.347572e-07 +1.116744e-04 -1.925550e-03 +3.316513e-02 +4.397654e+00 +1.203165e+01 -4.923501e+03 -2.476222e+05 -1.094191e+08 +7.021759e+08 -6.990166e+10 +4.086923e+12 -1.524955e+14 +1.227152e+17 -1.813270e+18   
S15-224   +4.999440e+01   +1.841611e-07 +7.105766e-05 -2.253120e+00 -6.631893e-02 -1.468322e+00 -9.655451e+01 -4.665533e+03 -3.058797e+05 +1.444209e+09 +2.474025e+08 -7.616959e+09 -1.145163e+12 +4.436589e+14 +9.401913e+16 -3.298011e+20   +1.005173e-07 +1.266300e-04 -2.253616e-03 +1.895593e-02 -1.851467e+00 +8.355796e+00 +5.562927e+03 -3.265308e+05 -1.013694e+08 -6.555160e+08 +6.173133e+10 -5.232276e+11 -5.643192e+14 +1.433189e+17 +8.447160e+18   
S15-225   +4.999480e+01   +5.994389e-08 +6.921058e-05 -2.252186e+00 -9.412795e-02 -4.420274e+00 +1.183895e+02 -6.891593e+03 -4.406470e+05 +1.442082e+09 +1.117608e+09 -1.315169e+10 -1.006153e+12 +3.282013e+13 +1.315593e+17 -3.275399e+20   +9.312549e-09 +1.382097e-04 -2.380438e-03 -7.571311e-02 +1.748814e+00 +2.778557e+01 -1.622688e+03 -1.945991e+05 -1.527948e+08 +1.389788e+09 +6.949431e+10 -8.329252e+12 +5.323928e+13 +1.574743e+17 +1.793249e+19   
S15-226   +4.999550e+01   +5.263270e-08 +5.040278e-05 -2.252991e+00 -7.843002e-02 -5.434835e+00 -1.767854e+01 -1.264512e+04 -2.518035e+05 +1.456863e+09 +1.050973e+09 +3.307918e+10 +1.101576e+11 +4.475683e+14 +6.568349e+16 -3.325953e+20   -1.012602e-07 +1.237744e-04 -2.477345e-03 -1.509807e-02 +3.787955e+00 +2.323629e+01 -4.668748e+03 -2.816575e+05 -1.312476e+08 -1.958669e+08 +6.057293e+10 -1.317765e+12 -3.668962e+14 +1.225378e+17 +2.011309e+19   
S15-233   +4.999425e+01   +2.203145e-07 +7.950648e-05 -2.250939e+00 +3.097802e-02 -6.006309e+00 +4.074515e+01 -1.546392e+04 +1.114605e+05 +1.412945e+09 -1.321762e+09 +2.435148e+10 -3.060702e+12 +1.070310e+15 -5.597138e+16 -3.227357e+20   -1.518614e-07 +9.428826e-05 -2.253355e-03 +4.913557e-02 +1.631262e+00 +3.363987e+00 +1.275887e+03 -2.243014e+05 -2.092919e+08 -2.934886e+08 +6.448586e+10 +5.218288e+12 -9.417627e+14 +8.732452e+16 +2.753623e+19   
S15-235   +4.999400e+01   +1.765447e-07 +5.471497e-05 -2.253222e+00 -7.163172e-02 -6.827321e+00 +1.166522e+02 -1.583923e+04 -3.126551e+05 +1.481469e+09 +1.360853e+09 +4.492173e+10 -4.008139e+12 +7.264870e+14 +6.232276e+16 -3.297534e+20   +1.613429e-08 +1.251233e-04 -1.937223e-03 -1.900295e-02 +5.800432e-01 +2.262626e+00 +8.653594e+02 -1.897833e+05 -1.144318e+08 +6.497272e+08 +4.782540e+10 +4.420126e+12 -1.003402e+14 +1.034438e+17 +8.220802e+18   
S15-241   +4.999435e+01   +1.102816e-07 +6.551558e-05 -2.251082e+00 -3.169316e-02 -5.159167e+00 +6.826875e+01 -1.135369e+04 -1.481948e+05 +1.462966e+09 +7.582875e+07 +7.512225e+10 +3.147020e+12 -3.616273e+13 +6.096221e+16 -3.315519e+20   -1.282681e-07 +1.121183e-04 -6.540169e-04 +1.267611e-02 +4.519795e-01 -7.363008e+00 +2.765382e+03 -2.228694e+05 -1.362903e+08 +7.736768e+07 +2.856523e+10 -4.134747e+11 -7.073981e+14 +8.521455e+16 +8.474250e+18   
S15-243   +4.999485e+01   -4.992340e-08 -1.651900e-06 -2.255858e+00 -6.629793e-03 -1.487611e-01 -1.415149e+02 +2.648879e+02 +3.208304e+05 +1.484779e+09 -5.272855e+08 +9.707380e+09 +4.405466e+12 -6.190682e+13 -2.136108e+16 -3.312411e+20   +2.898627e-08 +1.251601e-04 -2.621180e-04 -5.187200e-02 +5.283346e-02 +1.762001e+01 +1.218314e+03 -2.243003e+05 -1.981425e+07 +2.228192e+08 +4.842151e+10 +2.386622e+12 -6.264415e+14 +1.274140e+17 -5.358086e+18   
S15-247   +4.999440e+01   +8.272056e-08 +6.264704e-05 -2.253034e+00 -4.909824e-02 -8.659982e-01 +1.092360e+02 +1.130061e+03 -2.288402e+05 +1.479993e+09 +2.133047e+08 -4.680720e+10 +1.279988e+12 -8.096505e+13 +6.492261e+16 -3.302026e+20   -5.515284e-08 +1.118702e-04 -1.900563e-03 +3.058699e-02 +1.331775e+00 +1.392096e+01 +4.343338e+02 -3.094797e+05 -1.259825e+08 -7.406540e+08 +8.529033e+10 +8.725501e+11 -1.762278e+14 +1.162891e+17 +1.052838e+19   
S15-250   +4.999405e+01   +1.718986e-07 +7.024540e-05 -2.252694e+00 -4.968593e-03 -2.749773e+00 +1.371076e+02 -7.430278e+03 -1.890121e+05 +1.486637e+09 -8.911166e+08 -1.191319e+10 +8.413657e+11 +4.753068e+14 +4.630153e+16 -3.324834e+20   +1.187436e-07 +1.200441e-04 -1.039320e-03 +6.549671e-04 -1.219224e+00 +7.975589e+00 +4.600155e+03 -3.790139e+05 -7.263486e+07 +2.494583e+06 +6.099232e+10 -3.312618e+12 -7.673955e+14 +1.135811e+17 +3.782604e+18   
S15-252   +4.999495e+01   +2.824757e-07 +5.853769e-05 -2.249999e+00 -6.630352e-02 -4.690804e-02 +2.933834e+02 -7.879956e+02 -1.537014e+05 +1.479797e+09 +9.213909e+08 -1.550757e+09 +6.438968e+11 -1.192726e+13 +7.229828e+16 -3.259329e+20   -6.722217e-09 +9.770623e-05 -1.354468e-03 +2.858437e-03 -9.962402e-01 +1.789411e+01 +3.634241e+03 -3.244614e+05 -7.332677e+07 -3.989269e+08 +3.694209e+10 +6.350409e+11 -4.941945e+14 +1.162698e+17 +2.426499e+18   
S15-254   +4.999440e+01   +9.180998e-08 +6.807406e-05 -2.250456e+00 -6.121622e-02 -2.359434e+00 +7.824510e+01 -4.982656e+03 -3.744855e+05 +1.429399e+09 -1.243602e+08 +2.245640e+10 +1.118612e+12 +6.717918e+14 +9.628774e+16 -3.268866e+20   +3.199922e-09 +1.149807e-04 -2.220071e-03 -3.719733e-02 +1.462450e+00 +1.493929e+01 -8.107884e-01 -1.715184e+05 -1.480611e+08 -6.290565e+08 -2.372226e+10 -1.894158e+12 -4.511659e+14 +1.306546e+17 +1.145425e+19   
S15-255   +4.999440e+01   +3.364989e-07 +3.986358e-05 -2.249154e+00 -7.552264e-02 -2.325214e+00 +8.682332e+01 -9.943600e+03 -2.526423e+05 +1.451327e+09 +7.930900e+08 -4.747852e+10 +1.159320e+12 +1.400856e+14 +5.008285e+16 -3.263508e+20   +1.316221e-08 +1.191084e-04 -1.763339e-03 -6.120431e-02 +1.869636e+00 +3.345085e+01 -2.115261e+03 +1.221155e+05 -1.419800e+08 +3.630799e+08 +6.348171e+10 -1.553582e+12 -3.892132e+14 +7.981354e+16 +1.782745e+19   
S15-259   +4.999475e+01   +2.998849e-07 +4.546921e-05 -2.250950e+00 -1.847266e-02 -2.527799e+00 -2.082743e+02 -8.041968e+03 -1.407187e+05 +1.460678e+09 +2.382046e+08 +3.409066e+10 +5.823715e+12 +3.701197e+14 +5.780357e+16 -3.225977e+20   -1.206399e-07 +1.083221e-04 -9.659522e-04 +1.243303e-02 +1.609714e+00 +2.725096e+01 +6.096488e+02 -2.539815e+05 -9.586433e+07 -3.253992e+08 -2.414095e+10 -5.668125e+11 -3.769452e+14 +1.295532e+17 +6.056546e+18   
S15-260   +4.999415e+01   +1.310412e-07 +3.221295e-05 -2.250525e+00 -8.667232e-02 -2.405099e+00 +1.320795e+02 -6.283053e+03 -3.308957e+05 +1.475710e+09 +2.733128e+08 -2.980441e+10 -7.706258e+11 +3.934240e+14 +6.291694e+16 -3.306777e+20   -1.865237e-07 +8.890362e-05 -1.824872e-03 +8.467521e-03 +1.268739e+00 +6.089180e+00 -1.151669e+02 -2.232363e+05 -9.787149e+07 +3.636679e+08 +1.676936e+08 +5.238329e+11 +6.271724e+13 +9.810024e+16 -5.668887e+15   
S15-262   +4.999455e+01   +1.076448e-07 +6.133571e-05 -2.253914e+00 -2.311538e-02 +7.469758e-01 +1.676959e+02 +1.658743e+03 -9.982532e+04 +1.464350e+09 +7.633204e+08 -3.808409e+10 +2.631349e+12 +1.025855e+14 +5.735841e+16 -3.342548e+20   +1.096568e-07 +6.707949e-05 -1.843829e-03 +3.489810e-02 +5.985868e-01 +3.482398e+01 -5.065990e+02 -1.989789e+05 -1.369393e+08 +2.964617e+08 +4.025035e+10 +5.049728e+12 -2.770462e+14 +8.887125e+16 +1.146218e+19   
S15-264   +4.999425e+01   +1.009853e-07 +2.942294e-05 -2.252233e+00 -4.365226e-02 -1.815499e+00 -6.940874e+01 -1.880331e+03 +4.725243e+02 +1.467542e+09 +3.428558e+08 -5.785185e+10 -2.636223e+12 -5.482705e+13 +2.055726e+16 -3.338954e+20   -3.824680e-08 +1.085329e-04 -9.854325e-04 -6.305845e-03 +2.191202e+00 +2.610642e+01 -6.500722e+02 -3.330031e+05 -1.183633e+08 -4.388999e+07 +1.934142e+10 +3.406048e+12 -3.972477e+14 +1.178232e+17 +1.031272e+19   
S15-265   +4.999410e+01   +7.104284e-07 +3.786951e-05 -2.252258e+00 -6.330177e-02 -4.560608e+00 -1.013786e+02 -1.878597e+04 +1.907030e+04 +1.444289e+09 -3.072063e+08 -2.411425e+10 +6.165836e+12 +8.748110e+14 +3.853471e+16 -3.229787e+20   +2.445315e-08 +8.873235e-05 -1.837530e-03 +1.328531e-02 -2.450541e-01 +2.376134e+01 +4.455588e+03 -3.030774e+05 -1.623367e+08 +3.989075e+07 +1.656084e+11 +2.936374e+11 -8.246493e+14 +1.502841e+17 +1.438206e+19   
S15-266   +4.999500e+01   +8.120464e-08 +6.988005e-05 -2.255624e+00 +5.748135e-03 -2.081248e+00 -2.429113e+02 -5.474981e+03 -8.350153e+04 +1.481541e+09 +9.259686e+07 +4.704242e+09 +6.241520e+12 +2.102160e+14 +2.614415e+16 -3.273515e+20   +6.375642e-08 +1.188864e-04 -1.075565e-03 -8.796636e-02 -6.989093e-01 +1.076807e+01 +4.059912e+03 +9.145331e+04 -8.548661e+07 +6.305235e+08 +1.239496e+10 +9.030131e+11 -3.710631e+13 +4.844346e+16 +2.464124e+18   
S15-268   +4.999425e+01   +2.178204e-07 -2.685099e-06 -2.252679e+00 -9.610829e-02 -5.564120e-01 +2.126435e+01 -3.315181e+03 -7.672680e+04 +1.453008e+09 +8.801950e+08 -2.963351e+10 +3.968254e+12 +6.540020e+14 -1.311660e+16 -3.241369e+20   -1.443768e-07 +8.043649e-05 -1.030942e-03 +1.388168e-02 -2.309064e+00 +7.059476e+00 +8.660432e+03 -1.796445e+05 -1.014223e+08 -5.692845e+08 +3.962546e+10 -4.154092e+12 -4.093695e+14 +6.641842e+16 +8.257896e+18   
S15-269   +4.999440e+01   +2.784224e-07 +3.041039e-05 -2.252458e+00 -7.117669e-02 -3.924936e+00 +7.293273e+00 -1.089177e+04 -2.156310e+05 +1.450656e+09 +5.974313e+08 -3.311539e+10 +4.722775e+12 +1.191944e+15 +4.250864e+16 -3.226737e+20   -9.949664e-08 +9.410642e-05 -7.739459e-04 +1.503987e-02 +8.453867e-01 +1.906952e+01 +2.089708e+03 -3.394912e+05 -1.010199e+08 -1.430079e+09 -1.761477e+10 -5.235384e+11 -4.323406e+14 +1.204695e+17 +4.434439e+18   
S15-270   +4.999450e+01   +2.855218e-07 +5.454228e-05 -2.255002e+00 +4.058716e-02 -4.888238e+00 +2.215806e+01 -1.540690e+04 -5.018962e+04 +1.406893e+09 +1.360345e+09 -5.192413e+10 +1.190470e+13 +6.614692e+14 +7.827797e+16 -3.249443e+20   +9.139191e-08 +1.282718e-04 -3.396630e-04 -3.827449e-03 -1.082388e+00 +1.596163e+01 +1.154909e+03 -5.838256e+05 -1.830341e+08 +6.031729e+08 +3.248519e+10 -2.777916e+12 -1.069686e+14 +1.693449e+17 +2.361748e+19   
S15-273   +4.999475e+01   +3.270247e-07 -1.917877e-05 -2.254443e+00 -8.514758e-02 -6.615609e-01 +3.047714e+02 -9.271798e+03 -1.177331e+05 +1.399314e+09 +3.844294e+08 -1.300411e+11 +9.635158e+11 +1.120832e+15 +2.570146e+16 -3.189489e+20   -9.365751e-08 +7.139014e-05 +7.233936e-04 +5.153777e-02 +6.239835e-01 +2.476130e+01 -2.043641e+03 -5.296912e+05 -1.942974e+08 +1.416808e+08 +1.750875e+10 -5.887918e+12 -2.089993e+14 +1.428683e+17 +2.809151e+19   
S15-279   +4.999455e+01   +3.448380e-07 +6.398367e-05 -2.256384e+00 -2.044109e-02 -8.224236e-01 -9.095159e+01 -5.291813e+03 -1.753673e+05 +1.492834e+09 +4.199168e+08 +9.480927e+09 -4.533910e+11 +4.676554e+14 +6.879818e+16 -3.340216e+20   -2.798309e-08 +1.259147e-04 -1.170659e-03 -8.025909e-02 +1.536054e+00 +4.164008e+00 -6.688927e+02 -2.268545e+05 -1.239716e+07 +4.463214e+08 +3.614588e+10 +1.270532e+12 -5.972385e+14 +1.195447e+17 -2.986748e+18   
S15-280   +4.999465e+01   +7.046306e-08 +3.818681e-05 -2.253489e+00 -4.480831e-02 -3.359283e+00 +1.746358e+02 -7.995067e+03 -1.624846e+05 +1.463397e+09 -1.198448e+08 -1.318233e+10 +1.384420e+12 +4.607169e+14 +5.493852e+16 -3.321191e+20   +5.938557e-08 +9.437890e-05 -6.282368e-04 -2.049203e-02 +1.662009e+00 -2.446750e+01 -2.723369e+03 -2.438987e+05 -1.181577e+08 +7.267670e+08 -2.248607e+10 +1.381930e+12 -3.232372e+14 +1.094951e+17 +8.215461e+18   
S15-282   +4.999475e+01   +2.606372e-07 +1.183447e-05 -2.253261e+00 -1.492248e-02 -4.344058e+00 +1.531981e+02 -1.086661e+04 +1.593982e+05 +1.499194e+09 -1.672135e+08 +6.619097e+08 +1.352784e+12 +4.725086e+14 +8.622771e+15 -3.333664e+20   +4.621593e-07 +1.410121e-04 -3.932993e-04 -7.924764e-02 -3.575047e-02 +2.500883e+01 -3.522098e+03 -2.220481e+05 -1.270292e+07 +3.257932e+08 +9.100338e+10 +2.465595e+12 -7.894691e+13 +1.411013e+17 -2.247174e+18   
S15-283   +4.999455e+01   +2.234782e-07 +2.966945e-05 -2.255366e+00 -4.751602e-02 -3.145801e+00 -9.804441e+00 -1.260339e+04 +2.248107e+04 +1.369390e+09 +2.668505e+08 +2.129282e+11 +9.834734e+12 +1.745369e+15 +9.237543e+15 -3.207162e+20   +8.409389e-08 +1.020842e-04 +1.389024e-04 +7.910458e-03 -7.160743e-01 +1.579954e+01 +2.535040e+03 -2.617667e+05 -2.595177e+08 +1.323100e+09 -1.572622e+11 -6.219036e+12 -6.212583e+14 +1.016976e+17 +3.079452e+19   
S15-284   +4.999420e+01   +5.399038e-08 +4.822187e-05 -2.254850e+00 -6.090897e-02 -4.048414e+00 +1.981511e+01 -8.308186e+03 -2.672780e+05 +1.467243e+09 +1.142554e+09 -2.968432e+10 +1.031173e+12 -2.402107e+13 +5.573667e+16 -3.280142e+20   -2.124698e-07 +9.494299e-05 -1.826778e-03 +8.068234e-03 -3.147441e-01 +2.029137e+01 +6.902565e+03 -1.379045e+05 -1.323275e+08 -2.187502e+08 +5.372793e+10 +1.121616e+12 -4.596169e+14 +1.227986e+17 +9.765241e+18   
S15-285   +4.999435e+01   +2.969624e-07 +4.423738e-05 -2.253655e+00 -2.397417e-02 -2.682111e-01 +1.056598e+02 -4.186737e+03 +8.190664e+04 +1.462650e+09 +3.835059e+08 +5.212273e+10 -4.656106e+12 +5.766582e+14 +5.050273e+15 -3.254142e+20   -2.219631e-07 +9.780041e-05 -2.453915e-03 +1.771482e-02 +5.531079e-01 -2.560721e+00 +3.518768e+03 -2.444168e+05 -1.241266e+08 -2.032052e+08 -3.816917e+10 +1.079877e+12 -6.943671e+14 +8.813410e+16 +7.668032e+18   
S15-286   +4.999385e+01   +2.806855e-07 +6.243862e-05 -2.252833e+00 -1.327197e-02 -1.218966e+00 -1.601873e+01 -4.650726e+03 -1.001919e+05 +1.473559e+09 -2.235473e+08 -8.064204e+10 +5.343641e+12 +5.798625e+14 +1.960094e+16 -3.285232e+20   +1.632547e-08 +1.092274e-04 -1.755380e-03 +2.954507e-02 +7.494190e-01 +6.441370e+00 -9.328819e+02 -1.989487e+05 -1.082192e+08 -5.363288e+08 +2.540632e+10 -2.948999e+12 +1.202675e+14 +1.430145e+17 +9.793035e+18   
