# multipoles are divided by excitation current and units are [T], [m] and [A]
# harmonics (dipole n=0): 00 01 02 03 04 05 06 07 08 09 10 11 12 13 14 
# MAG_LABEL   CURRENT[A]   <NORMAL_MULTIPOLES/CURRENT>[T/m^(n-1)/A]   <SKEW_MULTIPOLES/CURRENT>[T/m^(n-1)/A]
S15-005   +1.677979e+02   +1.523287e-07 +6.748309e-05 -2.146271e+00 -5.785137e-02 -4.618470e+00 +8.808591e+01 -1.390057e+04 -1.852080e+05 +1.353087e+09 +4.887402e+08 +7.675406e+10 -2.386870e+12 +7.871165e+14 +3.671080e+16 -3.193191e+20   +9.968253e-08 +1.037610e-04 -1.871879e-04 -1.876939e-02 +1.171803e+00 +5.184809e+01 -1.354745e+03 -4.889932e+05 -1.220834e+08 -1.188749e+09 +6.227384e+10 +3.017658e+10 -6.576572e+14 +1.507229e+17 -3.763686e+17   
S15-007   +1.677976e+02   +2.220784e-07 +7.042967e-05 -2.173546e+00 -7.379492e-02 -7.292071e+00 +1.305914e+02 -1.983041e+04 -2.576307e+05 +1.262899e+09 +2.450450e+09 -7.516204e+10 +4.817184e+12 +1.846992e+14 +1.045496e+17 -2.938484e+20   -1.305060e-07 +1.048034e-04 +5.466249e-04 +2.058892e-02 +1.344774e+00 -2.867485e+01 +4.138858e+03 -6.504235e+05 -2.319744e+08 -2.728878e+09 +2.571556e+10 +6.124623e+12 -1.083462e+15 +1.650486e+17 +4.081467e+19   
S15-011   +1.677974e+02   +2.749957e-07 +4.882415e-05 -2.145357e+00 -7.805556e-02 -3.765958e+00 +5.539242e+01 -1.116837e+04 -1.847679e+05 +1.353736e+09 +7.345889e+08 +4.084545e+10 -7.407433e+11 +4.157487e+14 +8.806686e+16 -3.189871e+20   +2.340880e-07 +8.839380e-05 -1.467999e-03 +4.794024e-02 -4.123312e+00 +1.087791e+01 +6.029736e+03 -1.026826e+05 -1.276550e+08 -8.861603e+08 +8.575175e+10 +3.661075e+11 -2.392857e+14 +3.342428e+16 +4.620836e+18   
S15-012   +1.677979e+02   +3.610240e-07 +6.499366e-05 -2.146444e+00 -1.183487e-01 -4.452528e+00 +1.469832e+02 -1.360158e+04 -5.580036e+05 +1.363207e+09 +1.749282e+09 +1.714703e+10 -4.547413e+12 +7.199166e+14 +1.090490e+17 -3.201196e+20   +1.088835e-07 +8.627456e-05 -1.141774e-03 -1.038469e-02 -3.444886e+00 +2.157603e+01 +4.557208e+03 -1.135588e+05 -1.574908e+08 -5.918747e+08 +1.510265e+11 +3.030817e+12 -3.910426e+13 +7.154124e+16 +3.708431e+18   
S15-013   +1.677981e+02   +3.430547e-07 +6.833176e-05 -2.142718e+00 +3.346970e-02 -6.201667e+00 -2.028120e+02 -1.806651e+04 +5.995074e+04 +1.307845e+09 +2.145316e+09 +9.625645e+10 +4.725443e+11 +1.045936e+15 +8.887520e+16 -3.085155e+20   +2.784712e-08 +1.405618e-04 -4.214672e-04 -3.158876e-02 +4.995611e+00 +1.210027e+02 -6.579145e+03 -3.819654e+05 -1.743013e+08 +2.916185e+08 +2.094661e+11 -1.407660e+13 +3.012144e+14 +1.374398e+17 +2.154464e+19   
S15-015   +1.677991e+02   +2.085249e-07 +7.446548e-05 -2.145660e+00 +4.389175e-03 -4.297304e+00 -4.001672e+02 -1.163760e+04 +4.286253e+04 +1.445256e+09 -6.262119e+08 -5.296417e+10 +5.286864e+12 +4.366669e+14 +5.437976e+16 -3.214307e+20   -2.866270e-07 +1.088486e-04 -7.259020e-04 -3.972384e-02 +2.375589e-02 +8.142374e+00 +6.883887e+03 -2.320493e+05 -2.623390e+07 -6.760936e+08 +1.769607e+10 +2.359471e+12 -7.233668e+14 +1.300552e+17 -3.294357e+18   
S15-019   +1.677982e+02   +3.372319e-08 +5.750523e-05 -2.146000e+00 -6.573032e-02 -3.903924e+00 +2.942042e+01 -1.116025e+04 -3.338629e+05 +1.346507e+09 +8.954786e+08 -1.188805e+11 +5.536009e+12 +5.580746e+14 +1.225575e+17 -3.020724e+20   -2.091431e-08 +1.285451e-04 +5.511970e-04 -5.227799e-02 -7.640320e+00 +1.234046e+01 +1.370250e+04 -3.162304e+05 -1.941309e+08 -3.124786e+08 +9.985483e+10 -3.851587e+12 -5.429691e+14 +8.470836e+16 +2.925955e+19   
S15-020   +1.677971e+02   +2.033704e-07 +6.936359e-05 -2.146574e+00 -5.067428e-02 -2.005626e+00 -8.050795e+01 -8.196977e+03 +6.581103e+04 +1.450697e+09 +5.150890e+08 -1.467208e+11 +1.170876e+13 +5.990550e+14 +4.001024e+16 -3.213312e+20   +1.173317e-07 +1.049548e-04 -1.799060e-03 +1.187953e-02 -7.498008e-01 +4.154699e+01 +7.504063e+02 -2.057246e+05 -1.029573e+08 -1.845110e+08 +1.289090e+11 -5.452843e+12 -4.270496e+14 +1.124095e+17 -1.897426e+19   
S15-022   +1.677963e+02   +1.765087e-07 +9.413098e-05 -2.143729e+00 -5.261759e-02 -6.938347e+00 +4.041333e-01 -1.779673e+04 -2.637066e+05 +1.459862e+09 +1.597265e+09 +1.021120e+11 -5.527209e+11 +1.006243e+15 +9.088943e+16 -3.285748e+20   -6.976316e-08 +1.077793e-04 -1.023602e-03 -2.114056e-02 +6.986698e+00 +2.330216e+01 -1.280731e+04 -2.626427e+04 -1.688196e+08 +2.147865e+08 -1.182935e+11 -7.055191e+12 +5.104362e+14 +8.034003e+16 -1.516172e+19   
S15-023   +1.677979e+02   +2.228435e-07 +1.049997e-04 -2.145113e+00 +3.472648e-02 -2.452989e+00 +5.083157e+02 -7.478651e+03 +2.749926e+04 +1.416146e+09 -7.829395e+08 +1.878864e+10 -1.272905e+12 +3.805844e+14 +5.506062e+16 -3.190405e+20   +1.569179e-07 +9.414724e-05 -8.878848e-04 +1.595430e-02 +2.549903e-01 -1.085885e+01 -2.149668e+03 +1.461768e+05 -3.169403e+07 -2.573848e+09 +4.358966e+10 +3.578867e+12 +1.573818e+14 +4.736296e+16 -4.260400e+18   
S15-024   +1.677973e+02   +3.154169e-07 +1.167498e-04 -2.144956e+00 -5.948173e-02 -7.891653e+00 -5.263129e+01 -1.999958e+04 -3.067956e+05 +1.299519e+09 -2.164720e+09 -8.859916e+09 +4.038211e+12 +1.082088e+15 +1.047582e+17 -2.954214e+20   -4.734806e-08 +1.284488e-04 -5.315381e-04 -3.751092e-02 -7.069279e-01 -2.260032e+01 -2.233251e+03 -3.202721e+05 -2.601774e+08 +1.292963e+09 +2.194988e+10 +1.002008e+13 +7.442706e+14 +1.447493e+17 +3.438552e+19   
S15-025   +1.677983e+02   +2.258609e-07 +9.999577e-05 -2.144121e+00 -1.758808e-02 -2.739728e+00 -1.427936e+02 -1.055846e+04 -2.167819e+05 +1.295284e+09 -5.004467e+08 -5.760619e+10 -3.765473e+12 +1.237766e+15 +1.344412e+17 -2.947317e+20   -9.955154e-08 +1.583386e-04 -4.910670e-04 -6.776982e-02 -2.284313e+00 +3.513052e+01 +5.160130e+03 -1.428678e+05 -2.349113e+08 -2.040275e+08 -1.719252e+11 -7.994431e+12 -4.395691e+14 +1.525694e+17 +3.029004e+19   
S15-028   +1.677988e+02   +2.942979e-07 +1.173877e-04 -2.143086e+00 -6.580971e-02 -2.267569e+00 +1.904198e+02 -9.205918e+03 -5.808683e+05 +1.276004e+09 +1.820989e+09 +7.577879e+08 -3.870311e+12 +1.132760e+15 +1.269616e+17 -2.954547e+20   -1.581825e-07 +1.207621e-04 -4.679994e-04 -1.731773e-02 +2.594889e+00 +4.930705e+00 -2.564279e+03 -3.180544e+05 -2.669666e+08 +3.907284e+08 +9.957735e+10 +6.917052e+12 -3.987472e+13 +1.152164e+17 +3.094786e+19   
S15-039   +1.678012e+02   -1.445192e-07 +6.590877e-05 -2.143867e+00 +1.618437e-02 -1.176767e+01 -1.160423e+02 -2.256446e+04 +1.802889e+05 +1.438856e+09 +1.157291e+08 +9.731790e+10 +5.266665e+12 +7.520816e+14 +5.275013e+16 -3.178233e+20   +1.201464e-07 +9.881294e-05 -8.260340e-04 +5.292881e-02 -5.727230e+00 +3.924688e+01 +9.669818e+03 -5.339072e+05 -2.784329e+07 -6.074611e+08 +8.728698e+10 -3.991468e+12 -8.450571e+14 +1.420940e+17 -7.132100e+18   
S15-042   +1.677983e+02   +1.035786e-07 +8.891830e-05 -2.148192e+00 -8.576124e-02 -1.227956e+00 -1.748006e+02 -4.060049e+03 +3.691323e+04 +1.427607e+09 +2.950149e+09 +4.606200e+09 +1.582681e+12 -1.491682e+14 +9.373593e+16 -3.207097e+20   -4.896948e-08 +1.234505e-04 -1.265262e-03 -6.670205e-02 +6.274688e+00 -4.202294e+01 -8.053627e+03 -2.860692e+05 -1.789940e+08 -6.254259e+08 -6.738853e+10 -4.900034e+12 -5.472261e+14 +8.903344e+16 +4.359101e+18   
S15-049   +1.677989e+02   +7.173617e-08 +8.446807e-05 -2.142063e+00 -1.570357e-02 -5.918249e+00 +1.634661e+02 -1.476007e+04 -1.533909e+05 +1.413009e+09 +3.952416e+07 +6.317187e+10 +2.071636e+12 +1.368905e+14 +5.821175e+16 -3.136559e+20   -1.397747e-07 +1.279652e-04 +1.454105e-04 -6.231465e-02 +3.277849e+00 -5.899227e+00 -6.904503e+02 +1.196886e+05 -8.172688e+07 -2.392209e+08 -9.859421e+09 -1.873815e+12 -1.525966e+14 +1.011768e+17 +4.445598e+18   
S15-063   +1.677969e+02   +6.653216e-08 +8.390793e-05 -2.141901e+00 -3.671211e-02 -3.915059e+00 +1.495001e+02 -9.608396e+03 -2.245648e+05 +1.440283e+09 -4.415402e+06 +6.752693e+10 -8.568263e+10 +5.927659e+14 +9.736723e+16 -3.221182e+20   +4.112372e-07 +1.382294e-04 -4.843151e-04 -1.188685e-01 -9.064101e+00 +5.248693e+01 +1.264324e+04 +1.523535e+05 -8.446759e+07 +1.633569e+09 +1.172310e+11 +6.666357e+11 -5.341221e+14 +1.110751e+17 -1.538266e+18   
S15-064   +1.677963e+02   +2.990955e-07 +5.284747e-05 -2.143671e+00 -4.609554e-02 -4.259373e+00 +2.468046e+02 -1.219621e+04 -2.318105e+05 +1.407406e+09 -3.025188e+08 +1.890436e+10 -3.361479e+12 +7.277657e+14 +5.538921e+16 -3.257650e+20   +6.605706e-08 +9.109480e-05 +2.751821e-04 +3.491092e-02 -7.439413e+00 +1.883763e+01 +1.388320e+04 -2.839752e+05 -8.817382e+07 -9.559251e+08 +1.200253e+11 +5.215722e+11 -4.184059e+14 +1.120120e+17 +3.680873e+16   
S15-065   +1.677979e+02   +2.785704e-07 +8.822518e-05 -2.141036e+00 -2.739731e-02 +8.145042e-01 -1.793401e+02 -3.852059e+03 +4.204463e+04 +1.388220e+09 +7.986143e+08 -2.047411e+11 +5.932292e+12 +4.819595e+14 +5.943867e+16 -3.154424e+20   +1.004019e-07 +1.246391e-04 -1.508884e-04 -4.969625e-02 -4.395363e-01 +3.104951e+00 +2.518499e+03 -1.458478e+05 -1.487013e+08 +1.571604e+08 +1.214707e+11 +2.668315e+12 -1.370272e+15 +1.050680e+17 +5.588008e+18   
S15-067   +1.677997e+02   +1.866961e-07 +5.541838e-05 -2.140746e+00 -3.095532e-02 -8.609956e+00 -6.918439e+01 -2.209295e+04 -1.203328e+05 +1.413952e+09 +3.522674e+08 +7.087873e+10 -7.109029e+10 +9.838015e+14 +6.299821e+16 -3.150864e+20   -9.657872e-08 +1.059151e-04 +2.064702e-04 -1.924166e-03 -4.751185e-01 +4.138486e+01 +3.514076e+03 -3.859090e+05 -7.789829e+07 -5.262896e+08 +3.337926e+10 +5.416966e+12 -2.275968e+14 +1.053523e+17 -5.985046e+17   
S15-068   +1.677976e+02   -6.512978e-09 +7.756142e-05 -2.142491e+00 -3.488935e-02 -6.068496e+00 +3.043544e+02 -1.232859e+04 -8.196696e+04 +1.411930e+09 -2.459098e+07 +3.614441e+10 -1.819975e+12 +5.450460e+14 +7.719020e+16 -3.186199e+20   +1.359000e-07 +1.062720e-04 -2.778801e-05 -5.043265e-02 +5.963899e-01 +1.710884e+01 -1.262951e+03 -1.285020e+05 -7.638733e+07 +3.868963e+08 +3.753237e+10 -5.454809e+11 -2.068131e+14 +1.316946e+17 -2.305492e+17   
S15-071   +1.677970e+02   +1.097088e-07 +1.056741e-04 -2.140959e+00 -6.664458e-03 -7.134704e+00 +1.322027e+02 -1.810889e+04 -1.937822e+05 +1.393496e+09 -1.515715e+08 +1.727067e+10 -1.031931e+12 +6.712981e+14 +8.649702e+16 -3.191213e+20   -2.690986e-09 +1.203687e-04 -7.830498e-04 -5.250206e-03 -1.362716e+00 +3.681473e+01 +5.869288e+03 -2.246312e+05 -3.173999e+07 +5.240229e+07 +2.433139e+10 +9.879581e+11 -5.394113e+14 +1.306486e+17 +9.439406e+17   
S15-073   +1.677978e+02   +1.468348e-07 +1.426464e-04 -2.142051e+00 -2.156439e-02 -8.219661e+00 -4.071606e+01 -1.798007e+04 -3.137924e+05 +1.389250e+09 +1.669089e+08 -2.688395e+09 +2.081728e+12 +6.849577e+14 +1.416176e+17 -3.209063e+20   +1.351571e-07 +1.161910e-04 -5.238275e-04 +2.652892e-02 +9.877066e-01 +2.732826e+00 -1.116349e+03 -3.819023e+05 -3.762863e+07 -4.085748e+08 +1.965203e+09 -7.366205e+11 +3.686998e+12 +1.375516e+17 -2.655663e+16   
S15-074   +1.677984e+02   +2.235695e-07 +9.734872e-05 -2.142185e+00 -3.616801e-02 +2.214801e+00 +4.716631e+01 -1.455905e+02 -3.031686e+05 +1.391359e+09 -1.332959e+08 -7.735294e+10 +1.331939e+12 +1.916334e+14 +9.690909e+16 -3.203547e+20   -1.314423e-07 +1.148026e-04 -6.697775e-04 -2.495691e-02 +4.412922e-02 -1.018878e+01 +5.431658e+03 -2.483854e+05 -4.131023e+07 +1.905198e+08 +3.086428e+10 -1.484772e+12 -7.885784e+14 +1.255693e+17 +2.180846e+18   
S15-075   +1.677993e+02   +3.148998e-07 +1.412216e-04 -2.143083e+00 -3.483756e-02 -1.958394e+00 -1.224816e+02 -1.022725e+04 -4.275436e+05 +1.390036e+09 +1.212696e+08 -3.841580e+10 +8.432592e+11 +8.303896e+14 +1.536981e+17 -3.202627e+20   +1.187286e-07 +1.315062e-04 -4.522376e-05 -4.377260e-02 -4.043252e+00 +3.592814e+01 +8.919155e+03 -7.363416e+04 -2.545961e+07 -2.465452e+08 +5.922066e+10 -4.010553e+09 -6.598800e+14 +1.263592e+17 -1.022168e+18   
S15-077   +1.677981e+02   +6.909214e-09 +9.484750e-05 -2.140907e+00 -3.697151e-02 -7.656207e+00 +1.656631e+02 -1.655490e+04 -4.041360e+05 +1.377068e+09 +1.134499e+08 +1.026044e+11 +1.294664e+12 +6.527440e+14 +1.306098e+17 -3.130052e+20   -3.427856e-08 +1.373749e-04 +6.007333e-04 +1.710618e-02 -5.625734e-01 -1.760494e+01 +4.797026e+03 -2.772319e+05 -1.313389e+08 -2.891794e+07 +5.272768e+10 +4.561806e+12 -2.388653e+14 +1.893269e+17 -4.711460e+18   
S15-080   +1.677987e+02   +2.603236e-07 +1.234664e-04 -2.139851e+00 -4.919411e-02 -6.130792e+00 -1.800554e+01 -1.600435e+04 -4.878299e+05 +1.404817e+09 +7.144090e+08 +1.866725e+10 +3.187952e+12 +1.293854e+15 +1.417713e+17 -3.268435e+20   +1.702806e-07 +1.395202e-04 +3.662861e-04 -5.326765e-02 -2.746304e+00 +5.430858e+01 +4.895494e+03 -8.619441e+04 -2.134328e+08 -4.526481e+07 +1.065053e+10 -2.559383e+12 +1.416369e+14 +1.509259e+17 -2.666557e+18   
S15-081   +1.677981e+02   +2.207251e-07 +1.184900e-04 -2.140973e+00 -1.293818e-02 -8.243925e+00 +2.672071e+02 -1.972818e+04 -5.659127e+05 +1.390475e+09 -1.589780e+09 +1.537998e+11 +2.820105e+12 +1.130634e+15 +1.749508e+17 -3.122812e+20   -5.870940e-08 +1.145150e-04 +7.444470e-05 +4.532985e-02 +1.538223e+00 +4.551633e+01 -1.475859e+02 -2.221498e+05 -2.604336e+08 +9.338407e+08 -5.316047e+10 -1.129268e+13 -1.126686e+14 +5.261880e+16 +9.234074e+18   
S15-082   +1.677983e+02   +1.012581e-07 +2.997833e-05 -2.141180e+00 -4.820498e-02 -4.894649e+00 +3.324790e+01 -1.319019e+04 +2.836028e+05 +1.382282e+09 -7.989157e+08 +2.334261e+10 -9.872794e+11 +1.782217e+15 -7.951535e+16 -3.196689e+20   -3.961427e-08 +6.405905e-05 +4.388842e-04 -1.115559e-02 +1.185268e-01 -2.482210e+01 +1.214111e+03 -1.294950e+05 -2.419708e+08 -8.107746e+07 -1.506376e+10 +1.889071e+13 -2.056282e+14 +1.309123e+17 -7.417668e+18   
S15-083   +1.677971e+02   +1.907173e-07 +6.128896e-05 -2.140508e+00 -5.148287e-02 -3.139929e+00 -3.618166e+00 -1.128707e+04 +1.517181e+04 +1.378301e+09 +2.223802e+08 -8.403775e+10 +6.465434e+12 +7.790802e+14 +6.582575e+16 -3.174369e+20   -5.156105e-08 +6.660783e-05 -8.322075e-04 +5.052071e-02 +2.784278e+00 +2.736043e+01 -1.873181e+03 -1.537519e+05 -3.110835e+08 +4.866760e+08 +5.746698e+10 -8.650859e+11 -9.860772e+14 +7.937968e+16 -3.419625e+18   
S15-084   +1.677969e+02   +1.861597e-07 +9.140419e-05 -2.141369e+00 -6.527779e-03 -6.819268e+00 +1.460837e+01 -1.381885e+04 -1.156502e+05 +1.348051e+09 -2.018310e+09 +2.552055e+11 -1.425401e+13 +2.830422e+14 +6.381411e+16 -3.306281e+20   +8.929998e-08 +1.000839e-04 -5.081645e-04 -1.933353e-02 +7.887226e+00 +1.412063e+01 -1.394768e+04 -1.397465e+05 -2.937821e+08 +7.786133e+07 -7.382711e+10 -4.475850e+12 +2.967498e+14 +9.685101e+16 +2.631195e+18   
S15-085   +1.677977e+02   +2.792685e-07 +5.752249e-05 -2.142916e+00 -4.305548e-02 +1.627776e+00 -1.289375e+02 -2.512484e+03 -1.433342e+05 +1.352756e+09 -3.699598e+08 +8.315710e+09 -4.344223e+11 +1.233233e+15 -8.535850e+15 -3.276376e+20   -8.774930e-08 +7.255290e-05 -4.217485e-05 -1.463844e-02 -7.833206e-01 +2.668122e+00 +5.343521e+03 -3.253427e+04 -3.760000e+08 -1.800481e+08 +5.763612e+10 +7.200939e+12 +2.057586e+14 +6.197278e+16 +1.498147e+19   
S15-086   +1.677974e+02   +1.024623e-07 +5.517020e-05 -2.142999e+00 -2.552176e-02 -2.790794e+00 +8.267947e+01 -5.744774e+03 +8.431835e+04 +1.324210e+09 -1.488269e+09 -1.016193e+11 -1.244986e+13 -1.671875e+14 -3.585471e+16 -3.175175e+20   +8.783384e-08 +7.577835e-05 -1.563608e-04 -1.696109e-03 -3.361337e+00 -4.648703e+01 +8.832682e+03 -8.436293e+04 -3.641640e+08 +1.063699e+09 -1.355404e+11 +1.002058e+13 -1.236250e+15 +9.141864e+14 +2.171403e+19   
S15-088   +1.677978e+02   +8.085118e-08 +6.814601e-05 -2.145107e+00 -2.676289e-02 -1.263084e+00 +3.869769e+01 -4.325992e+03 -2.908548e+05 +1.250671e+09 +1.169026e+09 +9.322017e+10 -1.016172e+12 +6.903595e+14 +8.065219e+16 -2.992188e+20   +4.740140e-09 +9.542765e-05 -1.833556e-04 -1.020239e-02 +2.072288e+00 +1.903502e-01 -4.028258e+03 -3.195143e+05 -2.153805e+08 +1.300287e+09 +6.065586e+10 +1.303150e+12 -1.483155e+14 +1.133173e+17 +2.505710e+19   
S15-089   +1.677980e+02   +1.051228e-07 +7.712678e-05 -2.143958e+00 -3.647867e-02 -3.053125e+00 +2.756726e+02 -7.930458e+03 -3.583717e+05 +1.232179e+09 +1.985605e+09 -2.665358e+10 -9.035680e+12 +7.429540e+14 +8.470500e+16 -2.917517e+20   +1.193158e-07 +1.210525e-04 +2.255126e-04 -2.809216e-02 -1.385949e+00 +1.280875e+01 +2.755585e+03 -2.643690e+05 -1.998552e+08 -7.194210e+06 +5.736528e+10 +1.597070e+12 -7.268346e+14 +5.719389e+16 +2.674829e+19   
S15-090   +1.677983e+02   +1.909799e-08 +7.044654e-05 -2.144805e+00 -2.886312e-02 -1.413908e+00 +6.999254e+01 -4.376258e+03 -1.111903e+05 +1.229834e+09 -1.253812e+08 +2.237562e+10 -2.712600e+12 +7.534087e+14 +6.074102e+16 -2.984649e+20   -1.148230e-07 +1.115027e-04 +6.769705e-04 -5.870945e-02 +3.274145e-01 +2.804454e+00 -2.488044e+02 -2.935271e+04 -2.392425e+08 +1.767166e+09 -4.855997e+10 -1.286562e+12 -1.317184e+14 +5.784013e+16 +2.973783e+19   
S15-094   +1.677980e+02   +2.099457e-07 +1.549594e-05 -2.148225e+00 -7.449082e-03 -1.191915e+00 +4.168688e+01 -5.060637e+03 +9.947473e+04 +1.352626e+09 -5.239133e+08 -7.322513e+10 -1.017404e+12 +5.084832e+13 +4.605317e+16 -3.227739e+20   +3.250216e-08 +1.027125e-04 -1.517546e-03 -4.828300e-02 -1.015072e+00 +4.813104e+01 +2.419741e+03 -1.932078e+05 -7.960339e+07 +9.731654e+08 -1.264707e+10 -1.826279e+12 -4.802666e+14 +7.412943e+16 +7.073308e+18   
S15-095   +1.677997e+02   -2.615504e-08 +3.671234e-05 -2.146113e+00 -1.916931e-03 -4.750200e+00 +6.434719e+01 -7.199977e+03 +2.089730e+05 +1.333716e+09 -3.231724e+09 +7.015734e+10 -1.179899e+12 +7.627576e+14 -7.493613e+16 -3.380948e+20   +8.686106e-08 +1.060023e-04 -3.091970e-04 -2.667597e-02 -4.027855e+00 +1.268927e+01 +9.519344e+03 -4.738305e+05 -4.258381e+08 +1.863976e+08 +2.184765e+11 -2.666868e+12 -1.070501e+15 +1.398240e+17 +1.233226e+19   
S15-096   +1.677991e+02   +3.208967e-07 +2.477168e-05 -2.146093e+00 -7.461619e-02 -5.075019e-01 -1.361059e+02 -2.286164e+03 -3.656359e+05 +1.346479e+09 +6.240898e+08 -1.327325e+11 -3.293850e+12 +3.695879e+14 +1.619686e+17 -3.364068e+20   -1.111591e-07 +8.961717e-05 -5.851820e-04 -1.647174e-02 +1.404739e+00 +2.477706e+01 +1.890873e+03 -1.024792e+05 -3.910227e+08 +1.981507e+09 +7.300701e+10 -2.959239e+12 -4.741589e+14 +8.674021e+16 +4.083378e+18   
S15-097   +1.677986e+02   +6.531926e-08 +2.151790e-05 -2.145082e+00 -5.956478e-02 -1.088722e+01 -5.107632e+01 -1.979713e+04 -2.679929e+05 +1.337993e+09 -2.345168e+09 -7.431147e+10 -1.553320e+11 +2.830638e+14 +7.947087e+16 -3.197182e+20   +5.436510e-09 +1.045441e-04 +1.712349e-04 +1.531121e-03 +2.316041e+00 -1.509576e+01 -5.680468e+03 -5.832468e+05 -4.455198e+08 -9.063943e+08 +1.564269e+11 +8.183423e+12 +3.597062e+14 +1.556471e+17 +1.153082e+19   
S15-098   +1.677997e+02   +3.623610e-07 +3.690598e-05 -2.145675e+00 -6.631466e-02 -1.164016e+00 -1.204610e+02 -3.113955e+03 -1.180241e+05 +1.347431e+09 +8.222255e+08 +4.696735e+10 +2.502029e+12 -8.149782e+14 +8.187774e+16 -3.241890e+20   +6.038998e-08 +8.787799e-05 -4.176003e-04 +6.361001e-03 -3.149541e-01 +1.359104e+01 +2.367021e+03 -9.240070e+04 -3.779171e+08 +5.215729e+08 +1.103248e+11 -4.181564e+12 -9.372758e+14 +3.662075e+16 +7.564435e+18   
S15-108   +1.677982e+02   +2.686131e-07 +5.495984e-05 -2.145699e+00 -2.790316e-02 -5.394457e+00 +5.171655e+01 -1.239158e+04 -8.508989e+04 +1.433034e+09 -1.051037e+08 +3.441420e+10 +3.922089e+12 +5.981077e+14 +5.522458e+16 -3.217040e+20   -1.568773e-07 +9.674335e-05 -8.886591e-04 -3.571428e-02 +2.273785e+00 +5.825488e-01 +4.021082e+02 -1.766852e+05 -3.263094e+07 -5.108992e+07 -4.232533e+10 -3.318833e+11 -4.294575e+14 +9.507218e+16 -1.033636e+18   
S15-112   +1.677975e+02   +2.994494e-07 +1.885031e-05 -2.144363e+00 -9.833019e-03 +5.493517e-01 -7.305997e+01 -5.054373e+03 -2.138443e+05 +1.415317e+09 -1.379879e+09 -1.740622e+11 +3.109343e+12 +3.388556e+13 +2.484033e+16 -3.119330e+20   -1.374242e-07 +8.402122e-05 -9.352177e-04 +2.634674e-02 +4.170987e-02 +6.194198e+01 +4.067620e+03 -3.743313e+05 -1.717367e+08 -6.505949e+08 -8.169830e+10 -1.512910e+13 -7.325210e+13 +9.124808e+16 +7.103097e+18   
S15-114   +1.677976e+02   +3.047396e-07 +4.963938e-05 -2.146186e+00 -1.498546e-02 +4.492276e-01 -8.650303e+01 -4.790792e+03 -9.532937e+04 +1.473649e+09 +1.860656e+08 -1.146762e+10 +4.947282e+12 +8.142155e+14 -6.668176e+15 -3.356077e+20   -1.142975e-08 +8.286370e-05 -1.723520e-04 +2.142661e-02 +4.019367e-02 +1.958158e+01 +1.774064e+03 -4.106757e+05 -1.503094e+08 +1.634094e+09 -6.468054e+10 +2.962520e+12 +6.025146e+13 +1.261514e+17 -1.437980e+19   
S15-115   +1.677987e+02   +2.369789e-07 +5.086377e-05 -2.143366e+00 +9.337426e-04 -2.627770e+00 +7.261779e+01 -1.427649e+04 -2.535784e+05 +1.300633e+09 +5.898985e+08 +1.508789e+11 -7.377578e+12 +1.286809e+15 +8.486413e+16 -2.836613e+20   +1.065136e-07 +1.221487e-04 +2.448380e-05 -3.921487e-02 -1.947965e+00 +3.902761e+01 +1.558707e+03 -2.161657e+05 -3.539521e+08 +8.395566e+08 -1.743801e+11 -9.189922e+12 +7.653230e+14 +3.972945e+16 +6.514258e+19   
S15-125   +1.677981e+02   +1.895176e-07 +6.426175e-05 -2.143314e+00 -1.088065e-02 -3.387143e+00 +6.536194e+01 -3.794988e+03 -1.411098e+05 +1.411754e+09 +2.944589e+08 +8.101498e+10 +1.042092e+13 -1.705487e+14 +9.741564e+16 -3.184016e+20   -2.060561e-07 +9.199925e-05 -1.663431e-03 -2.374409e-02 +2.952402e+00 +6.920942e+01 +1.151731e+03 -5.753044e+04 -3.827273e+08 +1.329276e+09 -8.395167e+10 -9.766046e+12 -5.688737e+14 +6.776495e+16 +1.068236e+19   
S15-129   +1.677988e+02   +4.321984e-07 +4.164011e-05 -2.143468e+00 -1.482916e-02 -3.201210e+00 +1.890679e+02 -6.892350e+03 -1.661579e+04 +1.425405e+09 -6.266380e+08 +9.373917e+10 -1.671788e+12 -5.447160e+13 +3.991190e+16 -3.236977e+20   -3.084666e-07 +6.557425e-05 -1.753527e-03 +5.428797e-02 +2.570273e+00 -2.144523e+01 +2.853849e+02 -2.082088e+05 -7.860158e+07 -1.088195e+09 -9.667352e+09 +3.354032e+12 -4.735679e+14 +8.654663e+16 +4.388244e+18   
S15-135   +1.677978e+02   +1.595673e-07 +4.004345e-05 -2.145536e+00 +5.632664e-03 -2.009629e+00 -5.754608e+00 -3.995955e+03 -1.973029e+05 +1.415308e+09 -8.225448e+08 -6.580468e+10 -2.390000e+12 -6.117363e+12 +2.157791e+16 -3.212494e+20   +4.437875e-08 +8.564904e-05 -6.236357e-04 -1.047457e-02 -1.549451e+00 +2.653916e+00 +3.677641e+03 -2.138504e+05 -1.295158e+08 +4.026735e+08 +4.695882e+10 +2.174326e+12 -6.219581e+14 +1.539718e+17 +3.875209e+18   
S15-144   +1.677983e+02   +5.961407e-08 +6.892340e-05 -2.141063e+00 +4.235796e-02 -6.335750e+00 +2.338275e+02 -1.974080e+04 +8.601678e+05 +1.395385e+09 -1.488237e+09 +1.723609e+11 -7.206932e+12 +1.507102e+15 -1.112450e+16 -3.107247e+20   -3.658106e-08 +8.386658e-05 -2.631819e-04 -9.810785e-03 -1.395270e+00 -1.254703e+01 +1.462796e+04 +5.469355e+04 -5.002326e+08 +3.920180e+09 +1.328770e+11 -4.726170e+12 -2.532740e+15 +5.635021e+16 +1.978763e+19   
S15-147   +1.677988e+02   +1.880994e-07 +6.266833e-05 -2.143109e+00 -1.203039e-01 -3.640361e+00 +1.457824e+02 -1.196405e+04 -3.707257e+05 +1.444037e+09 +1.131061e+09 -9.264196e+10 -3.688710e+12 +5.872456e+14 +7.740133e+16 -3.192869e+20   +1.020184e-07 +1.119425e-04 +1.562650e-04 -3.557598e-02 -1.253845e+00 +1.951216e+01 +1.753314e+02 -2.353051e+05 -1.500814e+08 -7.998508e+08 +5.679724e+10 -2.717017e+11 -2.732508e+14 +1.123587e+17 +8.587219e+18   
S15-150   +1.677977e+02   +1.117924e-07 +1.442326e-05 -2.142971e+00 -1.310202e-03 -6.803198e+00 +9.569315e+01 -1.827235e+04 +2.517536e+05 +1.470851e+09 -1.113649e+09 +5.679438e+10 -1.025222e+13 +1.219964e+15 -1.033879e+16 -3.284109e+20   +1.741738e-07 +9.727976e-05 -1.258592e-03 -2.713932e-02 -2.293587e+00 +2.652585e+01 +1.785827e+03 -2.212935e+05 -1.308272e+08 +2.174490e+09 +2.362517e+11 +2.657380e+12 -3.188659e+14 +1.545502e+17 -1.883106e+19   
S15-151   +1.677985e+02   +3.108154e-07 +4.837736e-05 -2.139900e+00 -3.134744e-02 -2.187856e+00 +1.741125e+02 -8.599958e+03 -3.506319e+05 +1.383225e+09 +4.357720e+08 -4.629302e+10 -4.004818e+12 +4.643086e+14 +1.798785e+17 -3.153842e+20   -1.794764e-07 +1.154647e-04 +3.944410e-04 -5.071669e-02 +1.605020e+00 -5.426366e+00 +1.093515e+03 -3.923803e+05 -2.225531e+08 +1.214051e+09 +3.850354e+10 -1.584602e+12 -2.377239e+13 +1.694957e+17 +2.011856e+19   
S15-152   +1.677983e+02   +2.391747e-07 +5.390102e-05 -2.141109e+00 -4.321181e-02 -2.624679e+00 -1.102735e+02 -1.000226e+04 -4.139429e+05 +1.402666e+09 +1.241103e+08 -2.809806e+10 +4.208487e+12 +3.087232e+14 +1.163490e+17 -3.140047e+20   +6.413319e-08 +1.024003e-04 +3.295896e-04 +1.589408e-02 -7.472930e-01 +1.817073e+01 +1.647131e+03 -4.238800e+05 -2.060601e+08 -2.342556e+09 +3.416471e+10 +3.007124e+12 +3.957981e+14 +1.323764e+17 +5.512579e+18   
S15-153   +1.677989e+02   +3.643542e-07 +4.504926e-05 -2.140352e+00 -8.676142e-03 -2.792011e+00 +1.124245e+02 +5.313377e+02 -3.999124e+05 +1.323645e+09 -5.016314e+09 -6.251209e+10 -2.690106e+13 -1.399239e+15 +3.937130e+16 -2.987129e+20   -1.096260e-07 +8.678138e-05 +8.409775e-04 -1.793803e-02 +8.094719e-01 -3.163346e+01 +1.339955e+03 -3.439064e+05 -7.820850e+08 -1.668694e+09 +3.151956e+09 +6.636176e+12 -2.415475e+13 +1.851135e+17 +1.527360e+18   
S15-158   +1.677984e+02   +3.876622e-07 +5.070414e-05 -2.143838e+00 -3.943066e-02 -2.176458e+00 -5.887537e+01 -1.354765e+04 -1.758432e+05 +1.343381e+09 +4.472344e+08 -1.278342e+11 -2.065895e+12 +1.372988e+15 +1.927677e+16 -2.909580e+20   -6.926216e-08 +1.310321e-04 +9.359166e-04 -3.314632e-02 +1.129370e+00 +6.709623e+00 -3.318913e+03 -3.888604e+05 -2.462649e+08 +1.287674e+09 -6.662161e+10 +1.413334e+13 -1.838512e+13 +6.007376e+16 +3.615577e+19   
S15-160   +1.677978e+02   -7.672568e-08 +3.386769e-05 -2.143284e+00 +2.776404e-02 -3.335299e+00 -8.514349e+01 -6.980586e+03 +8.605762e+04 +1.344158e+09 +5.920983e+08 +8.207974e+09 +8.949593e+12 +3.140684e+14 +4.245471e+16 -2.923165e+20   +8.121352e-08 +1.241321e-04 +1.462344e-03 -1.277081e-02 -2.266277e+00 +1.066838e+01 +3.607161e+03 -3.200628e+05 -2.803548e+08 +9.885028e+08 -4.976321e+10 +6.082952e+11 -1.745719e+14 +9.107372e+16 +3.936488e+19   
S15-161   +1.677971e+02   +9.823763e-08 +5.932280e-05 -2.143337e+00 -6.172252e-02 -2.929513e-01 -7.183301e+01 -3.742590e+03 -2.076060e+05 +1.456551e+09 -1.978415e+08 -4.936725e+10 +3.658303e+12 +4.970355e+14 +7.525225e+16 -3.268048e+20   +2.684953e-07 +1.197685e-04 -3.816298e-05 +3.661261e-02 -8.557997e-01 -9.360609e-01 -9.116761e+02 -3.797444e+05 -1.713155e+08 -6.321957e+08 +3.467471e+10 +7.267879e+12 -3.195357e+14 +1.385915e+17 +8.089824e+18   
S15-163   +1.677981e+02   +1.925435e-07 +8.121022e-05 -2.143056e+00 +2.392170e-03 -4.135116e+00 +1.064243e+02 -1.170834e+04 -1.351453e+05 +1.457740e+09 +6.637781e+08 -7.537046e+10 +2.923805e+12 +5.098545e+14 +4.362426e+16 -3.164805e+20   -1.288886e-07 +1.152539e-04 -4.259520e-04 -1.232684e-02 +6.399614e+00 +4.846559e+01 -1.011926e+04 -8.057088e+03 -4.163818e+07 +6.502326e+08 -5.389916e+10 -3.618203e+12 +4.597891e+14 +7.293414e+16 +1.541708e+18   
S15-169   +1.677980e+02   -6.102725e-08 +6.783668e-05 -2.142156e+00 -3.914687e-03 -6.584453e+00 -9.446179e+01 -1.268841e+04 +1.715410e+04 +1.445310e+09 +3.724294e+07 +2.786412e+10 +7.838985e+12 +5.022935e+14 +4.215461e+16 -3.229570e+20   +1.271270e-07 +1.149638e-04 -8.580508e-06 -2.191014e-02 -2.444169e+00 +7.956197e+00 +4.278208e+03 -3.368883e+05 -9.623476e+07 +5.169977e+08 +9.975989e+10 -3.050052e+11 -3.594059e+14 +1.444124e+17 -2.264908e+18   
S15-173   +1.677979e+02   +2.604135e-07 +4.360162e-05 -2.143146e+00 -8.855170e-02 -4.535705e+00 +2.113952e+02 -4.697869e+03 -3.614124e+05 +1.380869e+09 +3.166239e+08 +8.055589e+10 +3.745798e+12 -6.777105e+14 +5.500471e+16 -3.096524e+20   +1.031237e-07 +1.244255e-04 +2.862328e-04 -6.871939e-03 +2.127291e+00 -9.692285e+00 -4.238430e+03 -1.755793e+04 -1.236330e+08 -8.331266e+07 +2.236348e+10 +5.868604e+12 -2.485637e+14 +7.965785e+16 +3.079966e+18   
S15-178   +1.677986e+02   +1.981457e-07 +5.591407e-05 -2.143073e+00 +1.159041e-04 -3.992073e+00 -3.454306e+01 -9.080630e+03 -1.242296e+05 +1.417030e+09 -7.246544e+08 -9.726356e+09 -1.821279e+12 +2.693803e+14 +7.492440e+16 -3.247318e+20   -3.305272e-08 +1.263899e-04 -1.300064e-03 -2.680698e-02 +1.088599e+00 -2.578331e+01 -1.031674e+03 +1.078858e+05 -1.029516e+08 -8.448706e+08 +2.642182e+10 +3.716470e+12 -6.445566e+14 +4.035970e+16 -1.536813e+19   
S15-182   +1.677980e+02   +1.602536e-08 +6.829974e-05 -2.142397e+00 -5.485835e-02 -3.564930e+00 +6.947020e+00 -8.582832e+03 -4.132324e+05 +1.335711e+09 +1.506565e+09 +4.341879e+10 +4.827208e+12 +3.759567e+14 +1.218763e+17 -3.044623e+20   +1.797793e-07 +1.196761e-04 +6.063225e-04 -3.182431e-04 +1.408751e-01 -1.483670e+01 -2.090655e+01 -4.201451e+05 -2.658426e+08 -3.099975e+08 -5.425251e+09 +5.663172e+12 -6.059804e+14 +1.092147e+17 +3.309989e+19   
S15-196   +1.677977e+02   +3.998917e-07 +7.857593e-05 -2.142324e+00 +1.108192e-02 -8.878793e-01 -8.424502e+01 -7.889131e+03 -2.257046e+05 +1.399925e+09 +2.721077e+08 -2.017174e+10 +5.449512e+12 -3.637794e+14 +6.407174e+16 -3.116260e+20   -7.887510e-08 +1.267014e-04 -8.125278e-04 +6.970489e-03 -8.632353e-01 +6.395421e+01 +2.351998e+03 -4.198111e+05 -3.132641e+08 -2.173358e+09 +8.066159e+10 -5.167453e+12 -4.436977e+14 +9.446995e+16 -1.824696e+18   
S15-198   +1.677974e+02   +1.593181e-07 +6.295884e-05 -2.142289e+00 -1.512759e-02 -5.329039e+00 -5.244612e+01 -9.824872e+03 -4.013718e+04 +1.386977e+09 +1.693520e+09 +3.923344e+10 -2.158564e+12 +2.357090e+14 +3.404777e+16 -3.375536e+20   -9.237962e-08 +1.131184e-04 -8.649294e-04 -4.647789e-02 -9.400956e-02 +2.950946e+01 +2.745669e+03 -1.149092e+05 -3.039747e+08 +4.391103e+08 -1.650416e+10 +4.253732e+12 -6.103587e+14 +1.240913e+17 -1.463892e+19   
S15-200   +1.677990e+02   +2.802944e-07 +5.128767e-05 -2.143518e+00 -4.227160e-02 -3.419153e-01 -4.586645e+01 -3.674356e+03 -4.055010e+05 +1.401249e+09 +3.619372e+09 -1.658318e+11 +1.171915e+13 +7.389955e+14 -4.442671e+16 -3.504968e+20   +6.317296e-08 +1.032599e-04 +7.915244e-05 -1.429445e-02 -1.531367e+00 +8.090960e+01 -3.410653e+03 +5.621232e+05 -5.993570e+08 +2.248664e+09 +2.924150e+11 -1.671456e+13 +1.199859e+14 +1.188663e+17 +1.840081e+18   
S15-201   +1.677974e+02   +2.043375e-07 +5.335782e-05 -2.143866e+00 -3.199992e-02 -5.573335e+00 -2.235289e+02 -1.337859e+04 -8.856103e+04 +1.444941e+09 -6.693530e+07 +4.951491e+10 +6.237033e+12 +3.613083e+14 +4.762978e+16 -3.183319e+20   -3.792713e-07 +9.373918e-05 -1.191079e-03 +2.802512e-03 +2.601869e+00 -2.135275e+00 +1.956299e+03 -2.754733e+05 -1.619235e+07 -6.479332e+08 +1.928321e+10 -7.559027e+10 -7.648217e+14 +1.022580e+17 -3.824860e+18   
S15-202   +1.677989e+02   +2.124635e-07 +9.955238e-06 -2.146370e+00 -1.617003e-03 -3.366546e+00 -3.028060e+01 -9.283613e+03 +1.938180e+05 +1.440760e+09 -3.676702e+08 +6.955880e+10 +4.464508e+12 +3.002341e+14 -2.025220e+16 -3.187083e+20   -1.831616e-07 +8.939630e-05 +7.935946e-05 +2.758435e-02 +1.295288e+00 +1.171064e+01 +2.754937e+03 -3.002777e+05 -2.312981e+07 -1.724671e+09 -3.300748e+10 +4.577023e+12 -4.789781e+14 +9.145614e+16 -5.767283e+18   
S15-203   +1.677976e+02   -6.150893e-09 +5.324396e-05 -2.144280e+00 -1.567308e-02 -4.641591e+00 +1.838321e+02 -1.410426e+04 +2.554463e+05 +1.354262e+09 +4.635621e+08 -1.080193e+11 +4.289555e+12 -8.902469e+14 -9.264352e+16 -3.321797e+20   -3.084073e-08 +9.332064e-05 -3.670448e-04 +2.651527e-02 +1.218550e-01 +2.012525e+01 -6.734316e+02 -2.497953e+05 -4.073066e+08 -1.388540e+09 -1.287341e+11 -7.454046e+12 -1.110591e+15 +5.039420e+16 -1.271334e+19   
S15-204   +1.677987e+02   +2.424611e-07 +6.560301e-05 -2.142785e+00 -1.639582e-02 -3.429435e+00 +1.052608e+02 -8.336489e+03 -5.126995e+05 +1.493220e+09 -6.294167e+08 -3.195401e+10 -2.420854e+13 -8.108895e+14 +1.225181e+17 -4.064759e+20   -1.596907e-07 +9.752716e-05 -3.541500e-04 -2.543418e-02 -3.795554e-01 -4.261619e+01 +2.084353e+03 -2.817928e+05 -6.051549e+08 +6.716691e+08 -5.437170e+10 +1.279712e+13 +1.974420e+14 +1.400955e+17 -1.674983e+18   
S15-205   +1.677967e+02   +1.801741e-07 +9.180115e-05 -2.142697e+00 +1.841662e-02 -4.759409e+00 -1.930168e+02 -1.694384e+04 -1.050851e+05 +1.433335e+09 -1.513272e+09 +1.343154e+11 -1.923848e+12 +1.611504e+15 +1.229855e+17 -3.175638e+20   -2.147870e-07 +1.087947e-04 -1.092802e-03 +3.920201e-02 +4.633878e+00 +1.573647e+01 -3.450626e+03 -3.194631e+05 -3.451958e+08 -4.427819e+08 -1.437171e+11 -3.905560e+12 -4.445671e+13 +1.314112e+17 +4.875499e+18   
S15-208   +1.677983e+02   +3.872618e-07 +7.634034e-05 -2.143120e+00 +2.687927e-02 -2.298954e-01 +1.292819e+01 -7.286778e+03 -1.730584e+04 +1.467145e+09 -1.918919e+08 -5.009878e+10 +5.130820e+11 +5.698467e+14 +7.657783e+16 -3.206088e+20   +2.062107e-07 +1.300527e-04 -4.202538e-04 -6.374701e-02 -3.172850e+00 +1.722019e+01 +5.766252e+03 -2.058772e+05 -2.118192e+07 +3.438626e+08 +9.752113e+10 +1.472160e+11 -5.896622e+14 +1.279119e+17 -3.520627e+18   
S15-211   +1.677993e+02   +1.780153e-08 +5.681840e-05 -2.146167e+00 -1.392792e-02 -1.073510e+00 +1.108862e+02 -1.312416e+03 +5.136895e+04 +1.373053e+09 -2.839376e+08 +7.205066e+10 +6.438930e+12 -2.094269e+14 +1.941310e+17 -3.538289e+20   +8.011631e-08 +9.994958e-05 -7.401014e-04 -1.524669e-02 +1.102527e+00 -3.222493e+01 -1.573089e+03 -1.417320e+05 -5.141397e+08 +1.195836e+09 -5.227018e+10 +5.293434e+12 -6.904677e+14 +1.838750e+16 +8.991492e+18   
S15-214   +1.677990e+02   +5.930934e-09 +7.234686e-05 -2.141228e+00 -1.134734e-04 -2.917237e+00 +5.568217e+01 -5.404726e+03 -3.369006e+05 +1.429232e+09 +8.859123e+08 -5.463733e+10 -6.357982e+12 -1.530750e+13 +6.554914e+16 -3.163536e+20   +4.006012e-08 +1.074646e-04 -8.515438e-04 +5.573263e-02 -2.338105e+00 -2.150705e+01 +8.660028e+03 -3.249609e+05 -2.623421e+08 -2.124467e+09 -1.508392e+11 +7.816376e+12 -1.483842e+15 +1.628723e+17 +1.280814e+19   
S15-217   +1.677993e+02   +2.404121e-07 +5.650468e-05 -2.140718e+00 -8.549374e-02 -4.105589e+00 +2.024262e+01 -1.266739e+04 +5.611851e+04 +1.441568e+09 -6.549509e+08 +5.240429e+10 +1.445362e+11 +1.225686e+15 +4.245207e+16 -3.265775e+20   -2.394342e-07 +1.062701e-04 -1.468856e-04 +9.102088e-03 +5.486106e+00 +2.929232e+01 -7.245918e+03 +2.651363e+05 -3.233342e+08 +3.392024e+09 -2.163567e+11 +1.058599e+12 -4.389865e+14 +3.288108e+16 -3.716759e+19   
S15-224   +1.677976e+02   +1.795239e-07 +6.601954e-05 -2.143668e+00 -6.013411e-02 -7.217243e-01 -1.477760e+02 -4.126386e+03 +8.855246e+04 +1.424865e+09 -1.700188e+08 -4.013412e+10 +4.773896e+12 +2.625905e+14 -8.149360e+16 -3.225571e+20   +1.772097e-07 +1.226584e-04 -4.954168e-04 -7.396465e-03 -3.553287e+00 +3.521606e+01 +6.572371e+03 +2.468973e+05 -3.654635e+08 -2.747001e+08 +2.153014e+11 -8.113853e+12 -5.870067e+14 +9.156132e+16 +4.785358e+18   
S15-225   +1.677986e+02   +8.947923e-08 +7.270478e-05 -2.143338e+00 -5.020721e-02 -2.891631e+00 +1.083637e+02 -3.934246e+03 -1.200214e+05 +1.397662e+09 -1.249362e+09 -1.077755e+11 -2.639091e+11 -3.181554e+14 +2.249176e+16 -3.135794e+20   -7.862998e-10 +1.143719e-04 -7.220847e-04 -1.197545e-02 +1.110673e+00 +2.873386e+01 -1.859119e+03 -3.393370e+05 -3.417944e+08 -4.644775e+08 +1.933635e+11 -1.152061e+13 -2.925616e+13 +6.049252e+16 -8.664482e+18   
S15-226   +1.677994e+02   +1.050774e-08 +4.847687e-05 -2.143485e+00 -6.192275e-02 -5.577855e+00 +2.863702e+01 -1.359588e+04 +4.291326e+04 +1.403254e+09 -5.427333e+08 +1.251304e+11 -3.825033e+12 +1.732146e+15 +6.518879e+16 -3.039894e+20   -1.579112e-07 +1.162510e-04 -5.781359e-04 -3.115858e-02 +3.331026e+00 +1.935856e+01 -3.299996e+03 -2.006899e+05 -3.484156e+08 +2.661202e+09 +1.221983e+11 -7.179984e+12 +1.588007e+13 +1.075695e+17 -1.497715e+19   
S15-233   +1.677977e+02   +1.300449e-07 +6.197379e-05 -2.140982e+00 -4.513018e-03 -5.306936e+00 +1.216774e+02 -9.364664e+03 +6.488969e+05 +1.382238e+09 +5.817427e+08 +1.711074e+11 -2.046054e+13 +1.145474e+15 -4.067826e+16 -3.174631e+20   -2.440815e-07 +9.420022e-05 -1.222389e-04 +2.374947e-02 +2.469894e+00 -2.899291e+01 +2.526529e+03 -3.278742e+05 -5.317233e+08 +6.080804e+08 -2.623236e+10 +1.111193e+13 -1.040371e+15 +2.806752e+16 +7.707871e+18   
S15-235   +1.677964e+02   +1.101331e-07 +5.438462e-05 -2.144095e+00 -5.760470e-02 -6.292513e+00 +8.766618e+01 -1.782107e+04 -2.892746e+05 +1.473240e+09 +2.032289e+09 +6.722266e+10 -5.666029e+12 +1.317904e+15 +1.090098e+17 -3.285975e+20   +6.043020e-08 +1.154013e-04 -8.951861e-04 -1.443069e-02 -2.314440e-02 +5.952662e+00 +3.739707e+03 -1.729629e+05 -2.569971e+08 +2.057887e+08 -5.082669e+10 -3.165791e+12 -3.474336e+14 +1.665389e+17 +1.908872e+18   
S15-241   +1.677978e+02   +1.458679e-07 +5.399334e-05 -2.142389e+00 -5.882626e-02 -3.794464e+00 +6.458958e+01 -1.040807e+04 +1.975527e+04 +1.468967e+09 -2.819010e+09 +4.087545e+10 -4.213674e+12 +6.302782e+14 -1.234303e+15 -3.098876e+20   -1.324265e-07 +1.249438e-04 +4.637822e-04 -7.535725e-02 +2.721107e-01 +1.180853e+01 +3.160724e+03 -1.670042e+05 -3.375161e+08 +2.235796e+09 +7.964544e+10 -5.725635e+12 -7.544920e+14 +1.657035e+17 +1.017127e+19   
S15-243   +1.677986e+02   -5.183615e-08 -1.021510e-05 -2.146199e+00 -3.919085e-02 +2.178595e-01 -1.027018e+02 -8.473396e+02 +2.156961e+05 +1.437098e+09 -1.248916e+08 +7.948964e+09 +3.722001e+12 +3.050574e+13 -1.874609e+16 -3.201998e+20   +2.978228e-08 +1.146737e-04 -1.847975e-04 -3.995365e-02 -3.584831e-01 +1.711023e+01 +1.732031e+03 -2.061911e+05 -2.190775e+07 +4.874275e+08 +4.800070e+10 +1.814023e+12 -4.906844e+14 +1.208610e+17 -3.861264e+18   
S15-247   +1.677979e+02   +1.188875e-07 +5.905632e-05 -2.141990e+00 -5.301848e-02 +8.795259e-01 +1.055044e+02 +2.148613e+03 -4.049999e+05 +1.491720e+09 +1.370059e+08 -8.224900e+10 -8.989856e+12 +2.240573e+14 +7.682265e+16 -3.140779e+20   -1.269841e-07 +9.380397e-05 -6.925087e-04 +6.615464e-02 +1.687196e+00 +9.257261e-01 +2.778133e+03 -2.551885e+05 -2.912447e+08 -2.381224e+08 +2.714246e+11 +4.172444e+12 -4.507196e+14 +1.097887e+17 -1.098089e+19   
S15-250   +1.677979e+02   +1.700714e-07 +5.899083e-05 -2.142608e+00 -3.451619e-02 -1.865424e+00 +1.287085e+02 -5.578364e+03 -2.443863e+05 +1.472363e+09 -5.403721e+07 -9.176676e+08 -1.093906e+10 +5.071370e+14 +7.075047e+16 -3.223559e+20   +5.449945e-08 +1.164484e-04 -1.222416e-04 -1.580585e-02 -7.771158e-01 +1.635551e+01 +4.349328e+03 -1.065025e+05 -2.169172e+08 -4.715061e+08 -1.497133e+09 -5.658445e+12 -7.461470e+14 +8.813144e+16 -4.254829e+18   
S15-252   +1.677991e+02   +1.256439e-07 +6.668474e-05 -2.143028e+00 -9.200824e-03 -1.413876e+00 +2.545731e+02 -3.853121e+03 +1.488924e+05 +1.455018e+09 -2.187086e+08 -4.605372e+10 -3.897555e+12 +4.532119e+14 +4.188826e+16 -3.278378e+20   -1.864174e-07 +8.470814e-05 -3.239671e-04 +3.383134e-02 +1.857010e+00 +2.371123e+01 +5.894290e+02 -1.997405e+05 -2.727993e+08 +1.062165e+09 -1.678192e+11 -2.434710e+12 -7.349682e+14 +5.386151e+16 +8.815280e+18   
S15-254   +1.677966e+02   +7.277084e-08 +7.180879e-05 -2.143061e+00 -4.670890e-02 -1.056486e+00 +1.441645e+01 -1.354787e+02 -3.026099e+05 +1.387117e+09 +3.928746e+09 -8.228313e+08 +3.804279e+12 -5.002670e+14 +1.212532e+17 -3.188398e+20   +5.600320e-08 +1.067147e-04 -4.679771e-04 -2.278699e-02 +2.351881e-01 +1.327636e+01 -1.691793e+03 -1.027891e+05 -3.744955e+08 -1.071627e+09 -6.345897e+10 +2.142089e+12 -3.833720e+12 +1.424178e+17 -6.998062e+18   
S15-255   +1.677982e+02   +3.194960e-07 +3.859748e-05 -2.142702e+00 -8.045629e-02 -1.936175e+00 +7.025296e+01 -8.261215e+03 -2.416403e+05 +1.441602e+09 +1.444795e+09 -6.069213e+10 -4.384909e+12 +5.145082e+14 +1.680819e+16 -3.018680e+20   -3.478273e-08 +1.108133e-04 -4.372555e-04 -6.161860e-02 +1.471628e+00 +4.053187e+01 +9.362597e+01 +2.805287e+05 -3.434818e+08 +5.660107e+08 +6.701687e+10 -7.721734e+11 -8.691226e+14 +1.724100e+16 +1.064148e+19   
S15-259   +1.677989e+02   +2.321399e-07 +3.931583e-05 -2.143432e+00 -2.824207e-02 -2.132596e+00 -1.793987e+02 -6.600621e+03 -1.398106e+05 +1.434944e+09 +6.027185e+08 -5.941560e+10 +3.893416e+12 +7.981357e+14 +2.021394e+16 -3.183601e+20   -2.147763e-07 +1.067347e-04 +2.896155e-05 -3.836169e-03 +2.801586e+00 +3.110551e+01 -3.134788e+02 -3.310140e+05 -2.924890e+08 +1.893104e+08 -6.728149e+10 +1.231770e+12 -1.427104e+14 +1.214491e+17 +1.374755e+19   
S15-260   +1.677974e+02   +1.271830e-07 +4.603534e-05 -2.143511e+00 -2.665989e-02 -1.413676e+00 +1.180033e+02 -4.169643e+03 -2.296548e+05 +1.484479e+09 +4.824021e+08 +1.230598e+11 -2.065059e+12 +7.228497e+13 +2.112974e+16 -3.350175e+20   -3.554548e-08 +8.003056e-05 -4.648946e-04 +1.952360e-02 -3.307026e-01 +2.148728e+01 +7.820139e+02 -5.947960e+04 -3.240146e+08 +6.308626e+08 -1.175674e+11 -3.631270e+12 -3.302609e+14 +1.095527e+17 -3.066006e+16   
S15-262   +1.677976e+02   -4.415325e-08 +5.234372e-05 -2.143897e+00 -4.191848e-02 -1.073900e+00 +1.558777e+02 +4.731481e+02 +1.098658e+05 +1.449180e+09 -2.028040e+08 -1.361912e+10 -1.157664e+12 +2.627285e+13 -1.232891e+16 -3.274817e+20   +3.656854e-08 +6.809329e-05 -6.464842e-04 +1.578025e-02 +8.831312e-01 +4.452660e+01 -5.871791e+02 -1.334007e+05 -3.285202e+08 -1.217327e+09 -2.216118e+10 +3.699795e+11 +1.381623e+14 +9.173206e+16 +8.354017e+18   
S15-264   +1.677973e+02   -4.910236e-08 +4.114201e-05 -2.144254e+00 +7.453106e-03 -2.673842e+00 -7.447557e+01 -1.137288e+03 +7.868970e+04 +1.465748e+09 -1.297833e+09 -4.341845e+10 -4.141165e+12 -4.061692e+14 -3.992861e+16 -3.262320e+20   +5.502953e-08 +8.798270e-05 +1.724162e-04 +5.291881e-02 +1.667771e-01 +9.092327e+00 -2.014408e+03 -8.784295e+05 -3.346551e+08 -3.859371e+08 +5.855799e+10 +2.023555e+12 +9.550505e+14 +1.668403e+17 +7.983013e+18   
S15-265   +1.677976e+02   +5.623312e-07 +3.671085e-05 -2.143363e+00 -5.424535e-02 -4.677777e+00 -8.833619e+01 -1.821951e+04 +1.618946e+05 +1.483583e+09 -1.151937e+09 +1.434547e+10 -5.422963e+11 +9.443943e+14 +1.530140e+16 -3.291583e+20   +1.022870e-07 +7.731285e-05 -6.214141e-04 +3.521554e-02 -1.441918e+00 +2.075663e+01 +8.330149e+03 -1.862370e+05 -3.777130e+08 -2.019398e+09 +1.286112e+11 +3.860227e+11 -5.921030e+14 +1.048241e+17 +1.893220e+19   
S15-266   +1.677980e+02   +2.633821e-07 +5.565815e-05 -2.143051e+00 -3.632396e-02 +1.314995e+00 -2.024622e+02 -3.891065e+03 -2.220532e+05 +1.379513e+09 +1.020776e+09 +2.629706e+10 +3.913062e+12 +6.398014e+14 +1.149673e+17 -3.170939e+20   +4.421876e-08 +8.989869e-05 -5.201729e-04 +6.141057e-03 -1.323665e+00 +1.243476e+01 +5.616801e+03 -4.224682e+04 -1.554448e+08 -3.187390e+08 +1.072439e+11 -5.343459e+11 -2.929520e+14 +1.482326e+17 +2.978075e+18   
S15-268   +1.677976e+02   +1.644384e-07 +1.448640e-06 -2.141889e+00 -8.103560e-02 -5.232305e-01 +2.213224e+01 -1.755604e+03 +3.876268e+04 +1.389994e+09 -2.172836e+08 +2.742512e+10 +7.111556e+12 -4.900679e+14 -5.236662e+16 -2.999347e+20   +2.919657e-08 +8.406848e-05 +1.582303e-04 -2.128559e-02 -4.900730e+00 +1.983768e+01 +1.179343e+04 -5.835541e+04 -2.962450e+08 +7.387591e+07 +1.117343e+11 -8.727300e+11 -1.292207e+15 +4.486260e+16 -8.426718e+18   
S15-269   +1.677977e+02   +3.329144e-07 +4.776640e-05 -2.143953e+00 -3.245525e-03 -1.847596e+00 -2.066546e+01 -8.659892e+03 -4.906045e+04 +1.374008e+09 -3.439020e+08 -3.856555e+10 +4.544741e+12 +1.092071e+15 +3.826058e+16 -3.079359e+20   -9.457448e-08 +9.527645e-05 -3.020666e-04 -1.296847e-02 +4.435718e-01 +1.821148e+01 +1.571867e+03 -2.424605e+05 -1.959255e+08 +1.983431e+08 +4.750597e+10 -6.713787e+12 -1.562340e+14 +8.970147e+16 +1.865924e+19   
S15-270   +1.677982e+02   +1.744725e-07 +3.896172e-05 -2.144072e+00 -1.807201e-02 -5.367100e+00 +2.757636e+01 -1.479677e+04 -1.731281e+05 +1.351354e+09 +1.695361e+09 +5.828451e+10 +9.899343e+12 +9.594674e+14 +7.967761e+16 -3.109309e+20   +2.346268e-07 +1.190627e-04 -2.938509e-04 +3.826105e-03 -3.370984e+00 +1.530341e+01 +2.314575e+03 -4.084830e+05 -1.804563e+08 +7.771579e+08 +9.014823e+10 -8.755285e+12 -2.560420e+14 +1.239811e+17 +2.388177e+19   
S15-273   +1.677985e+02   +2.382142e-07 +2.684671e-06 -2.142510e+00 -4.482924e-03 -1.243322e+00 +2.598961e+02 -1.053391e+04 +6.519355e+04 +1.348999e+09 -6.897952e+07 -9.240780e+10 +1.675757e+12 +1.381396e+15 +3.399660e+16 -3.026974e+20   -1.699428e-08 +8.203601e-05 +6.987047e-04 -9.918390e-03 -5.470678e-01 +1.200442e+01 -6.632139e+02 -4.348501e+05 -1.766529e+08 +3.395068e+08 +2.320315e+10 -1.684340e+11 -4.963818e+14 +1.336830e+17 +2.459440e+19   
S15-279   +1.677975e+02   +2.903199e-07 +5.751499e-05 -2.145148e+00 -4.002448e-02 -3.772510e-01 -6.903005e+01 -4.255407e+03 -1.927952e+05 +1.430587e+09 +3.498085e+07 -5.095990e+10 -9.871375e+11 +5.559729e+14 +8.418725e+16 -3.212597e+20   +3.163818e-08 +9.121095e-05 -1.078077e-03 +3.163464e-02 +7.971191e-02 +2.279752e+00 +5.799306e+02 -4.492007e+05 -1.666302e+07 -5.422651e+08 +5.584516e+10 +1.464350e+12 -4.150351e+14 +1.162478e+17 -1.187223e+18   
S15-280   +1.677982e+02   +1.048945e-07 +3.560821e-05 -2.143544e+00 -4.943592e-02 -1.831944e+00 +1.634768e+02 -5.852517e+03 -1.723673e+05 +1.477063e+09 +8.910113e+07 +1.894390e+10 -5.772428e+12 +1.033083e+15 +3.779112e+16 -3.289167e+20   +3.356521e-08 +7.771788e-05 +2.932714e-04 +2.416098e-02 +1.847752e+00 -2.807963e+01 -3.824901e+03 -2.798589e+05 -2.505048e+08 +3.941900e+08 -6.170257e+10 +2.373691e+12 -1.486340e+14 +1.109732e+17 -9.687571e+17   
S15-282   +1.678008e+02   +1.620391e-07 +9.896318e-06 -2.145583e+00 -1.866030e-02 -3.955263e+00 +1.541825e+02 -1.033923e+04 +1.080405e+05 +1.446059e+09 +1.294629e+07 -2.120778e+10 -9.012025e+11 +4.509390e+14 +3.464568e+15 -3.227912e+20   +3.583763e-07 +1.308684e-04 -3.075734e-04 -7.082749e-02 +6.934889e-01 +2.476548e+01 -4.653216e+03 -2.138574e+05 -2.413997e+07 +2.323302e+08 +9.406058e+10 +1.527391e+12 -1.570072e+14 +1.215307e+17 -1.460538e+16   
S15-283   +1.677985e+02   +2.378863e-07 +2.629970e-05 -2.145032e+00 -4.558553e-02 -1.613143e+00 +3.927179e+00 -1.028376e+04 +4.938591e+04 +1.319447e+09 +6.490064e+08 +1.014299e+11 +6.332387e+12 +1.619839e+15 +1.534399e+16 -3.076504e+20   -2.159946e-08 +1.000001e-04 +1.514556e-04 -1.085841e-02 +2.846354e-01 +7.459453e+00 +1.913175e+03 -2.377788e+05 -2.475290e+08 +1.355652e+09 -5.821216e+10 -3.383831e+12 -7.782847e+14 +8.108380e+16 +2.831115e+19   
S15-284   +1.677964e+02   +7.925289e-08 +4.013794e-05 -2.144806e+00 -8.029749e-02 -2.954967e+00 +3.306065e+01 -4.702280e+03 -4.962283e+05 +1.464885e+09 +9.666375e+08 -6.431431e+10 +4.871838e+12 -4.858037e+14 +3.519934e+16 -3.338604e+20   -3.719707e-07 +9.688587e-05 -5.599901e-04 -1.808541e-02 +1.713987e+00 +1.226234e+01 +3.529010e+03 -1.166241e+05 -2.771843e+08 -5.482675e+08 -8.650478e+09 +8.602121e+11 -6.351251e+14 +1.141384e+17 +5.301554e+18   
S15-285   +1.677977e+02   +3.021197e-07 +3.834311e-05 -2.144122e+00 -2.238070e-02 +5.330434e-01 +1.250371e+02 -3.572668e+03 +2.655681e+04 +1.405697e+09 -2.507920e+09 -8.746759e+09 -1.872889e+12 +8.840306e+14 +3.533132e+15 -3.425519e+20   -3.016560e-07 +9.086954e-05 -1.131425e-03 +1.635848e-02 +1.640402e+00 -1.352240e+01 +3.688428e+03 -2.942855e+05 -2.940654e+08 +7.079787e+08 -1.475389e+11 -7.918839e+11 -1.153422e+15 +8.319834e+16 +8.675065e+18   
S15-286   +1.677957e+02   +1.831148e-07 +5.107633e-05 -2.144562e+00 -3.516728e-02 -2.145146e+00 +5.314797e+01 -5.250407e+03 -5.380615e+04 +1.462905e+09 -5.981876e+08 -1.061223e+11 -9.391307e+12 +1.220524e+13 +5.681923e+16 -3.369993e+20   -4.250890e-08 +1.081537e-04 -5.350274e-04 +4.441518e-03 +1.002167e+00 -2.709209e+01 +1.652283e+02 -1.669585e+05 -2.272964e+08 -5.774003e+08 -7.763602e+08 +1.141659e+12 -6.241876e+14 +1.457519e+17 -1.252632e+19   
