# multipoles are divided by excitation current and units are [T], [m] and [A]
# harmonics (dipole n=0): 00 01 02 03 04 05 06 07 08 09 10 11 12 13 14 
# MAG_LABEL   CURRENT[A]   <NORMAL_MULTIPOLES/CURRENT>[T/m^(n-1)/A]   <SKEW_MULTIPOLES/CURRENT>[T/m^(n-1)/A]
S15-005   +1.099962e+02   +3.853075e-08 +7.317556e-05 -2.248164e+00 -4.301412e-02 -6.896532e+00 +9.629778e+01 -1.679484e+04 -1.743477e+05 +1.381539e+09 -4.602426e+07 +1.185818e+11 -3.202176e+12 +8.465521e+14 +6.077410e+16 -3.306833e+20   +1.372016e-07 +1.073409e-04 -3.538870e-04 -1.471391e-02 +1.023974e+00 +6.338586e+01 -1.606740e+03 -3.446627e+05 -8.197329e+07 -1.160425e+08 +7.640638e+10 -2.653310e+12 -2.072177e+14 +1.089130e+17 -4.437485e+18   
S15-007   +1.099960e+02   +2.637430e-07 +7.501935e-05 -2.252496e+00 -6.545601e-02 -7.735270e+00 +1.567716e+02 -2.161212e+04 -2.770212e+05 +1.285971e+09 +2.661646e+09 -3.433252e+10 +5.700062e+12 +4.690773e+14 +1.314871e+17 -3.040454e+20   -7.991759e-08 +1.064121e-04 +5.670703e-04 +2.960033e-02 +6.540491e-01 -2.975387e+01 +4.813455e+03 -6.740310e+05 -2.395382e+08 -2.518768e+09 +9.162970e+09 +1.157421e+13 -9.820530e+14 +1.558459e+17 +4.318262e+19   
S15-011   +1.099958e+02   +2.764079e-07 +5.316756e-05 -2.248502e+00 -7.386298e-02 -4.542953e+00 +7.924530e+01 -1.401726e+04 -5.154282e+04 +1.389122e+09 +3.170826e+08 -3.962569e+10 -1.760841e+12 +7.687054e+14 +5.977594e+16 -3.295219e+20   +2.485141e-07 +9.288682e-05 -1.659373e-03 +4.967705e-02 -3.915052e+00 +1.874841e+01 +4.628314e+03 -1.312469e+05 -9.577429e+07 -1.032157e+09 +1.258295e+11 +2.038788e+12 -3.580986e+14 +8.111431e+16 -3.491434e+18   
S15-012   +1.099960e+02   +2.571356e-07 +6.243165e-05 -2.247466e+00 -1.451076e-01 -6.743120e+00 +1.269464e+02 -1.696539e+04 -5.701751e+05 +1.414039e+09 +1.564437e+09 +1.715141e+10 -1.346903e+11 +1.012266e+15 +1.144143e+17 -3.356611e+20   +8.996292e-08 +9.455826e-05 -1.323484e-03 -2.946178e-02 -2.793930e+00 +4.044465e+01 +4.683367e+03 -1.117915e+05 -1.308172e+08 +8.811030e+08 +4.489063e+10 -2.898688e+12 -3.668567e+14 +9.433552e+16 +2.165705e+18   
S15-013   +1.099965e+02   +2.807103e-07 +6.926425e-05 -2.243797e+00 +1.567331e-02 -8.139130e+00 -2.082371e+02 -2.077908e+04 +8.205383e+03 +1.352063e+09 +2.851979e+09 +7.756707e+10 +2.151080e+12 +1.285135e+15 +7.493055e+16 -3.217936e+20   +4.445913e-08 +1.360540e-04 -4.833521e-04 +2.779564e-03 +4.747255e+00 +1.242233e+02 -5.999956e+03 -4.532687e+05 -1.813561e+08 +3.333398e+08 +1.766645e+11 -1.520620e+13 +5.736905e+13 +1.510850e+17 +2.329032e+19   
S15-015   +1.099961e+02   +2.538898e-07 +7.809691e-05 -2.248331e+00 +1.539837e-04 -4.235157e+00 -4.396832e+02 -1.267033e+04 +3.332146e+04 +1.490929e+09 -2.129390e+08 -5.310268e+10 +5.444861e+12 +5.046215e+14 +4.849004e+16 -3.328578e+20   -2.476321e-07 +1.110631e-04 -8.047280e-04 -2.537665e-02 -8.212681e-01 +6.129194e+00 +7.525725e+03 -2.763519e+05 -2.198867e+07 -4.829609e+08 +6.161540e+10 +4.686973e+12 -7.442112e+14 +1.307708e+17 -3.018856e+18   
S15-019   +1.099960e+02   +1.004337e-07 +7.013516e-05 -2.246412e+00 -1.871158e-02 -3.062618e+00 +2.881444e+01 -1.045220e+04 -2.894881e+05 +1.388306e+09 +1.003512e+08 -1.658376e+11 +6.471622e+12 +4.004265e+14 +1.300586e+17 -3.171321e+20   -9.220944e-08 +1.365360e-04 +5.809036e-04 -5.549160e-02 -7.225772e+00 +2.014987e+01 +1.398984e+04 -3.244878e+05 -2.014874e+08 -1.964641e+08 +8.864808e+10 -3.057873e+12 -4.897266e+14 +7.649302e+16 +2.913598e+19   
S15-020   +1.099959e+02   +1.909338e-07 +7.216859e-05 -2.248694e+00 -5.428476e-02 -2.865440e+00 -6.337700e+01 -9.945443e+03 -1.093959e+04 +1.487008e+09 +6.967008e+08 -7.012142e+10 +6.219750e+12 +7.232134e+14 +9.717635e+15 -3.359229e+20   +1.145494e-07 +1.184341e-04 -2.075286e-03 -1.763975e-02 -4.527584e-01 +5.133239e+01 -4.493990e+01 -2.548100e+05 -9.692207e+07 +4.001335e+08 +7.077568e+10 -8.080911e+12 -2.037622e+14 +1.255406e+17 -9.239744e+18   
S15-022   +1.099949e+02   +9.096285e-08 +9.935252e-05 -2.244069e+00 -5.253539e-02 -8.275909e+00 +2.782337e+01 -1.791857e+04 -3.389135e+05 +1.503474e+09 +5.961354e+08 +7.759281e+10 -3.440599e+12 +1.597163e+14 +9.259120e+16 -3.413910e+20   -4.464017e-08 +1.207181e-04 -1.344826e-03 -4.549518e-02 +6.975142e+00 +2.141233e+01 -1.259880e+04 +6.131519e+03 -1.444662e+08 -1.394170e+08 +2.937253e+10 +3.920564e+12 -2.940960e+14 +7.040227e+16 -5.868008e+18   
S15-023   +1.099969e+02   +2.228870e-07 +1.059764e-04 -2.247398e+00 +2.139418e-02 -2.856666e+00 +5.629850e+02 -8.341000e+03 +1.155603e+04 +1.460331e+09 -8.810126e+08 +3.794052e+10 -2.425490e+12 +5.048832e+14 +6.146125e+16 -3.314879e+20   +1.363272e-07 +1.071079e-04 -1.000471e-03 -1.055090e-02 +1.011999e+00 -6.482362e-01 -4.062829e+03 +7.151738e+04 -3.872025e+07 -1.637449e+09 +6.221822e+10 -1.336786e+12 +1.295166e+14 +7.259378e+16 -4.916420e+18   
S15-024   +1.099962e+02   +3.393881e-07 +1.202612e-04 -2.246089e+00 -7.015697e-02 -8.588379e+00 -5.912043e+01 -1.984662e+04 -4.136856e+05 +1.343282e+09 -2.068809e+09 -1.686801e+10 +7.895646e+12 +8.241247e+14 +1.086879e+17 -3.053330e+20   -1.140387e-07 +1.387831e-04 -5.595475e-04 -4.698753e-02 +6.051320e-02 -1.595381e+01 -1.390903e+03 -3.121599e+05 -2.623638e+08 +1.726421e+09 +7.252936e+10 +1.121480e+13 +6.286890e+14 +1.822936e+17 +3.613517e+19   
S15-025   +1.099967e+02   +2.096649e-07 +1.062336e-04 -2.245978e+00 -1.958454e-02 -3.157478e+00 -1.900367e+02 -9.727965e+03 -1.860028e+05 +1.341961e+09 +5.141206e+08 -4.807426e+10 +2.903296e+12 +7.682948e+14 +1.002381e+17 -3.082256e+20   -1.239963e-07 +1.661476e-04 -5.656330e-04 -6.054456e-02 -2.226484e+00 +3.945318e+01 +6.189981e+03 -5.832717e+04 -2.280601e+08 -7.760646e+08 -1.113652e+11 -1.263898e+13 -7.853908e+14 +9.361272e+16 +3.390672e+19   
S15-028   +1.099965e+02   +5.435716e-08 +1.221743e-04 -2.244915e+00 -7.127997e-02 -6.722828e+00 +1.955009e+02 -1.430311e+04 -6.187731e+05 +1.322692e+09 +1.079995e+09 +8.451680e+10 -1.315015e+12 +1.457914e+15 +1.532454e+17 -3.069458e+20   -2.114765e-07 +1.286877e-04 -5.048615e-04 -2.254953e-02 +3.047071e+00 +1.458156e+01 -2.884064e+03 -4.429578e+05 -2.950728e+08 -3.786095e+08 +4.283355e+10 -1.662125e+12 -5.070537e+14 +1.222787e+17 +3.592601e+19   
S15-039   +1.099986e+02   -8.727105e-08 +6.630965e-05 -2.244600e+00 +4.591542e-03 -1.151008e+01 -1.281696e+02 -2.277968e+04 +1.738229e+05 +1.481462e+09 +2.111844e+08 +1.135407e+11 +3.071844e+12 +9.485439e+14 +4.693115e+16 -3.313886e+20   +1.633694e-07 +1.050912e-04 -8.882763e-04 +5.063306e-02 -6.368390e+00 +3.651085e+01 +1.017831e+04 -5.242624e+05 -2.907721e+07 -7.487913e+08 +9.059351e+10 -5.649656e+12 -8.499331e+14 +1.245082e+17 -8.213807e+18   
S15-042   +1.099966e+02   +1.412943e-07 +9.464856e-05 -2.248210e+00 -7.946577e-02 -1.379666e+00 -1.874786e+02 -6.085934e+03 +2.752425e+04 +1.425566e+09 +9.338707e+08 +1.481119e+11 -3.100125e+11 +3.467192e+14 +5.101338e+16 -3.306187e+20   -1.737532e-08 +1.172470e-04 -1.786198e-03 -2.439164e-02 +6.056249e+00 -4.864269e+01 -8.369732e+03 -1.603240e+04 -1.086865e+08 -1.496337e+07 -2.918931e+10 +2.695736e+10 -2.973087e+14 +4.791967e+16 +6.759528e+18   
S15-049   +1.099973e+02   -2.178108e-08 +8.918528e-05 -2.243370e+00 -1.531621e-02 -7.889646e+00 +1.682361e+02 -1.569240e+04 -3.050905e+05 +1.460228e+09 -5.430726e+08 +1.185818e+11 +2.595211e+12 -4.863411e+13 +9.310219e+16 -3.269759e+20   -7.000931e-08 +1.352947e-04 +5.451515e-05 -6.594230e-02 +2.153463e+00 -1.176933e+01 +3.375706e+02 +5.114760e+03 -9.186989e+07 +5.008267e+08 +3.160347e+10 -1.068139e+12 -3.184896e+14 +1.442436e+17 +5.314522e+18   
S15-063   +1.099956e+02   +7.253508e-08 +9.335792e-05 -2.243441e+00 -1.574861e-02 -3.900156e+00 +1.603388e+02 -1.014761e+04 -2.991948e+05 +1.480670e+09 -6.881906e+08 +2.872197e+10 -4.256042e+12 +6.208863e+14 +1.216277e+17 -3.342150e+20   +3.786721e-07 +1.467210e-04 -6.371324e-04 -1.283637e-01 -8.519584e+00 +5.956181e+01 +1.227684e+04 +1.693466e+05 -6.626487e+07 +1.004292e+09 +1.181385e+11 +2.037234e+12 -8.605337e+14 +1.448536e+17 -2.179911e+18   
S15-064   +1.099952e+02   +2.554111e-07 +5.930161e-05 -2.244143e+00 -3.449825e-02 -5.603175e+00 +2.790343e+02 -1.492642e+04 -2.127188e+05 +1.446489e+09 -3.657050e+08 +2.822873e+10 -6.988087e+12 +9.624365e+14 +7.017825e+16 -3.318264e+20   +8.504615e-08 +1.057756e-04 +1.977396e-04 -2.634968e-03 -8.169848e+00 +2.025774e+01 +1.656048e+04 -2.069066e+05 -8.570260e+07 -6.611574e+08 +1.713857e+11 -2.132234e+12 -6.939647e+14 +1.161555e+17 +2.381420e+18   
S15-065   +1.099960e+02   +2.840138e-07 +9.860495e-05 -2.241864e+00 -1.415488e-02 +2.078065e-01 -1.813521e+02 -3.897416e+03 -7.156291e+04 +1.399131e+09 +1.739771e+07 -1.065565e+11 +7.056840e+12 +3.558347e+14 +7.849903e+16 -3.197777e+20   +1.022542e-07 +1.307712e-04 -4.261585e-04 -5.022698e-02 -2.160219e-02 +5.874266e+00 +1.039811e+03 -2.410117e+05 -1.103004e+08 +7.789559e+08 +5.139435e+10 +1.542992e+12 -7.469652e+14 +1.523376e+17 +4.747528e+18   
S15-067   +1.099977e+02   +1.303446e-07 +6.159989e-05 -2.240673e+00 -2.556853e-02 -9.954554e+00 -6.121241e+01 -2.327540e+04 -8.506921e+04 +1.453502e+09 +3.995229e+08 +1.424714e+11 -3.814744e+11 +1.118241e+15 +6.135825e+16 -3.251178e+20   -9.714194e-09 +1.124711e-04 +1.011468e-04 -9.417642e-03 -1.902730e+00 +3.428622e+01 +5.052342e+03 -3.389138e+05 -8.038615e+07 +1.191324e+08 +8.127134e+10 +4.486770e+12 -1.432992e+14 +1.065210e+17 +5.727172e+18   
S15-068   +1.099964e+02   +4.171337e-08 +8.481004e-05 -2.242740e+00 -2.719348e-02 -5.564186e+00 +3.431600e+02 -1.211069e+04 -2.590438e+04 +1.455477e+09 -4.550425e+08 +2.390158e+10 -6.001381e+12 +4.423487e+14 +5.356442e+16 -3.278345e+20   +1.070174e-07 +1.074256e-04 -1.375521e-04 -3.261134e-02 +1.412254e+00 +8.756052e+00 -2.996891e+03 -1.575635e+05 -7.776299e+07 +5.605351e+08 +1.916565e+10 +1.016912e+12 -3.164999e+14 +1.174398e+17 +2.605233e+18   
S15-071   +1.099968e+02   +9.000311e-08 +1.103329e-04 -2.240887e+00 -3.676918e-03 -8.372428e+00 +1.375255e+02 -2.040725e+04 -1.947423e+05 +1.437308e+09 -3.015186e+08 +4.359248e+10 -1.765933e+12 +9.071413e+14 +8.743370e+16 -3.313531e+20   +4.111235e-08 +1.258887e-04 -8.428985e-04 -4.258638e-03 -2.087842e+00 +3.430901e+01 +7.377856e+03 -2.944506e+05 -2.704417e+07 +2.495971e+07 +5.002896e+10 +5.662412e+11 -6.356795e+14 +1.413357e+17 -1.394092e+18   
S15-073   +1.099970e+02   +5.427452e-08 +1.514818e-04 -2.243114e+00 -1.487564e-02 -1.043140e+01 -5.511393e+01 -2.034563e+04 -2.772203e+05 +1.430471e+09 +1.092994e+08 +3.808985e+10 +1.476070e+12 +6.726045e+14 +1.369716e+17 -3.325665e+20   +1.333756e-07 +1.275294e-04 -5.883338e-04 +6.444246e-03 +1.426343e+00 -5.938827e-01 -1.227741e+03 -3.917656e+05 -3.021212e+07 -3.860718e+08 -8.944909e+09 +4.725093e+11 -1.183286e+14 +1.399501e+17 -1.944280e+18   
S15-074   +1.099965e+02   +2.171410e-07 +1.014801e-04 -2.243090e+00 -3.840875e-02 +1.700692e+00 +5.694062e+01 -1.240933e+03 -3.382624e+05 +1.434988e+09 -1.669915e+08 -6.440125e+10 +7.465700e+11 +1.170164e+14 +9.514112e+16 -3.325952e+20   -5.605803e-08 +1.241121e-04 -7.500810e-04 -3.975112e-02 -1.155760e+00 -9.914252e+00 +7.101770e+03 -2.260593e+05 -3.507293e+07 +1.655908e+08 +3.234700e+10 +2.206812e+11 -7.153876e+14 +1.185658e+17 -1.878897e+17   
S15-075   +1.099964e+02   +3.065547e-07 +1.528561e-04 -2.242407e+00 -1.264195e-02 -2.751107e+00 -1.263413e+02 -1.098757e+04 -3.596930e+05 +1.429439e+09 -2.960705e+08 -1.069839e+10 +2.169689e+12 +6.443679e+14 +1.521315e+17 -3.316232e+20   +1.520024e-07 +1.422171e-04 -8.338039e-05 -6.067991e-02 -4.650552e+00 +3.537467e+01 +9.705163e+03 -3.950079e+04 -1.778545e+07 +7.528031e+07 +6.729923e+10 -1.014446e+10 -5.082339e+14 +1.239540e+17 -2.099068e+18   
S15-077   +1.099968e+02   +3.102779e-08 +1.038740e-04 -2.242535e+00 -2.037030e-02 -7.756751e+00 +1.826921e+02 -1.662153e+04 -3.243806e+05 +1.410881e+09 +1.172525e+09 +1.195047e+11 -9.507422e+12 +2.953280e+14 +1.238389e+17 -3.303340e+20   +4.740752e-08 +1.471493e-04 +2.956405e-04 +9.117847e-03 -2.127749e+00 -2.394292e+01 +7.721886e+03 -1.329824e+05 -9.661463e+07 -4.717919e+07 +1.304522e+11 +4.450066e+12 -7.332339e+14 +1.107947e+17 +4.922653e+18   
S15-080   +1.099967e+02   +2.416062e-07 +1.233956e-04 -2.240904e+00 -6.909554e-02 -7.162475e+00 -1.609174e+01 -1.651789e+04 -5.048791e+05 +1.396981e+09 +1.473931e+09 -7.077988e+10 -7.827780e+11 +8.307372e+14 +1.488684e+17 -3.291375e+20   +1.628590e-07 +1.500870e-04 -1.122416e-04 -7.020381e-02 -2.786800e+00 +5.567532e+01 +5.767948e+03 +1.531430e+05 -1.435849e+08 +1.060400e+09 +6.364204e+10 -4.963862e+12 -1.320588e+14 +9.997891e+16 +1.041167e+19   
S15-081   +1.099964e+02   +1.928759e-07 +1.241154e-04 -2.240530e+00 -1.025994e-02 -9.213183e+00 +2.772077e+02 -2.052846e+04 -4.590586e+05 +1.394672e+09 -1.130227e+09 +1.401269e+11 +6.062467e+12 +1.084786e+15 +1.691644e+17 -3.297592e+20   -8.011428e-08 +1.182765e-04 -4.909518e-04 +5.587289e-02 +1.748413e+00 +4.589127e+01 -8.159613e+00 -4.435592e+05 -1.737380e+08 -4.281867e+08 -6.958658e+10 -4.810784e+12 -7.472731e+14 +1.470190e+17 +1.091273e+19   
S15-082   +1.099967e+02   +1.356318e-07 +3.111502e-05 -2.245151e+00 -4.966140e-02 -4.982637e+00 +3.599292e+01 -1.008968e+04 +1.288924e+05 +1.396115e+09 -1.594282e+09 +1.878085e+10 +2.615874e+12 +3.642392e+14 -4.468202e+16 -3.374233e+20   -4.218957e-08 +6.674205e-05 -1.468350e-04 -1.033106e-02 +1.896251e-01 +1.084925e+01 +2.879597e+03 +7.696249e+04 -1.496062e+08 +3.203973e+07 -4.850008e+10 +2.930690e+12 -5.932301e+14 +8.126517e+16 +4.403813e+18   
S15-083   +1.099960e+02   +2.773698e-07 +5.980376e-05 -2.244239e+00 -7.065353e-02 -2.335667e+00 -2.030491e+01 -1.108842e+04 +1.426854e+04 +1.388978e+09 +1.690418e+08 -1.315847e+11 +4.579837e+12 +8.600319e+14 +2.117710e+16 -3.381862e+20   +4.709094e-09 +7.837352e-05 -1.447343e-03 +2.248875e-02 +1.993113e+00 -1.783474e+00 -5.366832e+02 -3.295563e+05 -2.747743e+08 +9.854722e+08 +5.193658e+10 +1.052486e+13 -7.946584e+14 +1.162380e+17 +1.566755e+19   
S15-084   +1.099958e+02   +1.248159e-07 +9.681379e-05 -2.245078e+00 -6.647420e-03 -8.257094e+00 +6.890643e+00 -1.598659e+04 -1.594186e+05 +1.364678e+09 -2.023801e+09 +7.664514e+10 -6.437861e+12 +3.040131e+14 +5.813401e+16 -3.351002e+20   -6.163708e-08 +1.072225e-04 -1.074173e-03 -2.425468e-02 +1.038351e+01 +5.990780e+00 -1.707422e+04 -1.393240e+05 -2.604199e+08 -3.409406e+08 -6.000995e+10 -4.131216e+12 -3.883854e+14 +1.535108e+17 +1.760544e+19   
S15-085   +1.099958e+02   +2.135610e-07 +6.544834e-05 -2.247074e+00 -2.404452e-02 -1.439759e-01 -1.261411e+02 -3.620918e+03 -8.187853e+04 +1.386848e+09 -7.949220e+08 +8.405922e+10 -4.033519e+11 +6.136042e+14 +4.067299e+16 -3.412958e+20   -4.798170e-08 +7.978496e-05 -6.573793e-04 -3.249423e-02 -1.682522e+00 -5.576595e+00 +4.318009e+03 -1.512650e+05 -3.200110e+08 -1.180785e+08 +9.322929e+10 +1.050393e+13 +1.913721e+14 +1.001496e+17 +2.509412e+19   
S15-086   +1.099961e+02   +9.767074e-08 +6.229004e-05 -2.247188e+00 -8.277933e-03 -3.601898e+00 +8.281841e+01 -8.478274e+03 +1.201370e+05 +1.360025e+09 -1.477388e+09 -7.026421e+10 -1.096139e+13 +7.224392e+14 +6.241932e+15 -3.301479e+20   +8.234548e-08 +7.931104e-05 -7.229787e-04 +4.299358e-03 -3.263272e+00 -7.041173e-01 +7.175237e+03 -1.699531e+05 -3.073572e+08 +9.073560e+08 -1.364029e+11 +5.149848e+12 -4.945251e+14 +9.892960e+16 +3.092707e+19   
S15-088   +1.099961e+02   +9.893060e-08 +7.465521e-05 -2.246877e+00 -8.517865e-03 -1.342251e+00 +4.150788e+01 -4.685800e+03 -2.224771e+05 +1.284861e+09 +1.119955e+09 +7.482057e+10 +2.170787e+12 +7.264178e+14 +6.216521e+16 -3.109259e+20   -6.893632e-08 +9.825748e-05 -2.158415e-04 -3.532831e-03 +3.548899e+00 +5.151395e+00 -5.423550e+03 -3.544600e+05 -2.195791e+08 +1.216497e+09 +7.573137e+10 +3.218881e+11 -1.253728e+14 +9.122869e+16 +2.473690e+19   
S15-089   +1.099962e+02   +7.554519e-08 +8.553046e-05 -2.243794e+00 -1.868354e-02 -3.860932e+00 +3.002786e+02 -8.676906e+03 -2.712894e+05 +1.282389e+09 +7.988970e+08 -2.497884e+10 -9.306503e+12 +7.310398e+14 +8.798968e+16 -3.105131e+20   +8.319163e-08 +1.299491e-04 +2.468798e-04 -3.838945e-02 -5.957712e-01 +9.993182e+00 +2.257055e+03 -2.616681e+05 -2.155298e+08 -2.097617e+08 +6.518022e+10 +7.821360e+11 -7.917870e+14 +8.546823e+16 +2.871056e+19   
S15-090   +1.099963e+02   +3.627129e-09 +6.890068e-05 -2.246241e+00 -4.546918e-02 -2.070621e+00 +7.279929e+01 -4.998410e+03 -1.978217e+05 +1.265675e+09 -7.736155e+07 +1.696192e+10 -2.631741e+12 +8.558472e+14 +7.426137e+16 -3.108892e+20   -2.357607e-08 +1.176530e-04 +7.107578e-04 -6.173815e-02 -1.138041e+00 +7.597723e+00 +2.297810e+02 -1.048828e+04 -2.518217e+08 +1.614765e+09 -5.012916e+10 -3.209309e+10 -1.413404e+12 +5.501045e+16 +3.056023e+19   
S15-094   +1.099969e+02   +2.437840e-07 +1.354433e-05 -2.248233e+00 -2.009788e-02 -1.391537e+00 +2.938431e+01 -5.495598e+03 +3.300075e+04 +1.392509e+09 -4.521627e+08 -5.960544e+10 -4.142065e+10 +6.975824e+13 +1.068212e+16 -3.321174e+20   +4.062518e-08 +1.028739e-04 -1.697575e-03 -3.032758e-02 -1.143271e+00 +5.401001e+01 +2.595773e+03 -1.614438e+05 -5.660544e+07 +7.712126e+08 -2.543865e+10 +1.717843e+11 -6.150795e+14 +5.862287e+16 +5.944788e+18   
S15-095   +1.099973e+02   +6.152361e-08 +3.684851e-05 -2.247632e+00 -1.232491e-02 -3.386120e+00 +4.789840e+01 -3.986222e+03 +2.061641e+05 +1.368647e+09 -2.368745e+09 -2.496565e+10 +4.097071e+12 +1.083841e+14 -9.695438e+16 -3.383205e+20   +9.904643e-08 +1.072471e-04 -1.198671e-03 -9.431441e-03 -4.166025e+00 +2.200412e-01 +1.124865e+04 -3.611966e+05 -3.530483e+08 -9.328402e+08 +2.643683e+11 -1.921834e+12 -1.813437e+15 +1.011278e+17 +2.094323e+19   
S15-096   +1.099971e+02   +2.871758e-07 +2.778731e-05 -2.246624e+00 -6.979427e-02 -1.606971e+00 -1.162441e+02 -7.117403e+03 -1.989862e+05 +1.376738e+09 +1.531144e+09 -4.749858e+10 -6.688698e+12 +9.126986e+14 +8.426780e+16 -3.505216e+20   -1.140963e-08 +9.568852e-05 -1.495119e-03 -1.683910e-02 +2.918081e-01 +2.465317e+01 +2.233443e+03 -7.599309e+04 -2.953872e+08 +1.977573e+08 +2.481305e+10 -3.570133e+12 -9.074897e+14 +1.237688e+17 +2.426604e+18   
S15-097   +1.099967e+02   +4.083553e-08 +3.624184e-05 -2.244571e+00 -3.401099e-02 -1.204177e+01 -3.605795e+01 -2.249707e+04 -2.579946e+05 +1.352529e+09 -1.063246e+09 -1.273889e+11 -7.047663e+12 +4.427942e+14 +4.160969e+16 -3.382146e+20   -7.695408e-08 +1.131175e-04 -6.417628e-04 -1.094928e-02 +3.744924e+00 -9.279887e+00 -6.182435e+03 -4.649599e+05 -3.468240e+08 -1.483871e+09 +1.346834e+11 +6.127399e+12 +3.979816e+14 +1.091333e+17 +1.536738e+19   
S15-098   +1.099976e+02   +3.886980e-07 +3.771351e-05 -2.246224e+00 -7.346748e-02 -9.166600e-01 -1.182034e+02 -3.910263e+03 -2.158773e+05 +1.355207e+09 +2.910426e+08 +5.392168e+09 +3.389681e+12 -7.106667e+13 +9.215419e+16 -3.349200e+20   +1.027959e-07 +9.316740e-05 -1.316468e-03 +1.737035e-02 -7.931784e-01 -1.804766e+00 +1.968982e+03 -2.370037e+05 -3.240952e+08 +2.270224e+08 -2.795803e+10 -4.869132e+12 -4.416211e+14 +8.137970e+16 +1.668257e+19   
S15-108   +1.099967e+02   +2.253165e-07 +4.672988e-05 -2.248005e+00 -7.403224e-02 -6.661408e+00 +5.779192e+01 -1.378526e+04 -1.523604e+05 +1.491507e+09 +6.419536e+08 +4.896191e+10 +2.138038e+12 +5.696499e+14 +5.456573e+16 -3.353776e+20   -1.815708e-07 +9.603988e-05 -9.786021e-04 -9.109655e-03 +2.608625e+00 +1.012335e+00 +4.594800e+01 -2.429717e+05 -2.542954e+07 -3.506030e+08 -1.227257e+10 -1.367450e+12 -4.906600e+14 +9.747202e+16 -1.554479e+18   
S15-112   +1.099960e+02   +2.189272e-07 +1.256217e-05 -2.246939e+00 -4.577387e-02 -8.694064e-01 -8.807659e+01 -7.477568e+03 -2.558630e+05 +1.471923e+09 -4.272755e+08 -1.114839e+11 +2.158190e+12 +3.985116e+14 +4.728787e+16 -3.270400e+20   -3.089911e-08 +9.006910e-05 -1.224572e-03 +2.428112e-02 -1.429552e+00 +6.474649e+01 +4.232634e+03 -2.867628e+05 -1.451366e+08 -3.305104e+08 -2.590900e+10 -1.151801e+13 +1.917214e+14 +1.010955e+17 +6.830958e+18   
S15-114   +1.099960e+02   +3.213520e-07 +5.416080e-05 -2.246315e+00 -8.561157e-03 +3.938418e-01 -4.914584e+01 -3.968438e+03 -1.481238e+05 +1.504954e+09 -1.841559e+08 -6.467368e+10 +2.028283e+12 -3.177889e+14 +4.089315e+16 -3.434212e+20   -3.914818e-08 +8.379887e-05 -4.870476e-04 +3.521367e-02 +2.515441e-02 -1.441808e+01 +9.286074e+02 -1.913028e+05 -1.254727e+08 -5.184410e+07 +7.710385e+09 +1.094307e+12 -1.891317e+14 +1.020327e+17 -3.143861e+18   
S15-115   +1.099965e+02   +1.720978e-07 +5.642163e-05 -2.246824e+00 -3.904884e-03 -3.782469e+00 +7.563239e+01 -1.533632e+04 -2.138171e+05 +1.348427e+09 +3.341945e+08 +2.186352e+11 -7.394883e+12 +1.341299e+15 +9.595205e+16 -2.960978e+20   +1.548989e-07 +1.231294e-04 -2.753046e-05 -2.147657e-02 -2.664042e+00 +3.973368e+01 +1.582266e+03 -2.930218e+05 -3.776167e+08 +9.763311e+07 -2.366864e+11 -1.973191e+13 +5.563802e+14 +5.769020e+15 +6.724718e+19   
S15-125   +1.099963e+02   +6.464216e-08 +7.749142e-05 -2.243781e+00 +3.382376e-03 -5.379156e+00 +1.134761e+02 -6.021587e+03 -1.531816e+05 +1.516711e+09 -1.109729e+09 +1.082513e+11 +2.635335e+12 -1.439910e+14 +6.495308e+16 -3.551134e+20   -2.077975e-07 +9.376688e-05 -2.464546e-03 -7.704639e-03 +3.342397e+00 +5.057529e+01 +9.631133e+02 -1.836174e+05 -2.626170e+08 -6.957896e+08 -4.069278e+10 -6.123708e+12 -1.133803e+15 +9.954035e+16 +4.659437e+18   
S15-129   +1.099965e+02   +3.596756e-07 +4.165163e-05 -2.245341e+00 -3.639276e-02 -4.896603e+00 +1.987343e+02 -8.571728e+03 -9.219821e+04 +1.460990e+09 +2.006254e+08 +1.222207e+11 -5.546552e+12 -1.733662e+14 +5.710738e+16 -3.284616e+20   -4.182703e-07 +6.729648e-05 -1.988059e-03 +6.129241e-02 +4.247412e+00 -2.350074e+01 -4.945813e+02 -1.479324e+05 -4.616562e+07 -8.261548e+08 -5.431465e+10 +6.856362e+12 -4.469179e+14 +6.978474e+16 +2.037841e+18   
S15-135   +1.099962e+02   +1.055697e-07 +4.076938e-05 -2.246706e+00 -4.145559e-03 -3.088945e+00 -1.258350e+01 -4.595001e+03 -1.845356e+05 +1.454924e+09 -6.220328e+08 -4.270644e+10 -1.883327e+11 +9.234564e+13 +3.503568e+16 -3.311152e+20   +8.840577e-08 +8.920893e-05 -7.890342e-04 -8.906725e-03 -2.271359e+00 +4.237635e+00 +3.580053e+03 -1.816186e+05 -1.146880e+08 +5.996643e+08 +9.080327e+10 -9.894224e+11 -2.373087e+14 +1.273859e+17 +9.165371e+18   
S15-144   +1.099965e+02   +6.113376e-08 +6.970680e-05 -2.242733e+00 +3.475957e-03 -6.118206e+00 +1.978724e+02 -1.895478e+04 +4.828913e+05 +1.470052e+09 -3.063118e+09 +1.830536e+11 -3.418668e+12 +2.015653e+15 +6.284115e+15 -3.469105e+20   -1.484930e-07 +9.759974e-05 -1.151832e-03 -3.129506e-02 +5.606977e-01 +6.556435e-01 +1.077672e+04 -8.792554e+04 -3.974112e+08 +3.328343e+09 +1.867703e+11 -3.762057e+11 -1.054009e+15 +6.247122e+16 +2.579538e+19   
S15-147   +1.099967e+02   +1.570665e-07 +7.469250e-05 -2.245078e+00 -8.303311e-02 -4.766255e+00 +1.662894e+02 -1.323282e+04 -2.476023e+05 +1.481397e+09 +5.820475e+08 +5.885059e+10 -9.017133e+11 +4.307122e+14 +7.641365e+16 -3.349662e+20   +7.515694e-08 +1.158302e-04 -1.094653e-04 -2.062344e-02 -9.534650e-01 +1.671618e+01 +1.290408e+03 -2.207804e+05 -1.080813e+08 -1.096565e+09 +1.002076e+11 +6.714977e+11 -4.579049e+14 +9.002991e+16 +6.659487e+18   
S15-150   +1.099961e+02   +1.426677e-07 +1.125955e-05 -2.245266e+00 -2.583416e-02 -6.569596e+00 +1.007817e+02 -1.742852e+04 +1.259182e+05 +1.519758e+09 -1.269890e+09 -2.709787e+09 -8.582391e+12 +8.160259e+14 -1.668301e+16 -3.401539e+20   +1.572330e-07 +1.015485e-04 -1.531712e-03 -1.488408e-02 -1.778436e+00 +3.565774e+01 +2.458921e+03 -2.550454e+05 -1.190411e+08 +6.153263e+08 +1.536309e+11 +6.087946e+11 -2.701180e+14 +1.211918e+17 -9.585603e+18   
S15-151   +1.099967e+02   +2.662464e-07 +5.503301e-05 -2.241890e+00 -2.469623e-02 -3.402756e+00 +1.740270e+02 -1.093243e+04 -5.727345e+04 +1.475281e+09 -1.274750e+09 +7.319897e+10 -6.578841e+12 +6.142908e+14 +6.657363e+16 -3.305530e+20   -2.726234e-07 +1.268218e-04 +9.098546e-05 -6.920324e-02 +3.087826e+00 -2.890128e+01 +2.115336e+01 -2.499662e+05 -1.565321e+08 -1.204343e+08 +1.532820e+10 +2.790876e+12 +4.379219e+13 +1.345211e+17 +1.262975e+19   
S15-152   +1.099962e+02   +2.314086e-07 +6.022275e-05 -2.243416e+00 -4.083617e-02 -2.818027e+00 -8.788056e+01 -9.754337e+03 -2.322748e+05 +1.486391e+09 +1.217301e+09 +2.476375e+10 +7.623362e+11 +3.455388e+14 +5.034958e+16 -3.337666e+20   +9.905851e-08 +1.070319e-04 +6.072815e-05 +1.907809e-02 -1.264420e+00 +1.012560e+01 +1.678539e+03 -4.331942e+05 -1.806879e+08 -1.313814e+09 +1.574689e+11 +1.374789e+12 -1.461699e+14 +2.042254e+17 +1.735456e+19   
S15-153   +1.099967e+02   +3.372383e-07 +4.351931e-05 -2.243496e+00 -2.719486e-02 -4.171730e+00 +1.591327e+02 -7.892277e+03 -5.102039e+05 +1.381248e+09 -2.369704e+09 +3.712018e+10 -1.289701e+13 +5.977568e+14 +1.264311e+17 -3.451688e+20   -8.067376e-08 +8.979844e-05 -3.702927e-04 -1.273184e-02 -7.844806e-02 +5.598628e+00 +6.504832e+03 -2.773748e+05 -5.548819e+08 -1.611783e+09 +1.367240e+10 +9.831413e+12 -1.365536e+15 +1.368262e+17 +6.403306e+18   
S15-158   +1.099960e+02   +3.572819e-07 +5.913759e-05 -2.244988e+00 -2.684644e-02 -3.164630e+00 -5.744667e+01 -1.462536e+04 -1.954351e+05 +1.393172e+09 +1.319332e+08 -8.766667e+10 -5.266369e+12 +1.408058e+15 +1.096743e+16 -3.084392e+20   -2.178002e-08 +1.317626e-04 +9.880123e-04 -6.732418e-03 +5.259004e-01 +1.253024e+01 -3.648326e+03 -3.491108e+05 -2.586710e+08 +1.383764e+09 -1.149089e+10 +1.497113e+13 +1.473521e+14 +4.722340e+16 +3.937568e+19   
S15-160   +1.099961e+02   -5.148853e-08 +3.904610e-05 -2.245236e+00 +3.474170e-02 -2.860497e+00 -1.117735e+02 -6.816807e+03 +7.730139e+04 +1.388417e+09 +1.166280e+09 +5.174818e+10 +1.050312e+13 +2.665897e+14 +5.414637e+16 -3.092552e+20   +2.529055e-08 +1.298190e-04 +1.522698e-03 -1.023295e-02 -1.619796e+00 +1.675010e+01 +2.964138e+03 -3.366745e+05 -3.023189e+08 +1.974135e+09 -6.385469e+09 -8.573718e+11 -2.960890e+14 +1.151904e+17 +4.897215e+19   
S15-161   +1.099963e+02   +1.174368e-08 +6.073089e-05 -2.245473e+00 -8.080293e-02 -1.644641e+00 -6.470919e+01 -3.113129e+03 -2.881852e+05 +1.491769e+09 +3.698718e+08 -2.947787e+10 +1.258224e+12 +2.591574e+14 +7.555271e+16 -3.318505e+20   +3.076340e-07 +1.302915e-04 -3.135594e-04 +1.922336e-02 -1.057361e+00 +6.987640e+00 -8.555310e+01 -2.995405e+05 -1.246997e+08 +7.145417e+07 +4.457019e+10 +5.309527e+12 -3.297041e+14 +1.330857e+17 +5.778030e+18   
S15-163   +1.099961e+02   +1.626914e-07 +8.626529e-05 -2.243090e+00 -2.783787e-04 -4.518067e+00 +1.162756e+02 -1.186512e+04 -1.652759e+05 +1.513761e+09 +6.330373e+08 -5.201213e+10 +2.060088e+12 +5.208204e+14 +6.130752e+16 -3.295286e+20   -1.532262e-07 +1.212896e-04 -4.873220e-04 -8.586778e-03 +7.050974e+00 +5.411174e+01 -1.110378e+04 -2.385378e+04 -3.928952e+07 +4.868467e+08 -6.822770e+10 -2.988393e+12 +2.476098e+14 +8.355850e+16 +8.203925e+17   
S15-169   +1.099964e+02   -1.586794e-07 +6.829897e-05 -2.243516e+00 -1.116125e-02 -8.504804e+00 -8.855960e+01 -1.407340e+04 +9.763629e+03 +1.480268e+09 -1.898084e+08 +7.204077e+10 +2.061012e+12 +3.076061e+14 +5.066037e+16 -3.290134e+20   +1.265182e-07 +1.194979e-04 -1.895617e-04 -1.504451e-02 -2.499808e+00 +6.701298e+00 +4.940554e+03 -3.330151e+05 -7.578081e+07 +4.415284e+08 +1.155299e+11 -1.891368e+12 -6.051561e+14 +1.514010e+17 -8.469487e+16   
S15-173   +1.099965e+02   +2.456150e-07 +4.570085e-05 -2.244776e+00 -9.379271e-02 -5.424108e+00 +2.414180e+02 -6.705668e+03 -2.676968e+05 +1.428001e+09 +6.977774e+08 +1.218902e+11 +6.048435e+11 -2.551014e+14 +6.770369e+16 -3.236416e+20   +5.897760e-08 +1.336083e-04 +1.379378e-04 -8.099505e-03 +3.500606e+00 -1.350579e+01 -5.747898e+03 -1.667506e+05 -1.055859e+08 -7.409377e+08 -1.078106e+10 +4.431393e+12 -4.275395e+14 +1.187074e+17 +7.386878e+18   
S15-178   +1.099959e+02   +2.181991e-07 +5.235222e-05 -2.244709e+00 -3.723118e-02 -4.165346e+00 -4.414216e+01 -9.838039e+03 -1.979747e+05 +1.465496e+09 -5.775251e+08 +2.304746e+10 -1.550995e+12 +5.786536e+14 +5.985182e+16 -3.384260e+20   -8.317488e-08 +1.277509e-04 -1.543690e-03 -4.079578e-03 +2.067873e+00 -1.580844e+01 -2.753187e+03 +4.993800e+04 -8.920263e+07 -1.630239e+09 -2.495943e+10 +7.488285e+11 -4.189712e+14 +6.079449e+16 -6.990499e+18   
S15-182   +1.099959e+02   +1.822811e-09 +7.405547e-05 -2.244092e+00 -5.752624e-02 -3.792731e+00 +8.054063e+00 -7.838997e+03 -4.565271e+05 +1.373893e+09 +1.887124e+09 +1.033852e+11 +3.883865e+12 +3.763032e+14 +1.378420e+17 -3.158552e+20   +2.168922e-07 +1.260543e-04 +6.142497e-04 -3.457232e-04 -3.886098e-02 -1.328473e+01 -2.655089e+02 -4.677603e+05 -2.770293e+08 +1.690390e+07 -5.091064e+10 +9.377840e+12 -7.379160e+14 +1.293880e+17 +3.237642e+19   
S15-196   +1.099962e+02   +3.456354e-07 +7.652671e-05 -2.243950e+00 -2.249795e-02 -1.987415e+00 -8.080450e+01 -8.744043e+03 -2.763802e+05 +1.437181e+09 -2.391119e+07 -1.185480e+09 +9.409752e+12 +7.703375e+13 +3.530973e+16 -3.266576e+20   -1.277339e-07 +1.334092e-04 -1.504269e-03 +4.331988e-03 -2.444031e-01 +4.115894e+01 +1.151219e+03 -4.329982e+05 -2.421285e+08 -1.176820e+09 +4.667860e+10 +3.616498e+12 -3.431611e+14 +1.432443e+17 +9.595641e+18   
S15-198   +1.099961e+02   +5.182514e-08 +6.548087e-05 -2.244090e+00 -3.296358e-02 -7.213803e+00 -5.713146e+01 -1.285573e+04 +4.642646e+04 +1.449690e+09 +8.091902e+08 -2.464252e+10 -4.974489e+12 -8.318411e+13 +6.343343e+16 -3.377097e+20   -7.002316e-08 +1.195357e-04 -1.676289e-03 -4.644221e-02 -5.489905e-01 +2.184180e+01 +4.615483e+03 -1.878276e+05 -2.487868e+08 +1.248217e+08 +1.012430e+10 -3.000181e+12 -1.149237e+15 +1.867283e+17 +4.354583e+18   
S15-200   +1.099968e+02   +2.879291e-07 +5.550254e-05 -2.244843e+00 -3.526657e-02 -1.428395e+00 -6.581813e+00 +1.877758e+03 -4.705358e+05 +1.471422e+09 +1.612921e+09 -1.502618e+11 +1.661776e+11 -5.108736e+14 +7.626766e+16 -3.409732e+20   +8.718109e-08 +1.076138e-04 -1.256990e-03 +3.676543e-03 -1.960312e+00 +2.608012e+01 +1.429957e+03 +3.059388e+05 -4.154549e+08 +1.471093e+09 -4.325867e+10 -3.688522e+12 +1.667251e+14 +1.081726e+17 +2.414285e+19   
S15-201   +1.099962e+02   +1.626268e-07 +6.227263e-05 -2.244217e+00 -2.004137e-02 -6.631986e+00 -2.330982e+02 -1.470920e+04 -4.688983e+04 +1.499975e+09 -2.228108e+08 +7.500101e+10 +6.278521e+12 +4.830039e+14 +5.851254e+16 -3.307344e+20   -4.335223e-07 +8.748684e-05 -1.264877e-03 +4.272395e-02 +2.997932e+00 -8.273369e-01 +1.627827e+03 -3.691363e+05 -2.217097e+07 -1.026351e+09 +3.281251e+10 +1.274055e+12 -7.264983e+14 +1.086549e+17 -3.634962e+18   
S15-202   +1.099968e+02   +2.548476e-07 +2.040599e-05 -2.247657e+00 +2.328687e-02 -3.337229e+00 -3.143561e+01 -8.592023e+03 +1.510211e+05 +1.490456e+09 -2.007178e+08 +9.588897e+10 +4.199083e+12 -1.708681e+14 -1.691900e+16 -3.289211e+20   -1.626343e-07 +9.082311e-05 +7.218227e-05 +4.244850e-02 +1.189944e+00 +1.546546e+00 +3.530375e+03 -2.554853e+05 -3.079941e+07 -2.175304e+09 -2.204159e+09 +8.428888e+12 -4.377014e+14 +4.695317e+16 -5.380567e+18   
S15-203   +1.099962e+02   -4.914327e-08 +5.546600e-05 -2.246576e+00 -1.998661e-02 -6.022969e+00 +2.013504e+02 -1.241072e+04 -1.898634e+05 +1.460989e+09 +6.843460e+08 -3.073438e+10 +4.811780e+12 -1.818445e+14 +2.902448e+16 -3.415044e+20   -1.230864e-07 +1.029876e-04 -1.394440e-03 +9.024989e-03 +5.783860e-01 +2.995253e+01 -1.970106e+03 +2.043091e+04 -3.332922e+08 -1.037944e+08 -9.206345e+10 -9.671280e+11 +1.375299e+14 +5.462211e+16 +1.892853e+19   
S15-204   +1.099971e+02   +1.692734e-07 +6.844501e-05 -2.243516e+00 -2.535377e-02 -4.328450e+00 +3.380781e+01 -1.214784e+04 -3.776436e+05 +1.478311e+09 +2.168417e+08 +2.105140e+10 -1.389032e+13 +8.240381e+14 +1.918831e+16 -3.739885e+20   -2.314206e-07 +1.073729e-04 -1.509092e-03 -4.540722e-02 +8.392231e-01 -4.167710e+01 +1.640181e+03 -2.474848e+05 -4.713953e+08 +9.257753e+07 -4.612449e+10 +6.798692e+12 +4.044415e+13 +1.814066e+17 +9.722011e+18   
S15-205   +1.099958e+02   +1.580793e-07 +1.063563e-04 -2.243637e+00 +3.869496e-02 -5.064752e+00 -1.937170e+02 -1.420057e+04 +6.785295e+04 +1.484608e+09 -9.900569e+08 +7.026768e+10 +1.345433e+12 +4.233567e+14 +1.087021e+17 -3.344867e+20   -3.010277e-07 +1.088684e-04 -1.797996e-03 +5.707224e-02 +5.653418e+00 +1.760621e+01 -7.443752e+03 -3.546126e+05 -2.608869e+08 -1.044933e+09 -8.389084e+10 -3.302326e+12 -1.054125e+14 +1.134140e+17 +1.626728e+19   
S15-208   +1.099965e+02   +2.395910e-07 +8.027182e-05 -2.244698e+00 +4.012325e-02 -2.364375e+00 -4.345332e-01 -9.366098e+03 +2.668532e+04 +1.526911e+09 -4.233176e+08 -1.678039e+10 +7.163019e+11 +5.388013e+14 +8.009735e+16 -3.338220e+20   +2.621759e-07 +1.429675e-04 -4.485137e-04 -8.498806e-02 -4.191825e+00 +2.019712e+01 +6.525356e+03 -2.120496e+05 -2.534353e+07 +7.514551e+08 +1.329507e+11 -2.157783e+12 -6.946376e+14 +1.320905e+17 -2.311972e+18   
S15-211   +1.099974e+02   -2.299839e-08 +5.910649e-05 -2.245511e+00 -2.095902e-02 -1.794942e+00 +7.823928e+01 -2.711815e+03 -7.746047e+03 +1.419749e+09 -1.978690e+09 -6.333586e+10 -2.201624e+12 -1.053080e+14 +1.319679e+17 -3.549901e+20   +8.005851e-08 +1.074435e-04 -1.635925e-03 -1.993703e-02 +8.522698e-01 -2.797547e+01 +1.106352e+03 -1.667576e+05 -4.245969e+08 +4.715111e+08 +1.072534e+11 +1.370736e+13 -1.140447e+15 +8.001191e+16 +1.018250e+19   
S15-214   +1.099958e+02   +4.488309e-08 +7.008407e-05 -2.243178e+00 -2.498571e-02 -2.311946e+00 +3.462641e+01 -4.375964e+03 -2.655894e+05 +1.496660e+09 +1.279622e+09 +2.496911e+10 +4.319524e+12 +5.419605e+14 +4.810537e+16 -3.365180e+20   +3.035080e-08 +1.157867e-04 -1.364069e-03 +4.700539e-02 -2.642492e+00 -1.055894e+01 +8.779444e+03 -1.714451e+05 -2.198508e+08 -8.261755e+08 -1.720151e+10 +6.142097e+12 -4.903588e+14 +7.492030e+16 +8.622607e+18   
S15-217   +1.099976e+02   +1.960307e-07 +6.580045e-05 -2.241936e+00 -6.820095e-02 -5.445248e+00 +9.992300e+00 -1.456485e+04 -1.702927e+05 +1.547915e+09 -2.484735e+08 +1.402702e+11 +2.484741e+12 +6.799364e+14 +1.112475e+17 -3.521774e+20   -1.947639e-07 +1.131463e-04 -9.379977e-04 +9.812723e-03 +4.757914e+00 +1.679983e+01 -5.932541e+03 +1.492111e+04 -2.395470e+08 +8.489032e+08 -1.504133e+11 -2.294728e+12 +5.854987e+14 +6.540634e+16 -1.408529e+19   
S15-224   +1.099961e+02   +1.346331e-07 +7.028775e-05 -2.245758e+00 -6.261892e-02 -1.403782e+00 -1.612569e+02 -2.926817e+03 -2.399110e+05 +1.471726e+09 -3.950695e+08 -2.519548e+10 +5.183100e+12 +2.618362e+14 +7.436992e+16 -3.395103e+20   +8.950902e-08 +1.261497e-04 -1.221562e-03 +8.994912e-03 -2.037372e+00 +1.969104e+01 +6.203384e+03 -1.760732e+05 -3.056238e+08 +4.855001e+07 +1.618116e+11 +2.988670e+12 -1.483289e+15 +8.755384e+16 +2.091108e+19   
S15-225   +1.099967e+02   +2.521080e-08 +7.304085e-05 -2.245465e+00 -7.150602e-02 -4.132219e+00 +1.250127e+02 -4.935402e+03 -2.692458e+05 +1.442621e+09 -1.823356e+09 -6.064521e+10 +2.855387e+12 -1.249187e+13 +8.554161e+16 -3.335056e+20   +9.003413e-09 +1.287479e-04 -1.547363e-03 -4.289657e-02 +1.450532e+00 +3.530619e+01 -9.262387e+02 -3.037699e+05 -2.648619e+08 +9.246377e+08 +8.269424e+10 -9.554178e+12 -1.730796e+14 +1.372768e+17 +9.190285e+18   
S15-226   +1.099977e+02   +1.869350e-08 +4.908042e-05 -2.245751e+00 -7.348726e-02 -5.481978e+00 +8.743897e+00 -1.167394e+04 -1.195936e+05 +1.410019e+09 -9.445752e+08 +5.553365e+09 -6.282042e+12 +9.604719e+14 +9.300940e+16 -3.205221e+20   -1.447007e-07 +1.214211e-04 -1.422461e-03 -1.962219e-02 +3.933097e+00 +1.787984e+01 -5.359148e+03 -1.834550e+05 -2.994861e+08 +1.304113e+09 +8.031348e+09 -6.982540e+12 -1.850031e+14 +1.295107e+17 +1.124819e+19   
S15-233   +1.099959e+02   +1.310279e-07 +7.227097e-05 -2.243335e+00 +1.204772e-02 -6.310203e+00 +9.323475e+01 -1.217774e+04 +4.634044e+05 +1.418864e+09 -7.555054e+08 +1.077813e+11 -1.706583e+13 +6.270968e+13 +3.255533e+16 -3.269626e+20   -1.781403e-07 +1.006622e-04 -1.142135e-03 +2.430243e-02 +1.852130e+00 -2.058861e+01 +3.266117e+03 -5.159050e+05 -3.920763e+08 -1.204029e+09 +2.726701e+10 +1.975060e+12 -1.777254e+15 +1.333882e+17 +7.338378e+18   
S15-235   +1.099956e+02   +1.521248e-07 +5.596919e-05 -2.245927e+00 -6.362715e-02 -6.556712e+00 +1.070187e+02 -1.595831e+04 -1.933684e+05 +1.495983e+09 +1.417569e+09 +1.551931e+11 -1.256717e+12 +1.057182e+15 +1.940661e+16 -3.388850e+20   +3.606454e-08 +1.235890e-04 -1.409489e-03 -2.043246e-02 +1.774469e-01 +1.282745e+01 +1.252629e+03 -2.089351e+05 -2.046851e+08 +9.664905e+08 +2.608360e+10 -3.502198e+11 +1.808067e+14 +1.474108e+17 +1.260290e+19   
S15-241   +1.099962e+02   +6.897309e-08 +6.675516e-05 -2.244132e+00 -2.466968e-02 -4.969671e+00 +7.807587e+01 -1.109861e+04 -8.337996e+04 +1.502756e+09 -1.695155e+09 +2.331657e+10 -3.951983e+12 +4.825272e+14 +5.668809e+16 -3.349927e+20   -2.050174e-07 +1.175988e-04 +3.525770e-05 -1.865396e-02 +1.496334e+00 +1.530601e+01 +1.536767e+03 -1.973537e+05 -2.975160e+08 +4.373185e+08 +1.024400e+10 -9.045817e+12 -6.969921e+13 +1.128900e+17 +1.942621e+19   
S15-243   +1.099965e+02   -2.328507e-08 -1.264817e-06 -2.248816e+00 -5.647637e-03 +9.396799e-01 -1.213439e+02 +2.363158e+02 +2.910224e+05 +1.489705e+09 -6.415968e+08 -1.554179e+10 +5.191916e+12 -1.115221e+14 -1.589484e+16 -3.330937e+20   +4.945703e-08 +1.201926e-04 -2.250377e-04 -3.778904e-02 -5.603082e-01 +2.004085e+01 +1.890053e+03 -2.214283e+05 -1.816734e+07 +2.110592e+08 +5.886411e+10 -4.663056e+11 -5.985148e+14 +1.139922e+17 -5.278860e+18   
S15-247   +1.099960e+02   +2.979319e-08 +6.292680e-05 -2.245582e+00 -5.053295e-02 -9.028315e-01 +1.112799e+02 +6.988264e+02 -3.488484e+05 +1.487328e+09 +2.340039e+08 +6.665480e+09 -3.372191e+12 +7.553157e+13 +5.115669e+16 -3.348084e+20   -7.841222e-08 +1.049435e-04 -1.267096e-03 +4.698798e-02 +1.029007e+00 +1.617745e+01 +1.553016e+03 -1.836387e+05 -2.591447e+08 +2.092396e+08 +2.342862e+11 -7.742485e+12 -2.425814e+14 +9.001436e+16 +1.693069e+19   
S15-250   +1.099961e+02   +1.576104e-07 +6.519742e-05 -2.246488e+00 -2.777942e-02 -2.210851e+00 +1.228021e+02 -6.227460e+03 -3.561797e+05 +1.471064e+09 +1.298191e+08 -4.148795e+10 +4.804390e+12 +5.185687e+14 +6.830762e+16 -3.284476e+20   +3.538858e-08 +1.193301e-04 -6.144541e-04 -9.315576e-04 -4.069152e-01 +2.154309e+00 +4.312150e+03 -3.140574e+05 -1.418379e+08 -1.557812e+09 +7.386961e+10 -5.070335e+12 -5.193206e+14 +1.244465e+17 -1.653562e+18   
S15-252   +1.099973e+02   +1.694530e-07 +6.395605e-05 -2.245310e+00 -3.737014e-02 -1.008722e+00 +2.723430e+02 -2.759359e+03 -2.079897e+05 +1.497517e+09 -6.220258e+08 +3.330094e+10 +7.120233e+12 +3.495732e+14 +1.144779e+17 -3.379683e+20   -1.130493e-07 +9.075866e-05 -7.840689e-04 +2.864558e-02 +4.496204e-01 +2.910197e+01 +2.595615e+03 -3.638627e+05 -2.140645e+08 +8.726400e+07 -1.568565e+11 -1.672616e+12 -1.377745e+14 +7.022405e+16 +1.194870e+19   
S15-254   +1.099956e+02   +3.491285e-08 +7.130037e-05 -2.245652e+00 -5.659151e-02 -2.076819e+00 +7.004587e+01 -5.595437e+03 -2.480852e+05 +1.409065e+09 +1.128150e+09 +7.128727e+09 -3.754807e+12 +6.736053e+14 +5.496670e+16 -3.233918e+20   -7.645287e-09 +1.118850e-04 -1.298907e-03 -2.591716e-02 +1.268887e+00 +2.369968e+01 -3.284736e+03 -4.203565e+04 -2.968200e+08 -1.355496e+09 -4.919814e+10 -2.729296e+12 +3.498419e+13 +1.114165e+17 +6.669811e+18   
S15-255   +1.099966e+02   +3.180118e-07 +4.058235e-05 -2.244686e+00 -8.654574e-02 -2.043300e+00 +4.899614e+01 -6.815661e+03 -2.671213e+05 +1.454889e+09 +3.364974e+09 -1.266665e+11 +4.623077e+11 +6.567932e+13 +7.720600e+16 -3.303480e+20   +1.185612e-08 +1.179626e-04 -1.052705e-03 -6.821567e-02 +1.075079e+00 +4.980097e+01 -8.229619e+02 +2.599790e+05 -2.569771e+08 +4.496598e+08 +1.548163e+11 -2.887903e+12 -4.475245e+14 +4.044495e+16 +2.227940e+19   
S15-259   +1.099967e+02   +1.947323e-07 +4.612957e-05 -2.246023e+00 -1.386240e-02 -3.103729e+00 -2.032604e+02 -8.525288e+03 -1.256353e+05 +1.476808e+09 -2.536540e+08 -1.560158e+10 +7.006128e+12 +5.797745e+14 +7.231694e+16 -3.401747e+20   -1.899387e-07 +1.100389e-04 -4.243425e-04 +3.957706e-03 +2.424164e+00 +3.205147e+01 -1.558349e+03 -2.429947e+05 -2.219843e+08 -1.370020e+09 +3.423694e+10 -2.431973e+12 -2.028550e+14 +1.515530e+17 +9.711791e+18   
S15-260   +1.099960e+02   +1.329000e-07 +4.168975e-05 -2.245692e+00 -5.520078e-02 -1.462628e+00 +1.246646e+02 -4.755361e+03 -3.332032e+05 +1.515270e+09 +2.337414e+08 -2.168278e+10 +3.242084e+12 +5.523044e+13 +1.357707e+16 -3.462456e+20   -1.049189e-07 +8.519804e-05 -1.032864e-03 +1.857346e-02 +4.801045e-01 +2.427556e-02 +6.258816e+02 -2.519221e+05 -2.583887e+08 +1.775674e+09 -6.936563e+10 +7.211204e+12 -3.157218e+14 +1.310579e+17 +1.214457e+19   
S15-262   +1.099960e+02   +1.125556e-08 +5.669202e-05 -2.248566e+00 -4.059446e-02 +6.916712e-02 +1.821211e+02 +1.546862e+03 -3.325339e+04 +1.502435e+09 -5.827875e+06 -5.497291e+10 -3.787873e+11 -2.374598e+14 +6.382548e+16 -3.353568e+20   +2.665784e-08 +6.703188e-05 -1.186542e-03 +3.412729e-02 +1.231608e+00 +1.714213e+01 +5.741857e+02 -2.410797e+05 -2.693162e+08 -4.588970e+08 +8.216500e+09 +4.885801e+12 -8.308463e+14 +8.169843e+16 +1.825465e+19   
S15-264   +1.099962e+02   +5.134912e-08 +3.336571e-05 -2.247940e+00 -3.164302e-02 -1.832379e+00 -6.917394e+01 -1.007860e+03 -9.628378e+04 +1.473968e+09 +1.011835e+09 -3.825552e+10 -4.464801e+12 -2.227062e+13 +2.020113e+16 -3.423008e+20   +7.921587e-09 +9.961390e-05 -3.563664e-04 +2.410865e-02 +1.012929e+00 +2.230923e+01 -7.988172e+02 -4.250427e+05 -2.781696e+08 -3.307020e+08 +7.501025e+10 +1.807993e+12 -4.340401e+14 +1.234311e+17 +2.203562e+19   
S15-265   +1.099958e+02   +6.520222e-07 +4.058334e-05 -2.247530e+00 -4.998666e-02 -4.640809e+00 -1.068733e+02 -1.907085e+04 +1.502302e+05 +1.508669e+09 -1.327894e+09 +1.825791e+10 +6.924802e+12 +7.230250e+14 -1.569773e+15 -3.380231e+20   +6.512045e-08 +8.541582e-05 -1.195212e-03 +2.177903e-02 -1.372000e+00 +1.989740e+01 +7.358957e+03 -3.307563e+05 -3.078971e+08 -6.290286e+08 +1.875058e+11 +2.568944e+12 -8.231497e+14 +1.759626e+17 +2.765110e+19   
S15-266   +1.099965e+02   +1.441128e-07 +5.867356e-05 -2.248039e+00 -3.700420e-02 -3.838581e-01 -2.353960e+02 -4.238799e+03 -1.534195e+05 +1.484985e+09 +1.351814e+09 -2.466915e+10 +6.811658e+12 +3.290867e+14 +8.251093e+16 -3.316474e+20   +2.262020e-08 +1.034293e-04 -8.520040e-04 -3.093399e-02 -6.519624e-01 +7.967284e+00 +4.669438e+03 -2.060106e+04 -1.187531e+08 +3.879668e+08 -7.127243e+08 +4.142545e+12 -4.472814e+14 +1.051576e+17 +5.872385e+18   
S15-268   +1.099960e+02   +2.004062e-07 +9.208953e-07 -2.246795e+00 -8.519840e-02 -3.861179e-01 -6.661520e+00 -4.525740e+03 -3.971303e+04 +1.428817e+09 +5.559222e+08 +3.694022e+10 +3.699860e+12 +3.345196e+14 -7.497325e+16 -3.321564e+20   -6.728207e-08 +8.618522e-05 -3.253126e-04 -1.133227e-02 -4.122628e+00 +2.631278e+01 +1.346239e+04 -2.630309e+04 -2.491649e+08 -7.242650e+08 +1.946964e+11 -4.678823e+12 -1.947188e+15 +8.000570e+16 +3.195077e+18   
S15-269   +1.099961e+02   +3.055886e-07 +4.201794e-05 -2.247286e+00 -3.090259e-02 -2.719896e+00 -9.786047e+00 -1.023957e+04 -1.432990e+05 +1.440824e+09 +4.096454e+08 -4.078873e+10 +9.053453e+12 +1.304258e+15 +7.340440e+16 -3.236428e+20   -7.318332e-08 +9.809030e-05 -5.871692e-04 -2.988577e-03 +2.029149e-01 +2.200827e+00 +2.482714e+03 -3.916941e+05 -1.491696e+08 -1.146387e+09 +2.867867e+09 +1.650726e+12 -4.172535e+14 +1.172086e+17 +1.360738e+19   
S15-270   +1.099963e+02   +2.428743e-07 +4.625099e-05 -2.249105e+00 +6.356718e-03 -4.808236e+00 +1.904270e+01 -1.511845e+04 -1.338074e+05 +1.405711e+09 +1.189686e+09 +1.905839e+10 +9.442709e+12 +8.352096e+14 +7.848739e+16 -3.277158e+20   +1.577133e-07 +1.253528e-04 -3.301997e-04 +3.570527e-03 -2.259531e+00 +1.399647e+01 +1.767722e+03 -4.689811e+05 -1.872573e+08 +6.697032e+08 +1.924244e+10 -7.435466e+12 -2.415368e+14 +1.486045e+17 +2.292829e+19   
S15-273   +1.099968e+02   +2.803705e-07 -9.421429e-06 -2.248341e+00 -5.001646e-02 -8.041161e-01 +2.936990e+02 -1.026292e+04 -1.042068e+05 +1.401051e+09 -1.028359e+08 -1.042020e+11 -3.028623e+12 +1.374015e+15 +5.373077e+16 -3.176231e+20   -4.388119e-08 +7.930317e-05 +7.287587e-04 +1.850928e-02 -2.660692e-01 +1.870778e+01 -1.271696e+03 -5.404763e+05 -1.909545e+08 +4.128126e+08 +2.921270e+10 -4.365271e+12 -3.623274e+14 +1.333356e+17 +2.867440e+19   
S15-279   +1.099961e+02   +2.899526e-07 +5.712117e-05 -2.249901e+00 -5.408465e-02 -6.089491e-01 -8.190462e+01 -4.579067e+03 -2.180243e+05 +1.484435e+09 +2.288631e+08 -3.927050e+10 -6.638550e+11 +4.125913e+14 +8.137204e+16 -3.358214e+20   -2.237356e-08 +1.094482e-04 -1.145556e-03 -1.884891e-02 +1.138382e+00 +6.714778e-01 -4.559143e+02 -3.828059e+05 -1.533774e+07 -1.923265e+07 +3.594611e+10 +3.004371e+12 -4.539473e+14 +1.205338e+17 -2.807385e+18   
S15-280   +1.099965e+02   +6.237308e-08 +3.753140e-05 -2.247854e+00 -4.928111e-02 -2.823689e+00 +1.787688e+02 -7.901291e+03 -1.915651e+05 +1.474906e+09 -4.643144e+08 -1.597057e+09 -2.411444e+12 +5.501052e+14 +5.158240e+16 -3.392123e+20   +6.690166e-08 +8.794484e-05 -3.100352e-04 +1.064100e-03 +1.368209e+00 -2.272088e+01 -3.099348e+03 -2.115058e+05 -1.467462e+08 +5.211783e+08 -3.665012e+09 -3.122489e+12 -5.490420e+13 +1.184677e+17 +5.811849e+18   
S15-282   +1.099967e+02   +1.851449e-07 +1.379634e-05 -2.248297e+00 -4.457360e-03 -4.299478e+00 +1.597008e+02 -1.115267e+04 +1.668272e+05 +1.499339e+09 -3.430576e+08 -1.159925e+10 -2.100535e+10 +4.550837e+14 +1.410355e+16 -3.362285e+20   +4.649953e-07 +1.411923e-04 -3.548493e-04 -8.560853e-02 -5.579006e-01 +2.460826e+01 -3.294273e+03 -1.931316e+05 -1.838344e+07 +4.186028e+08 +1.163423e+11 +2.862514e+12 -1.067543e+14 +1.277447e+17 -1.658097e+18   
S15-283   +1.099963e+02   +1.647997e-07 +3.010048e-05 -2.250213e+00 -4.426784e-02 -3.095010e+00 -4.292833e-01 -1.182197e+04 +6.858828e+04 +1.361909e+09 +7.226739e+08 +4.762044e+10 +2.769340e+12 +1.464139e+15 +9.813357e+15 -3.221031e+20   +1.892885e-08 +1.049706e-04 +1.427384e-04 -7.149311e-03 -9.753892e-02 +1.076514e+01 +2.491806e+03 -2.825719e+05 -2.509021e+08 +1.282720e+09 -7.233935e+10 -6.632179e+12 -5.931628e+14 +1.002780e+17 +2.890432e+19   
S15-284   +1.099960e+02   +5.523821e-08 +4.365291e-05 -2.248845e+00 -8.015020e-02 -3.189939e+00 +1.206830e+01 -8.097793e+03 -3.340071e+05 +1.509117e+09 +1.441008e+09 -1.079604e+11 -1.695753e+12 +4.265011e+14 +5.502919e+16 -3.435390e+20   -3.386794e-07 +9.802166e-05 -1.150655e-03 -4.333211e-03 +1.185320e+00 +1.241818e+01 +4.472504e+03 -2.515097e+05 -2.465519e+08 -1.133296e+09 -4.936610e+10 -6.992300e+11 -5.681808e+14 +1.795378e+17 +1.646114e+19   
S15-285   +1.099962e+02   +2.770146e-07 +4.070726e-05 -2.248610e+00 -2.689805e-02 +3.740185e-02 +1.308282e+02 -4.344440e+03 +1.314782e+05 +1.480652e+09 -1.297671e+09 +7.265769e+10 -6.389589e+12 +7.103162e+14 +8.731297e+15 -3.471195e+20   -2.510059e-07 +9.579867e-05 -1.685263e-03 +2.112568e-02 +7.738404e-01 +1.237396e+01 +3.587146e+03 -2.415131e+05 -2.581998e+08 +1.913672e+07 -7.872560e+10 -6.077933e+12 -1.289688e+14 +1.190538e+17 +1.653480e+19   
S15-286   +1.099955e+02   +2.171389e-07 +5.737205e-05 -2.248141e+00 -2.750333e-02 -1.635782e+00 +1.560722e+01 -5.630899e+03 -1.927349e+05 +1.502328e+09 -9.488834e+08 -1.676256e+11 +3.204782e+11 +2.848750e+14 +1.493075e+16 -3.332736e+20   -4.848987e-08 +1.080569e-04 -1.088125e-03 +2.753917e-02 +1.209267e+00 -5.538291e+00 -5.891242e+01 -2.079179e+05 -1.942130e+08 -1.271509e+09 -1.040679e+10 +1.527447e+12 -5.992918e+14 +1.703050e+17 +8.048038e+18   
