Arquivo: c:\arq\medidas\BBA_0304_072142\BBA_AMP04B_H.dat
Data: 0304	 Hora:  0743
Comentário: 
NomeParametro	 ValorParametro
Nmedias	5
PausaCorretora	3000
PausaShunt	2000
PausaLeitura	500
NumCiclos	3
 NPassosCor	7
DeltaShunt	3.00
TetaIni	-0.10
TetaFim	0.10
I[mA]	 146.0
ACH11A	DeltaPos^2	AMP04B	AMP01B_0	AMP02A_0	AMP02B_0	AMP03A_0	AMP03B_0	AMP03C_0	AMP04A_0	AMP04B_0	AMP05A_0	AMP05B_0	AMP06A_0	AMP06B_0	AMP07A_0	AMP07B_0	AMP08A_0	AMP08B_0	AMP09A_0	AMP09B_0	AMP10A_0	AMP10B_0	AMU11A_0	AMU11B_0	AMP12A_0	AMP12B_0	AMP01A_0	AMP01B_1	AMP02A_1	AMP02B_1	AMP03A_1	AMP03B_1	AMP03C_1	AMP04A_1	AMP04B_1	AMP05A_1	AMP05B_1	AMP06A_1	AMP06B_1	AMP07A_1	AMP07B_1	AMP08A_1	AMP08B_1	AMP09A_1	AMP09B_1	AMP10A_1	AMP10B_1	AMU11A_1	AMU11B_1	AMP12A_1	AMP12B_1	AMP01A_1	
-0.1000	 1.35465870472470E-0004	-0.5330	-1.4623	0.3744	-1.9134	0.3725	-0.5635	-2.3996	-0.7316	-0.5330	-0.7695	0.5112	0.2307	-1.2254	0.2897	0.4111	-0.5217	-0.1273	-0.1545	0.2499	0.1156	-0.7557	-0.4654	-0.3769	-0.4366	-0.7034	-0.3615	-1.4692	0.3749	-1.9081	0.3863	-0.5534	-2.3975	-0.7362	-0.5353	-0.7679	0.5178	0.2392	-1.2212	0.2752	0.4010	-0.5079	-0.1164	-0.1765	0.2289	0.1284	-0.7412	-0.4829	-0.3972	-0.4288	-0.6912	-0.3639	
-0.0667	 2.67651376303460E-0004	-0.4169	-1.3636	0.4595	-1.9151	0.1204	-0.7477	-2.4317	-0.5709	-0.4169	-1.1217	0.1696	0.3767	-1.0583	0.0309	0.0924	-0.4764	-0.0043	-0.1532	0.1541	0.0320	-0.7520	-0.2027	-0.0623	-0.4804	-0.8199	-0.3557	-1.3729	0.4597	-1.9080	0.1410	-0.7331	-2.4289	-0.5779	-0.4210	-1.1191	0.1797	0.3885	-1.0531	0.0109	0.0786	-0.4572	0.0108	-0.1842	0.1245	0.0501	-0.7320	-0.2270	-0.0909	-0.4695	-0.8030	-0.3578	
-0.0333	 4.47351976636178E-0004	-0.2990	-1.2646	0.5459	-1.9163	-0.1352	-0.9351	-2.4649	-0.4081	-0.2990	-1.4776	-0.1765	0.5240	-0.8890	-0.2307	-0.2302	-0.4303	0.1203	-0.1526	0.0562	-0.0525	-0.7481	0.0626	0.2549	-0.5238	-0.9377	-0.3506	-1.2770	0.5456	-1.9075	-0.1084	-0.9155	-2.4613	-0.4178	-0.3049	-1.4739	-0.1630	0.5391	-0.8826	-0.2566	-0.2476	-0.4054	0.1396	-0.1921	0.0180	-0.0289	-0.7221	0.0311	0.2180	-0.5101	-0.9160	-0.3533	
0.0000	 6.74627226605939E-0004	-0.1809	-1.1670	0.6332	-1.9168	-0.3920	-1.1234	-2.4988	-0.2451	-0.1809	-1.8335	-0.5236	0.6714	-0.7191	-0.4930	-0.5539	-0.3835	0.2450	-0.1529	-0.0419	-0.1364	-0.7438	0.3269	0.5720	-0.5669	-1.0551	-0.3470	-1.1823	0.6322	-1.9064	-0.3584	-1.0992	-2.4945	-0.2574	-0.1882	-1.8286	-0.5064	0.6898	-0.7118	-0.5247	-0.5750	-0.3532	0.2685	-0.2017	-0.0887	-0.1074	-0.7119	0.2884	0.5267	-0.5498	-1.0284	-0.3503	
0.0333	 9.51299995357775E-0004	-0.0624	-1.0709	0.7208	-1.9164	-0.6497	-1.3129	-2.5333	-0.0820	-0.0624	-2.1885	-0.8708	0.8188	-0.5491	-0.7567	-0.8779	-0.3363	0.3698	-0.1541	-0.1412	-0.2200	-0.7389	0.5906	0.8881	-0.6089	-1.1719	-0.3451	-1.0894	0.7192	-1.9044	-0.6094	-1.2840	-2.5283	-0.0969	-0.0715	-2.1824	-0.8503	0.8405	-0.5406	-0.7943	-0.9030	-0.3004	0.3978	-0.2119	-0.1966	-0.1856	-0.7012	0.5448	0.8343	-0.5893	-1.1406	-0.3488	
0.0667	 1.26921511781189E-0003	0.0569	-0.9752	0.8092	-1.9159	-0.9085	-1.5039	-2.5681	0.0813	0.0569	-2.5429	-1.2187	0.9664	-0.3784	-1.0215	-1.2033	-0.2888	0.4952	-0.1562	-0.2416	-0.3035	-0.7337	0.8538	1.2036	-0.6509	-1.2889	-0.3443	-0.9960	0.8072	-1.9019	-0.8619	-1.4702	-2.5624	0.0641	0.0462	-2.5360	-1.1949	0.9914	-0.3687	-1.0650	-1.2319	-0.2471	0.5274	-0.2231	-0.3059	-0.2638	-0.6903	0.8012	1.1418	-0.6281	-1.2523	-0.3479	
0.1000	 1.62001064168693E-0003	0.1763	-0.8814	0.8977	-1.9143	-1.1673	-1.6953	-2.6038	0.2445	0.1763	-2.8952	-1.5654	1.1140	-0.2082	-1.2849	-1.5274	-0.2406	0.6207	-0.1594	-0.3426	-0.3864	-0.7281	1.1148	1.5162	-0.6919	-1.4052	-0.3447	-0.9049	0.8952	-1.8988	-1.1141	-1.6568	-2.5972	0.2249	0.1639	-2.8876	-1.5384	1.1419	-0.1972	-1.3336	-1.5591	-0.1934	0.6566	-0.2350	-0.4151	-0.3412	-0.6789	1.0556	1.4462	-0.6664	-1.3639	-0.3489	
