Arquivo: c:\arq\medidas\BBA_0304_072142\BBA_AMP10B_V.dat
Data: 0304	 Hora:  0822
Comentário: 
NomeParametro	 ValorParametro
Nmedias	5
PausaCorretora	3000
PausaShunt	2000
PausaLeitura	500
NumCiclos	3
 NPassosCor	7
DeltaShunt	3.00
TetaIni	-0.10
TetaFim	0.10
I[mA]	  35.5
ACV01B	DeltaPos^2	AMP10B	AMP01B_0	AMP02A_0	AMP02B_0	AMP03A_0	AMP03B_0	AMP03C_0	AMP04A_0	AMP04B_0	AMP05A_0	AMP05B_0	AMP06A_0	AMP06B_0	AMP07A_0	AMP07B_0	AMP08A_0	AMP08B_0	AMP09A_0	AMP09B_0	AMP10A_0	AMP10B_0	AMU11A_0	AMU11B_0	AMP12A_0	AMP12B_0	AMP01A_0	AMP01B_1	AMP02A_1	AMP02B_1	AMP03A_1	AMP03B_1	AMP03C_1	AMP04A_1	AMP04B_1	AMP05A_1	AMP05B_1	AMP06A_1	AMP06B_1	AMP07A_1	AMP07B_1	AMP08A_1	AMP08B_1	AMP09A_1	AMP09B_1	AMP10A_1	AMP10B_1	AMU11A_1	AMU11B_1	AMP12A_1	AMP12B_1	AMP01A_1	
-0.1000	 3.35395972969484E-0004	-0.0599	-1.3930	-0.8349	-0.0390	0.2409	2.8559	1.9925	0.8673	-0.7718	-0.1130	1.3147	1.6495	0.0358	1.0970	-0.9143	0.1823	-0.2936	0.1186	0.7244	0.7361	-0.0599	0.0236	2.0023	1.7080	1.3387	0.8113	-1.4217	-0.8476	-0.0315	0.2618	2.8623	1.9815	0.8582	-0.7914	-0.1414	1.3457	1.6707	0.0448	1.1052	-0.9370	0.1760	-0.2804	0.1439	0.7153	0.7228	-0.0789	0.0028	2.0265	1.7289	1.3549	0.8257	
-0.0667	 1.40392849889841E-0004	0.1552	-1.0506	-0.5796	0.1123	0.3326	2.6086	1.5105	0.7387	-0.6186	0.2064	1.1954	1.4721	-0.2379	0.7517	-0.5145	0.4490	-0.2155	0.0794	0.5120	0.6872	0.1552	0.3221	1.8426	1.4773	1.1147	0.5987	-1.0693	-0.5877	0.1170	0.3466	2.6137	1.5041	0.7330	-0.6317	0.1883	1.2152	1.4859	-0.2317	0.7577	-0.5287	0.4449	-0.2073	0.0956	0.5063	0.6790	0.1431	0.3100	1.8592	1.4912	1.1256	0.6081	
-0.0333	 2.74072939664943E-0005	0.3761	-0.6981	-0.3167	0.2669	0.4266	2.3534	1.0130	0.6073	-0.4607	0.5349	1.0712	1.2889	-0.5195	0.3970	-0.1021	0.7235	-0.1354	0.0388	0.2931	0.6366	0.3761	0.6297	1.6783	1.2389	0.8837	0.3797	-0.7058	-0.3206	0.2686	0.4326	2.3581	1.0120	0.6058	-0.4665	0.5275	1.0798	1.2952	-0.5162	0.4012	-0.1085	0.7219	-0.1322	0.0454	0.2916	0.6338	0.3709	0.6260	1.6871	1.2456	0.8888	0.3841	
0.0000	 5.67148349404326E-0006	0.5988	-0.3423	-0.0525	0.4217	0.5204	2.0961	0.5123	0.4751	-0.3006	0.8653	0.9453	1.1038	-0.8029	0.0399	0.3127	1.0005	-0.0545	-0.0020	0.0719	0.5857	0.5988	0.9388	1.5122	0.9986	0.6508	0.1597	-0.3402	-0.0518	0.4198	0.5180	2.0997	0.5163	0.4775	-0.2986	0.8681	0.9424	1.1019	-0.8028	0.0421	0.3139	0.9998	-0.0568	-0.0047	0.0757	0.5886	0.6008	0.9433	1.5131	0.9972	0.6500	0.1592	
0.0333	 7.49290649367286E-0005	0.8233	0.0147	0.2138	0.5773	0.6152	1.8357	0.0068	0.3425	-0.1395	1.1995	0.8186	0.9165	-1.0887	-0.3209	0.7311	1.2784	0.0266	-0.0428	-0.1502	0.5349	0.8233	1.2493	1.3444	0.7562	0.4165	-0.0614	0.0267	0.2194	0.5724	0.6041	1.8390	0.0156	0.3487	-0.1297	1.2115	0.8043	0.9066	-1.0915	-0.3195	0.7387	1.2802	0.0194	-0.0553	-0.1413	0.5436	0.8325	1.2611	1.3367	0.7469	0.4094	-0.0668	
0.0667	 2.17827041217264E-0004	1.0488	0.3716	0.4800	0.7338	0.7102	1.5737	-0.5013	0.2094	0.0221	1.5337	0.6909	0.7283	-1.3747	-0.6832	1.1502	1.5573	0.1081	-0.0844	-0.3728	0.4845	1.0488	1.5605	1.1762	0.5119	0.1816	-0.2830	0.3923	0.4897	0.7259	0.6915	1.5772	-0.4875	0.2194	0.0389	1.5542	0.6665	0.7111	-1.3804	-0.6821	1.1643	1.5610	0.0962	-0.1057	-0.3591	0.4981	1.0648	1.5809	1.1620	0.4956	0.1688	-0.2930	
0.1000	 4.29282764390709E-0004	1.2731	0.7267	0.7447	0.8898	0.8052	1.3113	-1.0081	0.0760	0.1833	1.8658	0.5631	0.5404	-1.6592	-1.0442	1.5673	1.8346	0.1890	-0.1260	-0.5946	0.4338	1.2731	1.8704	1.0069	0.2685	-0.0516	-0.5032	0.7563	0.7586	0.8792	0.7788	1.3158	-0.9892	0.0900	0.2071	1.8945	0.5290	0.5163	-1.6677	-1.0434	1.5867	1.8399	0.1725	-0.1557	-0.5762	0.4529	1.2959	1.8983	0.9867	0.2449	-0.0701	-0.5171	
