Arquivo: c:\arq\medidas\BBA_0304_072142\BBA_AMP08B_V.dat
Data: 0304	 Hora:  0809
Comentário: 
NomeParametro	 ValorParametro
Nmedias	5
PausaCorretora	3000
PausaShunt	2000
PausaLeitura	500
NumCiclos	3
 NPassosCor	7
DeltaShunt	3.00
TetaIni	-0.10
TetaFim	0.10
I[mA]	  39.7
ACV11B	DeltaPos^2	AMP08B	AMP01B_0	AMP02A_0	AMP02B_0	AMP03A_0	AMP03B_0	AMP03C_0	AMP04A_0	AMP04B_0	AMP05A_0	AMP05B_0	AMP06A_0	AMP06B_0	AMP07A_0	AMP07B_0	AMP08A_0	AMP08B_0	AMP09A_0	AMP09B_0	AMP10A_0	AMP10B_0	AMU11A_0	AMU11B_0	AMP12A_0	AMP12B_0	AMP01A_0	AMP01B_1	AMP02A_1	AMP02B_1	AMP03A_1	AMP03B_1	AMP03C_1	AMP04A_1	AMP04B_1	AMP05A_1	AMP05B_1	AMP06A_1	AMP06B_1	AMP07A_1	AMP07B_1	AMP08A_1	AMP08B_1	AMP09A_1	AMP09B_1	AMP10A_1	AMP10B_1	AMU11A_1	AMU11B_1	AMP12A_1	AMP12B_1	AMP01A_1	
-0.1000	 2.37135544454308E-0004	-0.5779	0.5350	0.3480	0.0754	-0.3058	2.2222	1.1383	0.9053	0.4300	1.7574	-0.0877	0.3752	-1.0316	0.1068	0.9071	1.1564	-0.5779	-0.9449	0.6202	1.1494	1.2074	1.3614	0.7357	0.2251	0.1033	-0.2312	0.5262	0.3372	0.0609	-0.3227	2.2406	1.1782	0.9195	0.4303	1.7495	-0.0941	0.3769	-1.0170	0.1301	0.8900	1.1412	-0.5913	-0.9650	0.6383	1.1635	1.2153	1.3631	0.7231	0.2191	0.1116	-0.2144	
-0.0667	 1.15764928463780E-0004	-0.4069	0.2575	0.2235	0.1906	-0.0372	2.1763	0.9258	0.7639	0.1970	1.4757	0.2448	0.6072	-0.9632	0.0772	0.7233	1.1120	-0.4069	-0.6414	0.4339	0.9636	1.0142	1.2291	0.9835	0.4707	0.2757	-0.1087	0.2511	0.2160	0.1806	-0.0490	2.1891	0.9538	0.7736	0.1971	1.4701	0.2404	0.6084	-0.9527	0.0936	0.7112	1.1011	-0.4165	-0.6551	0.4463	0.9734	1.0196	1.2302	0.9751	0.4670	0.2817	-0.0969	
-0.0333	 3.40976359357092E-0005	-0.2330	-0.0251	0.0963	0.3074	0.2363	2.1292	0.7098	0.6196	-0.0408	1.1879	0.5832	0.8438	-0.8931	0.0482	0.5354	1.0659	-0.2330	-0.3312	0.2448	0.7744	0.8168	1.0940	1.2357	0.7208	0.4516	0.0158	-0.0288	0.0923	0.3018	0.2300	2.1364	0.7249	0.6250	-0.0410	1.1846	0.5810	0.8446	-0.8874	0.0572	0.5290	1.0602	-0.2381	-0.3388	0.2515	0.7795	0.8196	1.0945	1.2315	0.7193	0.4552	0.0221	
0.0000	 8.39052517280614E-0007	-0.0581	-0.3102	-0.0323	0.4245	0.5111	2.0818	0.4928	0.4751	-0.2800	0.8974	0.9226	1.0817	-0.8220	0.0192	0.3461	1.0197	-0.0581	-0.0200	0.0540	0.5839	0.6184	0.9586	1.4889	0.9722	0.6289	0.1412	-0.3111	-0.0329	0.4237	0.5106	2.0832	0.4950	0.4756	-0.2802	0.8966	0.9225	1.0821	-0.8209	0.0206	0.3451	1.0181	-0.0590	-0.0207	0.0550	0.5844	0.6184	0.9586	1.4893	0.9723	0.6297	0.1423	
0.0333	 1.64666416136105E-0005	0.1177	-0.5971	-0.1607	0.5418	0.7864	2.0344	0.2753	0.3296	-0.5198	0.6065	1.2638	1.3198	-0.7509	-0.0101	0.1564	0.9727	0.1177	0.2929	-0.1370	0.3925	0.4191	0.8225	1.7428	1.2242	0.8068	0.2674	-0.5950	-0.1581	0.5456	0.7914	2.0305	0.2648	0.3259	-0.5201	0.6082	1.2656	1.3198	-0.7543	-0.0158	0.1604	0.9765	0.1211	0.2993	-0.1419	0.3888	0.4167	0.8218	1.7471	1.2267	0.8051	0.2630	
0.0667	 8.01236390944185E-0005	0.2935	-0.8845	-0.2899	0.6594	1.0622	1.9871	0.0572	0.1841	-0.7599	0.3134	1.6045	1.5584	-0.6796	-0.0395	-0.0342	0.9262	0.2935	0.6064	-0.3292	0.2007	0.2199	0.6861	1.9964	1.4756	0.9851	0.3940	-0.8799	-0.2838	0.6680	1.0725	1.9774	0.0341	0.1756	-0.7603	0.3175	1.6091	1.5578	-0.6877	-0.0526	-0.0245	0.9351	0.3014	0.6186	-0.3398	0.1928	0.2145	0.6845	2.0048	1.4804	0.9809	0.3845	
0.1000	 1.91975971392505E-0004	0.4696	-1.1717	-0.4195	0.7767	1.3365	1.9399	-0.1605	0.0384	-0.9998	0.0195	1.9445	1.7964	-0.6083	-0.0690	-0.2246	0.8798	0.4696	0.9198	-0.5219	0.0089	0.0207	0.5498	2.2482	1.7267	1.1632	0.5215	-1.1646	-0.4099	0.7900	1.3525	1.9243	-0.1962	0.0256	-1.0005	0.0263	1.9507	1.7953	-0.6211	-0.0896	-0.2090	0.8926	0.4816	0.9387	-0.5382	-0.0036	0.0129	0.5477	2.2611	1.7333	1.1567	0.5069	
