Arquivo: c:\arq\medidas\BBA_0304_072142\BBA_AMP04B_V.dat
Data: 0304	 Hora:  0745
Comentário: 
NomeParametro	 ValorParametro
Nmedias	5
PausaCorretora	3000
PausaShunt	2000
PausaLeitura	500
NumCiclos	3
 NPassosCor	7
DeltaShunt	3.00
TetaIni	-0.10
TetaFim	0.10
I[mA]	 145.8
ACV11A	DeltaPos^2	AMP04B	AMP01B_0	AMP02A_0	AMP02B_0	AMP03A_0	AMP03B_0	AMP03C_0	AMP04A_0	AMP04B_0	AMP05A_0	AMP05B_0	AMP06A_0	AMP06B_0	AMP07A_0	AMP07B_0	AMP08A_0	AMP08B_0	AMP09A_0	AMP09B_0	AMP10A_0	AMP10B_0	AMU11A_0	AMU11B_0	AMP12A_0	AMP12B_0	AMP01A_0	AMP01B_1	AMP02A_1	AMP02B_1	AMP03A_1	AMP03B_1	AMP03C_1	AMP04A_1	AMP04B_1	AMP05A_1	AMP05B_1	AMP06A_1	AMP06B_1	AMP07A_1	AMP07B_1	AMP08A_1	AMP08B_1	AMP09A_1	AMP09B_1	AMP10A_1	AMP10B_1	AMU11A_1	AMU11B_1	AMP12A_1	AMP12B_1	AMP01A_1	
-0.1000	 2.86207247061872E-0004	-1.0273	-1.4173	-0.7129	0.4270	0.9442	2.3758	0.8049	0.3786	-1.0273	-0.2219	1.8245	1.8454	-0.2836	0.4207	-0.6456	0.5407	0.2454	0.7577	-0.1034	0.2042	-0.1438	0.1057	1.8231	1.5825	1.3820	0.9495	-1.4334	-0.7170	0.4399	0.9696	2.3672	0.7755	0.3637	-1.0444	-0.2495	1.8439	1.8644	-0.2680	0.4354	-0.6717	0.5271	0.2502	0.7744	-0.1032	0.1975	-0.1623	0.0871	1.8417	1.6006	1.3906	0.9516	
-0.0667	 1.28711473367733E-0004	-0.7956	-1.0727	-0.5024	0.4256	0.8122	2.2831	0.7043	0.4088	-0.7956	0.1256	1.5386	1.6031	-0.4533	0.2908	-0.3362	0.6891	0.1484	0.5103	-0.0514	0.3262	0.0964	0.3729	1.7221	1.3918	1.1474	0.6964	-1.0842	-0.5056	0.4342	0.8290	2.2783	0.6853	0.3991	-0.8074	0.1066	1.5521	1.6158	-0.4426	0.3004	-0.3539	0.6795	0.1516	0.5221	-0.0511	0.3222	0.0842	0.3605	1.7338	1.4036	1.1537	0.6985	
-0.0333	 3.11101891691249E-0005	-0.5596	-0.7208	-0.2875	0.4244	0.6776	2.1881	0.6016	0.4397	-0.5596	0.4789	1.2479	1.3555	-0.6263	0.1578	-0.0211	0.8401	0.0498	0.2595	0.0005	0.4497	0.3409	0.6451	1.6174	1.1967	0.9077	0.4383	-0.7270	-0.2897	0.4283	0.6863	2.1866	0.5932	0.4350	-0.5657	0.4694	1.2545	1.3624	-0.6211	0.1621	-0.0295	0.8357	0.0514	0.2655	0.0005	0.4473	0.3352	0.6393	1.6234	1.2025	0.9113	0.4403	
0.0000	 8.19993244404551E-0007	-0.3212	-0.3649	-0.0708	0.4233	0.5419	2.0914	0.4974	0.4703	-0.3212	0.8344	0.9539	1.1058	-0.8016	0.0224	0.2972	0.9931	-0.0488	0.0064	0.0518	0.5733	0.5879	0.9198	1.5122	0.9988	0.6653	0.1783	-0.3661	-0.0718	0.4227	0.5420	2.0939	0.4998	0.4711	-0.3215	0.8342	0.9541	1.1062	-0.8014	0.0221	0.2974	0.9933	-0.0487	0.0068	0.0517	0.5737	0.5888	0.9206	1.5116	0.9984	0.6661	0.1798	
0.0333	 3.79228818304320E-0005	-0.0817	-0.0077	0.1477	0.4227	0.4060	1.9941	0.3921	0.5010	-0.0817	1.1921	0.6590	0.8540	-0.9776	-0.1139	0.6171	1.1473	-0.1477	-0.2467	0.1032	0.6977	0.8360	1.1948	1.4063	0.7992	0.4215	-0.0829	-0.0040	0.1478	0.4175	0.3977	2.0000	0.4043	0.5069	-0.0764	1.2012	0.6527	0.8483	-0.9830	-0.1195	0.6269	1.1524	-0.1493	-0.2520	0.1034	0.7005	0.8436	1.2021	1.3991	0.7926	0.4192	-0.0819	
0.0667	 1.48064177164442E-0004	0.1581	0.3485	0.3658	0.4226	0.2703	1.8956	0.2854	0.5315	0.1581	1.5488	0.3631	0.6023	-1.1540	-0.2509	0.9374	1.3010	-0.2465	-0.5006	0.1540	0.8222	1.0846	1.4698	1.3006	0.6004	0.1769	-0.3455	0.3576	0.3671	0.4125	0.2532	1.9055	0.3090	0.5426	0.1689	1.5672	0.3498	0.5901	-1.1648	-0.2620	0.9565	1.3108	-0.2496	-0.5114	0.1534	0.8273	1.0988	1.4843	1.2867	0.5867	0.1721	-0.3444	
0.1000	 3.15538268322062E-0004	0.3963	0.7048	0.5830	0.4228	0.1352	1.7972	0.1781	0.5612	0.3963	1.9038	0.0676	0.3512	-1.3297	-0.3876	1.2563	1.4546	-0.3447	-0.7536	0.2040	0.9459	1.3319	1.7447	1.1958	0.4014	-0.0670	-0.6080	0.7185	0.5853	0.4082	0.1100	1.8103	0.2116	0.5775	0.4126	1.9311	0.0482	0.3330	-1.3457	-0.4038	1.2842	1.4702	-0.3493	-0.7697	0.2034	0.9531	1.3522	1.7650	1.1753	0.3814	-0.0745	-0.6076	
