Arquivo: c:\arq\medidas\BBA_0304_072142\BBA_AMP06B_V.dat
Data: 0304	 Hora:  0757
Comentário: 
NomeParametro	 ValorParametro
Nmedias	5
PausaCorretora	3000
PausaShunt	2000
PausaLeitura	500
NumCiclos	3
 NPassosCor	7
DeltaShunt	3.00
TetaIni	-0.10
TetaFim	0.10
I[mA]	  97.0
ACV09B	DeltaPos^2	AMP06B	AMP01B_0	AMP02A_0	AMP02B_0	AMP03A_0	AMP03B_0	AMP03C_0	AMP04A_0	AMP04B_0	AMP05A_0	AMP05B_0	AMP06A_0	AMP06B_0	AMP07A_0	AMP07B_0	AMP08A_0	AMP08B_0	AMP09A_0	AMP09B_0	AMP10A_0	AMP10B_0	AMU11A_0	AMU11B_0	AMP12A_0	AMP12B_0	AMP01A_0	AMP01B_1	AMP02A_1	AMP02B_1	AMP03A_1	AMP03B_1	AMP03C_1	AMP04A_1	AMP04B_1	AMP05A_1	AMP05B_1	AMP06A_1	AMP06B_1	AMP07A_1	AMP07B_1	AMP08A_1	AMP08B_1	AMP09A_1	AMP09B_1	AMP10A_1	AMP10B_1	AMU11A_1	AMU11B_1	AMP12A_1	AMP12B_1	AMP01A_1	
-0.1000	 3.58270693057788E-0004	-1.4913	0.1285	0.4816	1.0661	1.2641	1.2696	-1.3068	-0.1498	-0.2499	1.3119	1.1674	0.9739	-1.4913	-1.0399	1.1747	1.7012	0.4386	0.3531	-0.8458	-0.0613	0.2727	0.9033	2.0677	1.2385	0.2351	-0.6409	0.1585	0.5015	1.0700	1.2582	1.2576	-1.3253	-0.1512	-0.2317	1.3416	1.1476	0.9539	-1.5108	-1.0698	1.2014	1.7218	0.4513	0.3611	-0.8709	-0.0727	0.2836	0.9234	2.0641	1.2265	0.2144	-0.6656	
-0.0667	 1.44518909484040E-0004	-1.2745	-0.0172	0.3139	0.8641	1.0340	1.5275	-0.7412	0.0461	-0.2664	1.1701	1.0998	1.0143	-1.2745	-0.7048	0.8987	1.4792	0.2843	0.2430	-0.5615	0.1416	0.3784	0.9157	1.8899	1.1583	0.3645	-0.3891	0.0020	0.3267	0.8664	1.0303	1.5202	-0.7529	0.0454	-0.2544	1.1894	1.0876	1.0016	-1.2867	-0.7233	0.9159	1.4921	0.2926	0.2476	-0.5773	0.1344	0.3852	0.9287	1.8877	1.1506	0.3514	-0.4049	
-0.0333	 2.14523028750671E-0005	-1.0543	-0.1663	0.1431	0.6585	0.7991	1.7893	-0.1646	0.2457	-0.2824	1.0268	1.0308	1.0546	-1.0543	-0.3629	0.6184	1.2525	0.1272	0.1308	-0.2720	0.3477	0.4850	0.9281	1.7085	1.0766	0.4962	-0.1327	-0.1584	0.1483	0.6594	0.7973	1.7871	-0.1686	0.2459	-0.2778	1.0344	1.0262	1.0500	-1.0590	-0.3695	0.6253	1.2577	0.1303	0.1323	-0.2780	0.3450	0.4878	0.9329	1.7080	1.0742	0.4913	-0.1393	
0.0000	 6.75312108812625E-0006	-0.8312	-0.3177	-0.0304	0.4503	0.5608	2.0535	0.4179	0.4475	-0.2985	0.8819	0.9603	1.0956	-0.8312	-0.0179	0.3353	1.0234	-0.0322	0.0156	0.0210	0.5566	0.5935	0.9402	1.5248	0.9944	0.6298	0.1264	-0.3208	-0.0329	0.4494	0.5608	2.0560	0.4216	0.4483	-0.3005	0.8784	0.9627	1.0977	-0.8283	-0.0129	0.3322	1.0204	-0.0342	0.0139	0.0245	0.5588	0.5924	0.9377	1.5256	0.9963	0.6327	0.1294	
0.0333	 9.38688864555604E-0005	-0.6069	-0.4710	-0.2047	0.2404	0.3204	2.3185	1.0040	0.6514	-0.3137	0.7370	0.8882	1.1352	-0.6069	0.3291	0.0505	0.7921	-0.1930	-0.1000	0.3172	0.7675	0.7028	0.9523	1.3387	0.9111	0.7639	0.3881	-0.4853	-0.2146	0.2377	0.3217	2.3259	1.0154	0.6528	-0.3224	0.7229	0.8981	1.1449	-0.5964	0.3452	0.0376	0.7812	-0.2001	-0.1053	0.3300	0.7740	0.6978	0.9421	1.3409	0.9179	0.7747	0.4004	
0.0667	 2.80204121501351E-0004	-0.3824	-0.6245	-0.3796	0.0294	0.0788	2.5828	1.5890	0.8559	-0.3283	0.5928	0.8150	1.1750	-0.3824	0.6761	-0.2346	0.5608	-0.3539	-0.2167	0.6134	0.9783	0.8128	0.9641	1.1525	0.8275	0.8987	0.6507	-0.6497	-0.3968	0.0250	0.0821	2.5947	1.6073	0.8577	-0.3435	0.5675	0.8322	1.1914	-0.3647	0.7038	-0.2575	0.5421	-0.3660	-0.2251	0.6357	0.9900	0.8037	0.9469	1.1558	0.8392	0.9172	0.6722	
0.1000	 5.67937647088861E-0004	-0.1583	-0.7770	-0.5540	-0.1815	-0.1629	2.8457	2.1700	1.0604	-0.3417	0.4497	0.7408	1.2134	-0.1583	1.0228	-0.5187	0.3297	-0.5148	-0.3335	0.9088	1.1897	0.9232	0.9771	0.9653	0.7438	1.0334	0.9129	-0.8133	-0.5787	-0.1879	-0.1577	2.8622	2.1953	1.0630	-0.3638	0.4134	0.7653	1.2374	-0.1333	1.0622	-0.5514	0.3038	-0.5322	-0.3452	0.9410	1.2050	0.9104	0.9524	0.9697	0.7594	1.0592	0.9438	
