Arquivo: c:\arq\medidas\BBA_0304_072142\BBA_AMP05B_V.dat
Data: 0304	 Hora:  0751
Comentário: 
NomeParametro	 ValorParametro
Nmedias	5
PausaCorretora	3000
PausaShunt	2000
PausaLeitura	500
NumCiclos	3
 NPassosCor	7
DeltaShunt	3.00
TetaIni	-0.10
TetaFim	0.10
I[mA]	 100.5
ACV11A	DeltaPos^2	AMP05B	AMP01B_0	AMP02A_0	AMP02B_0	AMP03A_0	AMP03B_0	AMP03C_0	AMP04A_0	AMP04B_0	AMP05A_0	AMP05B_0	AMP06A_0	AMP06B_0	AMP07A_0	AMP07B_0	AMP08A_0	AMP08B_0	AMP09A_0	AMP09B_0	AMP10A_0	AMP10B_0	AMU11A_0	AMU11B_0	AMP12A_0	AMP12B_0	AMP01A_0	AMP01B_1	AMP02A_1	AMP02B_1	AMP03A_1	AMP03B_1	AMP03C_1	AMP04A_1	AMP04B_1	AMP05A_1	AMP05B_1	AMP06A_1	AMP06B_1	AMP07A_1	AMP07B_1	AMP08A_1	AMP08B_1	AMP09A_1	AMP09B_1	AMP10A_1	AMP10B_1	AMU11A_1	AMU11B_1	AMP12A_1	AMP12B_1	AMP01A_1	
-0.1000	 4.92009203092147E-0003	1.8671	-1.4311	-0.7064	0.4601	0.9962	2.3486	0.7262	0.3440	-1.0474	-0.2366	1.8671	1.8796	-0.2589	0.4407	-0.6906	0.5207	0.2595	0.7946	-0.1099	0.1870	-0.1789	0.0733	1.8623	1.6171	1.3861	0.9378	-1.4759	-0.7086	0.5248	1.1054	2.2926	0.5726	0.2730	-1.1044	-0.2842	1.9628	1.9584	-0.2030	0.4845	-0.7927	0.4718	0.2907	0.8749	-0.1267	0.1476	-0.2575	-0.0015	1.9457	1.6933	1.4071	0.9249	
-0.0667	 2.50880646915505E-0003	1.5694	-1.0727	-0.4909	0.4507	0.8472	2.2607	0.6421	0.3836	-0.8038	0.1252	1.5694	1.6249	-0.4414	0.2971	-0.3606	0.6805	0.1614	0.5384	-0.0618	0.3117	0.0747	0.3559	1.7479	1.4123	1.1438	0.6800	-1.1051	-0.4928	0.4969	0.9252	2.2207	0.5334	0.3334	-0.8443	0.0908	1.6382	1.6818	-0.4011	0.3283	-0.4337	0.6456	0.1836	0.5954	-0.0734	0.2835	0.0186	0.3022	1.8075	1.4671	1.1590	0.6712	
-0.0333	 8.76280496762389E-0004	1.2663	-0.7064	-0.2712	0.4413	0.6957	2.1707	0.5570	0.4243	-0.5550	0.4936	1.2663	1.3653	-0.6276	0.1495	-0.0238	0.8444	0.0620	0.2777	-0.0140	0.4376	0.3334	0.6442	1.6305	1.2033	0.8961	0.4180	-0.7253	-0.2723	0.4685	0.7416	2.1472	0.4926	0.3943	-0.5789	0.4734	1.3063	1.3993	-0.6039	0.1684	-0.0671	0.8233	0.0749	0.3113	-0.0207	0.4208	0.3002	0.6124	1.6659	1.2354	0.9051	0.4125	
0.0000	 7.71750278371969E-0005	0.9590	-0.3359	-0.0492	0.4319	0.5428	2.0788	0.4698	0.4648	-0.3041	0.8640	0.9590	1.1028	-0.8160	0.0001	0.3160	1.0093	-0.0379	0.0149	0.0330	0.5643	0.5947	0.9352	1.5118	0.9918	0.6452	0.1532	-0.3414	-0.0492	0.4401	0.5566	2.0718	0.4501	0.4558	-0.3109	0.8584	0.9711	1.1125	-0.8093	0.0056	0.3035	1.0030	-0.0338	0.0250	0.0307	0.5593	0.5850	0.9257	1.5225	1.0008	0.6476	0.1512	
0.0333	 1.47129644629839E-0004	0.6515	0.0353	0.1744	0.4231	0.3893	1.9865	0.3815	0.5052	-0.0518	1.2367	0.6515	0.8384	-1.0056	-0.1510	0.6583	1.1758	-0.1377	-0.2481	0.0803	0.6915	0.8573	1.2268	1.3921	0.7775	0.3930	-0.1125	0.0438	0.1755	0.4122	0.3706	1.9960	0.4069	0.5170	-0.0417	1.2454	0.6346	0.8243	-1.0157	-0.1587	0.6764	1.1845	-0.1430	-0.2620	0.0831	0.6981	0.8710	1.2397	1.3776	0.7641	0.3887	-0.1113	
0.0667	 1.08027455065258E-0003	0.3426	0.4063	0.3975	0.4142	0.2359	1.8932	0.2927	0.5455	0.2006	1.6085	0.3426	0.5735	-1.1950	-0.3026	1.0005	1.3423	-0.2374	-0.5113	0.1268	0.8187	1.1200	1.5184	1.2728	0.5633	0.1404	-0.3796	0.4285	0.3994	0.3843	0.1850	1.9194	0.3631	0.5783	0.2275	1.6313	0.2970	0.5360	-1.2217	-0.3234	1.0490	1.3655	-0.2518	-0.5488	0.1336	0.8366	1.1570	1.5536	1.2335	0.5275	0.1299	-0.3748	
0.1000	 2.83212299760813E-0003	0.0350	0.7763	0.6197	0.4058	0.0838	1.7999	0.2032	0.5853	0.4511	1.9769	0.0350	0.3103	-1.3837	-0.4532	1.3404	1.5078	-0.3366	-0.7734	0.1729	0.9450	1.3807	1.8091	1.1546	0.3504	-0.1112	-0.6464	0.8111	0.6223	0.3572	0.0008	1.8425	0.3182	0.6385	0.4946	2.0133	-0.0385	0.2495	-1.4266	-0.4868	1.4179	1.5449	-0.3600	-0.8343	0.1840	0.9740	1.4401	1.8653	1.0904	0.2920	-0.1282	-0.6376	
