Arquivo: c:\arq\medidas\BBA_0304_072142\BBA_AMP06A_H.dat
Data: 0304	 Hora:  0752
Comentário: 
NomeParametro	 ValorParametro
Nmedias	5
PausaCorretora	3000
PausaShunt	2000
PausaLeitura	500
NumCiclos	3
 NPassosCor	7
DeltaShunt	3.00
TetaIni	-0.10
TetaFim	0.10
I[mA]	  97.3
ACH11A	DeltaPos^2	AMP06A	AMP01B_0	AMP02A_0	AMP02B_0	AMP03A_0	AMP03B_0	AMP03C_0	AMP04A_0	AMP04B_0	AMP05A_0	AMP05B_0	AMP06A_0	AMP06B_0	AMP07A_0	AMP07B_0	AMP08A_0	AMP08B_0	AMP09A_0	AMP09B_0	AMP10A_0	AMP10B_0	AMU11A_0	AMU11B_0	AMP12A_0	AMP12B_0	AMP01A_0	AMP01B_1	AMP02A_1	AMP02B_1	AMP03A_1	AMP03B_1	AMP03C_1	AMP04A_1	AMP04B_1	AMP05A_1	AMP05B_1	AMP06A_1	AMP06B_1	AMP07A_1	AMP07B_1	AMP08A_1	AMP08B_1	AMP09A_1	AMP09B_1	AMP10A_1	AMP10B_1	AMU11A_1	AMU11B_1	AMP12A_1	AMP12B_1	AMP01A_1	
-0.1000	 1.05702327941631E-0004	0.2163	-1.3974	0.3473	-1.9490	0.3985	-0.5262	-2.3828	-0.7367	-0.5523	-0.7925	0.4845	0.2163	-1.2307	0.3280	0.4339	-0.5569	-0.1528	-0.0943	0.3080	0.0818	-0.7944	-0.4082	-0.3126	-0.4752	-0.7422	-0.3061	-1.3783	0.3387	-1.9591	0.4060	-0.5137	-2.3762	-0.7376	-0.5592	-0.8014	0.4819	0.2235	-1.2237	0.3133	0.4148	-0.5574	-0.1481	-0.0940	0.3026	0.0731	-0.7969	-0.3940	-0.3012	-0.4873	-0.7517	-0.2879	
-0.0667	 1.61316521592433E-0005	0.3583	-1.3222	0.4351	-1.9418	0.1488	-0.7156	-2.4204	-0.5832	-0.4365	-1.1223	0.1641	0.3583	-1.0725	0.0734	0.1255	-0.5067	-0.0309	-0.1082	0.2029	0.0087	-0.7836	-0.1702	-0.0222	-0.5078	-0.8471	-0.3193	-1.3150	0.4320	-1.9450	0.1512	-0.7107	-2.4180	-0.5831	-0.4392	-1.1260	0.1634	0.3621	-1.0692	0.0671	0.1171	-0.5063	-0.0280	-0.1084	0.1996	0.0054	-0.7841	-0.1653	-0.0185	-0.5122	-0.8504	-0.3130	
-0.0333	 7.85198542708683E-0006	0.5013	-1.2468	0.5246	-1.9342	-0.1048	-0.9076	-2.4584	-0.4277	-0.3190	-1.4554	-0.1605	0.5013	-0.9121	-0.1841	-0.1864	-0.4558	0.0924	-0.1227	0.0961	-0.0648	-0.7725	0.0698	0.2705	-0.5405	-0.9532	-0.3339	-1.2523	0.5268	-1.9299	-0.1072	-0.9106	-2.4598	-0.4270	-0.3175	-1.4534	-0.1591	0.5022	-0.9124	-0.1826	-0.1847	-0.4544	0.0934	-0.1243	0.0948	-0.0627	-0.7703	0.0650	0.2660	-0.5372	-0.9499	-0.3394	
0.0000	 8.48637102645991E-0005	0.6450	-1.1724	0.6145	-1.9259	-0.3593	-1.1008	-2.4971	-0.2721	-0.2013	-1.7889	-0.4863	0.6450	-0.7509	-0.4432	-0.4999	-0.4042	0.2162	-0.1382	-0.0126	-0.1381	-0.7609	0.3093	0.5632	-0.5725	-1.0591	-0.3489	-1.1910	0.6219	-1.9148	-0.3660	-1.1112	-2.5025	-0.2705	-0.1957	-1.7811	-0.4826	0.6423	-0.7553	-0.4331	-0.4872	-0.4018	0.2150	-0.1411	-0.0116	-0.1302	-0.7562	0.2947	0.5503	-0.5615	-1.0489	-0.3666	
0.0333	 2.38207493788867E-0004	0.7884	-1.0991	0.7044	-1.9173	-0.6141	-1.2943	-2.5362	-0.1164	-0.0832	-2.1213	-0.8122	0.7884	-0.5899	-0.7033	-0.8140	-0.3519	0.3398	-0.1555	-0.1219	-0.2105	-0.7486	0.5480	0.8546	-0.6039	-1.1640	-0.3654	-1.1295	0.7174	-1.8990	-0.6255	-1.3122	-2.5457	-0.1141	-0.0735	-2.1083	-0.8063	0.7828	-0.5980	-0.6854	-0.7909	-0.3484	0.3371	-0.1595	-0.1186	-0.1975	-0.7414	0.5242	0.8337	-0.5854	-1.1479	-0.3946	
0.0667	 4.79088384855026E-0004	0.9321	-1.0266	0.7952	-1.9080	-0.8705	-1.4896	-2.5760	0.0396	0.0353	-2.4536	-1.1387	0.9321	-0.4281	-0.9642	-1.1289	-0.2992	0.4642	-0.1731	-0.2318	-0.2830	-0.7358	0.7863	1.1453	-0.6347	-1.2690	-0.3829	-1.0699	0.8135	-1.8826	-0.8863	-1.5148	-2.5892	0.0429	0.0494	-2.4347	-1.1306	0.9233	-0.4401	-0.9383	-1.0956	-0.2947	0.4596	-0.1788	-0.2269	-0.2643	-0.7263	0.7526	1.1162	-0.6088	-1.2460	-0.4243	
0.1000	 7.98176068627082E-0004	1.0752	-0.9554	0.8861	-1.8982	-1.1256	-1.6844	-2.6161	0.1955	0.1541	-2.7839	-1.4637	1.0752	-0.2669	-1.2241	-1.4423	-0.2461	0.5883	-0.1920	-0.3429	-0.3544	-0.7225	1.0225	1.4329	-0.6654	-1.3734	-0.4014	-1.0112	0.9097	-1.8657	-1.1466	-1.7173	-2.6334	0.1997	0.1721	-2.7599	-1.4537	1.0633	-0.2825	-1.1901	-1.3985	-0.2407	0.5817	-0.1987	-0.3355	-0.3305	-0.7105	0.9796	1.3964	-0.6312	-1.3440	-0.4546	
