Arquivo: c:\arq\medidas\BBA_0304_072142\BBA_AMP07B_H.dat
Data: 0304	 Hora:  0802
Comentário: 
NomeParametro	 ValorParametro
Nmedias	5
PausaCorretora	3000
PausaShunt	2000
PausaLeitura	500
NumCiclos	3
 NPassosCor	7
DeltaShunt	3.00
TetaIni	-0.10
TetaFim	0.10
I[mA]	  64.3
ACH03B	DeltaPos^2	AMP07B	AMP01B_0	AMP02A_0	AMP02B_0	AMP03A_0	AMP03B_0	AMP03C_0	AMP04A_0	AMP04B_0	AMP05A_0	AMP05B_0	AMP06A_0	AMP06B_0	AMP07A_0	AMP07B_0	AMP08A_0	AMP08B_0	AMP09A_0	AMP09B_0	AMP10A_0	AMP10B_0	AMU11A_0	AMU11B_0	AMP12A_0	AMP12B_0	AMP01A_0	AMP01B_1	AMP02A_1	AMP02B_1	AMP03A_1	AMP03B_1	AMP03C_1	AMP04A_1	AMP04B_1	AMP05A_1	AMP05B_1	AMP06A_1	AMP06B_1	AMP07A_1	AMP07B_1	AMP08A_1	AMP08B_1	AMP09A_1	AMP09B_1	AMP10A_1	AMP10B_1	AMU11A_1	AMU11B_1	AMP12A_1	AMP12B_1	AMP01A_1	
-0.1000	 8.23577439504755E-0004	0.3070	-1.1628	0.9956	-1.8061	-1.3874	-1.9676	-2.8943	-0.2671	0.0863	-1.5306	-0.5436	0.2566	-0.8781	0.5797	0.3070	-0.9925	-0.2696	1.0603	1.2274	-0.5650	-1.3330	0.9969	1.4763	-0.5916	-1.3795	-0.6587	-1.1084	0.9806	-1.8278	-1.3635	-1.9331	-2.8771	-0.2619	0.0761	-1.5552	-0.5521	0.2812	-0.8655	0.5174	0.2534	-0.9858	-0.2502	1.0582	1.2100	-0.5779	-1.3326	1.0336	1.5054	-0.6151	-1.3971	-0.6076	
-0.0667	 1.88016670165396E-0004	0.0539	-1.1620	0.8719	-1.8481	-1.0643	-1.6953	-2.7703	-0.2708	-0.0066	-1.6139	-0.5286	0.3771	-0.8401	0.2605	0.0539	-0.8118	-0.1203	0.6881	0.8422	-0.4359	-1.1584	0.7883	1.1988	-0.5907	-1.2855	-0.5590	-1.1392	0.8661	-1.8561	-1.0528	-1.6803	-2.7628	-0.2668	-0.0101	-1.6267	-0.5338	0.3905	-0.8321	0.2262	0.0238	-0.8069	-0.1097	0.6816	0.8282	-0.4400	-1.1561	0.7998	1.2065	-0.5991	-1.2910	-0.5382	
-0.0333	 2.48701349152593E-0005	-0.2017	-1.1625	0.7476	-1.8906	-0.7379	-1.4206	-2.6452	-0.2742	-0.1000	-1.6987	-0.5146	0.4988	-0.8013	-0.0614	-0.2017	-0.6295	0.0300	0.3113	0.4526	-0.3058	-0.9820	0.5765	0.9166	-0.5888	-1.1903	-0.4600	-1.1677	0.7502	-1.8857	-0.7392	-1.4248	-2.6467	-0.2719	-0.0975	-1.6997	-0.5163	0.5008	-0.7984	-0.0660	-0.2071	-0.6267	0.0320	0.3036	0.4453	-0.3017	-0.9786	0.5661	0.9067	-0.5838	-1.1853	-0.4674	
0.0000	 2.57558076759306E-0004	-0.4519	-1.1640	0.6261	-1.9314	-0.4199	-1.1534	-2.5231	-0.2773	-0.1905	-1.7822	-0.5017	0.6173	-0.7634	-0.3755	-0.4519	-0.4520	0.1764	-0.0563	0.0715	-0.1785	-0.8103	0.3691	0.6402	-0.5874	-1.0976	-0.3639	-1.1950	0.6365	-1.9154	-0.4334	-1.1750	-2.5333	-0.2769	-0.1829	-1.7722	-0.5002	0.6079	-0.7656	-0.3514	-0.4327	-0.4523	0.1698	-0.0635	0.0725	-0.1686	-0.8069	0.3404	0.6160	-0.5706	-1.0839	-0.3966	
0.0333	 8.58962920966977E-0004	-0.7041	-1.1667	0.5044	-1.9720	-0.1001	-0.8848	-2.4007	-0.2800	-0.2815	-1.8668	-0.4897	0.7366	-0.7247	-0.6921	-0.7041	-0.2730	0.3240	-0.4269	-0.3120	-0.0505	-0.6373	0.1587	0.3605	-0.5852	-1.0035	-0.2689	-1.2240	0.5222	-1.9455	-0.1251	-0.9234	-2.4195	-0.2818	-0.2689	-1.8455	-0.4845	0.7163	-0.7324	-0.6394	-0.6605	-0.2765	0.3086	-0.4334	-0.3029	-0.0338	-0.6338	0.1125	0.3220	-0.5569	-0.9813	-0.3266	
0.0667	 1.66484712368762E-0003	-0.9573	-1.1714	0.3824	-2.0118	0.2201	-0.6164	-2.2781	-0.2824	-0.3721	-1.9518	-0.4785	0.8563	-0.6856	-1.0091	-0.9573	-0.0936	0.4718	-0.7991	-0.6968	0.0788	-0.4633	-0.0532	0.0784	-0.5821	-0.9085	-0.1750	-1.2510	0.4063	-1.9771	0.1861	-0.6682	-2.3040	-0.2871	-0.3559	-1.9203	-0.4692	0.8251	-0.6992	-0.9301	-0.8905	-0.1004	0.4479	-0.8050	-0.6806	0.1004	-0.4608	-0.1136	0.0286	-0.5447	-0.8797	-0.2527	
0.1000	 2.87109171539726E-0003	-1.2106	-1.1773	0.2615	-2.0512	0.5382	-0.3494	-2.1554	-0.2835	-0.4619	-2.0386	-0.4690	0.9759	-0.6456	-1.3250	-1.2106	0.0854	0.6195	-1.1708	-1.0812	0.2081	-0.2897	-0.2656	-0.2034	-0.5780	-0.8129	-0.0827	-1.2816	0.2924	-2.0062	0.4946	-0.4166	-2.1896	-0.2908	-0.4413	-1.9965	-0.4558	0.9341	-0.6650	-1.2196	-1.1208	0.0757	0.5872	-1.1768	-1.0592	0.2359	-0.2871	-0.3438	-0.2682	-0.5300	-0.7762	-0.1838	
