Arquivo: c:\arq\medidas\BBA_0304_072142\BBA_AMP07A_H.dat
Data: 0304	 Hora:  0759
Comentário: 
NomeParametro	 ValorParametro
Nmedias	5
PausaCorretora	3000
PausaShunt	2000
PausaLeitura	500
NumCiclos	3
 NPassosCor	7
DeltaShunt	3.00
TetaIni	-0.10
TetaFim	0.10
I[mA]	  93.4
ACH01B	DeltaPos^2	AMP07A	AMP01B_0	AMP02A_0	AMP02B_0	AMP03A_0	AMP03B_0	AMP03C_0	AMP04A_0	AMP04B_0	AMP05A_0	AMP05B_0	AMP06A_0	AMP06B_0	AMP07A_0	AMP07B_0	AMP08A_0	AMP08B_0	AMP09A_0	AMP09B_0	AMP10A_0	AMP10B_0	AMU11A_0	AMU11B_0	AMP12A_0	AMP12B_0	AMP01A_0	AMP01B_1	AMP02A_1	AMP02B_1	AMP03A_1	AMP03B_1	AMP03C_1	AMP04A_1	AMP04B_1	AMP05A_1	AMP05B_1	AMP06A_1	AMP06B_1	AMP07A_1	AMP07B_1	AMP08A_1	AMP08B_1	AMP09A_1	AMP09B_1	AMP10A_1	AMP10B_1	AMU11A_1	AMU11B_1	AMP12A_1	AMP12B_1	AMP01A_1	
-0.1000	 6.14675271859042E-0003	0.8015	-2.0135	0.6270	-1.6512	-0.1109	-1.1324	-2.6383	-0.6457	-0.3135	-0.8139	0.2797	0.0649	-1.2161	0.8015	0.7439	-0.8737	-0.3700	0.6113	0.9872	-0.2048	-1.1213	0.1535	0.6671	-0.2029	-0.9816	-1.3613	-1.8667	0.5710	-1.7178	-0.0171	-1.0117	-2.5836	-0.6532	-0.3578	-0.8388	0.2972	0.1115	-1.2054	0.6697	0.5915	-0.8415	-0.3082	0.5810	0.9154	-0.2304	-1.1072	0.2403	0.7277	-0.2703	-1.0236	-1.2095	
-0.0667	 2.87973566932229E-0003	0.3997	-1.7403	0.6222	-1.7418	-0.1930	-1.1238	-2.5936	-0.5248	-0.2776	-1.1328	0.0283	0.2529	-1.0659	0.3997	0.3409	-0.7240	-0.1816	0.3725	0.6664	-0.1865	-1.0076	0.2098	0.6404	-0.3248	-1.0110	-1.0344	-1.6406	0.5845	-1.7866	-0.1294	-1.0419	-2.5563	-0.5291	-0.3072	-1.1500	0.0400	0.2856	-1.0576	0.3076	0.2348	-0.7010	-0.1380	0.3498	0.6155	-0.2029	-0.9965	0.2676	0.6799	-0.3695	-1.0383	-0.9311	
-0.0333	 8.40455064996655E-0004	-0.0078	-1.4677	0.6201	-1.8301	-0.2792	-1.1183	-2.5491	-0.4004	-0.2387	-1.4554	-0.2273	0.4439	-0.9117	-0.0078	-0.0670	-0.5705	0.0105	0.1286	0.3405	-0.1653	-0.8901	0.2631	0.6100	-0.4450	-1.0374	-0.7066	-1.4139	0.5998	-1.8537	-0.2448	-1.0744	-2.5294	-0.4024	-0.2546	-1.4646	-0.2208	0.4618	-0.9069	-0.0583	-0.1257	-0.5579	0.0345	0.1154	0.3120	-0.1737	-0.8833	0.2930	0.6298	-0.4686	-1.0516	-0.6514	
0.0000	 1.62614016989120E-0005	-0.4189	-1.1934	0.6184	-1.9184	-0.3677	-1.1146	-2.5052	-0.2748	-0.1990	-1.7805	-0.4856	0.6361	-0.7560	-0.4189	-0.4791	-0.4162	0.2039	-0.1177	0.0108	-0.1434	-0.7715	0.3152	0.5774	-0.5653	-1.0634	-0.3772	-1.1873	0.6168	-1.9197	-0.3630	-1.1096	-2.5027	-0.2744	-0.2003	-1.7808	-0.4844	0.6389	-0.7543	-0.4265	-0.4894	-0.4132	0.2083	-0.1223	0.0043	-0.1427	-0.7689	0.3150	0.5761	-0.5667	-1.0633	-0.3718	
0.0333	 5.40450096568716E-0004	-0.8312	-0.9193	0.6176	-2.0063	-0.4573	-1.1119	-2.4613	-0.1484	-0.1583	-2.1062	-0.7457	0.8287	-0.5995	-0.8312	-0.8929	-0.2608	0.3975	-0.3661	-0.3200	-0.1207	-0.6522	0.3658	0.5433	-0.6856	-1.0887	-0.0481	-0.9636	0.6346	-1.9846	-0.4831	-1.1475	-2.4776	-0.1456	-0.1451	-2.0964	-0.7489	0.8161	-0.6009	-0.7942	-0.8533	-0.2674	0.3824	-0.3620	-0.3039	-0.1106	-0.6532	0.3338	0.5193	-0.6632	-1.0733	-0.0952	
0.0667	 2.68444857060008E-0003	-1.2426	-0.6457	0.6174	-2.0941	-0.5485	-1.1111	-2.4188	-0.0218	-0.1174	-2.4307	-1.0064	1.0202	-0.4431	-1.2426	-1.3055	-0.1055	0.5906	-0.6153	-0.6513	-0.0977	-0.5325	0.4153	0.5081	-0.8055	-1.1138	0.2796	-0.7444	0.6545	-2.0468	-0.6053	-1.1891	-2.4541	-0.0164	-0.0885	-2.4082	-1.0124	0.9920	-0.4478	-1.1576	-1.2133	-0.1219	0.5555	-0.6026	-0.6111	-0.0767	-0.5364	0.3475	0.4584	-0.7575	-1.0812	0.1742	
0.1000	 6.56130109753039E-0003	-1.6514	-0.3733	0.6169	-2.1816	-0.6403	-1.1113	-2.3764	0.1040	-0.0764	-2.7535	-1.2668	1.2112	-0.2874	-1.6514	-1.7162	0.0488	0.7821	-0.8650	-0.9818	-0.0745	-0.4134	0.4635	0.4719	-0.9252	-1.1386	0.6059	-0.5282	0.6741	-2.1086	-0.7279	-1.2319	-2.4313	0.1118	-0.0319	-2.7159	-1.2742	1.1666	-0.2955	-1.5164	-1.5696	0.0224	0.7264	-0.8413	-0.9151	-0.0430	-0.4211	0.3607	0.3975	-0.8515	-1.0893	0.4413	
