Arquivo: c:\arq\medidas\BBA_0304_072142\BBA_AMP09A_V.dat
Data: 0304	 Hora:  0812
Comentário: 
NomeParametro	 ValorParametro
Nmedias	5
PausaCorretora	3000
PausaShunt	2000
PausaLeitura	500
NumCiclos	3
 NPassosCor	7
DeltaShunt	3.00
TetaIni	-0.10
TetaFim	0.10
I[mA]	  36.8
ACV07A	DeltaPos^2	AMP09A	AMP01B_0	AMP02A_0	AMP02B_0	AMP03A_0	AMP03B_0	AMP03C_0	AMP04A_0	AMP04B_0	AMP05A_0	AMP05B_0	AMP06A_0	AMP06B_0	AMP07A_0	AMP07B_0	AMP08A_0	AMP08B_0	AMP09A_0	AMP09B_0	AMP10A_0	AMP10B_0	AMU11A_0	AMU11B_0	AMP12A_0	AMP12B_0	AMP01A_0	AMP01B_1	AMP02A_1	AMP02B_1	AMP03A_1	AMP03B_1	AMP03C_1	AMP04A_1	AMP04B_1	AMP05A_1	AMP05B_1	AMP06A_1	AMP06B_1	AMP07A_1	AMP07B_1	AMP08A_1	AMP08B_1	AMP09A_1	AMP09B_1	AMP10A_1	AMP10B_1	AMU11A_1	AMU11B_1	AMP12A_1	AMP12B_1	AMP01A_1	
-0.1000	 1.44571222556275E-0003	0.7379	0.7519	0.7964	0.8963	0.7824	1.2812	-1.0513	0.0762	0.2349	1.9436	0.5025	0.4850	-1.7076	-1.1541	1.0753	1.7306	0.6822	0.7379	-1.1277	-0.0961	0.7273	1.4935	1.6986	0.7623	-0.1633	-0.9775	0.7425	0.8058	0.9352	0.8406	1.2425	-1.1486	0.0356	0.2128	1.9337	0.5457	0.5038	-1.7295	-1.2014	1.0924	1.7556	0.7220	0.7895	-1.1508	-0.1254	0.6884	1.4631	1.7450	0.7988	-0.1625	-0.9984	
-0.0667	 4.45828942903874E-0004	0.5068	0.4036	0.5293	0.7519	0.7079	1.5336	-0.5712	0.1965	0.0614	1.6010	0.6504	0.6846	-1.4247	-0.7833	0.8396	1.5046	0.4525	0.5068	-0.7542	0.1153	0.6832	1.3157	1.6421	0.8395	0.0956	-0.6177	0.3983	0.5345	0.7734	0.7405	1.5121	-0.6253	0.1740	0.0490	1.5953	0.6743	0.6948	-1.4368	-0.8097	0.8490	1.5180	0.4744	0.5351	-0.7673	0.0992	0.6617	1.2988	1.6678	0.8603	0.0959	-0.6295	
-0.0333	 1.51704786268818E-0005	0.2704	0.0491	0.2567	0.6046	0.6314	1.7902	-0.0806	0.3189	-0.1145	1.2511	0.7997	0.8870	-1.1362	-0.4056	0.5994	1.2739	0.2179	0.2704	-0.3727	0.3310	0.6389	1.1342	1.5842	0.9182	0.3587	-0.2508	0.0479	0.2571	0.6083	0.6375	1.7867	-0.0902	0.3150	-0.1172	1.2501	0.8044	0.8896	-1.1379	-0.4095	0.6005	1.2760	0.2220	0.2766	-0.3749	0.3281	0.6345	1.1309	1.5894	0.9227	0.3590	-0.2525	
0.0000	 1.93912196007347E-0004	0.0318	-0.3088	-0.0192	0.4555	0.5541	2.0481	0.4134	0.4427	-0.2918	0.8979	0.9491	1.0909	-0.8446	-0.0238	0.3567	1.0406	-0.0189	0.0318	0.0117	0.5486	0.5946	0.9509	1.5246	0.9966	0.6240	0.1185	-0.3062	-0.0232	0.4411	0.5326	2.0629	0.4496	0.4577	-0.2843	0.9010	0.9336	1.0846	-0.8360	-0.0050	0.3499	1.0307	-0.0335	0.0137	0.0208	0.5592	0.6080	0.9620	1.5090	0.9848	0.6244	0.1264	
0.0333	 1.01627440547599E-0003	-0.2080	-0.6691	-0.2957	0.3056	0.4754	2.3069	0.9097	0.5677	-0.4690	0.5445	1.0986	1.2941	-0.5520	0.3584	0.1145	0.8063	-0.2572	-0.2080	0.3987	0.7680	0.5511	0.7675	1.4644	1.0747	0.8897	0.4897	-0.6625	-0.3046	0.2728	0.4267	2.3399	0.9917	0.6023	-0.4513	0.5523	1.0629	1.2793	-0.5329	0.4000	0.0992	0.7844	-0.2908	-0.2504	0.4191	0.7921	0.5826	0.7929	1.4273	1.0455	0.8902	0.5082	
0.0667	 2.47584646582231E-0003	-0.4497	-1.0281	-0.5720	0.1552	0.3968	2.5645	1.4042	0.6932	-0.6452	0.1910	1.2471	1.4963	-0.2599	0.7399	-0.1273	0.5726	-0.4958	-0.4497	0.7853	0.9878	0.5091	0.5850	1.4026	1.1514	1.1548	0.8608	-1.0179	-0.5853	0.1042	0.3202	2.6147	1.5321	0.7467	-0.6170	0.2039	1.1905	1.4723	-0.2306	0.8040	-0.1508	0.5390	-0.5481	-0.5159	0.8170	1.0260	0.5586	0.6249	1.3440	1.1050	1.1553	0.8894	
0.1000	 4.55364861213140E-0003	-0.6909	-1.3837	-0.8463	0.0047	0.3178	2.8194	1.8943	0.8179	-0.8196	-0.1600	1.3932	1.6963	0.0297	1.1187	-0.3660	0.3412	-0.7332	-0.6909	1.1700	1.2073	0.4682	0.4042	1.3398	1.2268	1.4177	1.2304	-1.3695	-0.8643	-0.0646	0.2134	2.8875	2.0665	0.8910	-0.7807	-0.1421	1.3163	1.6635	0.0692	1.2048	-0.3974	0.2960	-0.8040	-0.7812	1.2128	1.2586	0.5359	0.4590	1.2599	1.1638	1.4176	1.2689	
