Arquivo: c:\arq\medidas\BBA_0304_072142\BBA_AMP03C_H.dat
Data: 0304	 Hora:  0737
Comentário: 
NomeParametro	 ValorParametro
Nmedias	5
PausaCorretora	3000
PausaShunt	2000
PausaLeitura	500
NumCiclos	3
 NPassosCor	7
DeltaShunt	3.00
TetaIni	-0.10
TetaFim	0.10
I[mA]	 146.6
ACH07A	DeltaPos^2	AMP03C	AMP01B_0	AMP02A_0	AMP02B_0	AMP03A_0	AMP03B_0	AMP03C_0	AMP04A_0	AMP04B_0	AMP05A_0	AMP05B_0	AMP06A_0	AMP06B_0	AMP07A_0	AMP07B_0	AMP08A_0	AMP08B_0	AMP09A_0	AMP09B_0	AMP10A_0	AMP10B_0	AMU11A_0	AMU11B_0	AMP12A_0	AMP12B_0	AMP01A_0	AMP01B_1	AMP02A_1	AMP02B_1	AMP03A_1	AMP03B_1	AMP03C_1	AMP04A_1	AMP04B_1	AMP05A_1	AMP05B_1	AMP06A_1	AMP06B_1	AMP07A_1	AMP07B_1	AMP08A_1	AMP08B_1	AMP09A_1	AMP09B_1	AMP10A_1	AMP10B_1	AMU11A_1	AMU11B_1	AMP12A_1	AMP12B_1	AMP01A_1	
-0.1000	 4.63892658039052E-0005	-2.0489	0.0769	0.1895	-2.4701	0.3218	-0.1645	-2.0489	-0.2638	-0.5220	-2.1188	-0.4589	1.0950	-0.5862	-1.6242	-1.8517	-0.1224	0.7670	-0.3642	-0.6113	-0.3708	-0.6375	1.1132	1.1544	-1.1339	-1.4294	0.9086	0.0808	0.1826	-2.4738	0.3387	-0.1500	-2.0428	-0.2646	-0.5261	-2.1203	-0.4572	1.0988	-0.5857	-1.6340	-1.8596	-0.1170	0.7707	-0.3745	-0.6215	-0.3691	-0.6333	1.1115	1.1514	-1.1362	-1.4282	0.9164	
-0.0667	 7.29851795299348E-0006	-2.1990	-0.3262	0.3394	-2.2897	0.0740	-0.4897	-2.1990	-0.2493	-0.4048	-2.0411	-0.4961	0.9623	-0.6225	-1.2652	-1.4412	-0.2068	0.6011	-0.2932	-0.4273	-0.2993	-0.6733	0.8706	0.9816	-0.9506	-1.3135	0.4975	-0.3247	0.3379	-2.2906	0.0775	-0.4871	-2.1979	-0.2507	-0.4059	-2.0377	-0.4935	0.9608	-0.6243	-1.2616	-1.4375	-0.2085	0.5992	-0.2894	-0.4230	-0.3013	-0.6753	0.8748	0.9871	-0.9517	-1.3148	0.4995	
-0.0333	 8.57873106724845E-0005	-2.3497	-0.7320	0.4906	-2.1069	-0.1759	-0.8172	-2.3497	-0.2346	-0.2870	-1.9635	-0.5339	0.8288	-0.6588	-0.9041	-1.0278	-0.2919	0.4343	-0.2215	-0.2424	-0.2266	-0.7094	0.6256	0.8069	-0.7664	-1.1966	0.0826	-0.7333	0.4942	-2.1057	-0.1853	-0.8262	-2.3535	-0.2366	-0.2849	-1.9552	-0.5302	0.8222	-0.6628	-0.8866	-1.0125	-0.3003	0.4258	-0.2041	-0.2233	-0.2330	-0.7178	0.6355	0.8212	-0.7664	-1.2006	0.0788	
0.0000	 2.85934557294723E-0004	-2.5001	-1.1409	0.6422	-1.9229	-0.4268	-1.1458	-2.5001	-0.2199	-0.1686	-1.8852	-0.5718	0.6949	-0.6954	-0.5398	-0.6112	-0.3764	0.2663	-0.1508	-0.0577	-0.1532	-0.7452	0.3773	0.6294	-0.5800	-1.0786	-0.3352	-1.1443	0.6514	-1.9191	-0.4499	-1.1664	-2.5090	-0.2224	-0.1634	-1.8722	-0.5671	0.6827	-0.7016	-0.5087	-0.5843	-0.3922	0.2515	-0.1198	-0.0236	-0.1637	-0.7602	0.3936	0.6529	-0.5793	-1.0856	-0.3452	
0.0333	 6.06737735046140E-0004	-2.6511	-1.5502	0.7942	-1.7381	-0.6787	-1.4740	-2.6511	-0.2050	-0.0501	-1.8073	-0.6102	0.5604	-0.7317	-0.1752	-0.1938	-0.4614	0.0976	-0.0812	0.1273	-0.0795	-0.7807	0.1275	0.4502	-0.3935	-0.9594	-0.7556	-1.5559	0.8088	-1.7317	-0.7157	-1.5069	-2.6650	-0.2081	-0.0417	-1.7898	-0.6050	0.5427	-0.7402	-0.1306	-0.1554	-0.4840	0.0766	-0.0359	0.1763	-0.0939	-0.8020	0.1497	0.4825	-0.3917	-0.9693	-0.7719	
0.0667	 1.04465569099482E-0003	-2.8016	-1.9596	0.9464	-1.5524	-0.9320	-1.8032	-2.8016	-0.1893	0.0689	-1.7303	-0.6498	0.4259	-0.7676	0.1892	0.2235	-0.5455	-0.0712	-0.0129	0.3106	-0.0046	-0.8152	-0.1243	0.2689	-0.2056	-0.8396	-1.1776	-1.9675	0.9662	-1.5434	-0.9820	-1.8474	-2.8208	-0.1928	0.0804	-1.7079	-0.6434	0.4030	-0.7784	0.2474	0.2736	-0.5753	-0.0986	0.0462	0.3750	-0.0233	-0.8430	-0.0962	0.3100	-0.2029	-0.8520	-1.1999	
0.1000	 1.61486913397256E-0003	-2.9514	-2.3654	1.0978	-1.3673	-1.1838	-2.1294	-2.9514	-0.1735	0.1875	-1.6545	-0.6900	0.2927	-0.8027	0.5498	0.6369	-0.6289	-0.2388	0.0535	0.4919	0.0705	-0.8489	-0.3762	0.0870	-0.0191	-0.7199	-1.5969	-2.3767	1.1232	-1.3556	-1.2471	-2.1855	-2.9755	-0.1776	0.2021	-1.6268	-0.6823	0.2639	-0.8159	0.6226	0.6990	-0.6655	-0.2726	0.1270	0.5714	0.0478	-0.8830	-0.3428	0.1366	-0.0149	-0.7348	-1.6256	
