Arquivo: c:\arq\medidas\BBA_0304_072142\BBA_AMP08B_H.dat
Data: 0304	 Hora:  0808
Comentário: 
NomeParametro	 ValorParametro
Nmedias	5
PausaCorretora	3000
PausaShunt	2000
PausaLeitura	500
NumCiclos	3
 NPassosCor	7
DeltaShunt	3.00
TetaIni	-0.10
TetaFim	0.10
I[mA]	  40.7
ACH03A	DeltaPos^2	AMP08B	AMP01B_0	AMP02A_0	AMP02B_0	AMP03A_0	AMP03B_0	AMP03C_0	AMP04A_0	AMP04B_0	AMP05A_0	AMP05B_0	AMP06A_0	AMP06B_0	AMP07A_0	AMP07B_0	AMP08A_0	AMP08B_0	AMP09A_0	AMP09B_0	AMP10A_0	AMP10B_0	AMU11A_0	AMU11B_0	AMP12A_0	AMP12B_0	AMP01A_0	AMP01B_1	AMP02A_1	AMP02B_1	AMP03A_1	AMP03B_1	AMP03C_1	AMP04A_1	AMP04B_1	AMP05A_1	AMP05B_1	AMP06A_1	AMP06B_1	AMP07A_1	AMP07B_1	AMP08A_1	AMP08B_1	AMP09A_1	AMP09B_1	AMP10A_1	AMP10B_1	AMU11A_1	AMU11B_1	AMP12A_1	AMP12B_1	AMP01A_1	
-0.1000	 3.70118235385782E-0004	-0.1742	-0.8556	0.8809	-1.9529	-1.2197	-2.0943	-2.9261	-0.1449	0.1763	-1.8154	-0.8228	0.3692	-0.7446	0.3678	0.0445	-0.9584	-0.1742	1.0475	1.1362	-0.6429	-1.3372	1.2034	1.6363	-0.7436	-1.4909	-0.3563	-0.8203	0.8610	-1.9739	-1.1964	-2.0644	-2.9124	-0.1521	0.1593	-1.8212	-0.8178	0.3755	-0.7474	0.3361	0.0208	-0.9455	-0.1638	1.0387	1.1167	-0.6544	-1.3384	1.2235	1.6496	-0.7657	-1.5062	-0.3194	
-0.0667	 1.99733135533729E-0004	-0.0621	-0.9501	0.7911	-1.9524	-0.9511	-1.7816	-2.7924	-0.1911	0.0524	-1.8045	-0.7174	0.4487	-0.7513	0.1248	-0.1186	-0.7952	-0.0621	0.6869	0.7885	-0.4942	-1.1682	0.9347	1.3143	-0.6988	-1.3677	-0.3523	-0.9241	0.7765	-1.9676	-0.9338	-1.7594	-2.7825	-0.1962	0.0400	-1.8087	-0.7137	0.4540	-0.7532	0.1015	-0.1363	-0.7851	-0.0540	0.6802	0.7740	-0.5023	-1.1685	0.9490	1.3237	-0.7148	-1.3786	-0.3255	
-0.0333	 7.90678960700017E-0005	0.0509	-1.0465	0.7013	-1.9514	-0.6801	-1.4660	-2.6579	-0.2376	-0.0721	-1.7941	-0.6119	0.5290	-0.7576	-0.1196	-0.2831	-0.6308	0.0509	0.3226	0.4381	-0.3441	-0.9972	0.6624	0.9880	-0.6530	-1.2430	-0.3500	-1.0303	0.6921	-1.9607	-0.6696	-1.4523	-2.6517	-0.2406	-0.0799	-1.7970	-0.6097	0.5326	-0.7586	-0.1349	-0.2945	-0.6242	0.0565	0.3184	0.4286	-0.3494	-0.9974	0.6716	0.9937	-0.6628	-1.2496	-0.3332	
0.0000	 1.50189203713110E-0005	0.1642	-1.1444	0.6116	-1.9498	-0.4105	-1.1514	-2.5233	-0.2835	-0.1964	-1.7845	-0.5072	0.6096	-0.7634	-0.3645	-0.4483	-0.4666	0.1642	-0.0419	0.0871	-0.1941	-0.8264	0.3892	0.6599	-0.6065	-1.1179	-0.3494	-1.1373	0.6079	-1.9532	-0.4062	-1.1457	-2.5205	-0.2845	-0.1997	-1.7858	-0.5061	0.6115	-0.7637	-0.3713	-0.4538	-0.4631	0.1672	-0.0439	0.0824	-0.1963	-0.8260	0.3929	0.6618	-0.6112	-1.1206	-0.3424	
0.0333	 2.44229549036727E-0006	0.2774	-1.2425	0.5229	-1.9476	-0.1415	-0.8365	-2.3892	-0.3290	-0.3202	-1.7756	-0.4031	0.6900	-0.7690	-0.6097	-0.6146	-0.3024	0.2774	-0.4061	-0.2644	-0.0447	-0.6559	0.1151	0.3308	-0.5601	-0.9927	-0.3496	-1.2455	0.5243	-1.9450	-0.1433	-0.8388	-2.3901	-0.3279	-0.3188	-1.7756	-0.4033	0.6905	-0.7683	-0.6079	-0.6130	-0.3022	0.2775	-0.4057	-0.2638	-0.0436	-0.6551	0.1133	0.3290	-0.5581	-0.9915	-0.3528	
0.0667	 4.67705930154553E-0005	0.3904	-1.3430	0.4341	-1.9446	0.1277	-0.5215	-2.2544	-0.3746	-0.4440	-1.7670	-0.2993	0.7705	-0.7747	-0.8546	-0.7805	-0.1380	0.3904	-0.7717	-0.6164	0.1058	-0.4849	-0.1603	0.0003	-0.5125	-0.8670	-0.3514	-1.3555	0.4412	-1.9359	0.1190	-0.5325	-2.2592	-0.3713	-0.4379	-1.7655	-0.3010	0.7698	-0.7728	-0.8446	-0.7731	-0.1409	0.3884	-0.7693	-0.6110	0.1101	-0.4834	-0.1681	-0.0055	-0.5043	-0.8609	-0.3651	
0.1000	 1.48808345993971E-0004	0.5046	-1.4456	0.3458	-1.9406	0.3965	-0.2059	-2.1192	-0.4199	-0.5682	-1.7589	-0.1956	0.8517	-0.7800	-1.1009	-0.9481	0.0270	0.5046	-1.1393	-0.9706	0.2566	-0.3131	-0.4387	-0.3337	-0.4637	-0.7396	-0.3554	-1.4682	0.3583	-1.9256	0.3813	-0.2252	-2.1278	-0.4144	-0.5573	-1.7561	-0.1990	0.8496	-0.7770	-1.0826	-0.9343	0.0211	0.4997	-1.1342	-0.9599	0.2646	-0.3108	-0.4525	-0.3435	-0.4494	-0.7292	-0.3794	
