Arquivo: c:\arq\medidas\BBA_0304_072142\BBA_AMP08A_V.dat
Data: 0304	 Hora:  0806
Comentário: 
NomeParametro	 ValorParametro
Nmedias	5
PausaCorretora	3000
PausaShunt	2000
PausaLeitura	500
NumCiclos	3
 NPassosCor	7
DeltaShunt	3.00
TetaIni	-0.10
TetaFim	0.10
I[mA]	  44.4
ACV03B	DeltaPos^2	AMP08A	AMP01B_0	AMP02A_0	AMP02B_0	AMP03A_0	AMP03B_0	AMP03C_0	AMP04A_0	AMP04B_0	AMP05A_0	AMP05B_0	AMP06A_0	AMP06B_0	AMP07A_0	AMP07B_0	AMP08A_0	AMP08B_0	AMP09A_0	AMP09B_0	AMP10A_0	AMP10B_0	AMU11A_0	AMU11B_0	AMP12A_0	AMP12B_0	AMP01A_0	AMP01B_1	AMP02A_1	AMP02B_1	AMP03A_1	AMP03B_1	AMP03C_1	AMP04A_1	AMP04B_1	AMP05A_1	AMP05B_1	AMP06A_1	AMP06B_1	AMP07A_1	AMP07B_1	AMP08A_1	AMP08B_1	AMP09A_1	AMP09B_1	AMP10A_1	AMP10B_1	AMU11A_1	AMU11B_1	AMP12A_1	AMP12B_1	AMP01A_1	
-0.1000	 6.89359197900665E-0004	1.4464	0.4275	0.6132	0.9324	0.9575	1.3308	-1.1149	-0.1877	-0.6138	0.7645	1.6019	1.3602	-1.1944	-0.7772	0.6558	1.4464	0.5849	0.7495	-0.9129	-0.0363	0.5361	1.2195	1.8346	0.9694	0.0514	-0.7661	0.4653	0.6412	0.9445	0.9600	1.3083	-1.1563	-0.1968	-0.5934	0.8020	1.5824	1.3374	-1.2223	-0.8097	0.6986	1.4728	0.6066	0.7697	-0.9509	-0.0566	0.5440	1.2416	1.8374	0.9588	0.0240	-0.8026	
-0.0667	 4.33119726424443E-0004	1.3082	0.1854	0.4035	0.7707	0.8191	1.5727	-0.6012	0.0228	-0.5109	0.8010	1.3910	1.2753	-1.0723	-0.5211	0.5517	1.3082	0.3815	0.5074	-0.6057	0.1599	0.5595	1.1332	1.7283	0.9747	0.2403	-0.4720	0.2154	0.4256	0.7803	0.8212	1.5548	-0.6342	0.0156	-0.4948	0.8307	1.3754	1.2574	-1.0946	-0.5467	0.5860	1.3290	0.3987	0.5233	-0.6357	0.1444	0.5655	1.1508	1.7303	0.9657	0.2187	-0.5008	
-0.0333	 2.29454833173300E-0004	1.1684	-0.0576	0.1926	0.6079	0.6791	1.8150	-0.0837	0.2351	-0.4077	0.8378	1.1786	1.1903	-0.9495	-0.2633	0.4472	1.1684	0.1767	0.2636	-0.2958	0.3575	0.5830	1.0468	1.6207	0.9794	0.4297	-0.1766	-0.0358	0.2085	0.6149	0.6807	1.8020	-0.1078	0.2299	-0.3961	0.8594	1.1672	1.1770	-0.9653	-0.2818	0.4721	1.1839	0.1894	0.2756	-0.3179	0.3459	0.5874	1.0594	1.6229	0.9731	0.4143	-0.1973	
0.0000	 8.64142942890957E-0005	1.0278	-0.3029	-0.0209	0.4436	0.5373	2.0586	0.4371	0.4488	-0.3034	0.8749	0.9632	1.1038	-0.8253	-0.0029	0.3416	1.0278	-0.0301	0.0175	0.0159	0.5565	0.6073	0.9596	1.5120	0.9833	0.6209	0.1209	-0.2894	-0.0109	0.4480	0.5380	2.0511	0.4224	0.4458	-0.2961	0.8884	0.9565	1.0957	-0.8351	-0.0140	0.3569	1.0371	-0.0224	0.0250	0.0024	0.5494	0.6097	0.9676	1.5133	0.9799	0.6113	0.1080	
0.0333	 1.18773980710940E-0005	0.8838	-0.5542	-0.2383	0.2756	0.3923	2.3067	0.9686	0.6674	-0.1964	0.9141	0.7430	1.0151	-0.6987	0.2623	0.2339	0.8838	-0.2418	-0.2338	0.3354	0.7608	0.6321	0.8711	1.4004	0.9875	0.8154	0.4250	-0.5492	-0.2345	0.2770	0.3925	2.3045	0.9634	0.6665	-0.1933	0.9193	0.7400	1.0120	-0.7024	0.2587	0.2396	0.8873	-0.2388	-0.2309	0.3305	0.7579	0.6329	0.8742	1.4010	0.9865	0.8119	0.4203	
0.0667	 5.25365812055528E-0006	0.7384	-0.8079	-0.4582	0.1053	0.2452	2.5565	1.5042	0.8887	-0.0874	0.9543	0.5195	0.9250	-0.5711	0.5308	0.1257	0.7384	-0.4556	-0.4889	0.6583	0.9668	0.6579	0.7817	1.2869	0.9914	1.0120	0.7330	-0.8114	-0.4607	0.1043	0.2448	2.5588	1.5079	0.8898	-0.0887	0.9511	0.5208	0.9268	-0.5686	0.5340	0.1223	0.7360	-0.4574	-0.4905	0.6614	0.9686	0.6570	0.7802	1.2868	0.9925	1.0145	0.7363	
0.1000	 6.77202208346323E-0005	0.5930	-1.0629	-0.6793	-0.0663	0.0976	2.8061	2.0394	1.1111	0.0232	0.9961	0.2932	0.8331	-0.4431	0.7999	0.0174	0.5930	-0.6709	-0.7460	0.9828	1.1744	0.6845	0.6923	1.1716	0.9947	1.2098	1.0428	-1.0747	-0.6881	-0.0702	0.0964	2.8137	2.0525	1.1143	0.0175	0.9848	0.2986	0.8400	-0.4340	0.8107	0.0041	0.5841	-0.6778	-0.7524	0.9944	1.1809	0.6821	0.6859	1.1710	0.9983	1.2187	1.0541	
