Arquivo: c:\arq\medidas\BBA_0304_072142\BBA_AMP01B_H.dat
Data: 0304	 Hora:  0721
Comentário: 
NomeParametro	 ValorParametro
Nmedias	5
PausaCorretora	3000
PausaShunt	2000
PausaLeitura	500
NumCiclos	3
 NPassosCor	7
DeltaShunt	3.00
TetaIni	-0.10
TetaFim	0.10
I[mA]	 148.2
ACH07B	DeltaPos^2	AMP01B	AMP01B_0	AMP02A_0	AMP02B_0	AMP03A_0	AMP03B_0	AMP03C_0	AMP04A_0	AMP04B_0	AMP05A_0	AMP05B_0	AMP06A_0	AMP06B_0	AMP07A_0	AMP07B_0	AMP08A_0	AMP08B_0	AMP09A_0	AMP09B_0	AMP10A_0	AMP10B_0	AMU11A_0	AMU11B_0	AMP12A_0	AMP12B_0	AMP01A_0	AMP01B_1	AMP02A_1	AMP02B_1	AMP03A_1	AMP03B_1	AMP03C_1	AMP04A_1	AMP04B_1	AMP05A_1	AMP05B_1	AMP06A_1	AMP06B_1	AMP07A_1	AMP07B_1	AMP08A_1	AMP08B_1	AMP09A_1	AMP09B_1	AMP10A_1	AMP10B_1	AMU11A_1	AMU11B_1	AMP12A_1	AMP12B_1	AMP01A_1	
-0.1000	 4.03261725331474E-0003	0.0970	0.0970	0.2673	-2.4469	0.1035	-0.3330	-2.0849	-0.1223	-0.4140	-2.4199	-0.7565	1.2187	-0.4398	-1.8367	-1.7501	-0.2278	0.6987	-0.1122	-0.3714	-0.4528	-0.7435	1.2590	1.3406	-1.1383	-1.4916	0.8647	0.0057	0.2686	-2.4178	0.1317	-0.3349	-2.0989	-0.1622	-0.4266	-2.3161	-0.6715	1.1602	-0.4893	-1.7134	-1.6221	-0.2717	0.6411	-0.0459	-0.2777	-0.4535	-0.7752	1.2313	1.3380	-1.0969	-1.4780	0.7582	
-0.0667	 1.41987956608407E-0003	-0.3201	-0.3201	0.3966	-2.2684	-0.0857	-0.6153	-2.2284	-0.1496	-0.3263	-2.2527	-0.7065	1.0471	-0.5198	-1.4083	-1.3752	-0.2814	0.5550	-0.1120	-0.2570	-0.3541	-0.7477	0.9672	1.1075	-0.9500	-1.3544	0.4585	-0.3744	0.3972	-2.2512	-0.0682	-0.6163	-2.2364	-0.1731	-0.3338	-2.1911	-0.6559	1.0124	-0.5492	-1.3350	-1.2991	-0.3072	0.5207	-0.0728	-0.2015	-0.3548	-0.7665	0.9508	1.1060	-0.9255	-1.3461	0.3956	
-0.0333	 1.30463309448572E-0004	-0.7435	-0.7435	0.5277	-2.0874	-0.2770	-0.9012	-2.3733	-0.1766	-0.2373	-2.0837	-0.6565	0.8731	-0.6007	-0.9736	-0.9959	-0.3350	0.4096	-0.1125	-0.1421	-0.2539	-0.7514	0.6703	0.8700	-0.7589	-1.2149	0.0467	-0.7594	0.5277	-2.0822	-0.2711	-0.9009	-2.3750	-0.1839	-0.2396	-2.0649	-0.6408	0.8628	-0.6096	-0.9516	-0.9728	-0.3432	0.3992	-0.1004	-0.1250	-0.2542	-0.7572	0.6657	0.8696	-0.7512	-1.2125	0.0281	
0.0000	 2.26021206471923E-0004	-1.1683	-1.1683	0.6593	-1.9049	-0.4692	-1.1874	-2.5178	-0.2040	-0.1479	-1.9140	-0.6068	0.6985	-0.6817	-0.5362	-0.6142	-0.3892	0.2631	-0.1137	-0.0275	-0.1533	-0.7548	0.3709	0.6301	-0.5666	-1.0750	-0.3683	-1.1458	0.6585	-1.9121	-0.4748	-1.1860	-2.5134	-0.1944	-0.1453	-1.9384	-0.6260	0.7126	-0.6700	-0.5655	-0.6444	-0.3789	0.2770	-0.1290	-0.0491	-0.1533	-0.7478	0.3782	0.6312	-0.5761	-1.0786	-0.3426	
0.0333	 1.74296352090586E-0003	-1.5943	-1.5943	0.7909	-1.7214	-0.6622	-1.4741	-2.6629	-0.2312	-0.0583	-1.7434	-0.5568	0.5231	-0.7631	-0.0974	-0.2318	-0.4423	0.1167	-0.1166	0.0865	-0.0515	-0.7577	0.0687	0.3869	-0.3730	-0.9336	-0.7864	-1.5330	0.7894	-1.7410	-0.6787	-1.4713	-2.6523	-0.2053	-0.0509	-1.8112	-0.6109	0.5620	-0.7307	-0.1791	-0.3156	-0.4138	0.1549	-0.1592	0.0252	-0.0515	-0.7369	0.0876	0.3893	-0.4002	-0.9428	-0.7151	
0.0667	 4.67046577433304E-0003	-2.0198	-2.0198	0.9228	-1.5375	-0.8554	-1.7604	-2.8079	-0.2584	0.0313	-1.5722	-0.5068	0.3474	-0.8443	0.3407	0.1500	-0.4946	-0.0298	-0.1220	0.1985	0.0509	-0.7594	-0.2358	0.1413	-0.1793	-0.7912	-1.2045	-1.9201	0.9206	-1.5698	-0.8831	-1.7564	-2.7908	-0.2156	0.0441	-1.6844	-0.5963	0.4108	-0.7911	0.2073	0.0123	-0.4482	0.0328	-0.1909	0.0994	0.0509	-0.7260	-0.2038	0.1462	-0.2239	-0.8067	-1.0884	
0.1000	 9.02816964085720E-0003	-2.4434	-2.4434	1.0548	-1.3531	-1.0494	-2.0467	-2.9524	-0.2853	0.1215	-1.4019	-0.4581	0.1712	-0.9250	0.7786	0.5310	-0.5465	-0.1761	-0.1281	0.3094	0.1540	-0.7608	-0.5419	-0.1055	0.0150	-0.6484	-1.6231	-2.3059	1.0516	-1.3977	-1.0883	-2.0413	-2.9292	-0.2256	0.1393	-1.5581	-0.5827	0.2598	-0.8509	0.5933	0.3398	-0.4821	-0.0889	-0.2240	0.1714	0.1541	-0.7145	-0.4969	-0.0984	-0.0473	-0.6701	-1.4616	
