Arquivo: c:\arq\medidas\BBA_0304_072142\BBA_AMP03A_V.dat
Data: 0304	 Hora:  0732
Comentário: 
NomeParametro	 ValorParametro
Nmedias	5
PausaCorretora	3000
PausaShunt	2000
PausaLeitura	500
NumCiclos	3
 NPassosCor	7
DeltaShunt	3.00
TetaIni	-0.10
TetaFim	0.10
I[mA]	 147.2
ACV09A	DeltaPos^2	AMP03A	AMP01B_0	AMP02A_0	AMP02B_0	AMP03A_0	AMP03B_0	AMP03C_0	AMP04A_0	AMP04B_0	AMP05A_0	AMP05B_0	AMP06A_0	AMP06B_0	AMP07A_0	AMP07B_0	AMP08A_0	AMP08B_0	AMP09A_0	AMP09B_0	AMP10A_0	AMP10B_0	AMU11A_0	AMU11B_0	AMP12A_0	AMP12B_0	AMP01A_0	AMP01B_1	AMP02A_1	AMP02B_1	AMP03A_1	AMP03B_1	AMP03C_1	AMP04A_1	AMP04B_1	AMP05A_1	AMP05B_1	AMP06A_1	AMP06B_1	AMP07A_1	AMP07B_1	AMP08A_1	AMP08B_1	AMP09A_1	AMP09B_1	AMP10A_1	AMP10B_1	AMU11A_1	AMU11B_1	AMP12A_1	AMP12B_1	AMP01A_1	
-0.1000	 3.61346725668997E-0003	-0.4057	-0.2664	-0.2587	-0.2181	-0.4057	2.7423	2.1065	1.1532	0.0518	1.0114	0.2192	0.7932	-0.4150	0.8528	-0.0266	0.5482	-0.7109	-0.8424	0.4895	1.0700	1.2015	1.3900	0.7795	0.4320	0.6906	0.5624	-0.2997	-0.3054	-0.2871	-0.4951	2.7715	2.2026	1.2059	0.1151	1.0789	0.1212	0.7320	-0.4149	0.8907	-0.0006	0.5403	-0.7731	-0.9374	0.5672	1.1338	1.2452	1.4066	0.7130	0.3948	0.7225	0.6353	
-0.0667	 1.61294131926857E-0003	-0.1042	-0.2954	-0.1973	-0.0134	-0.1042	2.5357	1.5960	0.9373	-0.0630	0.9601	0.4481	0.8886	-0.5394	0.5889	0.0802	0.6908	-0.5028	-0.5766	0.3537	0.9147	1.0087	1.2415	1.0127	0.6111	0.6806	0.4382	-0.3168	-0.2283	-0.0595	-0.1643	2.5546	1.6601	0.9722	-0.0204	1.0055	0.3823	0.8475	-0.5397	0.6136	0.0981	0.6859	-0.5444	-0.6402	0.4057	0.9572	1.0379	1.2531	0.9680	0.5860	0.7017	0.4859	
-0.0333	 3.91623756061477E-0004	0.2004	-0.3251	-0.1357	0.1937	0.2004	2.3263	1.0777	0.7189	-0.1789	0.9083	0.6786	0.9851	-0.6647	0.3228	0.1875	0.8344	-0.2926	-0.3075	0.2168	0.7582	0.8132	1.0911	1.2477	0.7924	0.6712	0.3131	-0.3352	-0.1506	0.1710	0.1706	2.3343	1.1087	0.7360	-0.1576	0.9309	0.6457	0.9642	-0.6655	0.3344	0.1968	0.8324	-0.3131	-0.3394	0.2419	0.7791	0.8279	1.0971	1.2252	0.7795	0.6808	0.3357	
0.0000	 1.37874083888344E-0006	0.5079	-0.3562	-0.0743	0.4017	0.5079	2.1141	0.5531	0.4992	-0.2959	0.8555	0.9111	1.0826	-0.7909	0.0538	0.2955	0.9794	-0.0804	-0.0366	0.0790	0.6003	0.6158	0.9394	1.4848	0.9758	0.6627	0.1877	-0.3547	-0.0731	0.4021	0.5079	2.1114	0.5505	0.4981	-0.2961	0.8553	0.9114	1.0822	-0.7917	0.0528	0.2955	0.9795	-0.0797	-0.0360	0.0774	0.5991	0.6157	0.9397	1.4848	0.9755	0.6612	0.1854	
0.0333	 4.49753012527377E-0004	0.8160	-0.3882	-0.0130	0.6100	0.8160	1.9006	0.0264	0.2782	-0.4128	0.8034	1.1445	1.1803	-0.9174	-0.2151	0.4032	1.1244	0.1328	0.2361	-0.0590	0.4416	0.4170	0.7858	1.7225	1.1601	0.6541	0.0632	-0.3755	0.0041	0.6342	0.8464	1.8874	-0.0099	0.2591	-0.4344	0.7806	1.1777	1.2006	-0.9184	-0.2290	0.3944	1.1274	0.1546	0.2686	-0.0870	0.4189	0.4022	0.7802	1.7446	1.1723	0.6416	0.0358	
0.0667	 1.73553701150316E-0003	1.1234	-0.4212	0.0475	0.8184	1.1234	1.6869	-0.5009	0.0577	-0.5295	0.7514	1.3769	1.2773	-1.0438	-0.4847	0.5109	1.2691	0.3451	0.5076	-0.1960	0.2835	0.2183	0.6314	1.9596	1.3442	0.6466	-0.0609	-0.3973	0.0809	0.8657	1.1837	1.6631	-0.5708	0.0204	-0.5724	0.7054	1.4429	1.3186	-1.0447	-0.5112	0.4934	1.2745	0.3878	0.5724	-0.2509	0.2387	0.1882	0.6201	2.0041	1.3687	0.6231	-0.1132	
0.1000	 3.89146128105955E-0003	1.4388	-0.4565	0.1099	1.0330	1.4388	1.4660	-1.0443	-0.1697	-0.6498	0.6973	1.6159	1.3778	-1.1738	-0.7626	0.6220	1.4176	0.5639	0.7877	-0.3368	0.1205	0.0127	0.4713	2.2039	1.5343	0.6392	-0.1880	-0.4217	0.1592	1.1042	1.5292	1.4314	-1.1476	-0.2252	-0.7150	0.6277	1.7159	1.4399	-1.1747	-0.8019	0.5947	1.4258	0.6281	0.8849	-0.4184	0.0536	-0.0328	0.4538	2.2706	1.5712	0.6046	-0.2656	
