Arquivo: c:\arq\medidas\BBA_0304_072142\BBA_AMP01A_V.dat
Data: 0304	 Hora:  0837
Comentário: 
NomeParametro	 ValorParametro
Nmedias	5
PausaCorretora	3000
PausaShunt	2000
PausaLeitura	500
NumCiclos	3
 NPassosCor	7
DeltaShunt	3.00
TetaIni	-0.10
TetaFim	0.10
I[mA]	  35.3
ACV07B	DeltaPos^2	AMP01A	AMP01B_0	AMP02A_0	AMP02B_0	AMP03A_0	AMP03B_0	AMP03C_0	AMP04A_0	AMP04B_0	AMP05A_0	AMP05B_0	AMP06A_0	AMP06B_0	AMP07A_0	AMP07B_0	AMP08A_0	AMP08B_0	AMP09A_0	AMP09B_0	AMP10A_0	AMP10B_0	AMU11A_0	AMU11B_0	AMP12A_0	AMP12B_0	AMP01A_0	AMP01B_1	AMP02A_1	AMP02B_1	AMP03A_1	AMP03B_1	AMP03C_1	AMP04A_1	AMP04B_1	AMP05A_1	AMP05B_1	AMP06A_1	AMP06B_1	AMP07A_1	AMP07B_1	AMP08A_1	AMP08B_1	AMP09A_1	AMP09B_1	AMP10A_1	AMP10B_1	AMU11A_1	AMU11B_1	AMP12A_1	AMP12B_1	AMP01A_1	
-0.1000	 6.55761467082376E-0003	1.2156	-1.6450	-0.8935	0.2961	0.8339	2.5833	1.2278	0.4950	-1.1178	-0.4401	1.8782	1.9737	-0.0288	0.7870	-0.9843	0.0749	-0.5559	-0.2386	1.0833	0.9978	0.0589	0.0170	1.7810	1.6314	1.5590	1.2156	-1.7198	-0.9649	0.2291	0.7667	2.6747	1.4235	0.5586	-1.1391	-0.5113	1.8753	2.0034	0.0564	0.9094	-1.0972	-0.0111	-0.6053	-0.2668	1.1809	1.0398	0.0119	-0.0666	1.8008	1.6858	1.6427	1.3188	
-0.0667	 2.47717283325879E-0003	0.8724	-1.2262	-0.6202	0.3435	0.7431	2.4196	0.9804	0.4816	-0.8578	-0.0195	1.5844	1.6966	-0.2823	0.5380	-0.5629	0.3778	-0.3875	-0.1545	0.7480	0.8581	0.2312	0.3165	1.7028	1.4324	1.2661	0.8724	-1.2720	-0.6637	0.3023	0.7015	2.4761	1.1007	0.5204	-0.8706	-0.0631	1.5819	1.7147	-0.2301	0.6132	-0.6323	0.3248	-0.4185	-0.1720	0.8082	0.8843	0.2026	0.2652	1.7146	1.4653	1.3175	0.9358	
-0.0333	 3.03746543533343E-0004	0.5202	-0.7952	-0.3392	0.3921	0.6501	2.2503	0.7244	0.4673	-0.5906	0.4125	1.2827	1.4108	-0.5434	0.2811	-0.1291	0.6890	-0.2162	-0.0692	0.4046	0.7156	0.4086	0.6242	1.6208	1.2272	0.9645	0.5202	-0.8112	-0.3542	0.3778	0.6351	2.2702	0.7670	0.4811	-0.5948	0.3977	1.2810	1.4169	-0.5254	0.3074	-0.1534	0.6704	-0.2272	-0.0760	0.4259	0.7253	0.3988	0.6065	1.6246	1.2378	0.9825	0.5422	
0.0000	 2.50515493152312E-0004	0.1634	-0.3572	-0.0544	0.4419	0.5561	2.0777	0.4645	0.4524	-0.3196	0.8486	0.9765	1.1213	-0.8087	0.0190	0.3109	1.0046	-0.0426	0.0160	0.0565	0.5720	0.5888	0.9360	1.5372	1.0175	0.6584	0.1634	-0.3422	-0.0400	0.4547	0.5687	2.0594	0.4267	0.4405	-0.3148	0.8633	0.9754	1.1146	-0.8256	-0.0042	0.3330	1.0214	-0.0330	0.0206	0.0379	0.5643	0.5981	0.9530	1.5327	1.0063	0.6417	0.1431	
0.0333	 2.43930745204046E-0003	-0.1955	0.0823	0.2331	0.4923	0.4617	1.9032	0.2018	0.4372	-0.0472	1.2875	0.6687	0.8288	-1.0758	-0.2455	0.7542	1.3222	0.1324	0.1021	-0.2933	0.4279	0.7707	1.2493	1.4519	0.8061	0.3492	-0.1955	0.1287	0.2766	0.5326	0.5015	1.8468	0.0832	0.3996	-0.0329	1.3326	0.6683	0.8089	-1.1279	-0.3201	0.8233	1.3746	0.1620	0.1179	-0.3518	0.4031	0.7998	1.3009	1.4393	0.7715	0.2978	-0.2583	
0.0667	 6.78916341071933E-0003	-0.5562	0.5225	0.5193	0.5426	0.3671	1.7274	-0.0615	0.4219	0.2255	1.7260	0.3594	0.5357	-1.3427	-0.5106	1.1978	1.6395	0.3071	0.1880	-0.6440	0.2832	0.9532	1.5627	1.3671	0.5942	0.0398	-0.5562	0.5992	0.5921	0.6099	0.4342	1.6335	-0.2601	0.3587	0.2490	1.8000	0.3598	0.5031	-1.4295	-0.6350	1.3125	1.7264	0.3571	0.2145	-0.7424	0.2413	1.0017	1.6486	1.3461	0.5368	-0.0463	-0.6609	
0.1000	 1.30582114047912E-0002	-0.9145	0.9595	0.8042	0.5934	0.2731	1.5527	-0.3243	0.4066	0.4964	2.1596	0.0514	0.2447	-1.6078	-0.7734	1.6365	1.9539	0.4816	0.2743	-0.9931	0.1386	1.1343	1.8743	1.2834	0.3831	-0.2678	-0.9145	1.0651	0.9050	0.6874	0.3673	1.4212	-0.6006	0.3186	0.5285	2.2609	0.0532	0.2001	-1.7276	-0.9465	1.7950	2.0743	0.5511	0.3114	-1.1294	0.0804	1.2014	1.9925	1.2543	0.3041	-0.3870	-1.0592	
