Arquivo: c:\arq\medidas\BBA_0304_072142\BBA_AMP04A_V.dat
Data: 0304	 Hora:  0741
Comentário: 
NomeParametro	 ValorParametro
Nmedias	5
PausaCorretora	3000
PausaShunt	2000
PausaLeitura	500
NumCiclos	3
 NPassosCor	7
DeltaShunt	3.00
TetaIni	-0.10
TetaFim	0.10
I[mA]	 146.1
ACV11A	DeltaPos^2	AMP04A	AMP01B_0	AMP02A_0	AMP02B_0	AMP03A_0	AMP03B_0	AMP03C_0	AMP04A_0	AMP04B_0	AMP05A_0	AMP05B_0	AMP06A_0	AMP06B_0	AMP07A_0	AMP07B_0	AMP08A_0	AMP08B_0	AMP09A_0	AMP09B_0	AMP10A_0	AMP10B_0	AMU11A_0	AMU11B_0	AMP12A_0	AMP12B_0	AMP01A_0	AMP01B_1	AMP02A_1	AMP02B_1	AMP03A_1	AMP03B_1	AMP03C_1	AMP04A_1	AMP04B_1	AMP05A_1	AMP05B_1	AMP06A_1	AMP06B_1	AMP07A_1	AMP07B_1	AMP08A_1	AMP08B_1	AMP09A_1	AMP09B_1	AMP10A_1	AMP10B_1	AMU11A_1	AMU11B_1	AMP12A_1	AMP12B_1	AMP01A_1	
-0.1000	 6.87034737045847E-0006	0.3784	-1.4135	-0.7108	0.4273	0.9427	2.3734	0.8034	0.3784	-1.0254	-0.2186	1.8237	1.8433	-0.2866	0.4171	-0.6408	0.5439	0.2466	0.7574	-0.1060	0.2033	-0.1417	0.1082	1.8218	1.5804	1.3798	0.9472	-1.4101	-0.7087	0.4293	0.9445	2.3709	0.7975	0.3762	-1.0270	-0.2211	1.8279	1.8455	-0.2868	0.4162	-0.6421	0.5440	0.2487	0.7602	-0.1087	0.2008	-0.1440	0.1069	1.8252	1.5833	1.3790	0.9433	
-0.0667	 1.30561162048710E-0006	0.4074	-1.0699	-0.5005	0.4270	0.8124	2.2799	0.7003	0.4074	-0.7950	0.1269	1.5396	1.6024	-0.4553	0.2879	-0.3335	0.6910	0.1498	0.5118	-0.0538	0.3246	0.0972	0.3739	1.7221	1.3913	1.1458	0.6940	-1.0676	-0.4994	0.4276	0.8121	2.2792	0.6989	0.4068	-0.7953	0.1258	1.5417	1.6030	-0.4552	0.2882	-0.3345	0.6908	0.1507	0.5129	-0.0546	0.3236	0.0959	0.3730	1.7238	1.3928	1.1457	0.6918	
-0.0333	 7.92949995988385E-0007	0.4369	-0.7188	-0.2859	0.4271	0.6802	2.1837	0.5950	0.4369	-0.5603	0.4783	1.2506	1.3566	-0.6272	0.1555	-0.0203	0.8409	0.0519	0.2625	-0.0022	0.4472	0.3401	0.6443	1.6193	1.1978	0.9067	0.4358	-0.7178	-0.2857	0.4265	0.6786	2.1846	0.5969	0.4376	-0.5593	0.4788	1.2500	1.3555	-0.6269	0.1567	-0.0206	0.8410	0.0514	0.2611	-0.0012	0.4479	0.3398	0.6436	1.6202	1.1986	0.9072	0.4354	
0.0000	 5.68250232540169E-0006	0.4666	-0.3644	-0.0694	0.4272	0.5466	2.0864	0.4878	0.4666	-0.3232	0.8319	0.9579	1.1078	-0.8011	0.0213	0.2960	0.9936	-0.0463	0.0108	0.0491	0.5707	0.5855	0.9170	1.5157	1.0010	0.6650	0.1758	-0.3639	-0.0704	0.4250	0.5429	2.0892	0.4942	0.4687	-0.3206	0.8340	0.9550	1.1058	-0.8005	0.0240	0.2961	0.9924	-0.0485	0.0070	0.0521	0.5729	0.5865	0.9168	1.5152	1.0019	0.6658	0.1769	
0.0333	 1.51085070408844E-0005	0.4958	-0.0087	0.1487	0.4279	0.4130	1.9880	0.3796	0.4958	-0.0849	1.1874	0.6648	0.8576	-0.9760	-0.1139	0.6138	1.1458	-0.1449	-0.2410	0.1008	0.6945	0.8324	1.1906	1.4109	0.8038	0.4216	-0.0854	-0.0092	0.1466	0.4239	0.4074	1.9922	0.3897	0.4994	-0.0815	1.1909	0.6594	0.8543	-0.9752	-0.1102	0.6145	1.1448	-0.1486	-0.2472	0.1056	0.6985	0.8341	1.1908	1.4091	0.8031	0.4234	-0.0826	
0.0667	 3.02474481776707E-0005	0.5248	0.3467	0.3667	0.4286	0.2791	1.8889	0.2707	0.5248	0.1533	1.5421	0.3705	0.6072	-1.1511	-0.2499	0.9323	1.2989	-0.2433	-0.4935	0.1512	0.8183	1.0790	1.4642	1.3068	0.6058	0.1778	-0.3478	0.3453	0.3634	0.4232	0.2718	1.8952	0.2851	0.5299	0.1579	1.5471	0.3626	0.6025	-1.1497	-0.2447	0.9331	1.2972	-0.2486	-0.5020	0.1582	0.8240	1.0818	1.4646	1.3035	0.6045	0.1802	-0.3432	
0.1000	 4.92806249851268E-0005	0.5539	0.7027	0.5843	0.4297	0.1454	1.7893	0.1610	0.5539	0.3908	1.8959	0.0758	0.3566	-1.3256	-0.3857	1.2500	1.4516	-0.3412	-0.7461	0.2017	0.9419	1.3256	1.7381	1.2029	0.4076	-0.0662	-0.6111	0.7006	0.5802	0.4232	0.1365	1.7973	0.1791	0.5601	0.3969	1.9029	0.0654	0.3505	-1.3245	-0.3799	1.2520	1.4497	-0.3481	-0.7566	0.2108	0.9493	1.3297	1.7392	1.1983	0.4053	-0.0633	-0.6050	
