Arquivo: c:\arq\medidas\BBA_0304_072142\BBA_AMP02A_H.dat
Data: 0304	 Hora:  0725
Comentário: 
NomeParametro	 ValorParametro
Nmedias	5
PausaCorretora	3000
PausaShunt	2000
PausaLeitura	500
NumCiclos	3
 NPassosCor	7
DeltaShunt	3.00
TetaIni	-0.10
TetaFim	0.10
I[mA]	 147.9
ACH09B	DeltaPos^2	AMP02A	AMP01B_0	AMP02A_0	AMP02B_0	AMP03A_0	AMP03B_0	AMP03C_0	AMP04A_0	AMP04B_0	AMP05A_0	AMP05B_0	AMP06A_0	AMP06B_0	AMP07A_0	AMP07B_0	AMP08A_0	AMP08B_0	AMP09A_0	AMP09B_0	AMP10A_0	AMP10B_0	AMU11A_0	AMU11B_0	AMP12A_0	AMP12B_0	AMP01A_0	AMP01B_1	AMP02A_1	AMP02B_1	AMP03A_1	AMP03B_1	AMP03C_1	AMP04A_1	AMP04B_1	AMP05A_1	AMP05B_1	AMP06A_1	AMP06B_1	AMP07A_1	AMP07B_1	AMP08A_1	AMP08B_1	AMP09A_1	AMP09B_1	AMP10A_1	AMP10B_1	AMU11A_1	AMU11B_1	AMP12A_1	AMP12B_1	AMP01A_1	
-0.1000	 1.19827865191237E-0005	0.0759	-0.2193	0.0759	-2.4133	0.7067	0.0939	-2.0164	-0.5137	-0.6895	-1.5573	0.0809	0.8571	-0.8497	-1.1784	-0.9317	0.1445	0.5603	-1.3746	-1.1854	-0.0817	-0.3434	0.5522	0.5143	-0.9952	-1.1716	0.7868	-0.2195	0.0772	-2.4137	0.7078	0.0956	-2.0155	-0.5113	-0.6877	-1.5597	0.0790	0.8599	-0.8461	-1.1841	-0.9372	0.1485	0.5640	-1.3805	-1.1920	-0.0783	-0.3392	0.5482	0.5097	-0.9928	-1.1686	0.7876	
-0.0667	 1.29521248988288E-0004	0.2621	-0.5244	0.2621	-2.2511	0.3345	-0.3131	-2.1760	-0.4153	-0.5170	-1.6685	-0.1361	0.8060	-0.7966	-0.9725	-0.8280	-0.0227	0.4661	-0.9789	-0.8209	-0.1018	-0.4719	0.4901	0.5463	-0.8567	-1.1384	0.4178	-0.5226	0.2602	-2.2555	0.3434	-0.3009	-2.1702	-0.4101	-0.5162	-1.6753	-0.1383	0.8168	-0.7885	-0.9921	-0.8451	-0.0090	0.4786	-0.9994	-0.8430	-0.0915	-0.4583	0.4792	0.5319	-0.8525	-1.1293	0.4240	
-0.0333	 3.86908355198038E-0004	0.4498	-0.8339	0.4498	-2.0870	-0.0427	-0.7248	-2.3373	-0.3159	-0.3424	-1.7813	-0.3554	0.7548	-0.7428	-0.7645	-0.7244	-0.1916	0.3711	-0.5791	-0.4525	-0.1216	-0.6009	0.4259	0.5772	-0.7162	-1.1039	0.0438	-0.8296	0.4451	-2.0954	-0.0260	-0.7016	-2.3261	-0.3079	-0.3429	-1.7926	-0.3579	0.7737	-0.7303	-0.7986	-0.7534	-0.1679	0.3930	-0.6146	-0.4906	-0.1038	-0.5779	0.4080	0.5526	-0.7104	-1.0896	0.0559	
0.0000	 7.78382170974695E-0004	0.6379	-1.1444	0.6379	-1.9222	-0.4208	-1.1369	-2.4983	-0.2158	-0.1677	-1.8953	-0.5756	0.7042	-0.6884	-0.5564	-0.6210	-0.3610	0.2764	-0.1786	-0.0841	-0.1408	-0.7301	0.3606	0.6072	-0.5750	-1.0689	-0.3322	-1.1385	0.6305	-1.9341	-0.3968	-1.1033	-2.4820	-0.2052	-0.1690	-1.9110	-0.5783	0.7307	-0.6712	-0.6045	-0.6618	-0.3272	0.3074	-0.2293	-0.1380	-0.1159	-0.6975	0.3354	0.5722	-0.5672	-1.0487	-0.3146	
0.0333	 1.29748591267843E-0003	0.8263	-1.4556	0.8263	-1.7563	-0.8005	-1.5492	-2.6598	-0.1154	0.0073	-2.0103	-0.7969	0.6536	-0.6333	-0.3487	-0.5187	-0.5303	0.1817	0.2219	0.2843	-0.1590	-0.8588	0.2933	0.6353	-0.4329	-1.0327	-0.7105	-1.4485	0.8160	-1.7720	-0.7686	-1.5053	-2.6384	-0.1019	0.0050	-2.0303	-0.7999	0.6882	-0.6117	-0.4110	-0.5710	-0.4865	0.2217	0.1566	0.2149	-0.1269	-0.8167	0.2611	0.5903	-0.4237	-1.0070	-0.6874	
0.0667	 1.96408299930644E-0003	1.0149	-1.7681	1.0149	-1.5899	-1.1795	-1.9608	-2.8209	-0.0146	0.1827	-2.1262	-1.0188	0.6035	-0.5779	-0.1423	-0.4176	-0.6992	0.0880	0.6201	0.6512	-0.1765	-0.9868	0.2243	0.6615	-0.2901	-0.9960	-1.0895	-1.7587	1.0015	-1.6096	-1.1400	-1.9061	-2.7942	0.0014	0.1790	-2.1503	-1.0217	0.6460	-0.5518	-0.2190	-0.4814	-0.6453	0.1372	0.5397	0.5654	-0.1373	-0.9351	0.1851	0.6063	-0.2789	-0.9645	-1.0605	
0.1000	 2.75270267355527E-0003	1.2033	-2.0798	1.2033	-1.4229	-1.5586	-2.3709	-2.9816	0.0866	0.3574	-2.2432	-1.2411	0.5543	-0.5218	0.0624	-0.3181	-0.8674	-0.0056	1.0173	1.0163	-0.1933	-1.1138	0.1536	0.6860	-0.1470	-0.9584	-1.4680	-2.0689	1.1867	-1.4465	-1.5114	-2.3062	-2.9502	0.1054	0.3528	-2.2712	-1.2441	0.6047	-0.4913	-0.0282	-0.3938	-0.8035	0.0525	0.9222	0.9148	-0.1468	-1.0526	0.1071	0.6206	-0.1338	-0.9213	-1.4334	
