Arquivo: c:\arq\medidas\BBA_0304_072142\BBA_AMU11B_V.dat
Data: 0304	 Hora:  0828
Comentário: 
NomeParametro	 ValorParametro
Nmedias	5
PausaCorretora	3000
PausaShunt	2000
PausaLeitura	500
NumCiclos	3
 NPassosCor	7
DeltaShunt	3.00
TetaIni	-0.10
TetaFim	0.10
I[mA]	  35.4
ACV11B	DeltaPos^2	AMU11B	AMP01B_0	AMP02A_0	AMP02B_0	AMP03A_0	AMP03B_0	AMP03C_0	AMP04A_0	AMP04B_0	AMP05A_0	AMP05B_0	AMP06A_0	AMP06B_0	AMP07A_0	AMP07B_0	AMP08A_0	AMP08B_0	AMP09A_0	AMP09B_0	AMP10A_0	AMP10B_0	AMU11A_0	AMU11B_0	AMP12A_0	AMP12B_0	AMP01A_0	AMP01B_1	AMP02A_1	AMP02B_1	AMP03A_1	AMP03B_1	AMP03C_1	AMP04A_1	AMP04B_1	AMP05A_1	AMP05B_1	AMP06A_1	AMP06B_1	AMP07A_1	AMP07B_1	AMP08A_1	AMP08B_1	AMP09A_1	AMP09B_1	AMP10A_1	AMP10B_1	AMU11A_1	AMU11B_1	AMP12A_1	AMP12B_1	AMP01A_1	
-0.1000	 6.91018956068889E-0003	0.6785	0.5926	0.3676	0.0381	-0.3795	2.2488	1.2207	0.9486	0.4822	1.8163	-0.1709	0.3238	-1.0358	0.1343	0.9338	1.1530	-0.6263	-1.0223	0.6779	1.2073	1.2784	1.4291	0.6785	0.1670	0.0715	-0.2458	0.7032	0.4145	-0.0140	-0.4954	2.2736	1.3215	1.0114	0.5773	1.9282	-0.3089	0.2297	-1.0583	0.1549	1.0024	1.1650	-0.7005	-1.1503	0.7599	1.2869	1.3592	1.4832	0.5750	0.0640	0.0040	-0.2897	
-0.0667	 3.29644137471796E-0003	0.9498	0.3003	0.2404	0.1689	-0.0828	2.1898	0.9722	0.7895	0.2328	1.5191	0.1888	0.5710	-0.9700	0.0905	0.7457	1.1132	-0.4369	-0.6907	0.4726	1.0025	1.0643	1.2802	0.9498	0.4331	0.2516	-0.1240	0.3762	0.2727	0.1328	-0.1630	2.2070	1.0422	0.8328	0.2988	1.5961	0.0933	0.5060	-0.9856	0.1047	0.7934	1.1220	-0.4882	-0.7796	0.5292	1.0575	1.1196	1.3175	0.8786	0.3623	0.2049	-0.1543	
-0.0333	 9.61110428219932E-0004	1.2258	0.0016	0.1101	0.3017	0.2200	2.1298	0.7189	0.6276	-0.0219	1.2142	0.5553	0.8238	-0.9027	0.0465	0.5537	1.0719	-0.2440	-0.3520	0.2635	0.7938	0.8446	1.1275	1.2258	0.7046	0.4357	0.0006	0.0431	0.1275	0.2824	0.1767	2.1385	0.7563	0.6510	0.0134	1.2564	0.5040	0.7888	-0.9113	0.0541	0.5794	1.0763	-0.2717	-0.4000	0.2939	0.8234	0.8749	1.1475	1.1874	0.6666	0.4104	-0.0161	
0.0000	 1.97148043064871E-0005	1.5034	-0.2993	-0.0217	0.4349	0.5245	2.0694	0.4644	0.4646	-0.2786	0.9064	0.9233	1.0782	-0.8344	0.0030	0.3599	1.0300	-0.0496	-0.0119	0.0531	0.5840	0.6241	0.9746	1.5034	0.9778	0.6213	0.1257	-0.2931	-0.0190	0.4323	0.5181	2.0698	0.4693	0.4677	-0.2734	0.9127	0.9157	1.0733	-0.8356	0.0038	0.3639	1.0311	-0.0534	-0.0186	0.0573	0.5882	0.6282	0.9772	1.4978	0.9726	0.6176	0.1230	
0.0333	 4.93254542159288E-0004	1.7816	-0.6020	-0.1535	0.5691	0.8300	2.0089	0.2081	0.3006	-0.5359	0.5988	1.2932	1.3327	-0.7659	-0.0414	0.1656	0.9883	0.1457	0.3302	-0.1582	0.3731	0.4022	0.8206	1.7816	1.2517	0.8073	0.2517	-0.6314	-0.1660	0.5831	0.8604	2.0010	0.1805	0.2838	-0.5612	0.5686	1.3294	1.3581	-0.7599	-0.0468	0.1475	0.9851	0.1656	0.3644	-0.1802	0.3515	0.3805	0.8055	1.8087	1.2791	0.8254	0.2632	
0.0667	 1.99718357293119E-0003	2.0588	-0.9062	-0.2863	0.7028	1.1349	1.9484	-0.0467	0.1371	-0.7934	0.2881	1.6626	1.5879	-0.6969	-0.0846	-0.0296	0.9460	0.3406	0.6722	-0.3698	0.1618	0.1807	0.6659	2.0588	1.5246	0.9941	0.3791	-0.9659	-0.3121	0.7312	1.1957	1.9301	-0.1049	0.1024	-0.8444	0.2283	1.7334	1.6377	-0.6862	-0.0983	-0.0655	0.9404	0.3819	0.7418	-0.4152	0.1173	0.1380	0.6358	2.1111	1.5795	1.0309	0.4031	
0.1000	 4.29210756167487E-0003	2.3344	-1.2090	-0.4190	0.8360	1.4376	1.8882	-0.3014	-0.0260	-1.0498	-0.0220	2.0299	1.8416	-0.6285	-0.1289	-0.2241	0.9048	0.5351	1.0140	-0.5816	-0.0489	-0.0396	0.5126	2.3344	1.7963	1.1804	0.5065	-1.2959	-0.4573	0.8783	1.5260	1.8611	-0.3863	-0.0776	-1.1253	-0.1090	2.1333	1.9144	-0.6135	-0.1506	-0.2751	0.8972	0.5969	1.1163	-0.6491	-0.1156	-0.1024	0.4699	2.4096	1.8770	1.2347	0.5424	
