Arquivo: c:\arq\medidas\BBA_0304_072142\BBA_AMP09B_H.dat
Data: 0304	 Hora:  0814
Comentário: 
NomeParametro	 ValorParametro
Nmedias	5
PausaCorretora	3000
PausaShunt	2000
PausaLeitura	500
NumCiclos	3
 NPassosCor	7
DeltaShunt	3.00
TetaIni	-0.10
TetaFim	0.10
I[mA]	  35.7
ACH05B	DeltaPos^2	AMP09B	AMP01B_0	AMP02A_0	AMP02B_0	AMP03A_0	AMP03B_0	AMP03C_0	AMP04A_0	AMP04B_0	AMP05A_0	AMP05B_0	AMP06A_0	AMP06B_0	AMP07A_0	AMP07B_0	AMP08A_0	AMP08B_0	AMP09A_0	AMP09B_0	AMP10A_0	AMP10B_0	AMU11A_0	AMU11B_0	AMP12A_0	AMP12B_0	AMP01A_0	AMP01B_1	AMP02A_1	AMP02B_1	AMP03A_1	AMP03B_1	AMP03C_1	AMP04A_1	AMP04B_1	AMP05A_1	AMP05B_1	AMP06A_1	AMP06B_1	AMP07A_1	AMP07B_1	AMP08A_1	AMP08B_1	AMP09A_1	AMP09B_1	AMP10A_1	AMP10B_1	AMU11A_1	AMU11B_1	AMP12A_1	AMP12B_1	AMP01A_1	
-0.1000	 1.10384474324327E-0003	0.6131	-0.3344	0.5980	-2.2165	-0.6549	-1.1231	-2.3852	0.0801	-0.0885	-2.7290	-1.2736	0.6782	-0.4785	-0.2720	-0.6127	-0.7168	0.1335	0.6702	0.6131	-0.6357	-1.1564	1.3597	1.6518	-0.9772	-1.5685	0.2486	-0.2883	0.5698	-2.2446	-0.6040	-1.0653	-2.3687	0.0663	-0.1141	-2.7230	-1.2491	0.6887	-0.4864	-0.3133	-0.6361	-0.6884	0.1492	0.6016	0.5533	-0.6344	-1.1379	1.3732	1.6507	-1.0018	-1.5760	0.3057	
-0.0667	 6.13798286272176E-0004	0.4365	-0.5910	0.5978	-2.1343	-0.5675	-1.1227	-2.4252	-0.0398	-0.1279	-2.4231	-1.0223	0.6561	-0.5719	-0.3041	-0.5609	-0.6342	0.1441	0.4330	0.4365	-0.4926	-1.0479	1.0463	1.3301	-0.8612	-1.4239	0.0620	-0.5548	0.5760	-2.1549	-0.5253	-1.0765	-2.4085	-0.0510	-0.1477	-2.4125	-0.9991	0.6615	-0.5790	-0.3285	-0.5725	-0.6147	0.1537	0.3860	0.3958	-0.4932	-1.0354	1.0585	1.3320	-0.8792	-1.4306	0.1058	
-0.0333	 2.52474460331978E-0004	0.2561	-0.8550	0.5979	-2.0496	-0.4787	-1.1228	-2.4668	-0.1623	-0.1680	-2.1090	-0.7652	0.6331	-0.6674	-0.3367	-0.5077	-0.5495	0.1549	0.1915	0.2561	-0.3463	-0.9368	0.7245	1.0001	-0.7416	-1.2763	-0.1302	-0.8310	0.5835	-2.0628	-0.4499	-1.0925	-2.4530	-0.1700	-0.1806	-2.0986	-0.7477	0.6353	-0.6727	-0.3491	-0.5116	-0.5382	0.1594	0.1634	0.2329	-0.3481	-0.9306	0.7336	1.0035	-0.7531	-1.2807	-0.1016	
0.0000	 4.49319034745714E-0005	0.0763	-1.1182	0.5984	-1.9648	-0.3906	-1.1239	-2.5085	-0.2841	-0.2077	-1.7948	-0.5091	0.6105	-0.7625	-0.3700	-0.4551	-0.4655	0.1654	-0.0494	0.0763	-0.2010	-0.8270	0.4025	0.6699	-0.6220	-1.1290	-0.3234	-1.1085	0.5922	-1.9703	-0.3777	-1.1108	-2.5014	-0.2879	-0.2131	-1.7890	-0.5007	0.6104	-0.7656	-0.3731	-0.4549	-0.4615	0.1658	-0.0598	0.0685	-0.2029	-0.8254	0.4077	0.6733	-0.6277	-1.1308	-0.3115	
0.0333	 1.49975840783423E-0005	-0.1042	-1.3812	0.5993	-1.8796	-0.3030	-1.1254	-2.5506	-0.4062	-0.2468	-1.4798	-0.2532	0.5880	-0.8572	-0.4031	-0.4030	-0.3807	0.1764	-0.2906	-0.1042	-0.0555	-0.7163	0.0795	0.3380	-0.5019	-0.9813	-0.5175	-1.3870	0.6014	-1.8775	-0.3061	-1.1300	-2.5504	-0.4056	-0.2447	-1.4787	-0.2540	0.5855	-0.8581	-0.3969	-0.3980	-0.3846	0.1728	-0.2830	-0.0957	-0.0576	-0.7204	0.0806	0.3414	-0.5010	-0.9812	-0.5232	
0.0667	 1.66431112863436E-0004	-0.2855	-1.6470	0.6008	-1.7930	-0.2161	-1.1282	-2.5933	-0.5286	-0.2858	-1.1631	0.0033	0.5657	-0.9521	-0.4368	-0.3513	-0.2961	0.1876	-0.5329	-0.2855	0.0909	-0.6054	-0.2455	0.0040	-0.3811	-0.8323	-0.7142	-1.6674	0.6107	-1.7835	-0.2353	-1.1507	-2.6000	-0.5240	-0.2763	-1.1660	-0.0060	0.5606	-0.9510	-0.4223	-0.3415	-0.3072	0.1796	-0.5080	-0.2613	0.0886	-0.6143	-0.2487	0.0071	-0.3732	-0.8303	-0.7374	
0.1000	 4.96911669053840E-0004	-0.4684	-1.9137	0.6028	-1.7052	-0.1288	-1.1313	-2.6367	-0.6514	-0.3246	-0.8441	0.2604	0.5432	-1.0474	-0.4708	-0.2993	-0.2105	0.1991	-0.7777	-0.4684	0.2381	-0.4933	-0.5741	-0.3334	-0.2589	-0.6818	-0.9136	-1.9496	0.6208	-1.6885	-0.1636	-1.1713	-2.6505	-0.6428	-0.3079	-0.8510	0.2427	0.5361	-1.0444	-0.4474	-0.2848	-0.2290	0.1868	-0.7349	-0.4286	0.2356	-0.5078	-0.5808	-0.3303	-0.2447	-0.6783	-0.9537	
