Arquivo: c:\arq\medidas\BBA_0304_072142\BBA_AMP05A_H.dat
Data: 0304	 Hora:  0746
Comentário: 
NomeParametro	 ValorParametro
Nmedias	5
PausaCorretora	3000
PausaShunt	2000
PausaLeitura	500
NumCiclos	3
 NPassosCor	7
DeltaShunt	3.00
TetaIni	-0.10
TetaFim	0.10
I[mA]	 145.6
ACH11B	DeltaPos^2	AMP05A	AMP01B_0	AMP02A_0	AMP02B_0	AMP03A_0	AMP03B_0	AMP03C_0	AMP04A_0	AMP04B_0	AMP05A_0	AMP05B_0	AMP06A_0	AMP06B_0	AMP07A_0	AMP07B_0	AMP08A_0	AMP08B_0	AMP09A_0	AMP09B_0	AMP10A_0	AMP10B_0	AMU11A_0	AMU11B_0	AMP12A_0	AMP12B_0	AMP01A_0	AMP01B_1	AMP02A_1	AMP02B_1	AMP03A_1	AMP03B_1	AMP03C_1	AMP04A_1	AMP04B_1	AMP05A_1	AMP05B_1	AMP06A_1	AMP06B_1	AMP07A_1	AMP07B_1	AMP08A_1	AMP08B_1	AMP09A_1	AMP09B_1	AMP10A_1	AMP10B_1	AMU11A_1	AMU11B_1	AMP12A_1	AMP12B_1	AMP01A_1	
-0.1000	 1.64231658927750E-0003	-0.8460	-1.1077	0.2445	-2.0729	0.5832	-0.2831	-2.2699	-0.7413	-0.6331	-0.8460	0.5221	0.3380	-1.1902	0.0052	0.1808	-0.3697	0.0035	-0.4652	-0.0780	0.2179	-0.6104	-0.5915	-0.2550	-0.5985	-0.8080	0.0010	-1.0329	0.2346	-2.1001	0.5829	-0.2619	-2.2522	-0.7194	-0.6333	-0.9117	0.4481	0.3553	-1.1591	-0.0132	0.1421	-0.3797	0.0129	-0.4250	-0.0564	0.1873	-0.6285	-0.5168	-0.1835	-0.6324	-0.8422	0.0640	
-0.0667	 5.25349989897245E-0004	-1.1660	-1.1245	0.3695	-2.0231	0.2692	-0.5532	-2.3434	-0.5810	-0.4872	-1.1660	0.1846	0.4458	-1.0380	-0.1558	-0.0566	-0.3744	0.0815	-0.3635	-0.0658	0.1035	-0.6538	-0.2943	0.0147	-0.5889	-0.8888	-0.1092	-1.0823	0.3640	-2.0387	0.2691	-0.5412	-2.3330	-0.5688	-0.4874	-1.2029	0.1427	0.4556	-1.0202	-0.1660	-0.0786	-0.3799	0.0868	-0.3412	-0.0535	0.0862	-0.6639	-0.2521	0.0550	-0.6083	-0.9084	-0.0735	
-0.0333	 2.61959928181491E-0005	-1.4878	-1.1422	0.4957	-1.9729	-0.0476	-0.8258	-2.4176	-0.4197	-0.3402	-1.4878	-0.1561	0.5546	-0.8844	-0.3185	-0.2968	-0.3785	0.1604	-0.2624	-0.0546	-0.0118	-0.6967	0.0046	0.2853	-0.5792	-0.9697	-0.2211	-1.1328	0.4941	-1.9765	-0.0473	-0.8228	-2.4148	-0.4169	-0.3404	-1.4963	-0.1654	0.5566	-0.8804	-0.3207	-0.3014	-0.3797	0.1614	-0.2575	-0.0519	-0.0152	-0.6991	0.0139	0.2939	-0.5834	-0.9741	-0.2126	
0.0000	 1.59832449581937E-0004	-1.8101	-1.1622	0.6224	-1.9219	-0.3664	-1.1003	-2.4921	-0.2577	-0.1926	-1.8101	-0.4980	0.6636	-0.7300	-0.4825	-0.5374	-0.3824	0.2397	-0.1615	-0.0440	-0.1269	-0.7397	0.3030	0.5552	-0.5685	-1.0504	-0.3352	-1.1845	0.6250	-1.9137	-0.3650	-1.1057	-2.4967	-0.2647	-0.1928	-1.7896	-0.4744	0.6583	-0.7399	-0.4771	-0.5259	-0.3790	0.2368	-0.1752	-0.0516	-0.1170	-0.7339	0.2793	0.5320	-0.5581	-1.0395	-0.3535	
0.0333	 9.19597185846048E-0004	-2.1324	-1.1826	0.7499	-1.8701	-0.6859	-1.3751	-2.5676	-0.0955	-0.0445	-2.1324	-0.8407	0.7732	-0.5754	-0.6481	-0.7797	-0.3856	0.3193	-0.0617	-0.0345	-0.2421	-0.7822	0.6014	0.8245	-0.5572	-1.1305	-0.4501	-1.2375	0.7565	-1.8501	-0.6842	-1.3893	-2.5799	-0.1119	-0.0448	-2.0838	-0.7844	0.7603	-0.5988	-0.6346	-0.7514	-0.3777	0.3126	-0.0932	-0.0518	-0.2182	-0.7682	0.5451	0.7699	-0.5321	-1.1045	-0.4954	
0.0667	 2.30085373137790E-0003	-2.4551	-1.2042	0.8776	-1.8178	-1.0065	-1.6511	-2.6436	0.0670	0.1043	-2.4551	-1.1842	0.8832	-0.4201	-0.8149	-1.0233	-0.3886	0.3998	0.0375	-0.0261	-0.3576	-0.8241	0.8998	1.0934	-0.5453	-1.2102	-0.5664	-1.2917	0.8882	-1.7861	-1.0037	-1.6737	-2.6629	0.0412	0.1036	-2.3784	-1.0955	0.8630	-0.4574	-0.7938	-0.9784	-0.3762	0.3891	-0.0124	-0.0534	-0.3197	-0.8021	0.8107	1.0072	-0.5057	-1.1694	-0.6382	
0.1000	 4.30762038746966E-0003	-2.7773	-1.2266	1.0059	-1.7650	-1.3270	-1.9276	-2.7199	0.2301	0.2530	-2.7773	-1.5276	0.9933	-0.2646	-0.9827	-1.2670	-0.3912	0.4808	0.1365	-0.0186	-0.4729	-0.8663	1.1973	1.3605	-0.5333	-1.2900	-0.6834	-1.3459	1.0199	-1.7218	-1.3233	-1.9581	-2.7463	0.1942	0.2518	-2.6718	-1.4058	0.9656	-0.3158	-0.9534	-1.2055	-0.3742	0.4659	0.0679	-0.0560	-0.4215	-0.8364	1.0759	1.2433	-0.4795	-1.2339	-0.7823	
