Arquivo: c:\arq\medidas\BBA_0304_072142\BBA_AMP07B_V.dat
Data: 0304	 Hora:  0803
Comentário: 
NomeParametro	 ValorParametro
Nmedias	5
PausaCorretora	3000
PausaShunt	2000
PausaLeitura	500
NumCiclos	3
 NPassosCor	7
DeltaShunt	3.00
TetaIni	-0.10
TetaFim	0.10
I[mA]	  55.7
ACV07B	DeltaPos^2	AMP07B	AMP01B_0	AMP02A_0	AMP02B_0	AMP03A_0	AMP03B_0	AMP03C_0	AMP04A_0	AMP04B_0	AMP05A_0	AMP05B_0	AMP06A_0	AMP06B_0	AMP07A_0	AMP07B_0	AMP08A_0	AMP08B_0	AMP09A_0	AMP09B_0	AMP10A_0	AMP10B_0	AMU11A_0	AMU11B_0	AMP12A_0	AMP12B_0	AMP01A_0	AMP01B_1	AMP02A_1	AMP02B_1	AMP03A_1	AMP03B_1	AMP03C_1	AMP04A_1	AMP04B_1	AMP05A_1	AMP05B_1	AMP06A_1	AMP06B_1	AMP07A_1	AMP07B_1	AMP08A_1	AMP08B_1	AMP09A_1	AMP09B_1	AMP10A_1	AMP10B_1	AMU11A_1	AMU11B_1	AMP12A_1	AMP12B_1	AMP01A_1	
-0.1000	 9.39267735909250E-0003	-0.8503	-1.5277	-0.8134	0.3263	0.8358	2.5163	1.1070	0.4748	-1.0515	-0.3227	1.8160	1.9010	-0.1074	0.6894	-0.8503	0.1548	-0.5477	-0.2768	1.0275	0.9899	0.1126	0.0861	1.7406	1.5622	1.4691	1.1042	-1.6884	-0.9118	0.3185	0.8862	2.5730	1.1756	0.4700	-1.1525	-0.4839	1.9413	2.0084	-0.0188	0.7737	-1.0052	0.0436	-0.6079	-0.3076	1.1539	1.0396	0.0458	-0.0240	1.7802	1.6388	1.5758	1.2291	
-0.0667	 4.57207798974580E-0003	-0.4719	-1.1439	-0.5666	0.3573	0.7347	2.3788	0.9115	0.4744	-0.8077	0.0630	1.5352	1.6422	-0.3322	0.4778	-0.4719	0.4293	-0.3888	-0.1903	0.7142	0.8581	0.2721	0.3630	1.6639	1.3768	1.2039	0.7986	-1.2565	-0.6357	0.3524	0.7706	2.4193	0.9588	0.4709	-0.8784	-0.0491	1.6236	1.7178	-0.2702	0.5370	-0.5801	0.3528	-0.4300	-0.2104	0.8008	0.8921	0.2253	0.2870	1.6937	1.4306	1.2784	0.8857	
-0.0333	 1.33666634641065E-0003	-0.0846	-0.7502	-0.3146	0.3896	0.6316	2.2375	0.7104	0.4744	-0.5586	0.4578	1.2479	1.3772	-0.5626	0.2598	-0.0846	0.7107	-0.2265	-0.1028	0.3940	0.7231	0.4354	0.6463	1.5848	1.1869	0.9319	0.4863	-0.8121	-0.3519	0.3878	0.6530	2.2603	0.7346	0.4719	-0.5974	0.3973	1.2978	1.4188	-0.5292	0.2918	-0.1422	0.6697	-0.2477	-0.1120	0.4387	0.7404	0.4098	0.6072	1.6034	1.2165	0.9728	0.5331	
0.0000	 2.33275754683630E-0005	0.3078	-0.3518	-0.0596	0.4226	0.5281	2.0940	0.5064	0.4736	-0.3066	0.8549	0.9570	1.1091	-0.7960	0.0384	0.3078	0.9958	-0.0623	-0.0148	0.0698	0.5875	0.6007	0.9327	1.5053	0.9937	0.6565	0.1710	-0.3605	-0.0639	0.4238	0.5342	2.0982	0.5063	0.4720	-0.3121	0.8478	0.9671	1.1157	-0.7925	0.0420	0.3019	0.9916	-0.0631	-0.0135	0.0719	0.5877	0.5973	0.9317	1.5114	0.9978	0.6617	0.1762	
0.0333	 8.00266242389904E-0004	0.7031	0.0488	0.1977	0.4559	0.4241	1.9484	0.2996	0.4729	-0.0529	1.2551	0.6653	0.8384	-1.0313	-0.1853	0.7031	1.2827	0.1029	0.0735	-0.2561	0.4511	0.7675	1.2203	1.4239	0.7987	0.3788	-0.1467	0.0927	0.2264	0.4608	0.4148	1.9339	0.2750	0.4719	-0.0249	1.3013	0.6350	0.8090	-1.0577	-0.2105	0.7492	1.3161	0.1233	0.0863	-0.2973	0.4344	0.7864	1.2572	1.4181	0.7770	0.3480	-0.1830	
0.0667	 3.67441898414623E-0003	1.0986	0.4493	0.4544	0.4895	0.3199	1.8019	0.0924	0.4720	0.2013	1.6548	0.3718	0.5669	-1.2663	-0.4100	1.0986	1.5686	0.2683	0.1633	-0.5832	0.3142	0.9351	1.5083	1.3424	0.6046	0.1009	-0.4658	0.5470	0.5162	0.4979	0.2958	1.7686	0.0430	0.4717	0.2622	1.7540	0.3012	0.5019	-1.3227	-0.4639	1.1961	1.6394	0.3096	0.1860	-0.6671	0.2805	0.9762	1.5830	1.3256	0.5554	0.0337	-0.5438	
0.1000	 8.47862091965989E-0003	1.4912	0.8490	0.7103	0.5232	0.2160	1.6563	-0.1143	0.4708	0.4535	2.0514	0.0787	0.2969	-1.5003	-0.6330	1.4912	1.8536	0.4335	0.2523	-0.9095	0.1772	1.1012	1.7950	1.2625	0.4089	-0.1766	-0.7841	0.9974	0.8046	0.5350	0.1766	1.6041	-0.1883	0.4714	0.5479	2.2014	-0.0312	0.1967	-1.5859	-0.7145	1.6386	1.9608	0.4953	0.2860	-1.0351	0.1265	1.1644	1.9064	1.2332	0.3349	-0.2787	-0.9024	
