Arquivo: c:\arq\medidas\BBA_0304_072142\BBA_AMP05A_V.dat
Data: 0304	 Hora:  0748
Comentário: 
NomeParametro	 ValorParametro
Nmedias	5
PausaCorretora	3000
PausaShunt	2000
PausaLeitura	500
NumCiclos	3
 NPassosCor	7
DeltaShunt	3.00
TetaIni	-0.10
TetaFim	0.10
I[mA]	 140.1
ACV11B	DeltaPos^2	AMP05A	AMP01B_0	AMP02A_0	AMP02B_0	AMP03A_0	AMP03B_0	AMP03C_0	AMP04A_0	AMP04B_0	AMP05A_0	AMP05B_0	AMP06A_0	AMP06B_0	AMP07A_0	AMP07B_0	AMP08A_0	AMP08B_0	AMP09A_0	AMP09B_0	AMP10A_0	AMP10B_0	AMU11A_0	AMU11B_0	AMP12A_0	AMP12B_0	AMP01A_0	AMP01B_1	AMP02A_1	AMP02B_1	AMP03A_1	AMP03B_1	AMP03C_1	AMP04A_1	AMP04B_1	AMP05A_1	AMP05B_1	AMP06A_1	AMP06B_1	AMP07A_1	AMP07B_1	AMP08A_1	AMP08B_1	AMP09A_1	AMP09B_1	AMP10A_1	AMP10B_1	AMU11A_1	AMU11B_1	AMP12A_1	AMP12B_1	AMP01A_1	
-0.1000	 3.49574422799524E-0003	1.7376	0.5231	0.3376	0.0737	-0.2896	2.2208	1.1287	0.9055	0.4184	1.7376	-0.0688	0.3810	-1.0279	0.0948	0.8833	1.1412	-0.5844	-0.9448	0.6318	1.1569	1.1993	1.3386	0.7432	0.2262	0.1089	-0.2249	0.6070	0.3792	0.0489	-0.3568	2.2240	1.1670	0.9383	0.4852	1.8257	-0.1071	0.3299	-1.0994	0.0081	0.9913	1.2105	-0.5722	-0.9679	0.5873	1.1536	1.2627	1.4196	0.6902	0.1587	0.0546	-0.2691	
-0.0667	 1.55671617470407E-0003	1.4677	0.2565	0.2166	0.1822	-0.0357	2.1795	0.9311	0.7717	0.1954	1.4677	0.2478	0.6010	-0.9678	0.0586	0.7155	1.1052	-0.4139	-0.6490	0.4424	0.9730	1.0169	1.2199	0.9801	0.4611	0.2753	-0.1058	0.3125	0.2446	0.1660	-0.0800	2.1809	0.9558	0.7930	0.2396	1.5264	0.2222	0.5670	-1.0157	0.0005	0.7880	1.1514	-0.4056	-0.6641	0.4125	0.9704	1.0594	1.2741	0.9449	0.4157	0.2390	-0.1355	
-0.0333	 3.67540504172815E-0004	1.1915	-0.0145	0.0933	0.2923	0.2237	2.1366	0.7295	0.6353	-0.0325	1.1915	0.5704	0.8259	-0.9063	0.0219	0.5439	1.0685	-0.2403	-0.3470	0.2498	0.7851	0.8305	1.0981	1.2218	0.7002	0.4452	0.0149	0.0125	0.1071	0.2849	0.2030	2.1368	0.7401	0.6453	-0.0110	1.2204	0.5580	0.8094	-0.9298	-0.0060	0.5794	1.0916	-0.2358	-0.3537	0.2349	0.7836	0.8511	1.1244	1.2044	0.6783	0.4273	0.0005	
0.0000	 2.54253343980759E-0006	0.9133	-0.2876	-0.0314	0.4031	0.4844	2.0933	0.5269	0.4980	-0.2614	0.9133	0.8934	1.0519	-0.8444	-0.0150	0.3715	1.0316	-0.0653	-0.0437	0.0555	0.5961	0.6426	0.9766	1.4642	0.9408	0.6160	0.1364	-0.2900	-0.0320	0.4046	0.4872	2.0921	0.5234	0.4963	-0.2631	0.9113	0.8944	1.0532	-0.8432	-0.0130	0.3694	1.0306	-0.0647	-0.0419	0.0557	0.5956	0.6414	0.9751	1.4648	0.9418	0.6169	0.1371	
0.0333	 4.88925945887121E-0004	0.6344	-0.5625	-0.1561	0.5142	0.7462	2.0500	0.3232	0.3599	-0.4912	0.6344	1.2190	1.2785	-0.7823	-0.0518	0.1982	0.9946	0.1106	0.2614	-0.1397	0.4059	0.4546	0.8538	1.7073	1.1824	0.7873	0.2588	-0.5946	-0.1716	0.5245	0.7728	2.0478	0.3065	0.3469	-0.5166	0.6016	1.2332	1.2981	-0.7560	-0.0198	0.1583	0.9694	0.1070	0.2716	-0.1239	0.4066	0.4310	0.8241	1.7264	1.2070	0.8072	0.2751	
0.0667	 1.82185443139698E-0003	0.3533	-0.8387	-0.2817	0.6257	1.0075	2.0073	0.1195	0.2222	-0.7218	0.3533	1.5439	1.5051	-0.7200	-0.0894	0.0241	0.9571	0.2868	0.5675	-0.3358	0.2152	0.2662	0.7310	1.9499	1.4235	0.9595	0.3821	-0.9001	-0.3115	0.6447	1.0581	2.0034	0.0885	0.1975	-0.7701	0.2893	1.5715	1.5423	-0.6687	-0.0273	-0.0528	0.9082	0.2795	0.5861	-0.3050	0.2171	0.2199	0.6728	1.9873	1.4712	0.9982	0.4134	
0.1000	 3.99620298271098E-0003	0.0690	-1.1172	-0.4086	0.7376	1.2709	1.9641	-0.0848	0.0833	-0.9536	0.0690	1.8714	1.7338	-0.6568	-0.1266	-0.1511	0.9196	0.4643	0.8757	-0.5336	0.0230	0.0761	0.6071	2.1945	1.6665	1.1333	0.5069	-1.2078	-0.4533	0.7654	1.3447	1.9587	-0.1304	0.0466	-1.0257	-0.0259	1.9120	1.7887	-0.5809	-0.0347	-0.2656	0.8467	0.4530	0.9031	-0.4877	0.0259	0.0081	0.5210	2.2495	1.7370	1.1907	0.5536	
