Arquivo: c:\arq\medidas\BBA_0304_072142\BBA_AMP02A_V.dat
Data: 0304	 Hora:  0726
Comentário: 
NomeParametro	 ValorParametro
Nmedias	5
PausaCorretora	3000
PausaShunt	2000
PausaLeitura	500
NumCiclos	3
 NPassosCor	7
DeltaShunt	3.00
TetaIni	-0.10
TetaFim	0.10
I[mA]	 147.8
ACV07B	DeltaPos^2	AMP02A	AMP01B_0	AMP02A_0	AMP02B_0	AMP03A_0	AMP03B_0	AMP03C_0	AMP04A_0	AMP04B_0	AMP05A_0	AMP05B_0	AMP06A_0	AMP06B_0	AMP07A_0	AMP07B_0	AMP08A_0	AMP08B_0	AMP09A_0	AMP09B_0	AMP10A_0	AMP10B_0	AMU11A_0	AMU11B_0	AMP12A_0	AMP12B_0	AMP01A_0	AMP01B_1	AMP02A_1	AMP02B_1	AMP03A_1	AMP03B_1	AMP03C_1	AMP04A_1	AMP04B_1	AMP05A_1	AMP05B_1	AMP06A_1	AMP06B_1	AMP07A_1	AMP07B_1	AMP08A_1	AMP08B_1	AMP09A_1	AMP09B_1	AMP10A_1	AMP10B_1	AMU11A_1	AMU11B_1	AMP12A_1	AMP12B_1	AMP01A_1	
-0.1000	 6.55324859261906E-0004	-0.8140	-1.4742	-0.8140	0.2571	0.7228	2.5515	1.2243	0.5519	-0.9476	-0.1994	1.6576	1.7820	-0.1745	0.6401	-0.7470	0.2026	-0.5770	-0.3539	1.0321	1.0270	0.1964	0.1670	1.6520	1.4776	1.4447	1.1125	-1.5110	-0.8370	0.2358	0.7015	2.5819	1.2854	0.5725	-0.9530	-0.2205	1.6550	1.7911	-0.1485	0.6773	-0.7808	0.1765	-0.5917	-0.3605	1.0617	1.0392	0.1811	0.1411	1.6599	1.4956	1.4699	1.1416	
-0.0667	 3.57343493659443E-0004	-0.5822	-1.1227	-0.5822	0.2987	0.6479	2.4131	1.0137	0.5380	-0.7338	0.1455	1.4111	1.5532	-0.3731	0.4536	-0.4095	0.4521	-0.4216	-0.2583	0.7349	0.8952	0.3317	0.4129	1.5952	1.3167	1.1990	0.8242	-1.1499	-0.5995	0.2829	0.6330	2.4358	1.0588	0.5530	-0.7382	0.1295	1.4100	1.5605	-0.3539	0.4809	-0.4343	0.4329	-0.4322	-0.2627	0.7562	0.9037	0.3204	0.3936	1.6014	1.3305	1.2186	0.8454	
-0.0333	 1.30351921098656E-0004	-0.3461	-0.7632	-0.3461	0.3407	0.5721	2.2710	0.7991	0.5239	-0.5154	0.4967	1.1598	1.3196	-0.5760	0.2630	-0.0649	0.7064	-0.2633	-0.1608	0.4320	0.7613	0.4698	0.6637	1.5371	1.1525	0.9483	0.5297	-0.7800	-0.3568	0.3316	0.5638	2.2854	0.8260	0.5327	-0.5187	0.4864	1.1598	1.3249	-0.5641	0.2791	-0.0801	0.6952	-0.2694	-0.1628	0.4445	0.7664	0.4632	0.6520	1.5412	1.1614	0.9600	0.5426	
0.0000	 1.59266901496551E-0005	-0.1073	-0.3991	-0.1073	0.3838	0.4954	2.1268	0.5813	0.5094	-0.2949	0.8503	0.9058	1.0833	-0.7812	0.0696	0.2838	0.9645	-0.1034	-0.0633	0.1259	0.6260	0.6099	0.9170	1.4777	0.9860	0.6945	0.2322	-0.4054	-0.1113	0.3807	0.4937	2.1328	0.5895	0.5119	-0.2970	0.8459	0.9070	1.0859	-0.7769	0.0746	0.2783	0.9607	-0.1050	-0.0626	0.1297	0.6276	0.6077	0.9127	1.4795	0.9892	0.6991	0.2370	
0.0333	 1.39639549414826E-0005	0.1337	-0.0332	0.1337	0.4275	0.4192	1.9807	0.3601	0.4942	-0.0727	1.2073	0.6511	0.8448	-0.9884	-0.1262	0.6349	1.2238	0.0578	0.0352	-0.1829	0.4908	0.7515	1.1714	1.4180	0.8176	0.4382	-0.0673	-0.0287	0.1362	0.4307	0.4240	1.9782	0.3506	0.4906	-0.0735	1.2087	0.6533	0.8450	-0.9914	-0.1321	0.6397	1.2278	0.0606	0.0379	-0.1877	0.4884	0.7539	1.1750	1.4177	0.8154	0.4355	-0.0708	
0.0667	 1.23774955794566E-0004	0.3747	0.3331	0.3747	0.4714	0.3424	1.8337	0.1385	0.4787	0.1498	1.5638	0.3943	0.6052	-1.1956	-0.3227	0.9871	1.4835	0.2193	0.1339	-0.4921	0.3547	0.8939	1.4262	1.3579	0.6481	0.1808	-0.3681	0.3479	0.3839	0.4808	0.3540	1.8228	0.1106	0.4691	0.1502	1.5708	0.3977	0.6033	-1.2063	-0.3398	1.0014	1.4951	0.2267	0.1396	-0.5054	0.3484	0.9006	1.4372	1.3551	0.6414	0.1706	-0.3799	
0.1000	 3.52275025105969E-0004	0.6154	0.6997	0.6154	0.5149	0.2654	1.6867	-0.0825	0.4638	0.3721	1.9195	0.1367	0.3655	-1.4027	-0.5186	1.3380	1.7423	0.3809	0.2327	-0.8018	0.2182	1.0362	1.6818	1.2986	0.4789	-0.0764	-0.6697	0.7255	0.6310	0.5309	0.2837	1.6668	-0.1295	0.4479	0.3737	1.9326	0.1414	0.3616	-1.4207	-0.5467	1.3622	1.7617	0.3928	0.2408	-0.8242	0.2085	1.0473	1.7003	1.2938	0.4668	-0.0942	-0.6899	
