Arquivo: c:\arq\medidas\BBA_0304_072142\BBA_AMU11B_H.dat
Data: 0304	 Hora:  0827
Comentário: 
NomeParametro	 ValorParametro
Nmedias	5
PausaCorretora	3000
PausaShunt	2000
PausaLeitura	500
NumCiclos	3
 NPassosCor	7
DeltaShunt	3.00
TetaIni	-0.10
TetaFim	0.10
I[mA]	  35.5
ACH05B	DeltaPos^2	AMU11B	AMP01B_0	AMP02A_0	AMP02B_0	AMP03A_0	AMP03B_0	AMP03C_0	AMP04A_0	AMP04B_0	AMP05A_0	AMP05B_0	AMP06A_0	AMP06B_0	AMP07A_0	AMP07B_0	AMP08A_0	AMP08B_0	AMP09A_0	AMP09B_0	AMP10A_0	AMP10B_0	AMU11A_0	AMU11B_0	AMP12A_0	AMP12B_0	AMP01A_0	AMP01B_1	AMP02A_1	AMP02B_1	AMP03A_1	AMP03B_1	AMP03C_1	AMP04A_1	AMP04B_1	AMP05A_1	AMP05B_1	AMP06A_1	AMP06B_1	AMP07A_1	AMP07B_1	AMP08A_1	AMP08B_1	AMP09A_1	AMP09B_1	AMP10A_1	AMP10B_1	AMU11A_1	AMU11B_1	AMP12A_1	AMP12B_1	AMP01A_1	
-0.1000	 1.37173039742915E-0003	1.6355	-0.2914	0.5593	-2.2476	-0.5831	-1.0517	-2.3553	0.0496	-0.1262	-2.6867	-1.2302	0.6584	-0.5028	-0.2421	-0.5763	-0.7265	0.1147	0.6704	0.6241	-0.6324	-1.1629	1.3501	1.6355	-1.0022	-1.5753	0.3053	-0.2846	0.5297	-2.2641	-0.5155	-0.9897	-2.3465	0.0152	-0.1592	-2.6336	-1.1671	0.6404	-0.5350	-0.2221	-0.5378	-0.7217	0.1018	0.6412	0.6136	-0.6045	-1.1516	1.2804	1.5709	-1.0081	-1.5596	0.3358	
-0.0667	 5.38750766516529E-0004	1.3295	-0.5496	0.5674	-2.1614	-0.5142	-1.0673	-2.4005	-0.0601	-0.1560	-2.3997	-0.9989	0.6435	-0.5866	-0.2845	-0.5391	-0.6422	0.1310	0.4382	0.4466	-0.4947	-1.0565	1.0511	1.3295	-0.8842	-1.4347	0.1117	-0.5476	0.5489	-2.1719	-0.4730	-1.0295	-2.3974	-0.0817	-0.1766	-2.3674	-0.9602	0.6323	-0.6070	-0.2741	-0.5163	-0.6390	0.1231	0.4183	0.4391	-0.4764	-1.0492	1.0049	1.2870	-0.8876	-1.4247	0.1294	
-0.0333	 1.26426220017413E-0004	1.0169	-0.8137	0.5761	-2.0732	-0.4443	-1.0835	-2.4462	-0.1720	-0.1863	-2.1052	-0.7626	0.6282	-0.6719	-0.3282	-0.5014	-0.5564	0.1477	0.2016	0.2661	-0.3541	-0.9477	0.7450	1.0169	-0.7639	-1.2915	-0.0864	-0.8104	0.5670	-2.0781	-0.4239	-1.0648	-2.4415	-0.1825	-0.1965	-2.0867	-0.7419	0.6218	-0.6817	-0.3196	-0.4875	-0.5560	0.1433	0.1948	0.2645	-0.3467	-0.9450	0.7267	1.0001	-0.7658	-1.2875	-0.0768	
0.0000	 1.14851836725149E-0005	0.7035	-1.0778	0.5850	-1.9849	-0.3755	-1.1010	-2.4923	-0.2833	-0.2162	-1.8108	-0.5276	0.6133	-0.7568	-0.3722	-0.4643	-0.4709	0.1646	-0.0350	0.0853	-0.2142	-0.8390	0.4385	0.7035	-0.6430	-1.1485	-0.2856	-1.0782	0.5877	-1.9836	-0.3820	-1.1062	-2.4940	-0.2806	-0.2135	-1.8166	-0.5337	0.6149	-0.7542	-0.3742	-0.4679	-0.4715	0.1657	-0.0322	0.0864	-0.2164	-0.8401	0.4446	0.7091	-0.6425	-1.1500	-0.2882	
0.0333	 3.56402534066796E-0004	0.3884	-1.3425	0.5942	-1.8960	-0.3072	-1.1188	-2.5389	-0.3952	-0.2460	-1.5150	-0.2917	0.5984	-0.8417	-0.4169	-0.4270	-0.3852	0.1816	-0.2718	-0.0965	-0.0740	-0.7299	0.1305	0.3884	-0.5221	-1.0051	-0.4865	-1.3487	0.6092	-1.8888	-0.3427	-1.1505	-2.5487	-0.3782	-0.2293	-1.5472	-0.3271	0.6086	-0.8262	-0.4307	-0.4496	-0.3865	0.1885	-0.2604	-0.0940	-0.0857	-0.7350	0.1605	0.4155	-0.5185	-1.0120	-0.5030	
0.0667	 1.35575121437570E-0003	0.0715	-1.6092	0.6041	-1.8059	-0.2391	-1.1380	-2.5862	-0.5067	-0.2752	-1.2175	-0.0556	0.5835	-0.9267	-0.4611	-0.3902	-0.2991	0.1987	-0.5099	-0.2791	0.0667	-0.6207	-0.1792	0.0715	-0.3998	-0.8604	-0.6899	-1.6306	0.6331	-1.7921	-0.3101	-1.2012	-2.6133	-0.4751	-0.2433	-1.2823	-0.1259	0.6051	-0.8975	-0.4965	-0.4386	-0.2992	0.2139	-0.4962	-0.2814	0.0471	-0.6280	-0.1308	0.1137	-0.3921	-0.8722	-0.7269	
0.1000	 2.86934072836904E-0003	-0.2475	-1.8765	0.6143	-1.7155	-0.1716	-1.1578	-2.6339	-0.6193	-0.3044	-0.9186	0.1811	0.5689	-1.0117	-0.5062	-0.3537	-0.2125	0.2162	-0.7496	-0.4628	0.2080	-0.5106	-0.4907	-0.2475	-0.2770	-0.7154	-0.8949	-1.9103	0.6564	-1.6946	-0.2746	-1.2507	-2.6740	-0.5731	-0.2579	-1.0125	0.0792	0.6005	-0.9693	-0.5585	-0.4241	-0.2120	0.2385	-0.7316	-0.4681	0.1803	-0.5210	-0.4219	-0.1875	-0.2652	-0.7317	-0.9505	
