Arquivo: c:\arq\medidas\BBA_0304_072142\BBA_AMP10A_V.dat
Data: 0304	 Hora:  0819
Comentário: 
NomeParametro	 ValorParametro
Nmedias	5
PausaCorretora	3000
PausaShunt	2000
PausaLeitura	500
NumCiclos	3
 NPassosCor	7
DeltaShunt	3.00
TetaIni	-0.10
TetaFim	0.10
I[mA]	  35.5
ACV11A	DeltaPos^2	AMP10A	AMP01B_0	AMP02A_0	AMP02B_0	AMP03A_0	AMP03B_0	AMP03C_0	AMP04A_0	AMP04B_0	AMP05A_0	AMP05B_0	AMP06A_0	AMP06B_0	AMP07A_0	AMP07B_0	AMP08A_0	AMP08B_0	AMP09A_0	AMP09B_0	AMP10A_0	AMP10B_0	AMU11A_0	AMU11B_0	AMP12A_0	AMP12B_0	AMP01A_0	AMP01B_1	AMP02A_1	AMP02B_1	AMP03A_1	AMP03B_1	AMP03C_1	AMP04A_1	AMP04B_1	AMP05A_1	AMP05B_1	AMP06A_1	AMP06B_1	AMP07A_1	AMP07B_1	AMP08A_1	AMP08B_1	AMP09A_1	AMP09B_1	AMP10A_1	AMP10B_1	AMU11A_1	AMU11B_1	AMP12A_1	AMP12B_1	AMP01A_1	
-0.1000	 2.84169815174655E-0004	0.2025	-1.5201	-0.7482	0.4742	1.0386	2.3597	0.7294	0.3218	-1.1073	-0.3206	1.9432	1.9432	-0.2172	0.4929	-0.7500	0.4841	0.2476	0.8068	-0.0520	0.2025	-0.2261	0.0054	1.8990	1.6759	1.4423	0.9956	-1.5254	-0.7428	0.4907	1.0648	2.3461	0.6888	0.3052	-1.1154	-0.3258	1.9644	1.9505	-0.2270	0.4742	-0.7430	0.4961	0.2642	0.8285	-0.0782	0.1867	-0.2406	-0.0030	1.9222	1.6894	1.4414	0.9876	
-0.0667	 1.75231560629312E-0004	0.3243	-1.1407	-0.5222	0.4599	0.8752	2.2713	0.6519	0.3685	-0.8482	0.0630	1.6234	1.6732	-0.4083	0.3431	-0.4048	0.6525	0.1521	0.5484	-0.0156	0.3243	0.0405	0.3072	1.7738	1.4573	1.1873	0.7258	-1.1464	-0.5192	0.4727	0.8962	2.2626	0.6211	0.3556	-0.8553	0.0578	1.6423	1.6803	-0.4151	0.3303	-0.4005	0.6613	0.1651	0.5655	-0.0359	0.3119	0.0289	0.3016	1.7941	1.4682	1.1872	0.7206	
-0.0333	 8.74632176304424E-0005	0.4477	-0.7518	-0.2913	0.4461	0.7088	2.1795	0.5706	0.4152	-0.5832	0.4550	1.2977	1.3970	-0.6042	0.1884	-0.0514	0.8261	0.0556	0.2850	0.0196	0.4477	0.3128	0.6159	1.6457	1.2335	0.9256	0.4498	-0.7577	-0.2904	0.4547	0.7244	2.1771	0.5515	0.4064	-0.5891	0.4500	1.3130	1.4037	-0.6075	0.1813	-0.0495	0.8304	0.0649	0.2977	0.0055	0.4390	0.3044	0.6138	1.6628	1.2419	0.9269	0.4478	
0.0000	 3.23883385106435E-0005	0.5710	-0.3580	-0.0577	0.4326	0.5409	2.0870	0.4877	0.4622	-0.3153	0.8495	0.9675	1.1178	-0.8027	0.0314	0.3063	1.0018	-0.0406	0.0195	0.0536	0.5710	0.5878	0.9280	1.5156	1.0061	0.6605	0.1710	-0.3636	-0.0589	0.4371	0.5507	2.0888	0.4795	0.4581	-0.3198	0.8458	0.9790	1.1234	-0.8028	0.0300	0.3064	1.0028	-0.0355	0.0269	0.0461	0.5666	0.5827	0.9292	1.5279	1.0118	0.6631	0.1711	
0.0333	 1.07034710038202E-0005	0.6950	0.0367	0.1777	0.4193	0.3728	1.9928	0.4033	0.5088	-0.0463	1.2461	0.6367	0.8366	-1.0027	-0.1277	0.6657	1.1785	-0.1372	-0.2458	0.0877	0.6950	0.8644	1.2404	1.3846	0.7770	0.3938	-0.1094	0.0328	0.1746	0.4193	0.3754	1.9989	0.4066	0.5092	-0.0491	1.2437	0.6424	0.8406	-0.9995	-0.1235	0.6646	1.1765	-0.1365	-0.2446	0.0874	0.6947	0.8627	1.2446	1.3915	0.7793	0.3972	-0.1067	
0.0667	 2.79244119116686E-0005	0.8190	0.4313	0.4122	0.4060	0.2046	1.8982	0.3187	0.5557	0.2226	1.6414	0.3045	0.5549	-1.2020	-0.2869	1.0255	1.3553	-0.2336	-0.5120	0.1209	0.8190	1.1410	1.5533	1.2543	0.5478	0.1269	-0.3907	0.4287	0.4080	0.4019	0.2003	1.9074	0.3326	0.5605	0.2220	1.6409	0.3043	0.5570	-1.1961	-0.2781	1.0224	1.3499	-0.2374	-0.5167	0.1278	0.8228	1.1431	1.5594	1.2545	0.5463	0.1306	-0.3860	
0.1000	 8.98212429122501E-0005	0.9417	0.8242	0.6456	0.3937	0.0377	1.8034	0.2329	0.6013	0.4895	2.0334	-0.0257	0.2752	-1.4002	-0.4453	1.3823	1.5306	-0.3291	-0.7763	0.1537	0.9417	1.4144	1.8636	1.1247	0.3196	-0.1389	-0.6712	0.8220	0.6399	0.3850	0.0262	1.8166	0.2584	0.6105	0.4910	2.0331	-0.0316	0.2756	-1.3918	-0.4310	1.3763	1.5223	-0.3373	-0.7861	0.1676	0.9497	1.4209	1.8719	1.1186	0.3144	-0.1346	-0.6637	
