# ARAUCARIA2_F25 KICKMAP 
# Author: Ximenes R. Resende @ LNLS, Date: 07-Feb-2013 14:04:51
# ID Length [m]
3.0000
# Number of Horizontal Points
81 
# Number of Vertical Points
17 
# Horizontal KickTable in T2m2
START
            -0.03000000 -0.02925000 -0.02850000 -0.02775000 -0.02700000 -0.02625000 -0.02550000 -0.02475000 -0.02400000 -0.02325000 -0.02250000 -0.02175000 -0.02100000 -0.02025000 -0.01950000 -0.01875000 -0.01800000 -0.01725000 -0.01650000 -0.01575000 -0.01500000 -0.01425000 -0.01350000 -0.01275000 -0.01200000 -0.01125000 -0.01050000 -0.00975000 -0.00900000 -0.00825000 -0.00750000 -0.00675000 -0.00600000 -0.00525000 -0.00450000 -0.00375000 -0.00300000 -0.00225000 -0.00150000 -0.00075000 +0.00000000 +0.00075000 +0.00150000 +0.00225000 +0.00300000 +0.00375000 +0.00450000 +0.00525000 +0.00600000 +0.00675000 +0.00750000 +0.00825000 +0.00900000 +0.00975000 +0.01050000 +0.01125000 +0.01200000 +0.01275000 +0.01350000 +0.01425000 +0.01500000 +0.01575000 +0.01650000 +0.01725000 +0.01800000 +0.01875000 +0.01950000 +0.02025000 +0.02100000 +0.02175000 +0.02250000 +0.02325000 +0.02400000 +0.02475000 +0.02550000 +0.02625000 +0.02700000 +0.02775000 +0.02850000 +0.02925000 +0.03000000 
+0.00490000 +2.696E-003 +2.102E-003 +1.491E-003 +8.986E-004 +2.250E-004 -5.811E-005 -6.843E-004 -1.245E-003 -1.794E-003 -2.345E-003 -2.904E-003 -3.475E-003 -4.064E-003 -4.675E-003 -5.313E-003 -5.983E-003 -6.690E-003 -7.440E-003 -8.240E-003 -9.097E-003 -1.002E-002 -1.102E-002 -1.210E-002 -1.328E-002 -1.457E-002 -1.600E-002 -1.758E-002 -1.934E-002 -2.132E-002 -2.358E-002 -2.620E-002 -2.927E-002 -3.300E-002 -3.767E-002 -4.382E-002 -5.242E-002 -6.558E-002 -8.834E-002 -1.366E-001 -4.032E-001 +0.000E+000 +4.032E-001 +1.366E-001 +8.834E-002 +6.558E-002 +5.242E-002 +4.382E-002 +3.767E-002 +3.300E-002 +2.927E-002 +2.620E-002 +2.358E-002 +2.132E-002 +1.934E-002 +1.758E-002 +1.600E-002 +1.457E-002 +1.328E-002 +1.210E-002 +1.102E-002 +1.002E-002 +9.097E-003 +8.240E-003 +7.440E-003 +6.690E-003 +5.983E-003 +5.313E-003 +4.675E-003 +4.064E-003 +3.475E-003 +2.904E-003 +2.345E-003 +1.794E-003 +1.245E-003 +6.843E-004 +5.811E-005 -2.250E-004 -8.986E-004 -1.491E-003 -2.102E-003 -2.696E-003 
+0.00428750 +2.616E-003 +2.032E-003 +1.431E-003 +8.478E-004 +1.656E-004 -6.870E-005 -7.196E-004 -1.268E-003 -1.810E-003 -2.355E-003 -2.907E-003 -3.473E-003 -4.057E-003 -4.662E-003 -5.295E-003 -5.960E-003 -6.662E-003 -7.408E-003 -8.203E-003 -9.056E-003 -9.975E-003 -1.097E-002 -1.205E-002 -1.322E-002 -1.451E-002 -1.592E-002 -1.749E-002 -1.923E-002 -2.118E-002 -2.338E-002 -2.590E-002 -2.883E-002 -3.231E-002 -3.657E-002 -4.199E-002 -4.924E-002 -5.962E-002 -7.569E-002 -1.032E-001 -1.142E-001 +0.000E+000 +1.142E-001 +1.032E-001 +7.569E-002 +5.962E-002 +4.924E-002 +4.199E-002 +3.657E-002 +3.231E-002 +2.883E-002 +2.590E-002 +2.338E-002 +2.118E-002 +1.923E-002 +1.749E-002 +1.592E-002 +1.451E-002 +1.322E-002 +1.205E-002 +1.097E-002 +9.975E-003 +9.056E-003 +8.203E-003 +7.408E-003 +6.662E-003 +5.960E-003 +5.295E-003 +4.662E-003 +4.057E-003 +3.473E-003 +2.907E-003 +2.355E-003 +1.810E-003 +1.268E-003 +7.196E-004 +6.870E-005 -1.656E-004 -8.478E-004 -1.431E-003 -2.032E-003 -2.616E-003 
+0.00367500 +2.563E-003 +1.987E-003 +1.391E-003 +8.143E-004 +1.227E-004 -7.580E-005 -7.446E-004 -1.285E-003 -1.824E-003 -2.365E-003 -2.914E-003 -3.477E-003 -4.057E-003 -4.660E-003 -5.290E-003 -5.952E-003 -6.652E-003 -7.396E-003 -8.191E-003 -9.043E-003 -9.960E-003 -1.095E-002 -1.203E-002 -1.320E-002 -1.448E-002 -1.589E-002 -1.744E-002 -1.916E-002 -2.107E-002 -2.321E-002 -2.563E-002 -2.837E-002 -3.154E-002 -3.527E-002 -3.974E-002 -4.524E-002 -5.209E-002 -6.021E-002 -6.657E-002 -4.811E-002 +0.000E+000 +4.811E-002 +6.657E-002 +6.021E-002 +5.209E-002 +4.524E-002 +3.974E-002 +3.527E-002 +3.154E-002 +2.837E-002 +2.563E-002 +2.321E-002 +2.107E-002 +1.916E-002 +1.744E-002 +1.589E-002 +1.448E-002 +1.320E-002 +1.203E-002 +1.095E-002 +9.960E-003 +9.043E-003 +8.191E-003 +7.396E-003 +6.652E-003 +5.952E-003 +5.290E-003 +4.660E-003 +4.057E-003 +3.477E-003 +2.914E-003 +2.365E-003 +1.824E-003 +1.285E-003 +7.446E-004 +7.580E-005 -1.227E-004 -8.143E-004 -1.391E-003 -1.987E-003 -2.563E-003 
+0.00306250 +2.522E-003 +1.950E-003 +1.360E-003 +7.873E-004 +8.581E-005 -8.140E-005 -7.653E-004 -1.300E-003 -1.835E-003 -2.373E-003 -2.920E-003 -3.480E-003 -4.058E-003 -4.659E-003 -5.287E-003 -5.947E-003 -6.646E-003 -7.389E-003 -8.182E-003 -9.033E-003 -9.949E-003 -1.094E-002 -1.202E-002 -1.319E-002 -1.446E-002 -1.587E-002 -1.740E-002 -1.910E-002 -2.097E-002 -2.303E-002 -2.533E-002 -2.788E-002 -3.071E-002 -3.386E-002 -3.735E-002 -4.109E-002 -4.476E-002 -4.709E-002 -4.433E-002 -2.602E-002 +0.000E+000 +2.602E-002 +4.433E-002 +4.709E-002 +4.476E-002 +4.109E-002 +3.735E-002 +3.386E-002 +3.071E-002 +2.788E-002 +2.533E-002 +2.303E-002 +2.097E-002 +1.910E-002 +1.740E-002 +1.587E-002 +1.446E-002 +1.319E-002 +1.202E-002 +1.094E-002 +9.949E-003 +9.033E-003 +8.182E-003 +7.389E-003 +6.646E-003 +5.947E-003 +5.287E-003 +4.659E-003 +4.058E-003 +3.480E-003 +2.920E-003 +2.373E-003 +1.835E-003 +1.300E-003 +7.653E-004 +8.140E-005 -8.581E-005 -7.873E-004 -1.360E-003 -1.950E-003 -2.522E-003 
+0.00245000 +2.489E-003 +1.922E-003 +1.335E-003 +7.634E-004 +7.815E-005 -1.083E-004 -7.795E-004 -1.312E-003 -1.845E-003 -2.381E-003 -2.925E-003 -3.483E-003 -4.059E-003 -4.658E-003 -5.285E-003 -5.944E-003 -6.641E-003 -7.383E-003 -8.175E-003 -9.025E-003 -9.940E-003 -1.093E-002 -1.200E-002 -1.317E-002 -1.445E-002 -1.584E-002 -1.736E-002 -1.903E-002 -2.086E-002 -2.286E-002 -2.504E-002 -2.739E-002 -2.990E-002 -3.251E-002 -3.510E-002 -3.737E-002 -3.871E-002 -3.773E-002 -3.195E-002 -1.684E-002 +0.000E+000 +1.684E-002 +3.195E-002 +3.773E-002 +3.871E-002 +3.737E-002 +3.510E-002 +3.251E-002 +2.990E-002 +2.739E-002 +2.504E-002 +2.286E-002 +2.086E-002 +1.903E-002 +1.736E-002 +1.584E-002 +1.445E-002 +1.317E-002 +1.200E-002 +1.093E-002 +9.940E-003 +9.025E-003 +8.175E-003 +7.383E-003 +6.641E-003 +5.944E-003 +5.285E-003 +4.658E-003 +4.059E-003 +3.483E-003 +2.925E-003 +2.381E-003 +1.845E-003 +1.312E-003 +7.795E-004 +1.083E-004 -7.815E-005 -7.634E-004 -1.335E-003 -1.922E-003 -2.489E-003 
+0.00183750 +2.465E-003 +1.900E-003 +1.316E-003 +7.448E-004 +7.402E-005 -1.300E-004 -7.904E-004 -1.321E-003 -1.852E-003 -2.386E-003 -2.929E-003 -3.486E-003 -4.060E-003 -4.658E-003 -5.283E-003 -5.941E-003 -6.637E-003 -7.378E-003 -8.169E-003 -9.019E-003 -9.934E-003 -1.092E-002 -1.200E-002 -1.316E-002 -1.443E-002 -1.582E-002 -1.733E-002 -1.898E-002 -2.077E-002 -2.270E-002 -2.478E-002 -2.696E-002 -2.919E-002 -3.135E-002 -3.322E-002 -3.440E-002 -3.423E-002 -3.158E-002 -2.502E-002 -1.243E-002 +0.000E+000 +1.243E-002 +2.502E-002 +3.158E-002 +3.423E-002 +3.440E-002 +3.322E-002 +3.135E-002 +2.919E-002 +2.696E-002 +2.478E-002 +2.270E-002 +2.077E-002 +1.898E-002 +1.733E-002 +1.582E-002 +1.443E-002 +1.316E-002 +1.200E-002 +1.092E-002 +9.934E-003 +9.019E-003 +8.169E-003 +7.378E-003 +6.637E-003 +5.941E-003 +5.283E-003 +4.658E-003 +4.060E-003 +3.486E-003 +2.929E-003 +2.386E-003 +1.852E-003 +1.321E-003 +7.904E-004 +1.300E-004 -7.402E-005 -7.448E-004 -1.316E-003 -1.900E-003 -2.465E-003 
+0.00122500 +2.448E-003 +1.885E-003 +1.303E-003 +7.318E-004 +7.106E-005 -1.448E-004 -7.981E-004 -1.328E-003 -1.858E-003 -2.391E-003 -2.932E-003 -3.488E-003 -4.061E-003 -4.657E-003 -5.282E-003 -5.939E-003 -6.634E-003 -7.375E-003 -8.165E-003 -9.014E-003 -9.929E-003 -1.092E-002 -1.199E-002 -1.315E-002 -1.442E-002 -1.580E-002 -1.730E-002 -1.893E-002 -2.069E-002 -2.258E-002 -2.457E-002 -2.662E-002 -2.864E-002 -3.046E-002 -3.182E-002 -3.229E-002 -3.122E-002 -2.779E-002 -2.115E-002 -1.017E-002 +0.000E+000 +1.017E-002 +2.115E-002 +2.779E-002 +3.122E-002 +3.229E-002 +3.182E-002 +3.046E-002 +2.864E-002 +2.662E-002 +2.457E-002 +2.258E-002 +2.069E-002 +1.893E-002 +1.730E-002 +1.580E-002 +1.442E-002 +1.315E-002 +1.199E-002 +1.092E-002 +9.929E-003 +9.014E-003 +8.165E-003 +7.375E-003 +6.634E-003 +5.939E-003 +5.282E-003 +4.657E-003 +4.061E-003 +3.488E-003 +2.932E-003 +2.391E-003 +1.858E-003 +1.328E-003 +7.981E-004 +1.448E-004 -7.106E-005 -7.318E-004 -1.303E-003 -1.885E-003 -2.448E-003 
+0.00061250 +2.439E-003 +1.877E-003 +1.295E-003 +7.242E-004 +6.929E-005 -1.535E-004 -8.028E-004 -1.332E-003 -1.861E-003 -2.393E-003 -2.934E-003 -3.489E-003 -4.061E-003 -4.657E-003 -5.281E-003 -5.938E-003 -6.633E-003 -7.372E-003 -8.163E-003 -9.012E-003 -9.926E-003 -1.091E-002 -1.198E-002 -1.315E-002 -1.441E-002 -1.579E-002 -1.728E-002 -1.890E-002 -2.065E-002 -2.250E-002 -2.444E-002 -2.641E-002 -2.829E-002 -2.991E-002 -3.097E-002 -3.104E-002 -2.952E-002 -2.574E-002 -1.918E-002 -9.077E-003 +0.000E+000 +9.077E-003 +1.918E-002 +2.574E-002 +2.952E-002 +3.104E-002 +3.097E-002 +2.991E-002 +2.829E-002 +2.641E-002 +2.444E-002 +2.250E-002 +2.065E-002 +1.890E-002 +1.728E-002 +1.579E-002 +1.441E-002 +1.315E-002 +1.198E-002 +1.091E-002 +9.926E-003 +9.012E-003 +8.163E-003 +7.372E-003 +6.633E-003 +5.938E-003 +5.281E-003 +4.657E-003 +4.061E-003 +3.489E-003 +2.934E-003 +2.393E-003 +1.861E-003 +1.332E-003 +8.028E-004 +1.535E-004 -6.929E-005 -7.242E-004 -1.295E-003 -1.877E-003 -2.439E-003 
+0.00000000 +2.436E-003 +1.874E-003 +1.292E-003 +7.216E-004 +6.870E-005 -1.564E-004 -8.043E-004 -1.333E-003 -1.862E-003 -2.394E-003 -2.935E-003 -3.489E-003 -4.062E-003 -4.657E-003 -5.281E-003 -5.937E-003 -6.632E-003 -7.372E-003 -8.162E-003 -9.011E-003 -9.925E-003 -1.091E-002 -1.198E-002 -1.315E-002 -1.441E-002 -1.578E-002 -1.728E-002 -1.889E-002 -2.063E-002 -2.248E-002 -2.440E-002 -2.634E-002 -2.818E-002 -2.972E-002 -3.068E-002 -3.062E-002 -2.896E-002 -2.509E-002 -1.858E-002 -8.747E-003 +0.000E+000 +8.747E-003 +1.858E-002 +2.509E-002 +2.896E-002 +3.062E-002 +3.068E-002 +2.972E-002 +2.818E-002 +2.634E-002 +2.440E-002 +2.248E-002 +2.063E-002 +1.889E-002 +1.728E-002 +1.578E-002 +1.441E-002 +1.315E-002 +1.198E-002 +1.091E-002 +9.925E-003 +9.011E-003 +8.162E-003 +7.372E-003 +6.632E-003 +5.937E-003 +5.281E-003 +4.657E-003 +4.062E-003 +3.489E-003 +2.935E-003 +2.394E-003 +1.862E-003 +1.333E-003 +8.043E-004 +1.564E-004 -6.870E-005 -7.216E-004 -1.292E-003 -1.874E-003 -2.436E-003 
-0.00061250 +2.439E-003 +1.877E-003 +1.295E-003 +7.242E-004 +6.929E-005 -1.535E-004 -8.028E-004 -1.332E-003 -1.861E-003 -2.393E-003 -2.934E-003 -3.489E-003 -4.061E-003 -4.657E-003 -5.281E-003 -5.938E-003 -6.633E-003 -7.372E-003 -8.163E-003 -9.012E-003 -9.926E-003 -1.091E-002 -1.198E-002 -1.315E-002 -1.441E-002 -1.579E-002 -1.728E-002 -1.890E-002 -2.065E-002 -2.250E-002 -2.444E-002 -2.641E-002 -2.829E-002 -2.991E-002 -3.097E-002 -3.104E-002 -2.952E-002 -2.574E-002 -1.918E-002 -9.077E-003 +0.000E+000 +9.077E-003 +1.918E-002 +2.574E-002 +2.952E-002 +3.104E-002 +3.097E-002 +2.991E-002 +2.829E-002 +2.641E-002 +2.444E-002 +2.250E-002 +2.065E-002 +1.890E-002 +1.728E-002 +1.579E-002 +1.441E-002 +1.315E-002 +1.198E-002 +1.091E-002 +9.926E-003 +9.012E-003 +8.163E-003 +7.372E-003 +6.633E-003 +5.938E-003 +5.281E-003 +4.657E-003 +4.061E-003 +3.489E-003 +2.934E-003 +2.393E-003 +1.861E-003 +1.332E-003 +8.028E-004 +1.535E-004 -6.929E-005 -7.242E-004 -1.295E-003 -1.877E-003 -2.439E-003 
-0.00122500 +2.448E-003 +1.885E-003 +1.303E-003 +7.318E-004 +7.106E-005 -1.448E-004 -7.981E-004 -1.328E-003 -1.858E-003 -2.391E-003 -2.932E-003 -3.488E-003 -4.061E-003 -4.657E-003 -5.282E-003 -5.939E-003 -6.634E-003 -7.375E-003 -8.165E-003 -9.014E-003 -9.929E-003 -1.092E-002 -1.199E-002 -1.315E-002 -1.442E-002 -1.580E-002 -1.730E-002 -1.893E-002 -2.069E-002 -2.258E-002 -2.457E-002 -2.662E-002 -2.864E-002 -3.046E-002 -3.182E-002 -3.229E-002 -3.122E-002 -2.779E-002 -2.115E-002 -1.017E-002 +0.000E+000 +1.017E-002 +2.115E-002 +2.779E-002 +3.122E-002 +3.229E-002 +3.182E-002 +3.046E-002 +2.864E-002 +2.662E-002 +2.457E-002 +2.258E-002 +2.069E-002 +1.893E-002 +1.730E-002 +1.580E-002 +1.442E-002 +1.315E-002 +1.199E-002 +1.092E-002 +9.929E-003 +9.014E-003 +8.165E-003 +7.375E-003 +6.634E-003 +5.939E-003 +5.282E-003 +4.657E-003 +4.061E-003 +3.488E-003 +2.932E-003 +2.391E-003 +1.858E-003 +1.328E-003 +7.981E-004 +1.448E-004 -7.106E-005 -7.318E-004 -1.303E-003 -1.885E-003 -2.448E-003 
-0.00183750 +2.465E-003 +1.900E-003 +1.316E-003 +7.448E-004 +7.402E-005 -1.300E-004 -7.904E-004 -1.321E-003 -1.852E-003 -2.386E-003 -2.929E-003 -3.486E-003 -4.060E-003 -4.658E-003 -5.283E-003 -5.941E-003 -6.637E-003 -7.378E-003 -8.169E-003 -9.019E-003 -9.934E-003 -1.092E-002 -1.200E-002 -1.316E-002 -1.443E-002 -1.582E-002 -1.733E-002 -1.898E-002 -2.077E-002 -2.270E-002 -2.478E-002 -2.696E-002 -2.919E-002 -3.135E-002 -3.322E-002 -3.440E-002 -3.423E-002 -3.158E-002 -2.502E-002 -1.243E-002 +0.000E+000 +1.243E-002 +2.502E-002 +3.158E-002 +3.423E-002 +3.440E-002 +3.322E-002 +3.135E-002 +2.919E-002 +2.696E-002 +2.478E-002 +2.270E-002 +2.077E-002 +1.898E-002 +1.733E-002 +1.582E-002 +1.443E-002 +1.316E-002 +1.200E-002 +1.092E-002 +9.934E-003 +9.019E-003 +8.169E-003 +7.378E-003 +6.637E-003 +5.941E-003 +5.283E-003 +4.658E-003 +4.060E-003 +3.486E-003 +2.929E-003 +2.386E-003 +1.852E-003 +1.321E-003 +7.904E-004 +1.300E-004 -7.402E-005 -7.448E-004 -1.316E-003 -1.900E-003 -2.465E-003 
-0.00245000 +2.489E-003 +1.922E-003 +1.335E-003 +7.634E-004 +7.815E-005 -1.083E-004 -7.795E-004 -1.312E-003 -1.845E-003 -2.381E-003 -2.925E-003 -3.483E-003 -4.059E-003 -4.658E-003 -5.285E-003 -5.944E-003 -6.641E-003 -7.383E-003 -8.175E-003 -9.025E-003 -9.940E-003 -1.093E-002 -1.200E-002 -1.317E-002 -1.445E-002 -1.584E-002 -1.736E-002 -1.903E-002 -2.086E-002 -2.286E-002 -2.504E-002 -2.739E-002 -2.990E-002 -3.251E-002 -3.510E-002 -3.737E-002 -3.871E-002 -3.773E-002 -3.195E-002 -1.684E-002 +0.000E+000 +1.684E-002 +3.195E-002 +3.773E-002 +3.871E-002 +3.737E-002 +3.510E-002 +3.251E-002 +2.990E-002 +2.739E-002 +2.504E-002 +2.286E-002 +2.086E-002 +1.903E-002 +1.736E-002 +1.584E-002 +1.445E-002 +1.317E-002 +1.200E-002 +1.093E-002 +9.940E-003 +9.025E-003 +8.175E-003 +7.383E-003 +6.641E-003 +5.944E-003 +5.285E-003 +4.658E-003 +4.059E-003 +3.483E-003 +2.925E-003 +2.381E-003 +1.845E-003 +1.312E-003 +7.795E-004 +1.083E-004 -7.815E-005 -7.634E-004 -1.335E-003 -1.922E-003 -2.489E-003 
-0.00306250 +2.522E-003 +1.950E-003 +1.360E-003 +7.873E-004 +8.581E-005 -8.140E-005 -7.653E-004 -1.300E-003 -1.835E-003 -2.373E-003 -2.920E-003 -3.480E-003 -4.058E-003 -4.659E-003 -5.287E-003 -5.947E-003 -6.646E-003 -7.389E-003 -8.182E-003 -9.033E-003 -9.949E-003 -1.094E-002 -1.202E-002 -1.319E-002 -1.446E-002 -1.587E-002 -1.740E-002 -1.910E-002 -2.097E-002 -2.303E-002 -2.533E-002 -2.788E-002 -3.071E-002 -3.386E-002 -3.735E-002 -4.109E-002 -4.476E-002 -4.709E-002 -4.433E-002 -2.602E-002 +0.000E+000 +2.602E-002 +4.433E-002 +4.709E-002 +4.476E-002 +4.109E-002 +3.735E-002 +3.386E-002 +3.071E-002 +2.788E-002 +2.533E-002 +2.303E-002 +2.097E-002 +1.910E-002 +1.740E-002 +1.587E-002 +1.446E-002 +1.319E-002 +1.202E-002 +1.094E-002 +9.949E-003 +9.033E-003 +8.182E-003 +7.389E-003 +6.646E-003 +5.947E-003 +5.287E-003 +4.659E-003 +4.058E-003 +3.480E-003 +2.920E-003 +2.373E-003 +1.835E-003 +1.300E-003 +7.653E-004 +8.140E-005 -8.581E-005 -7.873E-004 -1.360E-003 -1.950E-003 -2.522E-003 
-0.00367500 +2.563E-003 +1.987E-003 +1.391E-003 +8.143E-004 +1.227E-004 -7.580E-005 -7.446E-004 -1.285E-003 -1.824E-003 -2.365E-003 -2.914E-003 -3.477E-003 -4.057E-003 -4.660E-003 -5.290E-003 -5.952E-003 -6.652E-003 -7.396E-003 -8.191E-003 -9.043E-003 -9.960E-003 -1.095E-002 -1.203E-002 -1.320E-002 -1.448E-002 -1.589E-002 -1.744E-002 -1.916E-002 -2.107E-002 -2.321E-002 -2.563E-002 -2.837E-002 -3.154E-002 -3.527E-002 -3.974E-002 -4.524E-002 -5.209E-002 -6.021E-002 -6.657E-002 -4.811E-002 +0.000E+000 +4.811E-002 +6.657E-002 +6.021E-002 +5.209E-002 +4.524E-002 +3.974E-002 +3.527E-002 +3.154E-002 +2.837E-002 +2.563E-002 +2.321E-002 +2.107E-002 +1.916E-002 +1.744E-002 +1.589E-002 +1.448E-002 +1.320E-002 +1.203E-002 +1.095E-002 +9.960E-003 +9.043E-003 +8.191E-003 +7.396E-003 +6.652E-003 +5.952E-003 +5.290E-003 +4.660E-003 +4.057E-003 +3.477E-003 +2.914E-003 +2.365E-003 +1.824E-003 +1.285E-003 +7.446E-004 +7.580E-005 -1.227E-004 -8.143E-004 -1.391E-003 -1.987E-003 -2.563E-003 
-0.00428750 +2.616E-003 +2.032E-003 +1.431E-003 +8.478E-004 +1.656E-004 -6.870E-005 -7.196E-004 -1.268E-003 -1.810E-003 -2.355E-003 -2.907E-003 -3.473E-003 -4.057E-003 -4.662E-003 -5.295E-003 -5.960E-003 -6.662E-003 -7.408E-003 -8.203E-003 -9.056E-003 -9.975E-003 -1.097E-002 -1.205E-002 -1.322E-002 -1.451E-002 -1.592E-002 -1.749E-002 -1.923E-002 -2.118E-002 -2.338E-002 -2.590E-002 -2.883E-002 -3.231E-002 -3.657E-002 -4.199E-002 -4.924E-002 -5.962E-002 -7.569E-002 -1.032E-001 -1.142E-001 +0.000E+000 +1.142E-001 +1.032E-001 +7.569E-002 +5.962E-002 +4.924E-002 +4.199E-002 +3.657E-002 +3.231E-002 +2.883E-002 +2.590E-002 +2.338E-002 +2.118E-002 +1.923E-002 +1.749E-002 +1.592E-002 +1.451E-002 +1.322E-002 +1.205E-002 +1.097E-002 +9.975E-003 +9.056E-003 +8.203E-003 +7.408E-003 +6.662E-003 +5.960E-003 +5.295E-003 +4.662E-003 +4.057E-003 +3.473E-003 +2.907E-003 +2.355E-003 +1.810E-003 +1.268E-003 +7.196E-004 +6.870E-005 -1.656E-004 -8.478E-004 -1.431E-003 -2.032E-003 -2.616E-003 
-0.00490000 +2.696E-003 +2.102E-003 +1.491E-003 +8.986E-004 +2.250E-004 -5.811E-005 -6.843E-004 -1.245E-003 -1.794E-003 -2.345E-003 -2.904E-003 -3.475E-003 -4.064E-003 -4.675E-003 -5.313E-003 -5.983E-003 -6.690E-003 -7.440E-003 -8.240E-003 -9.097E-003 -1.002E-002 -1.102E-002 -1.210E-002 -1.328E-002 -1.457E-002 -1.600E-002 -1.758E-002 -1.934E-002 -2.132E-002 -2.358E-002 -2.620E-002 -2.927E-002 -3.300E-002 -3.767E-002 -4.382E-002 -5.242E-002 -6.558E-002 -8.834E-002 -1.366E-001 -4.032E-001 +0.000E+000 +4.032E-001 +1.366E-001 +8.834E-002 +6.558E-002 +5.242E-002 +4.382E-002 +3.767E-002 +3.300E-002 +2.927E-002 +2.620E-002 +2.358E-002 +2.132E-002 +1.934E-002 +1.758E-002 +1.600E-002 +1.457E-002 +1.328E-002 +1.210E-002 +1.102E-002 +1.002E-002 +9.097E-003 +8.240E-003 +7.440E-003 +6.690E-003 +5.983E-003 +5.313E-003 +4.675E-003 +4.064E-003 +3.475E-003 +2.904E-003 +2.345E-003 +1.794E-003 +1.245E-003 +6.843E-004 +5.811E-005 -2.250E-004 -8.986E-004 -1.491E-003 -2.102E-003 -2.696E-003 
# Vertical KickTable in T2m2
START
            -0.03000000 -0.02925000 -0.02850000 -0.02775000 -0.02700000 -0.02625000 -0.02550000 -0.02475000 -0.02400000 -0.02325000 -0.02250000 -0.02175000 -0.02100000 -0.02025000 -0.01950000 -0.01875000 -0.01800000 -0.01725000 -0.01650000 -0.01575000 -0.01500000 -0.01425000 -0.01350000 -0.01275000 -0.01200000 -0.01125000 -0.01050000 -0.00975000 -0.00900000 -0.00825000 -0.00750000 -0.00675000 -0.00600000 -0.00525000 -0.00450000 -0.00375000 -0.00300000 -0.00225000 -0.00150000 -0.00075000 +0.00000000 +0.00075000 +0.00150000 +0.00225000 +0.00300000 +0.00375000 +0.00450000 +0.00525000 +0.00600000 +0.00675000 +0.00750000 +0.00825000 +0.00900000 +0.00975000 +0.01050000 +0.01125000 +0.01200000 +0.01275000 +0.01350000 +0.01425000 +0.01500000 +0.01575000 +0.01650000 +0.01725000 +0.01800000 +0.01875000 +0.01950000 +0.02025000 +0.02100000 +0.02175000 +0.02250000 +0.02325000 +0.02400000 +0.02475000 +0.02550000 +0.02625000 +0.02700000 +0.02775000 +0.02850000 +0.02925000 +0.03000000 
+0.00490000 -1.330E-002 -1.319E-002 -1.310E-002 -1.302E-002 -1.296E-002 -1.290E-002 -1.286E-002 -1.282E-002 -1.280E-002 -1.278E-002 -1.278E-002 -1.278E-002 -1.279E-002 -1.281E-002 -1.283E-002 -1.287E-002 -1.291E-002 -1.296E-002 -1.301E-002 -1.307E-002 -1.314E-002 -1.321E-002 -1.329E-002 -1.338E-002 -1.348E-002 -1.358E-002 -1.371E-002 -1.385E-002 -1.402E-002 -1.425E-002 -1.456E-002 -1.499E-002 -1.563E-002 -1.662E-002 -1.820E-002 -2.083E-002 -2.557E-002 -3.519E-002 -5.993E-002 -1.647E-001 -1.137E+000 -1.647E-001 -5.993E-002 -3.519E-002 -2.557E-002 -2.083E-002 -1.820E-002 -1.662E-002 -1.563E-002 -1.499E-002 -1.456E-002 -1.425E-002 -1.402E-002 -1.385E-002 -1.371E-002 -1.358E-002 -1.348E-002 -1.338E-002 -1.329E-002 -1.321E-002 -1.314E-002 -1.307E-002 -1.301E-002 -1.296E-002 -1.291E-002 -1.287E-002 -1.283E-002 -1.281E-002 -1.279E-002 -1.278E-002 -1.278E-002 -1.278E-002 -1.280E-002 -1.282E-002 -1.286E-002 -1.290E-002 -1.296E-002 -1.302E-002 -1.310E-002 -1.319E-002 -1.330E-002 
+0.00428750 -8.794E-003 -8.720E-003 -8.658E-003 -8.604E-003 -8.557E-003 -8.518E-003 -8.485E-003 -8.459E-003 -8.438E-003 -8.423E-003 -8.413E-003 -8.409E-003 -8.409E-003 -8.414E-003 -8.424E-003 -8.438E-003 -8.456E-003 -8.477E-003 -8.501E-003 -8.529E-003 -8.558E-003 -8.591E-003 -8.626E-003 -8.664E-003 -8.707E-003 -8.758E-003 -8.822E-003 -8.907E-003 -9.029E-003 -9.211E-003 -9.495E-003 -9.947E-003 -1.068E-002 -1.187E-002 -1.387E-002 -1.728E-002 -2.343E-002 -3.548E-002 -6.296E-002 -1.420E-001 -3.793E-001 -1.420E-001 -6.296E-002 -3.548E-002 -2.343E-002 -1.728E-002 -1.387E-002 -1.187E-002 -1.068E-002 -9.947E-003 -9.495E-003 -9.211E-003 -9.029E-003 -8.907E-003 -8.822E-003 -8.758E-003 -8.707E-003 -8.664E-003 -8.626E-003 -8.591E-003 -8.558E-003 -8.529E-003 -8.501E-003 -8.477E-003 -8.456E-003 -8.438E-003 -8.424E-003 -8.414E-003 -8.409E-003 -8.409E-003 -8.413E-003 -8.423E-003 -8.438E-003 -8.459E-003 -8.485E-003 -8.518E-003 -8.557E-003 -8.604E-003 -8.658E-003 -8.720E-003 -8.794E-003 
+0.00367500 -6.208E-003 -6.155E-003 -6.109E-003 -6.070E-003 -6.035E-003 -6.006E-003 -5.981E-003 -5.960E-003 -5.943E-003 -5.930E-003 -5.921E-003 -5.915E-003 -5.912E-003 -5.912E-003 -5.915E-003 -5.921E-003 -5.929E-003 -5.939E-003 -5.951E-003 -5.964E-003 -5.978E-003 -5.993E-003 -6.010E-003 -6.029E-003 -6.051E-003 -6.080E-003 -6.122E-003 -6.185E-003 -6.286E-003 -6.451E-003 -6.726E-003 -7.182E-003 -7.945E-003 -9.230E-003 -1.142E-002 -1.521E-002 -2.201E-002 -3.476E-002 -5.968E-002 -1.050E-001 -1.369E-001 -1.050E-001 -5.968E-002 -3.476E-002 -2.201E-002 -1.521E-002 -1.142E-002 -9.230E-003 -7.945E-003 -7.182E-003 -6.726E-003 -6.451E-003 -6.286E-003 -6.185E-003 -6.122E-003 -6.080E-003 -6.051E-003 -6.029E-003 -6.010E-003 -5.993E-003 -5.978E-003 -5.964E-003 -5.951E-003 -5.939E-003 -5.929E-003 -5.921E-003 -5.915E-003 -5.912E-003 -5.912E-003 -5.915E-003 -5.921E-003 -5.930E-003 -5.943E-003 -5.960E-003 -5.981E-003 -6.006E-003 -6.035E-003 -6.070E-003 -6.109E-003 -6.155E-003 -6.208E-003 
+0.00306250 -5.047E-003 -5.004E-003 -4.967E-003 -4.935E-003 -4.908E-003 -4.884E-003 -4.863E-003 -4.846E-003 -4.831E-003 -4.820E-003 -4.812E-003 -4.807E-003 -4.804E-003 -4.804E-003 -4.806E-003 -4.811E-003 -4.817E-003 -4.824E-003 -4.833E-003 -4.844E-003 -4.855E-003 -4.867E-003 -4.881E-003 -4.896E-003 -4.916E-003 -4.943E-003 -4.983E-003 -5.046E-003 -5.149E-003 -5.318E-003 -5.600E-003 -6.071E-003 -6.858E-003 -8.174E-003 -1.038E-002 -1.411E-002 -2.042E-002 -3.103E-002 -4.786E-002 -6.908E-002 -8.038E-002 -6.908E-002 -4.786E-002 -3.103E-002 -2.042E-002 -1.411E-002 -1.038E-002 -8.174E-003 -6.858E-003 -6.071E-003 -5.600E-003 -5.318E-003 -5.149E-003 -5.046E-003 -4.983E-003 -4.943E-003 -4.916E-003 -4.896E-003 -4.881E-003 -4.867E-003 -4.855E-003 -4.844E-003 -4.833E-003 -4.824E-003 -4.817E-003 -4.811E-003 -4.806E-003 -4.804E-003 -4.804E-003 -4.807E-003 -4.812E-003 -4.820E-003 -4.831E-003 -4.846E-003 -4.863E-003 -4.884E-003 -4.908E-003 -4.935E-003 -4.967E-003 -5.004E-003 -5.047E-003 
+0.00245000 -3.977E-003 -3.945E-003 -3.916E-003 -3.892E-003 -3.870E-003 -3.851E-003 -3.835E-003 -3.821E-003 -3.809E-003 -3.801E-003 -3.794E-003 -3.790E-003 -3.787E-003 -3.787E-003 -3.789E-003 -3.792E-003 -3.797E-003 -3.803E-003 -3.810E-003 -3.818E-003 -3.827E-003 -3.837E-003 -3.848E-003 -3.861E-003 -3.878E-003 -3.903E-003 -3.939E-003 -3.997E-003 -4.093E-003 -4.251E-003 -4.514E-003 -4.952E-003 -5.681E-003 -6.886E-003 -8.868E-003 -1.209E-002 -1.722E-002 -2.497E-002 -3.543E-002 -4.610E-002 -5.097E-002 -4.610E-002 -3.543E-002 -2.497E-002 -1.722E-002 -1.209E-002 -8.868E-003 -6.886E-003 -5.681E-003 -4.952E-003 -4.514E-003 -4.251E-003 -4.093E-003 -3.997E-003 -3.939E-003 -3.903E-003 -3.878E-003 -3.861E-003 -3.848E-003 -3.837E-003 -3.827E-003 -3.818E-003 -3.810E-003 -3.803E-003 -3.797E-003 -3.792E-003 -3.789E-003 -3.787E-003 -3.787E-003 -3.790E-003 -3.794E-003 -3.801E-003 -3.809E-003 -3.821E-003 -3.835E-003 -3.851E-003 -3.870E-003 -3.892E-003 -3.916E-003 -3.945E-003 -3.977E-003 
+0.00183750 -2.946E-003 -2.922E-003 -2.902E-003 -2.884E-003 -2.868E-003 -2.854E-003 -2.842E-003 -2.832E-003 -2.823E-003 -2.816E-003 -2.811E-003 -2.808E-003 -2.806E-003 -2.806E-003 -2.807E-003 -2.810E-003 -2.813E-003 -2.818E-003 -2.823E-003 -2.829E-003 -2.836E-003 -2.843E-003 -2.852E-003 -2.863E-003 -2.876E-003 -2.896E-003 -2.926E-003 -2.975E-003 -3.054E-003 -3.186E-003 -3.406E-003 -3.770E-003 -4.372E-003 -5.354E-003 -6.936E-003 -9.419E-003 -1.315E-002 -1.835E-002 -2.461E-002 -3.026E-002 -3.263E-002 -3.026E-002 -2.461E-002 -1.835E-002 -1.315E-002 -9.419E-003 -6.936E-003 -5.354E-003 -4.372E-003 -3.770E-003 -3.406E-003 -3.186E-003 -3.054E-003 -2.975E-003 -2.926E-003 -2.896E-003 -2.876E-003 -2.863E-003 -2.852E-003 -2.843E-003 -2.836E-003 -2.829E-003 -2.823E-003 -2.818E-003 -2.813E-003 -2.810E-003 -2.807E-003 -2.806E-003 -2.806E-003 -2.808E-003 -2.811E-003 -2.816E-003 -2.823E-003 -2.832E-003 -2.842E-003 -2.854E-003 -2.868E-003 -2.884E-003 -2.902E-003 -2.922E-003 -2.946E-003 
+0.00122500 -1.928E-003 -1.913E-003 -1.900E-003 -1.888E-003 -1.878E-003 -1.869E-003 -1.861E-003 -1.854E-003 -1.848E-003 -1.844E-003 -1.841E-003 -1.839E-003 -1.837E-003 -1.837E-003 -1.838E-003 -1.840E-003 -1.842E-003 -1.845E-003 -1.848E-003 -1.852E-003 -1.857E-003 -1.862E-003 -1.868E-003 -1.875E-003 -1.885E-003 -1.898E-003 -1.920E-003 -1.954E-003 -2.010E-003 -2.104E-003 -2.259E-003 -2.517E-003 -2.939E-003 -3.621E-003 -4.699E-003 -6.345E-003 -8.719E-003 -1.184E-002 -1.533E-002 -1.826E-002 -1.943E-002 -1.826E-002 -1.533E-002 -1.184E-002 -8.719E-003 -6.345E-003 -4.699E-003 -3.621E-003 -2.939E-003 -2.517E-003 -2.259E-003 -2.104E-003 -2.010E-003 -1.954E-003 -1.920E-003 -1.898E-003 -1.885E-003 -1.875E-003 -1.868E-003 -1.862E-003 -1.857E-003 -1.852E-003 -1.848E-003 -1.845E-003 -1.842E-003 -1.840E-003 -1.838E-003 -1.837E-003 -1.837E-003 -1.839E-003 -1.841E-003 -1.844E-003 -1.848E-003 -1.854E-003 -1.861E-003 -1.869E-003 -1.878E-003 -1.888E-003 -1.900E-003 -1.913E-003 -1.928E-003 
+0.00061250 -8.398E-004 -8.334E-004 -8.278E-004 -8.228E-004 -8.184E-004 -8.144E-004 -8.110E-004 -8.080E-004 -8.056E-004 -8.037E-004 -8.023E-004 -8.013E-004 -8.008E-004 -8.007E-004 -8.010E-004 -8.017E-004 -8.027E-004 -8.040E-004 -8.055E-004 -8.073E-004 -8.093E-004 -8.115E-004 -8.141E-004 -8.173E-004 -8.217E-004 -8.280E-004 -8.377E-004 -8.533E-004 -8.790E-004 -9.217E-004 -9.925E-004 -1.109E-003 -1.300E-003 -1.607E-003 -2.086E-003 -2.804E-003 -3.815E-003 -5.097E-003 -6.478E-003 -7.597E-003 -8.034E-003 -7.597E-003 -6.478E-003 -5.097E-003 -3.815E-003 -2.804E-003 -2.086E-003 -1.607E-003 -1.300E-003 -1.109E-003 -9.925E-004 -9.217E-004 -8.790E-004 -8.533E-004 -8.377E-004 -8.280E-004 -8.217E-004 -8.173E-004 -8.141E-004 -8.115E-004 -8.093E-004 -8.073E-004 -8.055E-004 -8.040E-004 -8.027E-004 -8.017E-004 -8.010E-004 -8.007E-004 -8.008E-004 -8.013E-004 -8.023E-004 -8.037E-004 -8.056E-004 -8.080E-004 -8.110E-004 -8.144E-004 -8.184E-004 -8.228E-004 -8.278E-004 -8.334E-004 -8.398E-004 
+0.00000000 +0.000E+000 +0.000E+000 +9.281E-019 +0.000E+000 -1.160E-019 -5.800E-020 +0.000E+000 +0.000E+000 +0.000E+000 +0.000E+000 +0.000E+000 +0.000E+000 +0.000E+000 +0.000E+000 +0.000E+000 +0.000E+000 +0.000E+000 +0.000E+000 +0.000E+000 +0.000E+000 +0.000E+000 +0.000E+000 +0.000E+000 +0.000E+000 +0.000E+000 +0.000E+000 +0.000E+000 +0.000E+000 +0.000E+000 +0.000E+000 +0.000E+000 +0.000E+000 +0.000E+000 +0.000E+000 +0.000E+000 +0.000E+000 +0.000E+000 +0.000E+000 +0.000E+000 +0.000E+000 +0.000E+000 +0.000E+000 +0.000E+000 +0.000E+000 +0.000E+000 +0.000E+000 +0.000E+000 +0.000E+000 +0.000E+000 +0.000E+000 +0.000E+000 +0.000E+000 +0.000E+000 +0.000E+000 +0.000E+000 +0.000E+000 +0.000E+000 +0.000E+000 +0.000E+000 +0.000E+000 +0.000E+000 +0.000E+000 +0.000E+000 +0.000E+000 +0.000E+000 +0.000E+000 +0.000E+000 +0.000E+000 +0.000E+000 +0.000E+000 +0.000E+000 +0.000E+000 +0.000E+000 +0.000E+000 +0.000E+000 -5.800E-020 -1.160E-019 +0.000E+000 +9.281E-019 +0.000E+000 +0.000E+000 
-0.00061250 +8.398E-004 +8.334E-004 +8.278E-004 +8.228E-004 +8.184E-004 +8.144E-004 +8.110E-004 +8.080E-004 +8.056E-004 +8.037E-004 +8.023E-004 +8.013E-004 +8.008E-004 +8.007E-004 +8.010E-004 +8.017E-004 +8.027E-004 +8.040E-004 +8.055E-004 +8.073E-004 +8.093E-004 +8.115E-004 +8.141E-004 +8.173E-004 +8.217E-004 +8.280E-004 +8.377E-004 +8.533E-004 +8.790E-004 +9.217E-004 +9.925E-004 +1.109E-003 +1.300E-003 +1.607E-003 +2.086E-003 +2.804E-003 +3.815E-003 +5.097E-003 +6.478E-003 +7.597E-003 +8.034E-003 +7.597E-003 +6.478E-003 +5.097E-003 +3.815E-003 +2.804E-003 +2.086E-003 +1.607E-003 +1.300E-003 +1.109E-003 +9.925E-004 +9.217E-004 +8.790E-004 +8.533E-004 +8.377E-004 +8.280E-004 +8.217E-004 +8.173E-004 +8.141E-004 +8.115E-004 +8.093E-004 +8.073E-004 +8.055E-004 +8.040E-004 +8.027E-004 +8.017E-004 +8.010E-004 +8.007E-004 +8.008E-004 +8.013E-004 +8.023E-004 +8.037E-004 +8.056E-004 +8.080E-004 +8.110E-004 +8.144E-004 +8.184E-004 +8.228E-004 +8.278E-004 +8.334E-004 +8.398E-004 
-0.00122500 +1.928E-003 +1.913E-003 +1.900E-003 +1.888E-003 +1.878E-003 +1.869E-003 +1.861E-003 +1.854E-003 +1.848E-003 +1.844E-003 +1.841E-003 +1.839E-003 +1.837E-003 +1.837E-003 +1.838E-003 +1.840E-003 +1.842E-003 +1.845E-003 +1.848E-003 +1.852E-003 +1.857E-003 +1.862E-003 +1.868E-003 +1.875E-003 +1.885E-003 +1.898E-003 +1.920E-003 +1.954E-003 +2.010E-003 +2.104E-003 +2.259E-003 +2.517E-003 +2.939E-003 +3.621E-003 +4.699E-003 +6.345E-003 +8.719E-003 +1.184E-002 +1.533E-002 +1.826E-002 +1.943E-002 +1.826E-002 +1.533E-002 +1.184E-002 +8.719E-003 +6.345E-003 +4.699E-003 +3.621E-003 +2.939E-003 +2.517E-003 +2.259E-003 +2.104E-003 +2.010E-003 +1.954E-003 +1.920E-003 +1.898E-003 +1.885E-003 +1.875E-003 +1.868E-003 +1.862E-003 +1.857E-003 +1.852E-003 +1.848E-003 +1.845E-003 +1.842E-003 +1.840E-003 +1.838E-003 +1.837E-003 +1.837E-003 +1.839E-003 +1.841E-003 +1.844E-003 +1.848E-003 +1.854E-003 +1.861E-003 +1.869E-003 +1.878E-003 +1.888E-003 +1.900E-003 +1.913E-003 +1.928E-003 
-0.00183750 +2.946E-003 +2.922E-003 +2.902E-003 +2.884E-003 +2.868E-003 +2.854E-003 +2.842E-003 +2.832E-003 +2.823E-003 +2.816E-003 +2.811E-003 +2.808E-003 +2.806E-003 +2.806E-003 +2.807E-003 +2.810E-003 +2.813E-003 +2.818E-003 +2.823E-003 +2.829E-003 +2.836E-003 +2.843E-003 +2.852E-003 +2.863E-003 +2.876E-003 +2.896E-003 +2.926E-003 +2.975E-003 +3.054E-003 +3.186E-003 +3.406E-003 +3.770E-003 +4.372E-003 +5.354E-003 +6.936E-003 +9.419E-003 +1.315E-002 +1.835E-002 +2.461E-002 +3.026E-002 +3.263E-002 +3.026E-002 +2.461E-002 +1.835E-002 +1.315E-002 +9.419E-003 +6.936E-003 +5.354E-003 +4.372E-003 +3.770E-003 +3.406E-003 +3.186E-003 +3.054E-003 +2.975E-003 +2.926E-003 +2.896E-003 +2.876E-003 +2.863E-003 +2.852E-003 +2.843E-003 +2.836E-003 +2.829E-003 +2.823E-003 +2.818E-003 +2.813E-003 +2.810E-003 +2.807E-003 +2.806E-003 +2.806E-003 +2.808E-003 +2.811E-003 +2.816E-003 +2.823E-003 +2.832E-003 +2.842E-003 +2.854E-003 +2.868E-003 +2.884E-003 +2.902E-003 +2.922E-003 +2.946E-003 
-0.00245000 +3.977E-003 +3.945E-003 +3.916E-003 +3.892E-003 +3.870E-003 +3.851E-003 +3.835E-003 +3.821E-003 +3.809E-003 +3.801E-003 +3.794E-003 +3.790E-003 +3.787E-003 +3.787E-003 +3.789E-003 +3.792E-003 +3.797E-003 +3.803E-003 +3.810E-003 +3.818E-003 +3.827E-003 +3.837E-003 +3.848E-003 +3.861E-003 +3.878E-003 +3.903E-003 +3.939E-003 +3.997E-003 +4.093E-003 +4.251E-003 +4.514E-003 +4.952E-003 +5.681E-003 +6.886E-003 +8.868E-003 +1.209E-002 +1.722E-002 +2.497E-002 +3.543E-002 +4.610E-002 +5.097E-002 +4.610E-002 +3.543E-002 +2.497E-002 +1.722E-002 +1.209E-002 +8.868E-003 +6.886E-003 +5.681E-003 +4.952E-003 +4.514E-003 +4.251E-003 +4.093E-003 +3.997E-003 +3.939E-003 +3.903E-003 +3.878E-003 +3.861E-003 +3.848E-003 +3.837E-003 +3.827E-003 +3.818E-003 +3.810E-003 +3.803E-003 +3.797E-003 +3.792E-003 +3.789E-003 +3.787E-003 +3.787E-003 +3.790E-003 +3.794E-003 +3.801E-003 +3.809E-003 +3.821E-003 +3.835E-003 +3.851E-003 +3.870E-003 +3.892E-003 +3.916E-003 +3.945E-003 +3.977E-003 
-0.00306250 +5.047E-003 +5.004E-003 +4.967E-003 +4.935E-003 +4.908E-003 +4.884E-003 +4.863E-003 +4.846E-003 +4.831E-003 +4.820E-003 +4.812E-003 +4.807E-003 +4.804E-003 +4.804E-003 +4.806E-003 +4.811E-003 +4.817E-003 +4.824E-003 +4.833E-003 +4.844E-003 +4.855E-003 +4.867E-003 +4.881E-003 +4.896E-003 +4.916E-003 +4.943E-003 +4.983E-003 +5.046E-003 +5.149E-003 +5.318E-003 +5.600E-003 +6.071E-003 +6.858E-003 +8.174E-003 +1.038E-002 +1.411E-002 +2.042E-002 +3.103E-002 +4.786E-002 +6.908E-002 +8.038E-002 +6.908E-002 +4.786E-002 +3.103E-002 +2.042E-002 +1.411E-002 +1.038E-002 +8.174E-003 +6.858E-003 +6.071E-003 +5.600E-003 +5.318E-003 +5.149E-003 +5.046E-003 +4.983E-003 +4.943E-003 +4.916E-003 +4.896E-003 +4.881E-003 +4.867E-003 +4.855E-003 +4.844E-003 +4.833E-003 +4.824E-003 +4.817E-003 +4.811E-003 +4.806E-003 +4.804E-003 +4.804E-003 +4.807E-003 +4.812E-003 +4.820E-003 +4.831E-003 +4.846E-003 +4.863E-003 +4.884E-003 +4.908E-003 +4.935E-003 +4.967E-003 +5.004E-003 +5.047E-003 
-0.00367500 +6.208E-003 +6.155E-003 +6.109E-003 +6.070E-003 +6.035E-003 +6.006E-003 +5.981E-003 +5.960E-003 +5.943E-003 +5.930E-003 +5.921E-003 +5.915E-003 +5.912E-003 +5.912E-003 +5.915E-003 +5.921E-003 +5.929E-003 +5.939E-003 +5.951E-003 +5.964E-003 +5.978E-003 +5.993E-003 +6.010E-003 +6.029E-003 +6.051E-003 +6.080E-003 +6.122E-003 +6.185E-003 +6.286E-003 +6.451E-003 +6.726E-003 +7.182E-003 +7.945E-003 +9.230E-003 +1.142E-002 +1.521E-002 +2.201E-002 +3.476E-002 +5.968E-002 +1.050E-001 +1.369E-001 +1.050E-001 +5.968E-002 +3.476E-002 +2.201E-002 +1.521E-002 +1.142E-002 +9.230E-003 +7.945E-003 +7.182E-003 +6.726E-003 +6.451E-003 +6.286E-003 +6.185E-003 +6.122E-003 +6.080E-003 +6.051E-003 +6.029E-003 +6.010E-003 +5.993E-003 +5.978E-003 +5.964E-003 +5.951E-003 +5.939E-003 +5.929E-003 +5.921E-003 +5.915E-003 +5.912E-003 +5.912E-003 +5.915E-003 +5.921E-003 +5.930E-003 +5.943E-003 +5.960E-003 +5.981E-003 +6.006E-003 +6.035E-003 +6.070E-003 +6.109E-003 +6.155E-003 +6.208E-003 
-0.00428750 +8.794E-003 +8.720E-003 +8.658E-003 +8.604E-003 +8.557E-003 +8.518E-003 +8.485E-003 +8.459E-003 +8.438E-003 +8.423E-003 +8.413E-003 +8.409E-003 +8.409E-003 +8.414E-003 +8.424E-003 +8.438E-003 +8.456E-003 +8.477E-003 +8.501E-003 +8.529E-003 +8.558E-003 +8.591E-003 +8.626E-003 +8.664E-003 +8.707E-003 +8.758E-003 +8.822E-003 +8.907E-003 +9.029E-003 +9.211E-003 +9.495E-003 +9.947E-003 +1.068E-002 +1.187E-002 +1.387E-002 +1.728E-002 +2.343E-002 +3.548E-002 +6.296E-002 +1.420E-001 +3.793E-001 +1.420E-001 +6.296E-002 +3.548E-002 +2.343E-002 +1.728E-002 +1.387E-002 +1.187E-002 +1.068E-002 +9.947E-003 +9.495E-003 +9.211E-003 +9.029E-003 +8.907E-003 +8.822E-003 +8.758E-003 +8.707E-003 +8.664E-003 +8.626E-003 +8.591E-003 +8.558E-003 +8.529E-003 +8.501E-003 +8.477E-003 +8.456E-003 +8.438E-003 +8.424E-003 +8.414E-003 +8.409E-003 +8.409E-003 +8.413E-003 +8.423E-003 +8.438E-003 +8.459E-003 +8.485E-003 +8.518E-003 +8.557E-003 +8.604E-003 +8.658E-003 +8.720E-003 +8.794E-003 
-0.00490000 +1.330E-002 +1.319E-002 +1.310E-002 +1.302E-002 +1.296E-002 +1.290E-002 +1.286E-002 +1.282E-002 +1.280E-002 +1.278E-002 +1.278E-002 +1.278E-002 +1.279E-002 +1.281E-002 +1.283E-002 +1.287E-002 +1.291E-002 +1.296E-002 +1.301E-002 +1.307E-002 +1.314E-002 +1.321E-002 +1.329E-002 +1.338E-002 +1.348E-002 +1.358E-002 +1.371E-002 +1.385E-002 +1.402E-002 +1.425E-002 +1.456E-002 +1.499E-002 +1.563E-002 +1.662E-002 +1.820E-002 +2.083E-002 +2.557E-002 +3.519E-002 +5.993E-002 +1.647E-001 +1.137E+000 +1.647E-001 +5.993E-002 +3.519E-002 +2.557E-002 +2.083E-002 +1.820E-002 +1.662E-002 +1.563E-002 +1.499E-002 +1.456E-002 +1.425E-002 +1.402E-002 +1.385E-002 +1.371E-002 +1.358E-002 +1.348E-002 +1.338E-002 +1.329E-002 +1.321E-002 +1.314E-002 +1.307E-002 +1.301E-002 +1.296E-002 +1.291E-002 +1.287E-002 +1.283E-002 +1.281E-002 +1.279E-002 +1.278E-002 +1.278E-002 +1.278E-002 +1.280E-002 +1.282E-002 +1.286E-002 +1.290E-002 +1.296E-002 +1.302E-002 +1.310E-002 +1.319E-002 +1.330E-002 
