Arquivo: c:\arq\medidas\BBA_2003_073142\BBA_AMP06B_V.dat
Data: 2003	 Hora:  0807
Comentário: 
NomeParametro	 ValorParametro
Nmedias	5
PausaCorretora	3000
PausaShunt	2000
PausaLeitura	500
NumCiclos	3
 NPassosCor	7
DeltaShunt	3.00
TetaIni	-0.20
TetaFim	0.20
I[mA]	  44.5
ACV09B	DeltaPos^2	AMP06B	AMP01B_0	AMP02A_0	AMP02B_0	AMP03A_0	AMP03B_0	AMP03C_0	AMP04A_0	AMP04B_0	AMP05A_0	AMP05B_0	AMP06A_0	AMP06B_0	AMP07A_0	AMP07B_0	AMP08A_0	AMP08B_0	AMP09A_0	AMP09B_0	AMP10A_0	AMP10B_0	AMU11A_0	AMU11B_0	AMP12A_0	AMP12B_0	AMP01A_0	AMP01B_1	AMP02A_1	AMP02B_1	AMP03A_1	AMP03B_1	AMP03C_1	AMP04A_1	AMP04B_1	AMP05A_1	AMP05B_1	AMP06A_1	AMP06B_1	AMP07A_1	AMP07B_1	AMP08A_1	AMP08B_1	AMP09A_1	AMP09B_1	AMP10A_1	AMP10B_1	AMU11A_1	AMU11B_1	AMP12A_1	AMP12B_1	AMP01A_1	
-0.2000	 1.19184245351547E-0003	-2.0152	0.2805	0.8087	1.6591	2.0433	0.5706	-2.9007	-0.7480	-0.3528	1.5225	1.5387	1.0076	-2.0152	-1.9240	1.8257	2.2544	0.8757	0.7211	-1.6291	-0.6756	-0.1802	0.6966	2.6991	1.6435	0.0481	-1.1787	0.3346	0.8443	1.6663	2.0333	0.5484	-2.9337	-0.7504	-0.3194	1.5769	1.5017	0.9716	-2.0506	-1.9789	1.8740	2.2918	0.8997	0.7367	-1.6750	-0.6963	-0.1607	0.7333	2.6926	1.6208	0.0103	-1.2239	
-0.1333	 4.48940504815564E-0004	-1.5928	0.0014	0.4869	1.2702	1.5963	1.0750	-1.8167	-0.3686	-0.3886	1.2412	1.4134	1.0908	-1.5928	-1.2715	1.2863	1.8224	0.5809	0.5136	-1.0820	-0.2824	0.0293	0.7274	2.3522	1.4832	0.2955	-0.6932	0.0352	0.5089	1.2746	1.5900	1.0620	-1.8370	-0.3698	-0.3679	1.2746	1.3909	1.0687	-1.6146	-1.3053	1.3159	1.8454	0.5953	0.5235	-1.1101	-0.2955	0.0411	0.7498	2.3483	1.4695	0.2724	-0.7210	
-0.0667	 5.59202484623825E-0005	-1.1571	-0.2897	0.1526	0.8663	1.1346	1.5927	-0.6825	0.0232	-0.4232	0.9533	1.2819	1.1741	-1.1571	-0.5964	0.7290	1.3748	0.2733	0.2958	-0.5117	0.1237	0.2440	0.7566	1.9924	1.3191	0.5522	-0.1894	-0.2774	0.1606	0.8677	1.1320	1.5887	-0.6891	0.0231	-0.4158	0.9653	1.2742	1.1664	-1.1646	-0.6079	0.7399	1.3830	0.2784	0.2988	-0.5218	0.1193	0.2482	0.7645	1.9914	1.3147	0.5441	-0.1993	
0.0000	 4.49903378792114E-0005	-0.7130	-0.5891	-0.1891	0.4534	0.6604	2.1188	0.4793	0.4245	-0.4566	0.6628	1.1437	1.2565	-0.7130	0.0922	0.1627	0.9187	-0.0418	0.0699	0.0714	0.5393	0.4637	0.7861	1.6228	1.1509	0.8146	0.3251	-0.5985	-0.1960	0.4514	0.6612	2.1245	0.4872	0.4257	-0.4626	0.6532	1.1504	1.2633	-0.7059	0.1038	0.1541	0.9114	-0.0467	0.0661	0.0811	0.5438	0.4602	0.7792	1.6243	1.1558	0.8216	0.3334	
0.0667	 4.35997204938920E-0004	-0.2643	-0.8924	-0.5355	0.0337	0.1773	2.6477	1.6513	0.8315	-0.4866	0.3723	0.9998	1.3365	-0.2643	0.7875	-0.4088	0.4566	-0.3621	-0.1608	0.6629	0.9611	0.6871	0.8162	1.2458	0.9798	1.0797	0.8480	-0.9240	-0.5568	0.0285	0.1819	2.6625	1.6739	0.8341	-0.5060	0.3403	1.0214	1.3573	-0.2423	0.8222	-0.4371	0.4337	-0.3772	-0.1714	0.6914	0.9744	0.6758	0.7944	1.2505	0.9937	1.1022	0.8745	
0.1333	 1.18690950927551E-0003	0.1845	-1.1953	-0.8827	-0.3893	-0.3103	3.1742	2.8132	1.2418	-0.5135	0.0841	0.8504	1.4142	0.1845	1.4831	-0.9806	-0.0064	-0.6838	-0.3935	1.2563	1.3849	0.9136	0.8485	0.8634	0.8054	1.3451	1.3715	-1.2479	-0.9181	-0.3976	-0.3022	3.1978	2.8492	1.2455	-0.5456	0.0308	0.8864	1.4486	0.2204	1.5394	-1.0274	-0.0438	-0.7088	-0.4111	1.3034	1.4065	0.8950	0.8126	0.8700	0.8284	1.3828	1.4163	
0.2000	 2.26330823472093E-0003	0.6295	-1.4946	-1.2269	-0.8113	-0.7980	3.6933	3.9462	1.6505	-0.5367	-0.1987	0.6968	1.4874	0.6295	2.1715	-1.5462	-0.4667	-1.0037	-0.6252	1.8440	1.8062	1.1416	0.8853	0.4791	0.6276	1.6077	1.8911	-1.5679	-1.2762	-0.8226	-0.7864	3.7251	3.9935	1.6555	-0.5815	-0.2726	0.7469	1.5354	0.6795	2.2492	-1.6105	-0.5183	-1.0385	-0.6495	1.9090	1.8363	1.1162	0.8356	0.4879	0.6593	1.6596	1.9528	
