Arquivo: c:\arq\medidas\BBA_2003_073142\BBA_AMP01A_H.dat
Data: 2003	 Hora:  0846
Comentário: 
NomeParametro	 ValorParametro
Nmedias	5
PausaCorretora	3000
PausaShunt	2000
PausaLeitura	500
NumCiclos	3
 NPassosCor	7
DeltaShunt	3.00
TetaIni	-0.20
TetaFim	0.20
I[mA]	  28.7
ACH05A	DeltaPos^2	AMP01A	AMP01B_0	AMP02A_0	AMP02B_0	AMP03A_0	AMP03B_0	AMP03C_0	AMP04A_0	AMP04B_0	AMP05A_0	AMP05B_0	AMP06A_0	AMP06B_0	AMP07A_0	AMP07B_0	AMP08A_0	AMP08B_0	AMP09A_0	AMP09B_0	AMP10A_0	AMP10B_0	AMU11A_0	AMU11B_0	AMP12A_0	AMP12B_0	AMP01A_0	AMP01B_1	AMP02A_1	AMP02B_1	AMP03A_1	AMP03B_1	AMP03C_1	AMP04A_1	AMP04B_1	AMP05A_1	AMP05B_1	AMP06A_1	AMP06B_1	AMP07A_1	AMP07B_1	AMP08A_1	AMP08B_1	AMP09A_1	AMP09B_1	AMP10A_1	AMP10B_1	AMU11A_1	AMU11B_1	AMP12A_1	AMP12B_1	AMP01A_1	
-0.2000	 1.09665473117226E-0002	1.3876	0.8983	0.2646	-2.7361	-0.2446	-0.4264	-2.0103	0.1919	-0.3243	-3.2507	-2.2751	0.9288	-0.0652	-0.5751	-1.1795	-0.8264	0.2807	1.1399	0.8259	-1.0459	-1.3792	2.3441	2.5438	-1.5525	-2.0765	1.3876	0.7436	0.2789	-2.6818	-0.2304	-0.4591	-2.0437	0.1389	-0.3311	-3.1078	-2.1696	0.8334	-0.1355	-0.3637	-0.9775	-0.9182	0.1806	1.2996	1.0169	-1.0832	-1.4571	2.3758	2.6166	-1.5181	-2.0918	1.2646	
-0.1333	 6.02430784872759E-0003	0.8683	0.2789	0.3608	-2.5029	-0.2744	-0.6295	-2.1634	0.0311	-0.3054	-2.7702	-1.6983	0.8224	-0.2988	-0.4961	-0.9369	-0.7176	0.2371	0.7720	0.6001	-0.7769	-1.2105	1.7330	1.9518	-1.2672	-1.7855	0.8683	0.1651	0.3709	-2.4628	-0.2625	-0.6523	-2.1868	-0.0082	-0.3107	-2.6626	-1.6184	0.7516	-0.3511	-0.3395	-0.7867	-0.7847	0.1631	0.8898	0.7414	-0.8039	-1.2680	1.7571	2.0063	-1.2419	-1.7969	0.7778	
-0.0667	 2.53391173686490E-0003	0.3342	-0.3538	0.4599	-2.2652	-0.3087	-0.8390	-2.3212	-0.1303	-0.2844	-2.2833	-1.1135	0.7149	-0.5352	-0.4181	-0.6928	-0.6067	0.1934	0.3974	0.3710	-0.5040	-1.0399	1.1086	1.3464	-0.9761	-1.4899	0.3342	-0.4228	0.4652	-2.2402	-0.2975	-0.8503	-2.3323	-0.1564	-0.2888	-2.2103	-1.0586	0.6688	-0.5690	-0.3153	-0.5939	-0.6498	0.1459	0.4742	0.4624	-0.5215	-1.0765	1.1255	1.3829	-0.9607	-1.4972	0.2795	
0.0000	 3.95376098816248E-0004	-0.2014	-0.9860	0.5588	-2.0248	-0.3389	-1.0459	-2.4722	-0.2933	-0.2638	-1.7828	-0.5169	0.6043	-0.7736	-0.3318	-0.4401	-0.4969	0.1479	0.0253	0.1452	-0.2310	-0.8692	0.4796	0.7384	-0.6834	-1.1928	-0.2014	-1.0159	0.5610	-2.0144	-0.3353	-1.0514	-2.4784	-0.3038	-0.2653	-1.7547	-0.4958	0.5864	-0.7871	-0.2924	-0.4017	-0.5141	0.1288	0.0552	0.1810	-0.2380	-0.8838	0.4858	0.7522	-0.6773	-1.1957	-0.2245	
0.0667	 9.11932990099967E-0005	-0.7459	-1.6225	0.6600	-1.7824	-0.3756	-1.2583	-2.6285	-0.4549	-0.2408	-1.2859	0.0758	0.4953	-1.0110	-0.2515	-0.1925	-0.3860	0.1034	-0.3498	-0.0850	0.0421	-0.6974	-0.1547	0.1229	-0.3888	-0.8946	-0.7459	-1.6086	0.6588	-1.7873	-0.3767	-1.2552	-2.6255	-0.4501	-0.2403	-1.2992	0.0663	0.5045	-1.0044	-0.2709	-0.2110	-0.3778	0.1128	-0.3641	-0.1022	0.0453	-0.6906	-0.1568	0.1166	-0.3922	-0.8935	-0.7341	
0.1333	 1.55947195660200E-0003	-1.2957	-2.2610	0.7634	-1.5375	-0.4165	-1.4749	-2.7869	-0.6154	-0.2162	-0.7891	0.6666	0.3875	-1.2478	-0.1738	0.0527	-0.2738	0.0599	-0.7288	-0.3178	0.3160	-0.5247	-0.7934	-0.4971	-0.0918	-0.5943	-1.2957	-2.2043	0.7585	-1.5579	-0.4229	-1.4640	-2.7758	-0.5948	-0.2131	-0.8456	0.6256	0.4244	-1.2205	-0.2539	-0.0240	-0.2399	0.0984	-0.7873	-0.3890	0.3294	-0.4960	-0.8041	-0.5236	-0.1052	-0.5892	-1.2489	
0.2000	 5.05508294842118E-0003	-1.8417	-2.8886	0.8668	-1.2928	-0.4578	-1.6906	-2.9422	-0.7742	-0.1905	-0.2947	1.2522	0.2805	-1.4828	-0.0972	0.2962	-0.1613	0.0177	-1.1056	-0.5508	0.5886	-0.3518	-1.4272	-1.1142	0.2040	-0.2951	-1.8417	-2.8054	0.8618	-1.3266	-0.4785	-1.6810	-2.9358	-0.7369	-0.1831	-0.3977	1.1769	0.3473	-1.4345	-0.2461	0.1553	-0.0995	0.0867	-1.2170	-0.6834	0.6147	-0.2999	-1.4561	-1.1708	0.1839	-0.2839	-1.7735	
