Arquivo: c:\arq\medidas\BBA_2003_073142\BBA_AMP09B_V.dat
Data: 2003	 Hora:  0826
Comentário: 
NomeParametro	 ValorParametro
Nmedias	5
PausaCorretora	3000
PausaShunt	2000
PausaLeitura	500
NumCiclos	3
 NPassosCor	7
DeltaShunt	3.00
TetaIni	-0.20
TetaFim	0.20
I[mA]	  29.0
ACV09B	DeltaPos^2	AMP09B	AMP01B_0	AMP02A_0	AMP02B_0	AMP03A_0	AMP03B_0	AMP03C_0	AMP04A_0	AMP04B_0	AMP05A_0	AMP05B_0	AMP06A_0	AMP06B_0	AMP07A_0	AMP07B_0	AMP08A_0	AMP08B_0	AMP09A_0	AMP09B_0	AMP10A_0	AMP10B_0	AMU11A_0	AMU11B_0	AMP12A_0	AMP12B_0	AMP01A_0	AMP01B_1	AMP02A_1	AMP02B_1	AMP03A_1	AMP03B_1	AMP03C_1	AMP04A_1	AMP04B_1	AMP05A_1	AMP05B_1	AMP06A_1	AMP06B_1	AMP07A_1	AMP07B_1	AMP08A_1	AMP08B_1	AMP09A_1	AMP09B_1	AMP10A_1	AMP10B_1	AMU11A_1	AMU11B_1	AMP12A_1	AMP12B_1	AMP01A_1	
-0.2000	 3.17426963299354E-0002	-1.8357	0.4685	0.9621	1.7634	2.1229	0.3985	-3.2246	-0.8407	-0.2744	1.7141	1.4786	0.9090	-2.1883	-2.1435	2.0600	2.4338	1.0017	0.8244	-1.8357	-0.7880	-0.1579	0.7967	2.7353	1.6069	-0.0891	-1.3721	0.6047	1.1076	1.9245	2.3004	0.1827	-3.6738	-0.9972	-0.2459	1.8518	1.5137	0.8596	-2.3742	-2.4226	2.2981	2.6213	1.1289	0.9126	-2.0693	-0.9572	-0.2365	0.7979	2.8748	1.6639	-0.2052	-1.5872	
-0.1333	 1.84077409386520E-0002	-1.2256	0.1352	0.5972	1.3470	1.6551	0.9510	-2.0549	-0.4365	-0.3341	1.3793	1.3700	1.0206	-1.7191	-1.4287	1.4631	1.9550	0.6678	0.5811	-1.2256	-0.3575	0.0505	0.8044	2.3720	1.4532	0.1985	-0.8264	0.2390	0.7081	1.4695	1.7890	0.7882	-2.4014	-0.5545	-0.3130	1.4830	1.3963	0.9840	-1.8599	-1.6404	1.6424	2.0980	0.7650	0.6489	-1.4034	-0.4857	-0.0081	0.8057	2.4769	1.4954	0.1100	-0.9909	
-0.0667	 7.84793288185388E-0003	-0.5869	-0.2137	0.2165	0.9133	1.1690	1.5201	-0.8220	-0.0167	-0.3936	1.0353	1.2550	1.1338	-1.2322	-0.6846	0.8443	1.4577	0.3186	0.3248	-0.5869	0.0896	0.2656	0.8095	1.9932	1.2956	0.4989	-0.2572	-0.1451	0.2888	0.9928	1.2558	1.4147	-1.0503	-0.0937	-0.3804	1.1017	1.2725	1.1104	-1.3234	-0.8227	0.9608	1.5505	0.3823	0.3692	-0.7034	0.0062	0.2273	0.8105	2.0617	1.3234	0.4412	-0.3644	
0.0000	 1.37724431356168E-0003	0.0695	-0.5734	-0.1747	0.4674	0.6693	2.1004	0.4467	0.4138	-0.4521	0.6868	1.1326	1.2461	-0.7348	0.0775	0.2125	0.9484	-0.0410	0.0570	0.0695	0.5481	0.4846	0.8144	1.6036	1.1336	0.8069	0.3265	-0.5435	-0.1439	0.5004	0.7052	2.0554	0.3512	0.3821	-0.4462	0.7150	1.1386	1.2360	-0.7730	0.0194	0.2612	0.9870	-0.0150	0.0756	0.0211	0.5135	0.4689	0.8140	1.6315	1.1453	0.7824	0.2808	
0.0667	 2.41270897918725E-0004	0.7356	-0.9387	-0.5703	0.0146	0.1594	2.6832	1.7254	0.8509	-0.5067	0.3377	1.0037	1.3559	-0.2323	0.8468	-0.4252	0.4329	-0.4064	-0.2161	0.7356	1.0135	0.7090	0.8206	1.2058	0.9679	1.1174	0.9196	-0.9480	-0.5824	-0.0004	0.1422	2.6990	1.7663	0.8656	-0.5077	0.3280	0.9969	1.3583	-0.2164	0.8697	-0.4443	0.4166	-0.4186	-0.2253	0.7562	1.0289	0.7163	0.8188	1.1911	0.9624	1.1272	0.9365	
0.1333	 4.37296075019962E-0003	1.4032	-1.3037	-0.9670	-0.4412	-0.3556	3.2651	2.9911	1.2914	-0.5578	-0.0096	0.8700	1.4629	0.2700	1.6187	-1.0644	-0.0829	-0.7724	-0.4914	1.4032	1.4798	0.9368	0.8304	0.8023	0.7993	1.4283	1.5150	-1.3498	-1.0211	-0.5044	-0.4255	3.3363	3.1615	1.3516	-0.5640	-0.0536	0.8483	1.4759	0.3383	1.7174	-1.1474	-0.1537	-0.8232	-0.5281	1.4913	1.5458	0.9681	0.8275	0.7439	0.7758	1.4710	1.5918	
0.2000	 1.26541717345601E-0002	2.0629	-1.6627	-1.3578	-0.8948	-0.8714	3.8360	4.2162	1.7293	-0.6034	-0.3485	0.7300	1.5644	0.7659	2.3792	-1.6948	-0.5938	-1.1351	-0.7647	2.0629	1.9423	1.1677	0.8464	0.3956	0.6259	1.7343	2.1029	-1.7428	-1.4512	-1.0034	-0.9904	3.9582	4.5019	1.8336	-0.6139	-0.4240	0.6934	1.5866	0.8836	2.5465	-1.8364	-0.7155	-1.2217	-0.8267	2.2112	2.0549	1.2226	0.8442	0.2956	0.5836	1.8071	2.2343	
