Arquivo: c:\arq\medidas\BBA_2003_071015\BBA_AMP03C_V.dat
Data: 2003	 Hora:  0727
Comentário: 
NomeParametro	 ValorParametro
Nmedias	5
PausaCorretora	3000
PausaShunt	2000
PausaLeitura	500
NumCiclos	3
 NPassosCor	7
DeltaShunt	3.00
TetaIni	-0.20
TetaFim	0.20
I[mA]	 154.3
ACV09B	DeltaPos^2	AMP03C	AMP01B_0	AMP02A_0	AMP02B_0	AMP03A_0	AMP03B_0	AMP03C_0	AMP04A_0	AMP04B_0	AMP05A_0	AMP05B_0	AMP06A_0	AMP06B_0	AMP07A_0	AMP07B_0	AMP08A_0	AMP08B_0	AMP09A_0	AMP09B_0	AMP10A_0	AMP10B_0	AMU11A_0	AMU11B_0	AMP12A_0	AMP12B_0	AMP01A_0	AMP01B_1	AMP02A_1	AMP02B_1	AMP03A_1	AMP03B_1	AMP03C_1	AMP04A_1	AMP04B_1	AMP05A_1	AMP05B_1	AMP06A_1	AMP06B_1	AMP07A_1	AMP07B_1	AMP08A_1	AMP08B_1	AMP09A_1	AMP09B_1	AMP10A_1	AMP10B_1	AMU11A_1	AMU11B_1	AMP12A_1	AMP12B_1	AMP01A_1	
-0.2000	 2.26109628977353E-0004	0.5373	-0.3579	-0.0742	0.3946	0.4927	2.0950	0.5373	0.5030	-0.2590	0.9096	0.8654	1.0445	-0.8156	0.0385	0.3336	1.0022	-0.0796	-0.0475	0.0805	0.6006	0.6142	0.9378	1.4891	0.9784	0.6617	0.1883	-0.3548	-0.0686	0.4051	0.5037	2.0862	0.5116	0.4907	-0.2802	0.8830	0.9018	1.0673	-0.8140	0.0272	0.3247	1.0015	-0.0651	-0.0230	0.0647	0.5908	0.6100	0.9402	1.4949	0.9821	0.6608	0.1809	
-0.1333	 2.97002056270293E-0004	0.5547	-0.3634	-0.0807	0.3891	0.4866	2.1046	0.5547	0.5083	-0.2634	0.9000	0.8698	1.0500	-0.8073	0.0480	0.3267	0.9936	-0.0892	-0.0583	0.0967	0.6167	0.6309	0.9499	1.4670	0.9630	0.6662	0.2018	-0.3380	-0.0625	0.3996	0.4921	2.0878	0.5172	0.4942	-0.2752	0.8900	0.8912	1.0610	-0.8125	0.0330	0.3271	1.0006	-0.0721	-0.0340	0.0713	0.5998	0.6219	0.9506	1.4835	0.9701	0.6517	0.1726	
-0.0667	 1.08215092628409E-0001	-0.5768	-0.1066	0.2284	0.7772	0.9592	1.5971	-0.5768	0.1219	-0.2331	1.1649	0.9970	0.9726	-1.2197	-0.6550	0.8996	1.4286	0.2300	0.1863	-0.5372	0.1914	0.3751	0.9033	1.8753	1.1708	0.4363	-0.2869	-0.5259	-0.1293	0.5144	0.7403	1.9629	0.1898	0.3768	-0.3298	0.8768	0.9927	1.0948	-0.8837	-0.1143	0.3529	1.0812	0.1067	0.2100	-0.1419	0.3878	0.3940	0.7764	1.7324	1.1943	0.7410	0.1874	
0.0000	 1.10502744407859E-0003	0.3359	-0.3795	-0.0689	0.4547	0.5959	2.0067	0.3359	0.4444	-0.2509	0.9557	0.8831	1.0268	-0.8914	-0.0728	0.4036	1.0760	0.0046	0.0458	-0.0268	0.5201	0.5707	0.9266	1.5492	1.0195	0.6597	0.1585	-0.3755	-0.0728	0.4312	0.5582	2.0415	0.4129	0.4622	-0.2714	0.9129	0.8963	1.0518	-0.8457	-0.0162	0.3531	1.0344	-0.0259	0.0196	0.0203	0.5509	0.5809	0.9243	1.5307	1.0100	0.6641	0.1723	
0.0667	 9.32520703619842E-0003	0.9793	-0.3420	-0.1028	0.2790	0.3057	2.2611	0.9793	0.6160	-0.2737	0.8205	0.8475	1.0811	-0.6882	0.2277	0.2271	0.8717	-0.2562	-0.2569	0.3527	0.8373	0.8517	1.1018	1.1940	0.7515	0.6608	0.3379	-0.2256	-0.0179	0.3180	0.3189	2.1778	0.7588	0.5782	-0.2379	0.9000	0.8087	1.0340	-0.7462	0.1595	0.2843	0.9297	-0.1919	-0.1871	0.2178	0.7302	0.7399	1.0355	1.3546	0.8552	0.5990	0.1596	
0.1333	 6.41035767508609E-0002	1.7138	-0.3281	-0.2160	0.0310	-0.0396	2.5668	1.7138	0.8332	-0.2696	0.6295	0.7960	1.1529	-0.4102	0.6308	-0.0422	0.6458	-0.5298	-0.5648	0.7546	1.1756	1.1323	1.2542	0.8133	0.4889	0.6875	0.5447	-0.0599	0.0371	0.2009	0.0695	2.3175	1.1116	0.6972	-0.2015	0.8827	0.7236	1.0184	-0.6451	0.3313	0.2233	0.8276	-0.3636	-0.4114	0.4187	0.9192	0.9161	1.1508	1.1697	0.6824	0.5242	0.1398	
0.2000	 3.55712854732533E-0001	2.9540	-0.6170	-0.5274	-0.4079	-0.5511	3.1035	2.9540	1.2271	-0.3177	0.3195	0.6542	1.2453	0.0644	1.3562	-0.6144	0.1575	-0.9113	-0.8753	1.4848	1.6323	1.4026	1.3037	0.3890	0.2635	0.8981	1.0993	0.1350	0.1014	0.0754	-0.2028	2.4798	1.5095	0.8224	-0.1753	0.8541	0.6566	1.0120	-0.5493	0.4947	0.1829	0.7260	-0.5674	-0.6762	0.6608	1.1653	1.1860	1.3476	0.8821	0.4158	0.4344	0.1428	
