Arquivo: c:\arq\medidas\BBA_2003_071015\BBA_AMP02A_H.dat
Data: 2003	 Hora:  0713
Comentário: 
NomeParametro	 ValorParametro
Nmedias	5
PausaCorretora	3000
PausaShunt	2000
PausaLeitura	500
NumCiclos	3
 NPassosCor	7
DeltaShunt	3.00
TetaIni	-0.20
TetaFim	0.20
I[mA]	 162.6
ACH09B	DeltaPos^2	AMP02A	AMP01B_0	AMP02A_0	AMP02B_0	AMP03A_0	AMP03B_0	AMP03C_0	AMP04A_0	AMP04B_0	AMP05A_0	AMP05B_0	AMP06A_0	AMP06B_0	AMP07A_0	AMP07B_0	AMP08A_0	AMP08B_0	AMP09A_0	AMP09B_0	AMP10A_0	AMP10B_0	AMU11A_0	AMU11B_0	AMP12A_0	AMP12B_0	AMP01A_0	AMP01B_1	AMP02A_1	AMP02B_1	AMP03A_1	AMP03B_1	AMP03C_1	AMP04A_1	AMP04B_1	AMP05A_1	AMP05B_1	AMP06A_1	AMP06B_1	AMP07A_1	AMP07B_1	AMP08A_1	AMP08B_1	AMP09A_1	AMP09B_1	AMP10A_1	AMP10B_1	AMU11A_1	AMU11B_1	AMP12A_1	AMP12B_1	AMP01A_1	
-0.2000	 2.08634775241612E-0001	0.1308	-0.6564	0.1308	-2.3452	0.1198	-0.7627	-2.2439	-0.4924	-0.4578	-1.4542	0.1707	0.8350	-0.8888	-1.0416	-0.8297	0.0385	0.4765	-1.4060	-1.1886	0.0112	-0.4043	0.2649	0.2915	-0.7471	-1.0130	0.3576	-1.2050	0.6194	-1.9266	-0.4188	-1.1820	-2.5336	-0.2436	-0.1851	-1.8216	-0.4873	0.7193	-0.7182	-0.5960	-0.6315	-0.2995	0.2969	-0.3221	-0.2026	-0.0777	-0.6725	0.2509	0.4782	-0.5311	-1.0153	-0.3578	
-0.1333	 1.00702822320585E-0001	0.3582	-0.7090	0.3582	-2.1459	-0.0752	-0.9072	-2.3563	-0.4017	-0.3625	-1.6172	-0.1314	0.7676	-0.8194	-0.8374	-0.7309	-0.1012	0.3975	-0.9864	-0.8025	-0.0346	-0.5176	0.3143	0.3775	-0.6752	-1.0272	0.2631	-1.2207	0.6374	-1.9132	-0.4391	-1.1935	-2.5336	-0.2286	-0.1732	-1.8448	-0.5247	0.7084	-0.7104	-0.5584	-0.6095	-0.3218	0.2845	-0.2672	-0.1520	-0.0890	-0.6917	0.2656	0.5050	-0.5266	-1.0230	-0.3863	
-0.0667	 2.35667729468026E-0002	0.4635	-1.0066	0.4635	-2.0596	-0.2649	-1.0515	-2.4684	-0.3097	-0.2646	-1.7129	-0.2990	0.7318	-0.7801	-0.6525	-0.6393	-0.2372	0.3212	-0.5253	-0.3808	-0.0817	-0.6295	0.3021	0.4750	-0.6077	-1.0422	-0.1217	-1.2297	0.6565	-1.8987	-0.4553	-1.2009	-2.5315	-0.2142	-0.1626	-1.8652	-0.5578	0.7001	-0.7023	-0.5286	-0.5932	-0.3455	0.2702	-0.2192	-0.1089	-0.1030	-0.7133	0.2791	0.5268	-0.5246	-1.0321	-0.4042	
0.0000	 1.85465543350685E-0003	0.6270	-1.1490	0.6270	-1.9228	-0.3903	-1.1320	-2.5074	-0.2471	-0.2037	-1.8217	-0.5114	0.6692	-0.7375	-0.4957	-0.5504	-0.3617	0.2429	-0.2201	-0.0985	-0.1445	-0.7380	0.3552	0.5980	-0.5766	-1.0812	-0.3308	-1.2226	0.6636	-1.8957	-0.4609	-1.2030	-2.5315	-0.2098	-0.1596	-1.8691	-0.5693	0.6899	-0.7034	-0.5034	-0.5749	-0.3623	0.2580	-0.1836	-0.0742	-0.1149	-0.7286	0.3006	0.5544	-0.5292	-1.0441	-0.4045	
0.0667	 8.03342107445913E-0002	0.9569	-1.7212	0.9569	-1.6328	-0.9734	-1.7383	-2.7914	-0.0674	0.0792	-2.0397	-0.9164	0.5863	-0.6342	-0.1581	-0.3910	-0.6345	0.0949	0.5092	0.5687	-0.1780	-0.9448	0.2333	0.6509	-0.3570	-1.0329	-1.0271	-1.2822	0.7178	-1.8492	-0.5282	-1.2459	-2.5398	-0.1646	-0.1193	-1.9300	-0.6652	0.6768	-0.6738	-0.4315	-0.5419	-0.4211	0.2273	-0.0390	0.0553	-0.1385	-0.7779	0.3212	0.6064	-0.5070	-1.0558	-0.4914	
0.1333	 2.07249604592540E-0001	1.1481	-1.8707	1.1481	-1.4652	-1.2233	-1.9253	-2.8990	0.0676	0.2262	-2.1968	-1.1928	0.5314	-0.5619	0.0866	-0.2730	-0.7733	0.0198	1.0021	1.0174	-0.2480	-1.1213	0.2231	0.7545	-0.2691	-1.0578	-1.2440	-1.2924	0.7289	-1.8438	-0.5354	-1.2533	-2.5425	-0.1626	-0.1170	-1.9385	-0.6842	0.6612	-0.6673	-0.3967	-0.5160	-0.4423	0.2092	0.0210	0.1119	-0.1567	-0.7976	0.3457	0.6438	-0.5136	-1.0708	-0.5154	
0.2000	 1.73141494527474E-0001	1.1121	-1.9406	1.1121	-1.4398	-0.8506	-1.5384	-2.6880	-0.0590	-0.0067	-2.2253	-1.2354	0.5121	-0.5408	0.0077	-0.2857	-0.7226	0.0732	0.9780	0.9822	-0.2265	-1.0602	0.3531	0.8532	-0.3727	-1.1790	-1.3251	-1.2847	0.7263	-1.8366	-0.5096	-1.2373	-2.5327	-0.1747	-0.1339	-1.9573	-0.7025	0.6662	-0.6688	-0.4136	-0.5256	-0.4232	0.2264	0.0051	0.0937	-0.1405	-0.7845	0.3456	0.6338	-0.5196	-1.0751	-0.4960	
