Arquivo: c:\arq\medidas\BBA_2003_071015\BBA_AMP03C_H.dat
Data: 2003	 Hora:  0725
Comentário: 
NomeParametro	 ValorParametro
Nmedias	5
PausaCorretora	3000
PausaShunt	2000
PausaLeitura	500
NumCiclos	3
 NPassosCor	7
DeltaShunt	3.00
TetaIni	-0.20
TetaFim	0.20
I[mA]	 154.6
ACH07A	DeltaPos^2	AMP03C	AMP01B_0	AMP02A_0	AMP02B_0	AMP03A_0	AMP03B_0	AMP03C_0	AMP04A_0	AMP04B_0	AMP05A_0	AMP05B_0	AMP06A_0	AMP06B_0	AMP07A_0	AMP07B_0	AMP08A_0	AMP08B_0	AMP09A_0	AMP09B_0	AMP10A_0	AMP10B_0	AMU11A_0	AMU11B_0	AMP12A_0	AMP12B_0	AMP01A_0	AMP01B_1	AMP02A_1	AMP02B_1	AMP03A_1	AMP03B_1	AMP03C_1	AMP04A_1	AMP04B_1	AMP05A_1	AMP05B_1	AMP06A_1	AMP06B_1	AMP07A_1	AMP07B_1	AMP08A_1	AMP08B_1	AMP09A_1	AMP09B_1	AMP10A_1	AMP10B_1	AMU11A_1	AMU11B_1	AMP12A_1	AMP12B_1	AMP01A_1	
-0.2000	 1.82025591694161E-0001	-2.2952	-0.3283	0.2941	-2.2958	0.0547	-0.7503	-2.2952	-0.3487	-0.4092	-1.9131	-0.3276	0.9688	-0.6781	-1.2834	-1.4093	-0.1217	0.6253	-0.5069	-0.6282	-0.1636	-0.5747	0.6016	0.6627	-0.8798	-1.1792	0.6107	-1.1691	0.6296	-1.9257	-0.4631	-1.2265	-2.5439	-0.2371	-0.1733	-1.8409	-0.5174	0.7023	-0.7191	-0.5557	-0.6346	-0.3624	0.2715	-0.1717	-0.0831	-0.1255	-0.7333	0.3226	0.5607	-0.5568	-1.0560	-0.3374	
-0.1333	 8.07533998812278E-0002	-2.4058	-0.7005	0.3844	-2.1938	-0.1176	-0.8937	-2.4058	-0.2990	-0.3280	-1.9136	-0.4249	0.9145	-0.6768	-1.0250	-1.1407	-0.2085	0.5024	-0.3597	-0.3984	-0.1559	-0.6342	0.5310	0.6592	-0.7685	-1.1435	0.1906	-1.2005	0.6501	-1.9057	-0.4695	-1.2255	-2.5453	-0.2290	-0.1674	-1.8508	-0.5434	0.6888	-0.7150	-0.5096	-0.5925	-0.3748	0.2571	-0.1508	-0.0572	-0.1270	-0.7421	0.3254	0.5753	-0.5433	-1.0543	-0.3806	
-0.0667	 1.95419973613147E-0002	-2.4821	-0.9778	0.5441	-2.0241	-0.3273	-1.0869	-2.4821	-0.2467	-0.2270	-1.8987	-0.5096	0.7786	-0.6925	-0.7364	-0.8376	-0.3071	0.3582	-0.2430	-0.2177	-0.1393	-0.6986	0.4337	0.6281	-0.6328	-1.0917	-0.1332	-1.2170	0.6675	-1.8894	-0.4902	-1.2378	-2.5478	-0.2180	-0.1567	-1.8571	-0.5637	0.6760	-0.7130	-0.4737	-0.5603	-0.3909	0.2407	-0.1198	-0.0189	-0.1331	-0.7559	0.3281	0.5894	-0.5346	-1.0581	-0.4067	
0.0000	 3.61408196086467E-0004	-2.5339	-1.2110	0.6636	-1.8915	-0.4709	-1.2125	-2.5339	-0.2062	-0.1577	-1.8836	-0.5859	0.6881	-0.7011	-0.5003	-0.5898	-0.3819	0.2545	-0.1323	-0.0366	-0.1334	-0.7500	0.3293	0.5883	-0.5391	-1.0608	-0.4024	-1.2143	0.6732	-1.8868	-0.4966	-1.2366	-2.5429	-0.2081	-0.1511	-1.8682	-0.5802	0.6741	-0.7086	-0.4648	-0.5584	-0.3997	0.2365	-0.0980	0.0011	-0.1439	-0.7663	0.3474	0.6145	-0.5367	-1.0672	-0.4127	
0.0667	 1.23585612123864E-0002	-2.5933	-1.5373	0.8151	-1.7120	-0.6189	-1.3634	-2.5933	-0.1778	-0.0880	-1.8446	-0.6697	0.5738	-0.7338	-0.2732	-0.3517	-0.4606	0.1487	-0.0025	0.1934	-0.1100	-0.8257	0.1650	0.4971	-0.4402	-1.0423	-0.7537	-1.2890	0.7073	-1.8471	-0.5222	-1.2540	-2.5491	-0.1914	-0.1342	-1.8785	-0.6163	0.6540	-0.7059	-0.4102	-0.5038	-0.4171	0.2149	-0.0662	0.0515	-0.1410	-0.7807	0.3175	0.6019	-0.5149	-1.0636	-0.4988	
0.1333	 1.06202351019372E-0001	-2.6889	-2.0614	0.9857	-1.4869	-0.7537	-1.5175	-2.6889	-0.1635	-0.0216	-1.7745	-0.7395	0.4213	-0.7540	0.1965	0.1606	-0.4955	0.0069	0.1407	0.4231	-0.0873	-0.9045	-0.1262	0.3083	-0.3393	-1.0433	-1.2937	-1.3350	0.7384	-1.8100	-0.5351	-1.2576	-2.5447	-0.1802	-0.1261	-1.8895	-0.6500	0.6331	-0.7018	-0.3544	-0.4484	-0.4251	0.2003	-0.0450	0.0759	-0.1480	-0.7969	0.3060	0.6120	-0.5062	-1.0722	-0.5515	
0.2000	 4.09306702625653E-0001	-2.9617	-2.8339	1.2908	-1.0780	-1.2286	-2.0985	-2.9617	-0.1073	0.2009	-1.6450	-0.8608	0.1413	-0.8218	0.7724	0.8027	-0.6458	-0.2599	0.3158	0.8047	0.0051	-0.9810	-0.3259	0.1917	-0.0097	-0.8941	-2.1065	-1.4517	0.7703	-1.7674	-0.5886	-1.2951	-2.5589	-0.1546	-0.0957	-1.8860	-0.6762	0.6003	-0.7062	-0.2591	-0.3548	-0.4683	0.1537	0.0358	0.1862	-0.1613	-0.8325	0.3017	0.6272	-0.4740	-1.0785	-0.6916	
