Arquivo: c:\arq\medidas\BBA_1206_074902\BBA_AMP02B_H.dat
Data: 1206	 Hora:  0755
Comentário: 
NomeParametro	 ValorParametro
Nmedias	5
PausaCorretora	3000
PausaShunt	2000
PausaLeitura	500
NumCiclos	3
 NPassosCor	7
DeltaShunt	3.00
TetaIni	-0.10
TetaFim	0.10
I[mA]	 151.5
ACH07A	DeltaPos^2	AMP02B	AMP01B_0	AMP02A_0	AMP02B_0	AMP03A_0	AMP03B_0	AMP03C_0	AMP04A_0	AMP04B_0	AMP05A_0	AMP05B_0	AMP06A_0	AMP06B_0	AMP07A_0	AMP07B_0	AMP08A_0	AMP08B_0	AMP09A_0	AMP09B_0	AMP10A_0	AMP10B_0	AMU11A_0	AMU11B_0	AMP12A_0	AMP12B_0	AMP01A_0	AMP01B_1	AMP02A_1	AMP02B_1	AMP03A_1	AMP03B_1	AMP03C_1	AMP04A_1	AMP04B_1	AMP05A_1	AMP05B_1	AMP06A_1	AMP06B_1	AMP07A_1	AMP07B_1	AMP08A_1	AMP08B_1	AMP09A_1	AMP09B_1	AMP10A_1	AMP10B_1	AMU11A_1	AMU11B_1	AMP12A_1	AMP12B_1	AMP01A_1	
-0.1000	 6.33516254857457E-0003	-2.5975	0.1135	0.2347	-2.5975	0.4236	-0.0005	-1.9407	-0.3341	-0.4603	-2.1889	-0.4633	1.1307	-0.5105	-1.7743	-1.9752	-0.0623	0.8696	-0.4983	-0.7473	-0.3587	-0.5357	1.0710	1.0946	-1.1570	-1.3905	0.9786	0.0378	0.2761	-2.5668	0.4074	-0.0526	-1.9756	-0.3842	-0.4722	-2.0946	-0.4030	1.0411	-0.5753	-1.6206	-1.8299	-0.1500	0.7761	-0.3787	-0.6034	-0.4024	-0.6123	1.0861	1.1430	-1.1440	-1.4163	0.8739	
-0.0667	 4.83806769102669E-0003	-2.4085	-0.3057	0.3941	-2.4085	0.1562	-0.3500	-2.1026	-0.3212	-0.3354	-2.0986	-0.4972	0.9841	-0.5528	-1.3815	-1.5340	-0.1631	0.6877	-0.3956	-0.5281	-0.2949	-0.5865	0.8377	0.9386	-0.9694	-1.2787	0.5477	-0.3751	0.4326	-2.3792	0.1403	-0.3977	-2.1344	-0.3635	-0.3439	-2.0165	-0.4458	0.9067	-0.6079	-1.2467	-1.4071	-0.2388	0.6068	-0.2923	-0.4030	-0.3319	-0.6522	0.8489	0.9795	-0.9551	-1.2989	0.4528	
-0.0333	 3.56708341865582E-0003	-2.2165	-0.7306	0.5554	-2.2165	-0.1144	-0.7028	-2.2662	-0.3082	-0.2094	-2.0069	-0.5317	0.8360	-0.5956	-0.9828	-1.0865	-0.2654	0.5032	-0.2923	-0.3068	-0.2300	-0.6376	0.6000	0.7794	-0.7784	-1.1651	0.1099	-0.7918	0.5896	-2.1898	-0.1290	-0.7450	-2.2941	-0.3436	-0.2157	-1.9372	-0.4888	0.7699	-0.6417	-0.8666	-0.9773	-0.3295	0.4344	-0.2040	-0.1993	-0.2611	-0.6930	0.6088	0.8140	-0.7651	-1.1813	0.0267	
0.0000	 2.48285307895055E-0003	-2.0229	-1.1586	0.7171	-2.0229	-0.3855	-1.0569	-2.4298	-0.2948	-0.0825	-1.9150	-0.5664	0.6872	-0.6382	-0.5818	-0.6359	-0.3669	0.3179	-0.1905	-0.0859	-0.1640	-0.6875	0.3593	0.6177	-0.5863	-1.0502	-0.3306	-1.2100	0.7466	-1.9997	-0.3998	-1.0940	-2.4533	-0.3231	-0.0867	-1.8576	-0.5317	0.6323	-0.6759	-0.4851	-0.5459	-0.4203	0.2608	-0.1167	0.0039	-0.1894	-0.7333	0.3663	0.6466	-0.5741	-1.0634	-0.4021	
0.0333	 1.59969806150410E-0003	-1.8280	-1.5873	0.8795	-1.8280	-0.6599	-1.4129	-2.5938	-0.2808	0.0448	-1.8240	-0.6024	0.5384	-0.6803	-0.1804	-0.1854	-0.4683	0.1326	-0.0900	0.1348	-0.0971	-0.7372	0.1161	0.4534	-0.3928	-0.9338	-0.7755	-1.6293	0.9046	-1.8083	-0.6710	-1.4421	-2.6131	-0.3029	0.0420	-1.7783	-0.5751	0.4946	-0.7097	-0.1032	-0.1132	-0.5108	0.0873	-0.0302	0.2075	-0.1170	-0.7734	0.1218	0.4771	-0.3819	-0.9437	-0.8334	
0.0667	 9.10161132294503E-0004	-1.6333	-2.0143	1.0416	-1.6333	-0.9327	-1.7661	-2.7571	-0.2668	0.1715	-1.7339	-0.6387	0.3900	-0.7223	0.2195	0.2638	-0.5694	-0.0529	0.0095	0.3540	-0.0296	-0.7863	-0.1276	0.2881	-0.1998	-0.8176	-1.2190	-2.0468	1.0615	-1.6172	-0.9421	-1.7895	-2.7719	-0.2824	0.1709	-1.6996	-0.6188	0.3574	-0.7431	0.2775	0.3177	-0.6006	-0.0862	0.0549	0.4091	-0.0437	-0.8130	-0.1234	0.3062	-0.1903	-0.8242	-1.2640	
0.1000	 4.18659719350545E-0004	-1.4390	-2.4383	1.2025	-1.4390	-1.2051	-2.1178	-2.9195	-0.2532	0.2975	-1.6441	-0.6751	0.2416	-0.7641	0.6175	0.7109	-0.6697	-0.2380	0.1079	0.5714	0.0380	-0.8351	-0.3724	0.1214	-0.0070	-0.7014	-1.6609	-2.4617	1.2183	-1.4258	-1.2132	-2.1355	-2.9303	-0.2617	0.2991	-1.6220	-0.6632	0.2205	-0.7763	0.6566	0.7466	-0.6900	-0.2592	0.1389	0.6091	0.0294	-0.8521	-0.3699	0.1336	0.0014	-0.7044	-1.6935	
