Arquivo: c:\arq\medidas\BBA_1206_074902\BBA_AMP06A_V.dat
Data: 1206	 Hora:  0821
Comentário: 
NomeParametro	 ValorParametro
Nmedias	5
PausaCorretora	3000
PausaShunt	2000
PausaLeitura	500
NumCiclos	3
 NPassosCor	7
DeltaShunt	3.00
TetaIni	-0.10
TetaFim	0.10
I[mA]	 147.7
ACV07A	DeltaPos^2	AMP06A	AMP01B_0	AMP02A_0	AMP02B_0	AMP03A_0	AMP03B_0	AMP03C_0	AMP04A_0	AMP04B_0	AMP05A_0	AMP05B_0	AMP06A_0	AMP06B_0	AMP07A_0	AMP07B_0	AMP08A_0	AMP08B_0	AMP09A_0	AMP09B_0	AMP10A_0	AMP10B_0	AMU11A_0	AMU11B_0	AMP12A_0	AMP12B_0	AMP01A_0	AMP01B_1	AMP02A_1	AMP02B_1	AMP03A_1	AMP03B_1	AMP03C_1	AMP04A_1	AMP04B_1	AMP05A_1	AMP05B_1	AMP06A_1	AMP06B_1	AMP07A_1	AMP07B_1	AMP08A_1	AMP08B_1	AMP09A_1	AMP09B_1	AMP10A_1	AMP10B_1	AMU11A_1	AMU11B_1	AMP12A_1	AMP12B_1	AMP01A_1	
-0.1000	 3.33255641301524E-0004	0.5529	0.6545	0.7188	0.8552	0.7763	1.4475	-0.9130	0.1124	0.1727	1.8202	0.5619	0.5529	-1.6036	-1.0311	0.9328	1.6322	0.6406	0.7155	-1.0434	-0.0586	0.7033	1.4396	1.7250	0.8093	-0.0818	-0.8772	0.6769	0.7290	0.8454	0.7532	1.4521	-0.8940	0.1248	0.1923	1.8432	0.5341	0.5341	-1.6235	-1.0543	0.9644	1.6515	0.6410	0.7053	-1.0529	-0.0569	0.7235	1.4638	1.7077	0.7887	-0.0960	-0.8865	
-0.0667	 1.62106733862472E-0004	0.7340	0.3435	0.4817	0.7334	0.7209	1.6636	-0.5062	0.2117	0.0144	1.5148	0.7012	0.7340	-1.3565	-0.7115	0.7435	1.4421	0.4359	0.5052	-0.7132	0.1324	0.6712	1.2889	1.6690	0.8719	0.1456	-0.5595	0.3589	0.4886	0.7263	0.7050	1.6668	-0.4925	0.2207	0.0284	1.5310	0.6816	0.7206	-1.3706	-0.7274	0.7653	1.4549	0.4362	0.4980	-0.7197	0.1337	0.6850	1.3060	1.6568	0.8573	0.1359	-0.5658	
-0.0333	 5.59983252195560E-0005	0.9170	0.0282	0.2403	0.6091	0.6642	1.8828	-0.0914	0.3133	-0.1451	1.2050	0.8410	0.9170	-1.1055	-0.3861	0.5506	1.2485	0.2278	0.2913	-0.3766	0.3261	0.6380	1.1355	1.6113	0.9348	0.3764	-0.2366	0.0374	0.2450	0.6058	0.6552	1.8842	-0.0847	0.3179	-0.1370	1.2145	0.8297	0.9090	-1.1140	-0.3960	0.5638	1.2563	0.2282	0.2872	-0.3809	0.3268	0.6461	1.1460	1.6044	0.9261	0.3704	-0.2405	
0.0000	 4.01903574499897E-0006	1.1004	-0.2897	-0.0033	0.4840	0.6070	2.1029	0.3262	0.4156	-0.3061	0.8921	0.9809	1.1004	-0.8521	-0.0585	0.3571	1.0532	0.0175	0.0746	-0.0376	0.5216	0.6054	0.9811	1.5525	0.9977	0.6085	0.0878	-0.2876	-0.0017	0.4837	0.6053	2.1027	0.3265	0.4164	-0.3039	0.8949	0.9785	1.0985	-0.8547	-0.0615	0.3606	1.0559	0.0180	0.0742	-0.0394	0.5214	0.6076	0.9845	1.5512	0.9951	0.6068	0.0864	
0.0333	 1.32025213995798E-0005	1.2851	-0.6113	-0.2488	0.3572	0.5478	2.3253	0.7478	0.5197	-0.4682	0.5776	1.1220	1.2851	-0.5964	0.2714	0.1620	0.8561	-0.1947	-0.1442	0.3051	0.7196	0.5736	0.8256	1.4926	1.0605	0.8422	0.4157	-0.6160	-0.2502	0.3601	0.5534	2.3233	0.7420	0.5166	-0.4716	0.5736	1.1276	1.2885	-0.5932	0.2754	0.1560	0.8528	-0.1942	-0.1413	0.3059	0.7194	0.5696	0.8220	1.4965	1.0641	0.8447	0.4171	
0.0667	 8.20342573447794E-0005	1.4687	-0.9325	-0.4945	0.2302	0.4891	2.5463	1.1695	0.6238	-0.6294	0.2623	1.2622	1.4687	-0.3406	0.6012	-0.0324	0.6593	-0.4075	-0.3640	0.6477	0.9180	0.5425	0.6707	1.4316	1.1222	1.0754	0.7437	-0.9435	-0.4986	0.2364	0.5017	2.5424	1.1564	0.6164	-0.6388	0.2515	1.2764	1.4779	-0.3318	0.6116	-0.0476	0.6509	-0.4066	-0.3576	0.6508	0.9165	0.5328	0.6602	1.4407	1.1322	1.0820	0.7473	
0.1000	 2.12874884729953E-0004	1.6524	-1.2526	-0.7399	0.1029	0.4299	2.7664	1.5888	0.7282	-0.7904	-0.0532	1.4020	1.6524	-0.0854	0.9304	-0.2258	0.4632	-0.6201	-0.5847	0.9906	1.1162	0.5121	0.5166	1.3697	1.1837	1.3085	1.0721	-1.2703	-0.7467	0.1126	0.4505	2.7606	1.5692	0.7166	-0.8061	-0.0709	1.4251	1.6671	-0.0710	0.9472	-0.2502	0.4491	-0.6194	-0.5748	0.9959	1.1144	0.4964	0.4992	1.3843	1.1997	1.3192	1.0783	
