Arquivo: c:\arq\medidas\BBA_1206_074902\BBA_AMP08A_H.dat
Data: 1206	 Hora:  0832
Comentário: 
NomeParametro	 ValorParametro
Nmedias	5
PausaCorretora	3000
PausaShunt	2000
PausaLeitura	500
NumCiclos	3
 NPassosCor	7
DeltaShunt	3.00
TetaIni	-0.10
TetaFim	0.10
I[mA]	  51.3
ACH01A	DeltaPos^2	AMP08A	AMP01B_0	AMP02A_0	AMP02B_0	AMP03A_0	AMP03B_0	AMP03C_0	AMP04A_0	AMP04B_0	AMP05A_0	AMP05B_0	AMP06A_0	AMP06B_0	AMP07A_0	AMP07B_0	AMP08A_0	AMP08B_0	AMP09A_0	AMP09B_0	AMP10A_0	AMP10B_0	AMU11A_0	AMU11B_0	AMP12A_0	AMP12B_0	AMP01A_0	AMP01B_1	AMP02A_1	AMP02B_1	AMP03A_1	AMP03B_1	AMP03C_1	AMP04A_1	AMP04B_1	AMP05A_1	AMP05B_1	AMP06A_1	AMP06B_1	AMP07A_1	AMP07B_1	AMP08A_1	AMP08B_1	AMP09A_1	AMP09B_1	AMP10A_1	AMP10B_1	AMU11A_1	AMU11B_1	AMP12A_1	AMP12B_1	AMP01A_1	
-0.1000	 7.49407523007660E-0004	-0.9792	-2.0964	0.8014	-1.7065	-0.3253	-1.2843	-2.6566	-0.6528	-0.1288	-0.9711	0.1013	0.0494	-1.1112	0.8259	0.7133	-0.9792	-0.3643	0.8356	1.1754	-0.3785	-1.2077	0.4714	1.0063	-0.3546	-1.1283	-1.1416	-2.0534	0.7699	-1.7356	-0.2811	-1.2344	-2.6365	-0.6715	-0.1580	-0.9616	0.1247	0.0490	-1.1241	0.7977	0.6978	-0.9647	-0.3451	0.8053	1.1318	-0.3873	-1.2017	0.4854	1.0083	-0.3826	-1.1431	-1.0923	
-0.0667	 3.58687087068063E-0004	-0.7984	-1.7788	0.7605	-1.8231	-0.3278	-1.1953	-2.5828	-0.5590	-0.1294	-1.2432	-0.0878	0.2339	-0.9812	0.4148	0.3235	-0.7984	-0.1686	0.5165	0.7933	-0.3124	-1.0554	0.4273	0.8752	-0.4392	-1.1096	-0.8691	-1.7494	0.7384	-1.8433	-0.2964	-1.1606	-2.5685	-0.5719	-0.1497	-1.2365	-0.0712	0.2333	-0.9905	0.3959	0.3137	-0.7885	-0.1553	0.4962	0.7637	-0.3190	-1.0515	0.4371	0.8769	-0.4589	-1.1198	-0.8350	
-0.0333	 1.07199759623361E-0004	-0.6169	-1.4594	0.7203	-1.9403	-0.3306	-1.1065	-2.5089	-0.4647	-0.1292	-1.5175	-0.2789	0.4191	-0.8505	0.0014	-0.0686	-0.6169	0.0278	0.1949	0.4079	-0.2454	-0.9021	0.3815	0.7420	-0.5240	-1.0906	-0.5958	-1.4432	0.7076	-1.9510	-0.3138	-1.0879	-2.5009	-0.4718	-0.1404	-1.5129	-0.2689	0.4185	-0.8558	-0.0089	-0.0736	-0.6112	0.0353	0.1838	0.3919	-0.2488	-0.8997	0.3869	0.7430	-0.5347	-1.0962	-0.5778	
0.0000	 3.14891854734447E-0006	-0.4348	-1.1403	0.6799	-2.0570	-0.3350	-1.0193	-2.4351	-0.3697	-0.1283	-1.7912	-0.4702	0.6044	-0.7194	-0.4138	-0.4626	-0.4348	0.2247	-0.1289	0.0208	-0.1776	-0.7477	0.3338	0.6066	-0.6080	-1.0706	-0.3238	-1.1384	0.6776	-2.0577	-0.3318	-1.0161	-2.4335	-0.3711	-0.1306	-1.7901	-0.4677	0.6045	-0.7203	-0.4149	-0.4626	-0.4328	0.2266	-0.1310	0.0175	-0.1783	-0.7471	0.3341	0.6060	-0.6093	-1.0707	-0.3217	
0.0333	 5.33374073848887E-0005	-0.2526	-0.8221	0.6408	-2.1721	-0.3403	-0.9332	-2.3623	-0.2747	-0.1269	-2.0642	-0.6621	0.7889	-0.5881	-0.8271	-0.8555	-0.2526	0.4209	-0.4526	-0.3656	-0.1091	-0.5931	0.2837	0.4694	-0.6902	-1.0493	-0.0549	-0.8351	0.6486	-2.1629	-0.3517	-0.9462	-2.3675	-0.2697	-0.1195	-2.0657	-0.6666	0.7891	-0.5850	-0.8195	-0.8502	-0.2547	0.4172	-0.4452	-0.3551	-0.1067	-0.5937	0.2795	0.4681	-0.6824	-1.0442	-0.0690	
0.0667	 2.43832178891360E-0004	-0.0717	-0.5080	0.6026	-2.2859	-0.3473	-0.8494	-2.2904	-0.1799	-0.1247	-2.3347	-0.8535	0.9715	-0.4578	-1.2374	-1.2450	-0.0717	0.6149	-0.7749	-0.7503	-0.0401	-0.4392	0.2321	0.3311	-0.7712	-1.0270	0.2099	-0.5343	0.6200	-2.2677	-0.3719	-0.8775	-2.3017	-0.1695	-0.1085	-2.3391	-0.8649	0.9716	-0.4507	-1.2207	-1.2350	-0.0779	0.6055	-0.7589	-0.7266	-0.0354	-0.4416	0.2235	0.3290	-0.7547	-1.0174	0.1801	
0.1000	 5.56936774878092E-0004	0.1085	-0.1951	0.5652	-2.3989	-0.3553	-0.7668	-2.2188	-0.0848	-0.1221	-2.6040	-1.0451	1.1536	-0.3273	-1.6450	-1.6331	0.1085	0.8081	-1.0978	-1.1334	0.0291	-0.2851	0.1792	0.1916	-0.8512	-1.0044	0.4728	-0.2342	0.5914	-2.3717	-0.3925	-0.8094	-2.2362	-0.0695	-0.0978	-2.6103	-1.0635	1.1535	-0.3162	-1.6198	-1.6182	0.0983	0.7928	-1.0722	-1.0974	0.0364	-0.2898	0.1668	0.1892	-0.8267	-0.9905	0.4282	
