Arquivo: c:\arq\medidas\BBA_1206_074902\BBA_AMP12B_V.dat
Data: 1206	 Hora:  0901
Comentário: 
NomeParametro	 ValorParametro
Nmedias	5
PausaCorretora	3000
PausaShunt	2000
PausaLeitura	500
NumCiclos	3
 NPassosCor	7
DeltaShunt	3.00
TetaIni	-0.10
TetaFim	0.10
I[mA]	  32.8
ACV11B	DeltaPos^2	AMP12B	AMP01B_0	AMP02A_0	AMP02B_0	AMP03A_0	AMP03B_0	AMP03C_0	AMP04A_0	AMP04B_0	AMP05A_0	AMP05B_0	AMP06A_0	AMP06B_0	AMP07A_0	AMP07B_0	AMP08A_0	AMP08B_0	AMP09A_0	AMP09B_0	AMP10A_0	AMP10B_0	AMU11A_0	AMU11B_0	AMP12A_0	AMP12B_0	AMP01A_0	AMP01B_1	AMP02A_1	AMP02B_1	AMP03A_1	AMP03B_1	AMP03C_1	AMP04A_1	AMP04B_1	AMP05A_1	AMP05B_1	AMP06A_1	AMP06B_1	AMP07A_1	AMP07B_1	AMP08A_1	AMP08B_1	AMP09A_1	AMP09B_1	AMP10A_1	AMP10B_1	AMU11A_1	AMU11B_1	AMP12A_1	AMP12B_1	AMP01A_1	
-0.1000	 2.28164695807985E-0004	0.0950	0.5665	0.3542	0.0492	-0.3535	2.3394	1.2003	0.9370	0.4532	1.7809	-0.1332	0.3543	-1.0069	0.1606	0.9074	1.1415	-0.5992	-0.9756	0.6686	1.1866	1.2560	1.4210	0.7300	0.2137	0.0950	-0.2330	0.5869	0.3701	0.0573	-0.3494	2.3245	1.1732	0.9307	0.4638	1.8003	-0.1423	0.3421	-1.0236	0.1400	0.9311	1.1574	-0.5956	-0.9793	0.6567	1.1847	1.2702	1.4386	0.7187	0.1986	0.0797	-0.2541	
-0.0667	 6.79685372356419E-0005	0.2685	0.2808	0.2327	0.1856	-0.0506	2.2745	0.9373	0.7734	0.2048	1.4884	0.2287	0.6003	-0.9483	0.1065	0.7290	1.1088	-0.4046	-0.6407	0.4532	0.9776	1.0460	1.2806	1.0013	0.4754	0.2685	-0.1187	0.2920	0.2416	0.1896	-0.0492	2.2654	0.9233	0.7704	0.2108	1.4986	0.2225	0.5930	-0.9574	0.0951	0.7412	1.1174	-0.4034	-0.6429	0.4478	0.9773	1.0540	1.2894	0.9935	0.4667	0.2599	-0.1301	
-0.0333	 8.05454414951080E-0006	0.4462	-0.0111	0.1083	0.3238	0.2584	2.2089	0.6703	0.6066	-0.0496	1.1888	0.5980	0.8516	-0.8877	0.0520	0.5462	1.0748	-0.2063	-0.2982	0.2347	0.7646	0.8302	1.1370	1.2778	0.7425	0.4462	-0.0016	-0.0070	0.1114	0.3242	0.2573	2.2041	0.6667	0.6062	-0.0467	1.1912	0.5939	0.8482	-0.8905	0.0483	0.5483	1.0771	-0.2068	-0.2991	0.2339	0.7651	0.8324	1.1370	1.2726	0.7392	0.4431	-0.0048	
0.0000	 2.54675959553537E-0005	0.6241	-0.3051	-0.0170	0.4627	0.5696	2.1419	0.4004	0.4382	-0.3049	0.8861	0.9683	1.1039	-0.8270	-0.0027	0.3621	1.0414	-0.0067	0.0464	0.0127	0.5500	0.6134	0.9930	1.5555	1.0106	0.6241	0.1154	-0.3095	-0.0212	0.4586	0.5647	2.1438	0.4108	0.4418	-0.3063	0.8806	0.9657	1.1053	-0.8218	0.0028	0.3535	1.0354	-0.0095	0.0451	0.0195	0.5522	0.6101	0.9839	1.5529	1.0138	0.6278	0.1219	
0.0333	 1.18632688673782E-0004	0.8037	-0.6022	-0.1433	0.6010	0.8812	2.0756	0.1317	0.2703	-0.5608	0.5821	1.3402	1.3569	-0.7651	-0.0572	0.1762	1.0064	0.1930	0.3931	-0.2087	0.3351	0.3959	0.8471	1.8337	1.2794	0.8037	0.2350	-0.6135	-0.1537	0.5934	0.8728	2.0829	0.1538	0.2764	-0.5666	0.5692	1.3394	1.3627	-0.7533	-0.0428	0.1579	0.9942	0.1883	0.3915	-0.1958	0.3380	0.3870	0.8300	1.8334	1.2884	0.8132	0.2497	
0.0667	 3.01939040354425E-0004	0.9831	-0.8993	-0.2697	0.7398	1.1918	2.0089	-0.1372	0.1023	-0.8163	0.2762	1.7121	1.6091	-0.7039	-0.1123	-0.0098	0.9719	0.3932	0.7395	-0.4320	0.1200	0.1791	0.7014	2.1104	1.5469	0.9831	0.3547	-0.9180	-0.2869	0.7280	1.1793	2.0224	-0.1020	0.1123	-0.8260	0.2564	1.7119	1.6195	-0.6846	-0.0886	-0.0378	0.9524	0.3862	0.7375	-0.4114	0.1243	0.1642	0.6761	2.1126	1.5618	0.9990	0.3781	
0.1000	 5.53488781355318E-0004	1.1620	-1.1954	-0.3958	0.8772	1.4991	1.9427	-0.4036	-0.0647	-1.0707	-0.0289	2.0803	1.8599	-0.6425	-0.1670	-0.1945	0.9379	0.5920	1.0841	-0.6534	-0.0942	-0.0360	0.5568	2.3841	1.8122	1.1620	0.4751	-1.2210	-0.4198	0.8619	1.4838	1.9621	-0.3569	-0.0521	-1.0850	-0.0557	2.0816	1.8751	-0.6163	-0.1344	-0.2324	0.9115	0.5832	1.0821	-0.6265	-0.0886	-0.0569	0.5233	2.3892	1.8336	1.1841	0.5068	
