Arquivo: c:\arq\medidas\BBA_1206_074902\BBA_AMP09B_V.dat
Data: 1206	 Hora:  0843
Comentário: 
NomeParametro	 ValorParametro
Nmedias	5
PausaCorretora	3000
PausaShunt	2000
PausaLeitura	500
NumCiclos	3
 NPassosCor	7
DeltaShunt	3.00
TetaIni	-0.10
TetaFim	0.10
I[mA]	  35.2
ACV09B	DeltaPos^2	AMP09B	AMP01B_0	AMP02A_0	AMP02B_0	AMP03A_0	AMP03B_0	AMP03C_0	AMP04A_0	AMP04B_0	AMP05A_0	AMP05B_0	AMP06A_0	AMP06B_0	AMP07A_0	AMP07B_0	AMP08A_0	AMP08B_0	AMP09A_0	AMP09B_0	AMP10A_0	AMP10B_0	AMU11A_0	AMU11B_0	AMP12A_0	AMP12B_0	AMP01A_0	AMP01B_1	AMP02A_1	AMP02B_1	AMP03A_1	AMP03B_1	AMP03C_1	AMP04A_1	AMP04B_1	AMP05A_1	AMP05B_1	AMP06A_1	AMP06B_1	AMP07A_1	AMP07B_1	AMP08A_1	AMP08B_1	AMP09A_1	AMP09B_1	AMP10A_1	AMP10B_1	AMU11A_1	AMU11B_1	AMP12A_1	AMP12B_1	AMP01A_1	
-0.1000	 1.28235138594205E-0002	-0.9524	0.1931	0.5417	1.1194	1.3170	1.2946	-1.4524	-0.1977	-0.2465	1.3585	1.1779	0.9642	-1.5390	-1.1076	1.2546	1.7731	0.5298	0.4605	-0.9524	-0.1386	0.2475	0.9298	2.1469	1.2822	0.1971	-0.7255	0.2785	0.6335	1.2213	1.4300	1.1605	-1.7424	-0.2968	-0.2319	1.4408	1.2047	0.9371	-1.6541	-1.2829	1.4014	1.8903	0.6115	0.5201	-1.1024	-0.2476	0.1930	0.9265	2.2417	1.3231	0.1257	-0.8625	
-0.0667	 8.25211104390632E-0003	-0.6486	0.0304	0.3621	0.9124	1.0847	1.5624	-0.8685	0.0020	-0.2696	1.2031	1.1168	1.0127	-1.3114	-0.7582	0.9674	1.5402	0.3623	0.3344	-0.6486	0.0775	0.3600	0.9434	1.9560	1.1965	0.3355	-0.4559	0.0988	0.4356	0.9945	1.1751	1.4552	-1.1018	-0.0768	-0.2578	1.2688	1.1381	0.9911	-1.4037	-0.8987	1.0854	1.6343	0.4280	0.3825	-0.7692	-0.0096	0.3166	0.9411	2.0321	1.2289	0.2781	-0.5657	
-0.0333	 4.57860246791387E-0003	-0.3386	-0.1361	0.1788	0.7011	0.8463	1.8354	-0.2710	0.2067	-0.2926	1.0447	1.0536	1.0615	-1.0798	-0.4008	0.6750	1.3025	0.1911	0.2053	-0.3386	0.2986	0.4754	0.9574	1.7607	1.1087	0.4767	-0.1807	-0.0850	0.2335	0.7624	0.9144	1.7556	-0.4449	0.1478	-0.2843	1.0934	1.0696	1.0455	-1.1482	-0.5050	0.7623	1.3723	0.2401	0.2410	-0.4284	0.2335	0.4433	0.9556	1.8177	1.1330	0.4340	-0.2626	
0.0000	 1.93522199657438E-0003	-0.0253	-0.3048	-0.0070	0.4876	0.6050	2.1103	0.3328	0.4133	-0.3155	0.8852	0.9891	1.1102	-0.8456	-0.0401	0.3794	1.0621	0.0174	0.0736	-0.0253	0.5218	0.5921	0.9710	1.5630	1.0200	0.6195	0.0972	-0.2715	0.0287	0.5274	0.6494	2.0584	0.2198	0.3750	-0.3103	0.9170	0.9996	1.1001	-0.8901	-0.1076	0.4363	1.1074	0.0494	0.0973	-0.0834	0.4794	0.5711	0.9700	1.6005	1.0360	0.5916	0.0442	
0.0333	 3.83933394177734E-0004	0.2903	-0.4751	-0.1937	0.2725	0.3616	2.3852	0.9385	0.6211	-0.3380	0.7260	0.9236	1.1585	-0.6105	0.3215	0.0832	0.8198	-0.1570	-0.0589	0.2903	0.7468	0.7096	0.9849	1.3631	0.9302	0.7626	0.3770	-0.4602	-0.1778	0.2902	0.3814	2.3622	0.8879	0.6039	-0.3357	0.7400	0.9284	1.1543	-0.6301	0.2919	0.1082	0.8399	-0.1430	-0.0485	0.2643	0.7279	0.7000	0.9847	1.3803	0.9375	0.7503	0.3532	
0.0667	 1.81328030856498E-0005	0.6068	-0.6459	-0.3808	0.0559	0.1173	2.6598	1.5446	0.8300	-0.3598	0.5670	0.8569	1.2062	-0.3745	0.6837	-0.2142	0.5774	-0.3323	-0.1923	0.6068	0.9724	0.8278	0.9990	1.1623	0.8401	0.9062	0.6583	-0.6489	-0.3844	0.0519	0.1126	2.6639	1.5555	0.8338	-0.3602	0.5643	0.8559	1.2072	-0.3700	0.6911	-0.2199	0.5731	-0.3357	-0.1946	0.6125	0.9763	0.8297	0.9996	1.1592	0.8387	0.9088	0.6631	
0.1000	 8.07282271362211E-0004	0.9213	-0.8150	-0.5670	-0.1599	-0.1278	2.9321	2.1445	1.0382	-0.3806	0.4093	0.7893	1.2530	-0.1401	1.0445	-0.5101	0.3358	-0.5063	-0.3253	0.9213	1.1970	0.9461	1.0143	0.9602	0.7500	1.0488	0.9382	-0.8363	-0.5899	-0.1861	-0.1572	2.9647	2.2168	1.0633	-0.3836	0.3897	0.7817	1.2593	-0.1111	1.0890	-0.5467	0.3064	-0.5273	-0.3409	0.9594	1.2246	0.9601	1.0162	0.9368	0.7394	1.0669	0.9721	
