Arquivo: c:\arq\medidas\BBA_1206_074902\BBA_AMP09A_V.dat
Data: 1206	 Hora:  0840
Comentário: 
NomeParametro	 ValorParametro
Nmedias	5
PausaCorretora	3000
PausaShunt	2000
PausaLeitura	500
NumCiclos	3
 NPassosCor	7
DeltaShunt	3.00
TetaIni	-0.10
TetaFim	0.10
I[mA]	  40.6
ACV07A	DeltaPos^2	AMP09A	AMP01B_0	AMP02A_0	AMP02B_0	AMP03A_0	AMP03B_0	AMP03C_0	AMP04A_0	AMP04B_0	AMP05A_0	AMP05B_0	AMP06A_0	AMP06B_0	AMP07A_0	AMP07B_0	AMP08A_0	AMP08B_0	AMP09A_0	AMP09B_0	AMP10A_0	AMP10B_0	AMU11A_0	AMU11B_0	AMP12A_0	AMP12B_0	AMP01A_0	AMP01B_1	AMP02A_1	AMP02B_1	AMP03A_1	AMP03B_1	AMP03C_1	AMP04A_1	AMP04B_1	AMP05A_1	AMP05B_1	AMP06A_1	AMP06B_1	AMP07A_1	AMP07B_1	AMP08A_1	AMP08B_1	AMP09A_1	AMP09B_1	AMP10A_1	AMP10B_1	AMU11A_1	AMU11B_1	AMP12A_1	AMP12B_1	AMP01A_1	
-0.1000	 1.75354350231681E-0003	0.7821	0.7159	0.7720	0.8937	0.8006	1.3918	-1.0296	0.0789	0.1967	1.8875	0.5452	0.5240	-1.6587	-1.1026	1.0222	1.7007	0.7008	0.7821	-1.1198	-0.1099	0.6906	1.4614	1.7601	0.8227	-0.1256	-0.9529	0.7064	0.7812	0.9360	0.8660	1.3512	-1.1336	0.0346	0.1715	1.8777	0.5944	0.5459	-1.6812	-1.1557	1.0419	1.7272	0.7447	0.8405	-1.1490	-0.1419	0.6476	1.4312	1.8145	0.8630	-0.1239	-0.9766	
-0.0667	 6.52126533963456E-0004	0.5536	0.3861	0.5206	0.7628	0.7382	1.6242	-0.5902	0.1867	0.0306	1.5637	0.6902	0.7142	-1.3958	-0.7602	0.8144	1.4948	0.4806	0.5536	-0.7670	0.0944	0.6586	1.3033	1.6968	0.8859	0.1148	-0.6138	0.3795	0.5255	0.7883	0.7787	1.6009	-0.6528	0.1604	0.0148	1.5576	0.7213	0.7283	-1.4086	-0.7911	0.8262	1.5101	0.5075	0.5904	-0.7855	0.0747	0.6326	1.2864	1.7320	0.9112	0.1169	-0.6280	
-0.0333	 7.35457320588613E-0005	0.3224	0.0515	0.2651	0.6294	0.6745	1.8599	-0.1432	0.2964	-0.1374	1.2343	0.8364	0.9065	-1.1287	-0.4110	0.6026	1.2853	0.2569	0.3224	-0.4073	0.3016	0.6270	1.1421	1.6321	0.9501	0.3590	-0.2695	0.0480	0.2655	0.6377	0.6887	1.8548	-0.1619	0.2878	-0.1435	1.2320	0.8486	0.9128	-1.1317	-0.4199	0.6064	1.2891	0.2660	0.3355	-0.4146	0.2949	0.6186	1.1388	1.6471	0.9592	0.3609	-0.2729	
0.0000	 8.25353766009411E-0005	0.0886	-0.2862	0.0067	0.4943	0.6093	2.0968	0.3085	0.4076	-0.3068	0.9018	0.9825	1.1000	-0.8589	-0.0591	0.3895	1.0734	0.0307	0.0886	-0.0444	0.5107	0.5957	0.9803	1.5659	1.0142	0.6051	0.0779	-0.2868	0.0028	0.4852	0.5974	2.1098	0.3331	0.4173	-0.3032	0.9030	0.9760	1.0980	-0.8520	-0.0449	0.3846	1.0660	0.0219	0.0778	-0.0402	0.5170	0.6040	0.9911	1.5603	1.0066	0.6067	0.0843	
0.0333	 7.04641150349501E-0004	-0.1482	-0.6266	-0.2528	0.3581	0.5428	2.3350	0.7622	0.5199	-0.4761	0.5685	1.1289	1.2933	-0.5874	0.2944	0.1755	0.8598	-0.1969	-0.1482	0.3210	0.7215	0.5646	0.8177	1.4985	1.0775	0.8514	0.4269	-0.6250	-0.2617	0.3312	0.5040	2.3662	0.8319	0.5484	-0.4625	0.5732	1.1033	1.2833	-0.5703	0.3318	0.1621	0.8411	-0.2241	-0.1831	0.3371	0.7415	0.5908	0.8424	1.4721	1.0538	0.8533	0.4447	
0.0667	 1.90666722255899E-0003	-0.3852	-0.9662	-0.5121	0.2215	0.4757	2.5724	1.2161	0.6325	-0.6449	0.2350	1.2744	1.4860	-0.3165	0.6470	-0.0374	0.6473	-0.4250	-0.3852	0.6860	0.9332	0.5346	0.6559	1.4304	1.1401	1.0975	0.7761	-0.9614	-0.5251	0.1773	0.4104	2.6205	1.3281	0.6790	-0.6213	0.2436	1.2297	1.4671	-0.2898	0.7078	-0.0591	0.6175	-0.4701	-0.4440	0.7139	0.9656	0.5786	0.6951	1.3828	1.0996	1.0990	0.8046	
0.1000	 3.74394509451753E-0003	-0.6222	-1.3027	-0.7697	0.0856	0.4094	2.8065	1.6648	0.7444	-0.8124	-0.0966	1.4185	1.6768	-0.0475	0.9966	-0.2481	0.4365	-0.6520	-0.6222	1.0485	1.1433	0.5059	0.4964	1.3613	1.2013	1.3414	1.1235	-1.2955	-0.7872	0.0233	0.3170	2.8727	1.8204	0.8096	-0.7786	-0.0844	1.3544	1.6493	-0.0107	1.0814	-0.2786	0.3950	-0.7155	-0.7049	1.0886	1.1893	0.5677	0.5493	1.2929	1.1445	1.3429	1.1628	
