Arquivo: c:\arq\medidas\BBA_1206_074902\BBA_AMP01A_H.dat
Data: 1206	 Hora:  0903
Comentário: 
NomeParametro	 ValorParametro
Nmedias	5
PausaCorretora	3000
PausaShunt	2000
PausaLeitura	500
NumCiclos	3
 NPassosCor	7
DeltaShunt	3.00
TetaIni	-0.10
TetaFim	0.10
I[mA]	  32.8
ACH05A	DeltaPos^2	AMP01A	AMP01B_0	AMP02A_0	AMP02B_0	AMP03A_0	AMP03B_0	AMP03C_0	AMP04A_0	AMP04B_0	AMP05A_0	AMP05B_0	AMP06A_0	AMP06B_0	AMP07A_0	AMP07B_0	AMP08A_0	AMP08B_0	AMP09A_0	AMP09B_0	AMP10A_0	AMP10B_0	AMU11A_0	AMU11B_0	AMP12A_0	AMP12B_0	AMP01A_0	AMP01B_1	AMP02A_1	AMP02B_1	AMP03A_1	AMP03B_1	AMP03C_1	AMP04A_1	AMP04B_1	AMP05A_1	AMP05B_1	AMP06A_1	AMP06B_1	AMP07A_1	AMP07B_1	AMP08A_1	AMP08B_1	AMP09A_1	AMP09B_1	AMP10A_1	AMP10B_1	AMU11A_1	AMU11B_1	AMP12A_1	AMP12B_1	AMP01A_1	
-0.1000	 4.09718731977986E-0003	0.5867	-0.0664	0.5017	-2.4735	-0.2679	-0.6618	-2.1654	-0.1037	-0.1722	-2.6213	-1.4326	0.8011	-0.3234	-0.6072	-0.9199	-0.5886	0.3189	0.4159	0.3263	-0.6121	-1.0072	1.3527	1.5766	-1.1077	-1.5678	0.5867	-0.1616	0.5108	-2.4400	-0.2601	-0.6828	-2.1850	-0.1353	-0.1753	-2.5344	-1.3691	0.7434	-0.3660	-0.4793	-0.7974	-0.6443	0.2578	0.5144	0.4435	-0.6356	-1.0551	1.3732	1.6226	-1.0861	-1.5770	0.5095	
-0.0667	 2.17249263070807E-0003	0.3206	-0.3809	0.5494	-2.3558	-0.2807	-0.7626	-2.2419	-0.1866	-0.1633	-2.3728	-1.1389	0.7429	-0.4435	-0.5560	-0.7877	-0.5395	0.2917	0.2416	0.2245	-0.4807	-0.9279	1.0485	1.2843	-0.9645	-1.4242	0.3206	-0.4617	0.5588	-2.3296	-0.2822	-0.7853	-2.2664	-0.2090	-0.1637	-2.3159	-1.0993	0.7014	-0.4745	-0.4682	-0.7031	-0.5802	0.2469	0.3121	0.3093	-0.4972	-0.9635	1.0601	1.3152	-0.9464	-1.4304	0.2557	
-0.0333	 9.93242254928872E-0004	0.0510	-0.6997	0.5978	-2.2360	-0.2940	-0.8652	-2.3194	-0.2700	-0.1544	-2.1202	-0.8410	0.6839	-0.5648	-0.5047	-0.6544	-0.4900	0.2641	0.0646	0.1216	-0.3482	-0.8476	0.7389	0.9870	-0.8194	-1.2785	0.0510	-0.7637	0.6063	-2.2173	-0.3011	-0.8866	-2.3442	-0.2847	-0.1526	-2.0872	-0.8193	0.6574	-0.5855	-0.4506	-0.6013	-0.5168	0.2343	0.1099	0.1763	-0.3585	-0.8715	0.7429	1.0043	-0.8050	-1.2819	-0.0007	
0.0000	 3.19100932911114E-0004	-0.2207	-1.0194	0.6468	-2.1154	-0.3082	-0.9683	-2.3973	-0.3539	-0.1456	-1.8665	-0.5418	0.6248	-0.6865	-0.4531	-0.5203	-0.4397	0.2366	-0.1127	0.0173	-0.2146	-0.7669	0.4270	0.6876	-0.6734	-1.1326	-0.2207	-1.0603	0.6528	-2.1043	-0.3151	-0.9837	-2.4150	-0.3613	-0.1431	-1.8507	-0.5324	0.6109	-0.6977	-0.4257	-0.4931	-0.4546	0.2205	-0.0894	0.0464	-0.2204	-0.7804	0.4277	0.6957	-0.6643	-1.1342	-0.2539	
0.0333	 1.95802200589423E-0005	-0.4947	-1.3402	0.6958	-1.9944	-0.3229	-1.0727	-2.4750	-0.4379	-0.1361	-1.6116	-0.2421	0.5654	-0.8084	-0.4017	-0.3866	-0.3899	0.2090	-0.2906	-0.0866	-0.0816	-0.6861	0.1136	0.3865	-0.5271	-0.9860	-0.4947	-1.3526	0.6980	-1.9915	-0.3262	-1.0783	-2.4808	-0.4387	-0.1344	-1.6104	-0.2420	0.5632	-0.8105	-0.3976	-0.3822	-0.3932	0.2057	-0.2861	-0.0807	-0.0834	-0.6893	0.1138	0.3888	-0.5245	-0.9864	-0.5044	
0.0667	 1.19835644880938E-0004	-0.7703	-1.6619	0.7457	-1.8722	-0.3384	-1.1774	-2.5536	-0.5215	-0.1264	-1.3557	0.0583	0.5061	-0.9306	-0.3506	-0.2525	-0.3395	0.1815	-0.4700	-0.1915	0.0523	-0.6047	-0.2011	0.0837	-0.3798	-0.8386	-0.7703	-1.6472	0.7446	-1.8775	-0.3407	-1.1754	-2.5503	-0.5151	-0.1248	-1.3725	0.0460	0.5166	-0.9228	-0.3737	-0.2748	-0.3301	0.1921	-0.4853	-0.2107	0.0548	-0.5972	-0.2028	0.0783	-0.3830	-0.8376	-0.7582	
0.1000	 6.87504132897204E-0004	-1.0473	-1.9838	0.7959	-1.7497	-0.3543	-1.2832	-2.6326	-0.6049	-0.1157	-1.1000	0.3589	0.4471	-1.0526	-0.2998	-0.1189	-0.2889	0.1545	-0.6492	-0.2972	0.1862	-0.5231	-0.5167	-0.2200	-0.2318	-0.6909	-1.0473	-1.9455	0.7925	-1.7632	-0.3586	-1.2760	-2.6233	-0.5911	-0.1137	-1.1378	0.3312	0.4714	-1.0344	-0.3533	-0.1700	-0.2664	0.1794	-0.6880	-0.3439	0.1938	-0.5041	-0.5221	-0.2351	-0.2407	-0.6878	-1.0158	
