Arquivo: c:\arq\medidas\BBA_1206_074902\BBA_AMP08A_V.dat
Data: 1206	 Hora:  0834
Comentário: 
NomeParametro	 ValorParametro
Nmedias	5
PausaCorretora	3000
PausaShunt	2000
PausaLeitura	500
NumCiclos	3
 NPassosCor	7
DeltaShunt	3.00
TetaIni	-0.10
TetaFim	0.10
I[mA]	  48.9
ACV03B	DeltaPos^2	AMP08A	AMP01B_0	AMP02A_0	AMP02B_0	AMP03A_0	AMP03B_0	AMP03C_0	AMP04A_0	AMP04B_0	AMP05A_0	AMP05B_0	AMP06A_0	AMP06B_0	AMP07A_0	AMP07B_0	AMP08A_0	AMP08B_0	AMP09A_0	AMP09B_0	AMP10A_0	AMP10B_0	AMU11A_0	AMU11B_0	AMP12A_0	AMP12B_0	AMP01A_0	AMP01B_1	AMP02A_1	AMP02B_1	AMP03A_1	AMP03B_1	AMP03C_1	AMP04A_1	AMP04B_1	AMP05A_1	AMP05B_1	AMP06A_1	AMP06B_1	AMP07A_1	AMP07B_1	AMP08A_1	AMP08B_1	AMP09A_1	AMP09B_1	AMP10A_1	AMP10B_1	AMU11A_1	AMU11B_1	AMP12A_1	AMP12B_1	AMP01A_1	
-0.1000	 5.63342332573174E-0004	1.4326	0.4116	0.6021	0.9330	0.9722	1.4329	-1.1046	-0.1871	-0.6398	0.7280	1.6314	1.3859	-1.1629	-0.7465	0.6276	1.4326	0.6065	0.7883	-0.9169	-0.0509	0.5159	1.2096	1.8823	1.0124	0.0733	-0.7562	0.4463	0.6275	0.9432	0.9734	1.4128	-1.1409	-0.1945	-0.6211	0.7624	1.6131	1.3647	-1.1878	-0.7752	0.6663	1.4562	0.6265	0.8075	-0.9514	-0.0696	0.5229	1.2291	1.8854	1.0029	0.0486	-0.7894	
-0.0667	 3.65078678573584E-0004	1.3084	0.1824	0.4037	0.7822	0.8445	1.6586	-0.6245	0.0133	-0.5321	0.7784	1.4196	1.2950	-1.0554	-0.5105	0.5430	1.3084	0.4107	0.5496	-0.6250	0.1393	0.5478	1.1372	1.7721	1.0076	0.2490	-0.4777	0.2104	0.4243	0.7907	0.8455	1.6428	-0.6535	0.0074	-0.5168	0.8060	1.4042	1.2781	-1.0754	-0.5334	0.5745	1.3277	0.4267	0.5650	-0.6527	0.1244	0.5527	1.1529	1.7746	1.0001	0.2291	-0.5044	
-0.0333	 2.03370411534178E-0004	1.1838	-0.0474	0.2049	0.6307	0.7158	1.8846	-0.1415	0.2149	-0.4242	0.8289	1.2058	1.2036	-0.9469	-0.2731	0.4584	1.1838	0.2138	0.3102	-0.3313	0.3300	0.5797	1.0648	1.6604	1.0029	0.4250	-0.1983	-0.0265	0.2202	0.6369	0.7167	1.8728	-0.1633	0.2108	-0.4130	0.8496	1.1948	1.1909	-0.9618	-0.2903	0.4815	1.1981	0.2261	0.3219	-0.3520	0.3189	0.5830	1.0764	1.6623	0.9970	0.4102	-0.2183	
0.0000	 9.19348393102711E-0005	1.0581	-0.2792	0.0038	0.4778	0.5853	2.1118	0.3449	0.4178	-0.3154	0.8793	0.9901	1.1108	-0.8375	-0.0341	0.3729	1.0581	0.0153	0.0682	-0.0353	0.5225	0.6117	0.9919	1.5477	0.9972	0.6022	0.0825	-0.2654	0.0140	0.4822	0.5862	2.1038	0.3300	0.4149	-0.3078	0.8933	0.9828	1.1022	-0.8474	-0.0456	0.3884	1.0677	0.0234	0.0764	-0.0493	0.5148	0.6143	1.0000	1.5494	0.9937	0.5923	0.0695	
0.0333	 2.14730470169017E-0005	0.9298	-0.5165	-0.2011	0.3216	0.4521	2.3424	0.8404	0.6255	-0.2033	0.9321	0.7691	1.0157	-0.7262	0.2093	0.2858	0.9298	-0.1875	-0.1787	0.2670	0.7192	0.6449	0.9181	1.4322	0.9911	0.7824	0.3698	-0.5098	-0.1961	0.3236	0.4526	2.3390	0.8330	0.6242	-0.1993	0.9389	0.7658	1.0118	-0.7310	0.2041	0.2936	0.9344	-0.1832	-0.1747	0.2600	0.7157	0.6460	0.9222	1.4329	0.9896	0.7779	0.3635	
0.0667	 1.34874973260922E-0007	0.7999	-0.7560	-0.4080	0.1636	0.3174	2.5746	1.3393	0.8350	-0.0897	0.9859	0.5461	0.9198	-0.6140	0.4552	0.1984	0.7999	-0.3924	-0.4286	0.5721	0.9187	0.6796	0.8438	1.3147	0.9847	0.9642	0.6599	-0.7564	-0.4083	0.1634	0.3171	2.5751	1.3399	0.8355	-0.0896	0.9861	0.5458	0.9197	-0.6134	0.4558	0.1981	0.7996	-0.3925	-0.4289	0.5725	0.9185	0.6792	0.8440	1.3151	0.9849	0.9648	0.6602	
0.1000	 2.59645563289027E-0005	0.6693	-0.9970	-0.6163	0.0036	0.1810	2.8074	1.8404	1.0466	0.0255	1.0416	0.3193	0.8216	-0.5011	0.7023	0.1109	0.6693	-0.5994	-0.6814	0.8804	1.1194	0.7146	0.7693	1.1957	0.9778	1.1476	0.9524	-1.0049	-0.6220	0.0013	0.1807	2.8117	1.8483	1.0484	0.0218	1.0344	0.3230	0.8260	-0.4957	0.7087	0.1027	0.6645	-0.6035	-0.6858	0.8873	1.1233	0.7134	0.7656	1.1954	0.9799	1.1532	0.9596	
