Arquivo: c:\arq\medidas\BBA_1206_074902\BBA_AMP04B_H.dat
Data: 1206	 Hora:  0810
Comentário: 
NomeParametro	 ValorParametro
Nmedias	5
PausaCorretora	3000
PausaShunt	2000
PausaLeitura	500
NumCiclos	3
 NPassosCor	7
DeltaShunt	3.00
TetaIni	-0.10
TetaFim	0.10
I[mA]	 150.1
ACH11A	DeltaPos^2	AMP04B	AMP01B_0	AMP02A_0	AMP02B_0	AMP03A_0	AMP03B_0	AMP03C_0	AMP04A_0	AMP04B_0	AMP05A_0	AMP05B_0	AMP06A_0	AMP06B_0	AMP07A_0	AMP07B_0	AMP08A_0	AMP08B_0	AMP09A_0	AMP09B_0	AMP10A_0	AMP10B_0	AMU11A_0	AMU11B_0	AMP12A_0	AMP12B_0	AMP01A_0	AMP01B_1	AMP02A_1	AMP02B_1	AMP03A_1	AMP03B_1	AMP03C_1	AMP04A_1	AMP04B_1	AMP05A_1	AMP05B_1	AMP06A_1	AMP06B_1	AMP07A_1	AMP07B_1	AMP08A_1	AMP08B_1	AMP09A_1	AMP09B_1	AMP10A_1	AMP10B_1	AMU11A_1	AMU11B_1	AMP12A_1	AMP12B_1	AMP01A_1	
-0.1000	 1.86281230149804E-0004	-0.4493	-1.4741	0.4497	-2.0123	0.4266	-0.4618	-2.3249	-0.8080	-0.4493	-0.7889	0.5260	0.2252	-1.1683	0.2488	0.3931	-0.5025	-0.0699	-0.2109	0.2088	0.1159	-0.6873	-0.4940	-0.3993	-0.4388	-0.6663	-0.3503	-1.4829	0.4502	-2.0064	0.4429	-0.4499	-2.3228	-0.8138	-0.4520	-0.7867	0.5342	0.2351	-1.1638	0.2322	0.3814	-0.4865	-0.0570	-0.2363	0.1842	0.1309	-0.6704	-0.5147	-0.4232	-0.4292	-0.6521	-0.3529	
-0.0667	 3.39001627697771E-0004	-0.3325	-1.3766	0.5357	-2.0134	0.1724	-0.6481	-2.3583	-0.6473	-0.3325	-1.1413	0.1841	0.3703	-1.0012	-0.0073	0.0762	-0.4579	0.0523	-0.2080	0.1145	0.0320	-0.6846	-0.2307	-0.0843	-0.4818	-0.7830	-0.3458	-1.3875	0.5357	-2.0055	0.1955	-0.6314	-2.3549	-0.6552	-0.3370	-1.1381	0.1958	0.3834	-0.9954	-0.0301	0.0608	-0.4361	0.0693	-0.2427	0.0812	0.0521	-0.6621	-0.2582	-0.1164	-0.4697	-0.7642	-0.3488	
-0.0333	 5.43427426326725E-0004	-0.2142	-1.2786	0.6226	-2.0142	-0.0856	-0.8378	-2.3923	-0.4843	-0.2142	-1.4969	-0.1624	0.5165	-0.8322	-0.2674	-0.2450	-0.4127	0.1759	-0.2058	0.0183	-0.0528	-0.6817	0.0354	0.2339	-0.5254	-0.9014	-0.3420	-1.2924	0.6221	-2.0044	-0.0554	-0.8157	-2.3883	-0.4952	-0.2208	-1.4923	-0.1472	0.5331	-0.8255	-0.2956	-0.2639	-0.3853	0.1969	-0.2497	-0.0237	-0.0270	-0.6532	0.0008	0.1935	-0.5099	-0.8775	-0.3450	
0.0000	 7.93072802528013E-0004	-0.0957	-1.1819	0.7102	-2.0141	-0.3439	-1.0278	-2.4263	-0.3216	-0.0957	-1.8521	-0.5094	0.6629	-0.6630	-0.5281	-0.5668	-0.3669	0.2997	-0.2048	-0.0783	-0.1372	-0.6782	0.3004	0.5518	-0.5681	-1.0190	-0.3399	-1.1991	0.7096	-2.0023	-0.3078	-1.0019	-2.4221	-0.3346	-0.1034	-1.8470	-0.4912	0.6827	-0.6547	-0.5621	-0.5896	-0.3339	0.3251	-0.2578	-0.1290	-0.1056	-0.6438	0.2583	0.5027	-0.5494	-0.9901	-0.3436	
0.0333	 1.10658112615016E-0003	0.0232	-1.0865	0.7987	-2.0135	-0.6039	-1.2194	-2.4614	-0.1582	0.0232	-2.2073	-0.8570	0.8092	-0.4933	-0.7894	-0.8892	-0.3208	0.4236	-0.2044	-0.1754	-0.2214	-0.6746	0.5655	0.8696	-0.6108	-1.1369	-0.3386	-1.1067	0.7980	-1.9995	-0.5617	-1.1893	-2.4564	-0.1732	0.0145	-2.2014	-0.8356	0.8328	-0.4836	-0.8299	-0.9160	-0.2816	0.4536	-0.2670	-0.2351	-0.1841	-0.6340	0.5158	0.8114	-0.5888	-1.1021	-0.3436	
0.0667	 1.44053373364034E-0003	0.1431	-0.9920	0.8877	-2.0121	-0.8646	-1.4121	-2.4975	0.0051	0.1431	-2.5616	-1.2051	0.9560	-0.3231	-1.0515	-1.2121	-0.2739	0.5479	-0.2052	-0.2740	-0.3056	-0.6697	0.8294	1.1856	-0.6522	-1.2538	-0.3393	-1.0152	0.8863	-1.9966	-0.8156	-1.3772	-2.4913	-0.0124	0.1326	-2.5546	-1.1803	0.9825	-0.3124	-1.0976	-1.2427	-0.2294	0.5821	-0.2767	-0.3422	-0.2626	-0.6235	0.7731	1.1195	-0.6272	-1.2145	-0.3443	
0.1000	 1.80541737925233E-0003	0.2633	-0.8995	0.9773	-2.0094	-1.1259	-1.6060	-2.5333	0.1694	0.2633	-2.9144	-1.5529	1.1028	-0.1528	-1.3139	-1.5353	-0.2264	0.6723	-0.2077	-0.3735	-0.3884	-0.6644	1.0912	1.4986	-0.6928	-1.3699	-0.3416	-0.9242	0.9748	-1.9930	-1.0696	-1.5650	-2.5265	0.1486	0.2501	-2.9058	-1.5240	1.1329	-0.1413	-1.3652	-1.5688	-0.1765	0.7100	-0.2875	-0.4500	-0.3408	-0.6127	1.0287	1.4253	-0.6655	-1.3264	-0.3457	
