Arquivo: c:\arq\medidas\BBA_1206_074902\BBA_AMP07B_H.dat
Data: 1206	 Hora:  0829
Comentário: 
NomeParametro	 ValorParametro
Nmedias	5
PausaCorretora	3000
PausaShunt	2000
PausaLeitura	500
NumCiclos	3
 NPassosCor	7
DeltaShunt	3.00
TetaIni	-0.10
TetaFim	0.10
I[mA]	  55.0
ACH03B	DeltaPos^2	AMP07B	AMP01B_0	AMP02A_0	AMP02B_0	AMP03A_0	AMP03B_0	AMP03C_0	AMP04A_0	AMP04B_0	AMP05A_0	AMP05B_0	AMP06A_0	AMP06B_0	AMP07A_0	AMP07B_0	AMP08A_0	AMP08B_0	AMP09A_0	AMP09B_0	AMP10A_0	AMP10B_0	AMU11A_0	AMU11B_0	AMP12A_0	AMP12B_0	AMP01A_0	AMP01B_1	AMP02A_1	AMP02B_1	AMP03A_1	AMP03B_1	AMP03C_1	AMP04A_1	AMP04B_1	AMP05A_1	AMP05B_1	AMP06A_1	AMP06B_1	AMP07A_1	AMP07B_1	AMP08A_1	AMP08B_1	AMP09A_1	AMP09B_1	AMP10A_1	AMP10B_1	AMU11A_1	AMU11B_1	AMP12A_1	AMP12B_1	AMP01A_1	
-0.1000	 9.20372509999141E-0004	0.3043	-1.1302	1.0563	-1.9320	-1.3259	-1.8498	-2.8153	-0.3580	0.1541	-1.5383	-0.5153	0.2383	-0.8355	0.5544	0.3043	-0.9862	-0.2273	1.0104	1.1960	-0.5744	-1.2811	0.9795	1.4628	-0.6165	-1.3617	-0.6177	-1.0711	1.0396	-1.9565	-1.3021	-1.8136	-2.7964	-0.3532	0.1431	-1.5637	-0.5240	0.2634	-0.8235	0.4927	0.2515	-0.9801	-0.2077	1.0123	1.1822	-0.5891	-1.2819	1.0224	1.4977	-0.6429	-1.3819	-0.5614	
-0.0667	 2.52614966596416E-0004	0.0491	-1.1274	0.9329	-1.9747	-1.0021	-1.5761	-2.6902	-0.3611	0.0611	-1.6232	-0.5012	0.3606	-0.7965	0.2324	0.0491	-0.8030	-0.0762	0.6342	0.8071	-0.4434	-1.1045	0.7695	1.1832	-0.6155	-1.2663	-0.5161	-1.0967	0.9242	-1.9873	-0.9897	-1.5574	-2.6805	-0.3581	0.0557	-1.6369	-0.5064	0.3740	-0.7896	0.1996	0.0209	-0.7998	-0.0657	0.6349	0.7993	-0.4512	-1.1046	0.7917	1.2010	-0.6288	-1.2765	-0.4869	
-0.0333	 1.60256895126574E-0006	-0.2096	-1.1262	0.8082	-2.0174	-0.6747	-1.2999	-2.5641	-0.3636	-0.0318	-1.7100	-0.4883	0.4843	-0.7565	-0.0938	-0.2096	-0.6179	0.0766	0.2531	0.4122	-0.3112	-0.9255	0.5554	0.8978	-0.6135	-1.1695	-0.4150	-1.1243	0.8079	-2.0179	-0.6739	-1.2992	-2.5635	-0.3631	-0.0322	-1.7115	-0.4890	0.4858	-0.7553	-0.0972	-0.2128	-0.6177	0.0776	0.2527	0.4115	-0.3117	-0.9252	0.5564	0.8986	-0.6141	-1.1699	-0.4134	
0.0000	 1.85899404345755E-0004	-0.4701	-1.1268	0.6835	-2.0594	-0.3466	-1.0239	-2.4374	-0.3659	-0.1253	-1.7975	-0.4762	0.6085	-0.7159	-0.4212	-0.4701	-0.4319	0.2301	-0.1307	0.0154	-0.1779	-0.7454	0.3386	0.6094	-0.6108	-1.0716	-0.3154	-1.1538	0.6917	-2.0475	-0.3575	-1.0413	-2.4461	-0.3674	-0.1198	-1.7867	-0.4728	0.5982	-0.7203	-0.3953	-0.4482	-0.4343	0.2220	-0.1323	0.0207	-0.1706	-0.7446	0.3182	0.5926	-0.5979	-1.0620	-0.3413	
0.0333	 8.20742097179316E-0004	-0.7235	-1.1290	0.5629	-2.0993	-0.0288	-0.7568	-2.3155	-0.3674	-0.2151	-1.8831	-0.4658	0.7288	-0.6760	-0.7391	-0.7235	-0.2514	0.3787	-0.5028	-0.3695	-0.0483	-0.5705	0.1272	0.3285	-0.6073	-0.9758	-0.2197	-1.1847	0.5797	-2.0747	-0.0523	-0.7933	-2.3335	-0.3708	-0.2037	-1.8606	-0.4587	0.7069	-0.6856	-0.6833	-0.6765	-0.2565	0.3618	-0.5054	-0.3571	-0.0337	-0.5691	0.0851	0.2940	-0.5809	-0.9557	-0.2743	
0.0667	 1.93448383380384E-0003	-0.9794	-1.1325	0.4418	-2.1391	0.2915	-0.4879	-2.1918	-0.3686	-0.3049	-1.9709	-0.4562	0.8504	-0.6355	-1.0598	-0.9794	-0.0689	0.5291	-0.8794	-0.7590	0.0830	-0.3937	-0.0873	0.0436	-0.6032	-0.8786	-0.1246	-1.2181	0.4673	-2.1014	0.2547	-0.5441	-2.2196	-0.3739	-0.2878	-1.9357	-0.4453	0.8166	-0.6505	-0.9739	-0.9071	-0.0773	0.5025	-0.8817	-0.7386	0.1052	-0.3922	-0.1509	-0.0081	-0.5630	-0.8483	-0.2088	
0.1000	 3.51364991617955E-0003	-1.2361	-1.1372	0.3207	-2.1784	0.6108	-0.2195	-2.0679	-0.3690	-0.3949	-2.0595	-0.4474	0.9724	-0.5943	-1.3800	-1.2361	0.1135	0.6794	-1.2558	-1.1483	0.2143	-0.2168	-0.3031	-0.2426	-0.5985	-0.7811	-0.0308	-1.2516	0.3550	-2.1278	0.5605	-0.2957	-2.1058	-0.3760	-0.3718	-2.0118	-0.4329	0.9264	-0.6149	-1.2630	-1.1376	0.1016	0.6431	-1.2571	-1.1191	0.2436	-0.2150	-0.3875	-0.3105	-0.5450	-0.7407	-0.1440	
