Arquivo: c:\arq\medidas\BBA_1206_074902\BBA_AMP01B_H.dat
Data: 1206	 Hora:  0749
Comentário: 
NomeParametro	 ValorParametro
Nmedias	5
PausaCorretora	3000
PausaShunt	2000
PausaLeitura	500
NumCiclos	3
 NPassosCor	7
DeltaShunt	3.00
TetaIni	-0.10
TetaFim	0.10
I[mA]	 152.0
ACH07B	DeltaPos^2	AMP01B	AMP01B_0	AMP02A_0	AMP02B_0	AMP03A_0	AMP03B_0	AMP03C_0	AMP04A_0	AMP04B_0	AMP05A_0	AMP05B_0	AMP06A_0	AMP06B_0	AMP07A_0	AMP07B_0	AMP08A_0	AMP08B_0	AMP09A_0	AMP09B_0	AMP10A_0	AMP10B_0	AMU11A_0	AMU11B_0	AMP12A_0	AMP12B_0	AMP01A_0	AMP01B_1	AMP02A_1	AMP02B_1	AMP03A_1	AMP03B_1	AMP03C_1	AMP04A_1	AMP04B_1	AMP05A_1	AMP05B_1	AMP06A_1	AMP06B_1	AMP07A_1	AMP07B_1	AMP08A_1	AMP08B_1	AMP09A_1	AMP09B_1	AMP10A_1	AMP10B_1	AMU11A_1	AMU11B_1	AMP12A_1	AMP12B_1	AMP01A_1	
-0.1000	 4.24532790650649E-0003	0.1099	0.1099	0.3402	-2.5610	0.1237	-0.2583	-2.0132	-0.1920	-0.3291	-2.4694	-0.7713	1.2159	-0.3822	-1.8949	-1.7925	-0.2206	0.7522	-0.1583	-0.4111	-0.4702	-0.6879	1.2465	1.3275	-1.1628	-1.4741	0.8940	0.0152	0.3422	-2.5300	0.1526	-0.2605	-2.0279	-0.2320	-0.3407	-2.3639	-0.6846	1.1564	-0.4323	-1.7677	-1.6616	-0.2654	0.6932	-0.0897	-0.3145	-0.4715	-0.7207	1.2189	1.3258	-1.1199	-1.4599	0.7846	
-0.0667	 1.45908914760147E-0003	-0.3185	-0.3185	0.4715	-2.3785	-0.0659	-0.5444	-2.1600	-0.2216	-0.2400	-2.2937	-0.7150	1.0379	-0.4664	-1.4517	-1.4045	-0.2809	0.6017	-0.1457	-0.2824	-0.3744	-0.6980	0.9573	1.1003	-0.9711	-1.3376	0.4778	-0.3731	0.4722	-2.3607	-0.0489	-0.5456	-2.1679	-0.2458	-0.2478	-2.2313	-0.6637	1.0028	-0.4960	-1.3777	-1.3275	-0.3074	0.5667	-0.1050	-0.2254	-0.3757	-0.7175	0.9416	1.0996	-0.9467	-1.3299	0.4145	
-0.0333	 1.08201346239991E-0004	-0.7531	-0.7531	0.6043	-2.1925	-0.2570	-0.8332	-2.3080	-0.2530	-0.1517	-2.1140	-0.6573	0.8573	-0.5520	-1.0020	-1.0103	-0.3414	0.4485	-0.1339	-0.1530	-0.2767	-0.7079	0.6617	0.8677	-0.7770	-1.1988	0.0552	-0.7666	0.6037	-2.1884	-0.2519	-0.8334	-2.3092	-0.2598	-0.1540	-2.0964	-0.6423	0.8475	-0.5605	-0.9821	-0.9896	-0.3489	0.4388	-0.1223	-0.1369	-0.2776	-0.7135	0.6582	0.8680	-0.7706	-1.1971	0.0388	
0.0000	 3.03073960232331E-0004	-1.1895	-1.1895	0.7370	-2.0060	-0.4506	-1.1245	-2.4560	-0.2836	-0.0614	-1.9333	-0.6001	0.6754	-0.6382	-0.5493	-0.6148	-0.4021	0.2947	-0.1230	-0.0238	-0.1782	-0.7173	0.3638	0.6327	-0.5814	-1.0593	-0.3709	-1.1630	0.7356	-2.0150	-0.4560	-1.1220	-2.4504	-0.2727	-0.0586	-1.9607	-0.6213	0.6913	-0.6251	-0.5836	-0.6498	-0.3905	0.3105	-0.1406	-0.0489	-0.1784	-0.7087	0.3722	0.6340	-0.5930	-1.0633	-0.3401	
0.0333	 2.07314064616619E-0003	-1.6268	-1.6268	0.8703	-1.8186	-0.6436	-1.4148	-2.6042	-0.3144	0.0280	-1.7517	-0.5424	0.4926	-0.7245	-0.0950	-0.2176	-0.4625	0.1406	-0.1133	0.1051	-0.0792	-0.7262	0.0635	0.3951	-0.3849	-0.9183	-0.7992	-1.5594	0.8682	-1.8405	-0.6607	-1.4107	-2.5922	-0.2860	0.0360	-1.8252	-0.6006	0.5347	-0.6895	-0.1840	-0.3093	-0.4315	0.1822	-0.1602	0.0380	-0.0789	-0.7035	0.0840	0.3975	-0.4149	-0.9283	-0.7215	
0.0667	 5.41973888369193E-0003	-2.0645	-2.0645	1.0038	-1.6302	-0.8378	-1.7057	-2.7528	-0.3453	0.1182	-1.5695	-0.4848	0.3095	-0.8109	0.3587	0.1787	-0.5222	-0.0136	-0.1058	0.2322	0.0211	-0.7340	-0.2396	0.1545	-0.1884	-0.7770	-1.2294	-1.9557	1.0003	-1.6656	-0.8657	-1.6993	-2.7337	-0.2998	0.1310	-1.6893	-0.5798	0.3778	-0.7542	0.2154	0.0313	-0.4714	0.0540	-0.1818	0.1240	0.0215	-0.6973	-0.2061	0.1586	-0.2361	-0.7927	-1.1037	
0.1000	 1.03432779779773E-0002	-2.4996	-2.4996	1.1373	-1.4412	-1.0317	-1.9956	-2.9008	-0.3763	0.2079	-1.3878	-0.4281	0.1262	-0.8969	0.8126	0.5747	-0.5809	-0.1673	-0.1001	0.3572	0.1220	-0.7410	-0.5445	-0.0876	0.0091	-0.6341	-1.6588	-2.3513	1.1332	-1.4897	-1.0714	-1.9880	-2.8750	-0.3134	0.2255	-1.5539	-0.5600	0.2209	-0.8181	0.6139	0.3706	-0.5112	-0.0739	-0.2044	0.2082	0.1225	-0.6906	-0.4976	-0.0816	-0.0567	-0.6566	-1.4854	
