Arquivo: c:\arq\medidas\BBA_1206_074902\BBA_AMP07A_H.dat
Data: 1206	 Hora:  0826
Comentário: 
NomeParametro	 ValorParametro
Nmedias	5
PausaCorretora	3000
PausaShunt	2000
PausaLeitura	500
NumCiclos	3
 NPassosCor	7
DeltaShunt	3.00
TetaIni	-0.10
TetaFim	0.10
I[mA]	  84.8
ACH01B	DeltaPos^2	AMP07A	AMP01B_0	AMP02A_0	AMP02B_0	AMP03A_0	AMP03B_0	AMP03C_0	AMP04A_0	AMP04B_0	AMP05A_0	AMP05B_0	AMP06A_0	AMP06B_0	AMP07A_0	AMP07B_0	AMP08A_0	AMP08B_0	AMP09A_0	AMP09B_0	AMP10A_0	AMP10B_0	AMU11A_0	AMU11B_0	AMP12A_0	AMP12B_0	AMP01A_0	AMP01B_1	AMP02A_1	AMP02B_1	AMP03A_1	AMP03B_1	AMP03C_1	AMP04A_1	AMP04B_1	AMP05A_1	AMP05B_1	AMP06A_1	AMP06B_1	AMP07A_1	AMP07B_1	AMP08A_1	AMP08B_1	AMP09A_1	AMP09B_1	AMP10A_1	AMP10B_1	AMU11A_1	AMU11B_1	AMP12A_1	AMP12B_1	AMP01A_1	
-0.1000	 6.20101364562651E-0003	0.7730	-2.0071	0.6827	-1.7687	-0.0220	-0.9980	-2.5544	-0.7428	-0.2510	-0.8059	0.3264	0.0469	-1.1798	0.7730	0.7454	-0.8601	-0.3243	0.5476	0.9453	-0.2035	-1.0603	0.1177	0.6350	-0.2171	-0.9508	-1.3359	-1.8598	0.6272	-1.8358	0.0706	-0.8777	-2.4994	-0.7492	-0.2945	-0.8334	0.3415	0.0949	-1.1677	0.6394	0.5923	-0.8265	-0.2612	0.5156	0.8721	-0.2282	-1.0447	0.2039	0.6946	-0.2842	-0.9920	-1.1827	
-0.0667	 2.86979878973902E-0003	0.3605	-1.7257	0.6780	-1.8614	-0.1058	-0.9879	-2.5076	-0.6184	-0.2141	-1.1334	0.0686	0.2401	-1.0249	0.3605	0.3320	-0.7052	-0.1302	0.2993	0.6140	-0.1830	-0.9413	0.1718	0.6040	-0.3401	-0.9786	-1.0010	-1.6251	0.6397	-1.9075	-0.0425	-0.9060	-2.4702	-0.6229	-0.2440	-1.1516	0.0793	0.2724	-1.0170	0.2700	0.2282	-0.6824	-0.0875	0.2777	0.5647	-0.1998	-0.9313	0.2306	0.6447	-0.3861	-1.0069	-0.8969	
-0.0333	 7.83723710472435E-0004	-0.0564	-1.4413	0.6728	-1.9552	-0.1913	-0.9791	-2.4608	-0.4924	-0.1767	-1.4639	-0.1925	0.4351	-0.8684	-0.0564	-0.0855	-0.5483	0.0655	0.0478	0.2788	-0.1616	-0.8218	0.2259	0.5720	-0.4649	-1.0070	-0.6622	-1.3885	0.6526	-1.9795	-0.1577	-0.9358	-2.4414	-0.4956	-0.1931	-1.4728	-0.1865	0.4516	-0.8645	-0.1035	-0.1394	-0.5368	0.0874	0.0365	0.2534	-0.1707	-0.8167	0.2565	0.5931	-0.4892	-1.0220	-0.6081	
0.0000	 9.85664530440107E-0006	-0.4758	-1.1574	0.6691	-2.0484	-0.2793	-0.9723	-2.4152	-0.3654	-0.1386	-1.7958	-0.4562	0.6307	-0.7105	-0.4758	-0.5057	-0.3905	0.2623	-0.2052	-0.0587	-0.1392	-0.7007	0.2776	0.5375	-0.5891	-1.0341	-0.3246	-1.1510	0.6658	-2.0520	-0.2746	-0.9671	-2.4131	-0.3673	-0.1416	-1.7953	-0.4547	0.6309	-0.7113	-0.4784	-0.5094	-0.3910	0.2626	-0.2054	-0.0600	-0.1415	-0.7020	0.2815	0.5404	-0.5927	-1.0371	-0.3185	
0.0333	 5.64749721637640E-0004	-0.8962	-0.8699	0.6640	-2.1435	-0.3671	-0.9650	-2.3690	-0.2393	-0.1012	-2.1279	-0.7208	0.8259	-0.5528	-0.8962	-0.9272	-0.2331	0.4580	-0.4600	-0.3973	-0.1176	-0.5804	0.3299	0.5030	-0.7152	-1.0627	0.0153	-0.9148	0.6805	-2.1231	-0.3944	-1.0013	-2.3855	-0.2375	-0.0881	-2.1186	-0.7245	0.8111	-0.5564	-0.8551	-0.8816	-0.2436	0.4393	-0.4503	-0.3752	-0.1103	-0.5853	0.3036	0.4848	-0.6948	-1.0504	-0.0305	
0.0667	 2.54610174684949E-0003	-1.3164	-0.5878	0.6625	-2.2344	-0.4586	-0.9621	-2.3239	-0.1104	-0.0602	-2.4592	-0.9868	1.0221	-0.3931	-1.3164	-1.3487	-0.0734	0.6555	-0.7174	-0.7382	-0.0928	-0.4574	0.3778	0.4640	-0.8373	-1.0874	0.3501	-0.6830	0.6979	-2.1907	-0.5167	-1.0391	-2.3593	-0.1065	-0.0324	-2.4395	-0.9946	0.9916	-0.4007	-1.2301	-1.2515	-0.0946	0.6164	-0.6968	-0.6912	-0.0768	-0.4667	0.3216	0.4252	-0.7937	-1.0605	0.2523	
0.1000	 5.96516682443387E-0003	-1.7364	-0.3081	0.6628	-2.3232	-0.5529	-0.9620	-2.2798	0.0197	-0.0179	-2.7903	-1.2533	1.2189	-0.2324	-1.7364	-1.7698	0.0873	0.8535	-0.9760	-1.0797	-0.0667	-0.3327	0.4232	0.4228	-0.9579	-1.1103	0.6831	-0.4541	0.7170	-2.2565	-0.6404	-1.0788	-2.3337	0.0255	0.0242	-2.7596	-1.2647	1.1720	-0.2439	-1.6043	-1.6216	0.0551	0.7933	-0.9450	-1.0079	-0.0418	-0.3467	0.3364	0.3632	-0.8913	-1.0688	0.5323	
