Arquivo: c:\arq\medidas\BBA_1206_074902\BBA_AMP09B_H.dat
Data: 1206	 Hora:  0841
Comentário: 
NomeParametro	 ValorParametro
Nmedias	5
PausaCorretora	3000
PausaShunt	2000
PausaLeitura	500
NumCiclos	3
 NPassosCor	7
DeltaShunt	3.00
TetaIni	-0.10
TetaFim	0.10
I[mA]	  36.6
ACH05B	DeltaPos^2	AMP09B	AMP01B_0	AMP02A_0	AMP02B_0	AMP03A_0	AMP03B_0	AMP03C_0	AMP04A_0	AMP04B_0	AMP05A_0	AMP05B_0	AMP06A_0	AMP06B_0	AMP07A_0	AMP07B_0	AMP08A_0	AMP08B_0	AMP09A_0	AMP09B_0	AMP10A_0	AMP10B_0	AMU11A_0	AMU11B_0	AMP12A_0	AMP12B_0	AMP01A_0	AMP01B_1	AMP02A_1	AMP02B_1	AMP03A_1	AMP03B_1	AMP03C_1	AMP04A_1	AMP04B_1	AMP05A_1	AMP05B_1	AMP06A_1	AMP06B_1	AMP07A_1	AMP07B_1	AMP08A_1	AMP08B_1	AMP09A_1	AMP09B_1	AMP10A_1	AMP10B_1	AMU11A_1	AMU11B_1	AMP12A_1	AMP12B_1	AMP01A_1	
-0.1000	 1.02027217185777E-0003	0.5354	-0.2860	0.6597	-2.3440	-0.5899	-0.9937	-2.2928	0.0027	-0.0194	-2.7706	-1.2658	0.6836	-0.4193	-0.3458	-0.6577	-0.6828	0.2016	0.5768	0.5354	-0.6272	-1.0789	1.3230	1.6110	-0.9981	-1.5356	0.3070	-0.2366	0.6320	-2.3697	-0.5348	-0.9338	-2.2666	-0.0111	-0.0444	-2.7540	-1.2345	0.6900	-0.4275	-0.3748	-0.6711	-0.6581	0.2141	0.5188	0.4848	-0.6282	-1.0630	1.3380	1.6136	-1.0213	-1.5433	0.3650	
-0.0667	 5.05857805990016E-0004	0.3628	-0.5493	0.6595	-2.2600	-0.5002	-0.9933	-2.3343	-0.1201	-0.0597	-2.4574	-1.0088	0.6585	-0.5159	-0.3722	-0.5995	-0.6023	0.2093	0.3429	0.3628	-0.4839	-0.9720	1.0073	1.2885	-0.8799	-1.3904	0.1151	-0.5149	0.6398	-2.2780	-0.4606	-0.9507	-2.3154	-0.1303	-0.0775	-2.4450	-0.9860	0.6622	-0.5220	-0.3917	-0.6079	-0.5851	0.2173	0.3025	0.3281	-0.4851	-0.9613	1.0189	1.2915	-0.8965	-1.3960	0.1557	
-0.0333	 1.66328572157510E-0004	0.1887	-0.8164	0.6597	-2.1743	-0.4104	-0.9937	-2.3766	-0.2437	-0.1001	-2.1406	-0.7495	0.6328	-0.6131	-0.3989	-0.5410	-0.5202	0.2170	0.1068	0.1887	-0.3395	-0.8638	0.6878	0.9618	-0.7600	-1.2436	-0.0797	-0.7968	0.6482	-2.1847	-0.3870	-0.9692	-2.3648	-0.2495	-0.1104	-2.1321	-0.7354	0.6344	-0.6171	-0.4090	-0.5444	-0.5107	0.2208	0.0840	0.1698	-0.3405	-0.8583	0.6951	0.9645	-0.7696	-1.2466	-0.0565	
0.0000	 1.38358515676589E-0005	0.0137	-1.0840	0.6603	-2.0884	-0.3207	-0.9946	-2.4193	-0.3681	-0.1405	-1.8215	-0.4897	0.6073	-0.7106	-0.4258	-0.4820	-0.4384	0.2246	-0.1299	0.0137	-0.1951	-0.7558	0.3664	0.6330	-0.6395	-1.0967	-0.2763	-1.0797	0.6568	-2.0910	-0.3128	-0.9876	-2.4143	-0.3700	-0.1432	-1.8172	-0.4842	0.6063	-0.7127	-0.4264	-0.4808	-0.4368	0.2241	-0.1351	0.0107	-0.1966	-0.7557	0.3697	0.6358	-0.6427	-1.0978	-0.2706	
0.0333	 4.11539187220672E-0005	-0.1626	-1.3540	0.6610	-2.0012	-0.2317	-0.9970	-2.4622	-0.4927	-0.1803	-1.4992	-0.2282	0.5816	-0.8085	-0.4532	-0.4236	-0.3560	0.2326	-0.3683	-0.1626	-0.0496	-0.6469	0.0417	0.3006	-0.5180	-0.9481	-0.4758	-1.3646	0.6655	-1.9963	-0.2389	-1.0070	-2.4643	-0.4909	-0.1756	-1.4987	-0.2313	0.5781	-0.8087	-0.4445	-0.4175	-0.3617	0.2278	-0.3562	-0.1496	-0.0513	-0.6517	0.0409	0.3033	-0.5143	-0.9469	-0.4875	
0.0667	 2.48597583102075E-0004	-0.3400	-1.6281	0.6624	-1.9130	-0.1416	-0.9997	-2.5062	-0.6186	-0.2201	-1.1727	0.0359	0.5557	-0.9074	-0.4803	-0.3643	-0.2732	0.2407	-0.6093	-0.3400	0.0977	-0.5366	-0.2871	-0.0356	-0.3947	-0.7978	-0.6790	-1.6528	0.6747	-1.9005	-0.1650	-1.0279	-2.5152	-0.6128	-0.2084	-1.1764	0.0242	0.5496	-0.9058	-0.4626	-0.3534	-0.2867	0.2311	-0.5793	-0.3115	0.0954	-0.5471	-0.2919	-0.0328	-0.3844	-0.7945	-0.7080	
0.1000	 6.47145509925021E-0004	-0.5146	-1.8956	0.6633	-1.8261	-0.0533	-1.0023	-2.5498	-0.7424	-0.2597	-0.8523	0.2947	0.5302	-1.0045	-0.5076	-0.3067	-0.1920	0.2483	-0.8455	-0.5146	0.2410	-0.4289	-0.6093	-0.3662	-0.2738	-0.6507	-0.8788	-1.9362	0.6843	-1.8058	-0.0932	-1.0482	-2.5659	-0.7327	-0.2403	-0.8602	0.2740	0.5220	-1.0006	-0.4802	-0.2909	-0.2127	0.2349	-0.7981	-0.4705	0.2386	-0.4447	-0.6186	-0.3638	-0.2565	-0.6450	-0.9256	
