Arquivo: c:\arq\medidas\BBA_1206_074902\BBA_AMP03A_V.dat
Data: 1206	 Hora:  0759
Comentário: 
NomeParametro	 ValorParametro
Nmedias	5
PausaCorretora	3000
PausaShunt	2000
PausaLeitura	500
NumCiclos	3
 NPassosCor	7
DeltaShunt	3.00
TetaIni	-0.10
TetaFim	0.10
I[mA]	 151.0
ACV09A	DeltaPos^2	AMP03A	AMP01B_0	AMP02A_0	AMP02B_0	AMP03A_0	AMP03B_0	AMP03C_0	AMP04A_0	AMP04B_0	AMP05A_0	AMP05B_0	AMP06A_0	AMP06B_0	AMP07A_0	AMP07B_0	AMP08A_0	AMP08B_0	AMP09A_0	AMP09B_0	AMP10A_0	AMP10B_0	AMU11A_0	AMU11B_0	AMP12A_0	AMP12B_0	AMP01A_0	AMP01B_1	AMP02A_1	AMP02B_1	AMP03A_1	AMP03B_1	AMP03C_1	AMP04A_1	AMP04B_1	AMP05A_1	AMP05B_1	AMP06A_1	AMP06B_1	AMP07A_1	AMP07B_1	AMP08A_1	AMP08B_1	AMP09A_1	AMP09B_1	AMP10A_1	AMP10B_1	AMU11A_1	AMU11B_1	AMP12A_1	AMP12B_1	AMP01A_1	
-0.1000	 3.24446259949204E-0003	-0.3881	-0.1567	-0.1796	-0.1811	-0.3881	2.7644	1.9825	1.1219	0.0919	1.0910	0.1844	0.7487	-0.4733	0.7799	0.0622	0.6134	-0.6770	-0.8277	0.4320	1.0519	1.2518	1.4674	0.7707	0.3851	0.6101	0.4626	-0.1865	-0.2227	-0.2454	-0.4722	2.7894	2.0682	1.1704	0.1538	1.1585	0.0896	0.6883	-0.4761	0.8123	0.0911	0.6089	-0.7355	-0.9192	0.5043	1.1122	1.2961	1.4864	0.7058	0.3474	0.6384	0.5297	
-0.0667	 1.43403565092195E-0003	-0.0908	-0.1870	-0.1203	0.0202	-0.0908	2.5633	1.4819	0.9099	-0.0231	1.0374	0.4120	0.8446	-0.5944	0.5217	0.1645	0.7522	-0.4716	-0.5641	0.3012	0.8994	1.0583	1.3164	1.0040	0.5662	0.6027	0.3414	-0.2056	-0.1483	-0.0227	-0.1472	2.5786	1.5386	0.9420	0.0183	1.0832	0.3482	0.8041	-0.5967	0.5427	0.1844	0.7495	-0.5106	-0.6250	0.3485	0.9389	1.0878	1.3295	0.9607	0.5405	0.6209	0.3851	
-0.0333	 3.48119156186794E-0004	0.2099	-0.2175	-0.0606	0.2239	0.2099	2.3582	0.9738	0.6951	-0.1394	0.9836	0.6411	0.9416	-0.7166	0.2604	0.2679	0.8929	-0.2637	-0.2973	0.1686	0.7443	0.8613	1.1636	1.2392	0.7492	0.5960	0.2193	-0.2265	-0.0744	0.2027	0.1816	2.3653	1.0015	0.7109	-0.1189	1.0059	0.6099	0.9216	-0.7179	0.2710	0.2775	0.8910	-0.2830	-0.3274	0.1921	0.7637	0.8762	1.1701	1.2176	0.7366	0.6044	0.2402	
0.0000	 2.24099264329367E-0006	0.5125	-0.2503	-0.0016	0.4279	0.5125	2.1517	0.4609	0.4790	-0.2565	0.9287	0.8721	1.0399	-0.8390	-0.0020	0.3707	1.0337	-0.0543	-0.0287	0.0355	0.5883	0.6627	1.0095	1.4760	0.9345	0.5899	0.0979	-0.2483	0.0001	0.4292	0.5131	2.1490	0.4576	0.4776	-0.2572	0.9276	0.8732	1.0404	-0.8397	-0.0031	0.3709	1.0342	-0.0534	-0.0277	0.0335	0.5871	0.6626	1.0096	1.4770	0.9344	0.5883	0.0947	
0.0333	 4.47102623950641E-0004	0.8203	-0.2836	0.0584	0.6355	0.8203	1.9406	-0.0617	0.2587	-0.3754	0.8729	1.1073	1.1396	-0.9634	-0.2693	0.4756	1.1767	0.1587	0.2451	-0.0994	0.4301	0.4607	0.8516	1.7171	1.1225	0.5842	-0.0253	-0.2714	0.0751	0.6594	0.8500	1.9287	-0.0958	0.2403	-0.3974	0.8486	1.1415	1.1613	-0.9632	-0.2817	0.4653	1.1784	0.1803	0.2778	-0.1269	0.4074	0.4448	0.8452	1.7402	1.1355	0.5723	-0.0523	
0.0667	 1.67311993122678E-0003	1.1271	-0.3184	0.1180	0.8429	1.1271	1.7295	-0.5848	0.0388	-0.4939	0.8173	1.3422	1.2398	-1.0878	-0.5365	0.5799	1.3195	0.3715	0.5185	-0.2337	0.2720	0.2580	0.6927	1.9576	1.3110	0.5790	-0.1480	-0.2958	0.1499	0.8889	1.1857	1.7079	-0.6494	0.0031	-0.5375	0.7697	1.4089	1.2815	-1.0867	-0.5602	0.5594	1.3231	0.4134	0.5828	-0.2865	0.2280	0.2264	0.6793	2.0027	1.3363	0.5569	-0.1983	
0.1000	 3.75225616477402E-0003	1.4404	-0.3549	0.1786	1.0556	1.4404	1.5119	-1.1207	-0.1869	-0.6161	0.7602	1.5831	1.3416	-1.2149	-0.8110	0.6870	1.4658	0.5900	0.7991	-0.3716	0.1100	0.0491	0.5285	2.2037	1.5042	0.5741	-0.2730	-0.3215	0.2259	1.1247	1.5285	1.4802	-1.2169	-0.2400	-0.6819	0.6885	1.6827	1.4048	-1.2130	-0.8463	0.6564	1.4712	0.6527	0.8957	-0.4504	0.0439	0.0023	0.5088	2.2715	1.5431	0.5415	-0.3480	
