# ARAUCARIA1 KICKMAP 
# Author: Ximenes R. Resende @ LNLS, Date: 08-Jan-2013 21:40:30
# ID Length [m]
3.0000
# Number of Horizontal Points
81 
# Number of Vertical Points
17 
# Horizontal KickTable in T2m2
START
            -0.03000000 -0.02925000 -0.02850000 -0.02775000 -0.02700000 -0.02625000 -0.02550000 -0.02475000 -0.02400000 -0.02325000 -0.02250000 -0.02175000 -0.02100000 -0.02025000 -0.01950000 -0.01875000 -0.01800000 -0.01725000 -0.01650000 -0.01575000 -0.01500000 -0.01425000 -0.01350000 -0.01275000 -0.01200000 -0.01125000 -0.01050000 -0.00975000 -0.00900000 -0.00825000 -0.00750000 -0.00675000 -0.00600000 -0.00525000 -0.00450000 -0.00375000 -0.00300000 -0.00225000 -0.00150000 -0.00075000 +0.00000000 +0.00075000 +0.00150000 +0.00225000 +0.00300000 +0.00375000 +0.00450000 +0.00525000 +0.00600000 +0.00675000 +0.00750000 +0.00825000 +0.00900000 +0.00975000 +0.01050000 +0.01125000 +0.01200000 +0.01275000 +0.01350000 +0.01425000 +0.01500000 +0.01575000 +0.01650000 +0.01725000 +0.01800000 +0.01875000 +0.01950000 +0.02025000 +0.02100000 +0.02175000 +0.02250000 +0.02325000 +0.02400000 +0.02475000 +0.02550000 +0.02625000 +0.02700000 +0.02775000 +0.02850000 +0.02925000 +0.03000000 
+0.00490000 -5.874E-004 -5.371E-004 -4.846E-004 -4.366E-004 -3.929E-004 -3.531E-004 -3.172E-004 -2.847E-004 -2.555E-004 -2.292E-004 -2.055E-004 -1.843E-004 -1.652E-004 -1.481E-004 -1.327E-004 -1.190E-004 -1.066E-004 -9.551E-005 -8.556E-005 -7.662E-005 -6.858E-005 -6.136E-005 -5.485E-005 -4.899E-005 -4.370E-005 -3.892E-005 -3.459E-005 -3.066E-005 -2.709E-005 -2.383E-005 -2.083E-005 -1.808E-005 -1.553E-005 -1.315E-005 -1.091E-005 -8.777E-006 -6.697E-006 -4.665E-006 -5.660E-007 +3.239E-005 +0.000E+000 -3.239E-005 +5.660E-007 +4.665E-006 +6.697E-006 +8.777E-006 +1.091E-005 +1.315E-005 +1.553E-005 +1.808E-005 +2.083E-005 +2.383E-005 +2.709E-005 +3.066E-005 +3.459E-005 +3.892E-005 +4.370E-005 +4.899E-005 +5.485E-005 +6.136E-005 +6.858E-005 +7.662E-005 +8.556E-005 +9.551E-005 +1.066E-004 +1.190E-004 +1.327E-004 +1.481E-004 +1.652E-004 +1.843E-004 +2.055E-004 +2.292E-004 +2.555E-004 +2.847E-004 +3.172E-004 +3.531E-004 +3.929E-004 +4.366E-004 +4.846E-004 +5.371E-004 +5.874E-004 
+0.00428750 -6.012E-004 -5.468E-004 -4.907E-004 -4.400E-004 -3.943E-004 -3.532E-004 -3.162E-004 -2.830E-004 -2.533E-004 -2.267E-004 -2.029E-004 -1.816E-004 -1.625E-004 -1.454E-004 -1.302E-004 -1.165E-004 -1.043E-004 -9.335E-005 -8.354E-005 -7.474E-005 -6.685E-005 -5.976E-005 -5.339E-005 -4.765E-005 -4.248E-005 -3.781E-005 -3.358E-005 -2.975E-005 -2.627E-005 -2.309E-005 -2.017E-005 -1.749E-005 -1.500E-005 -1.267E-005 -1.046E-005 -8.316E-006 -6.142E-006 -3.440E-006 +6.184E-008 +5.599E-006 +0.000E+000 -5.599E-006 -6.184E-008 +3.440E-006 +6.142E-006 +8.316E-006 +1.046E-005 +1.267E-005 +1.500E-005 +1.749E-005 +2.017E-005 +2.309E-005 +2.627E-005 +2.975E-005 +3.358E-005 +3.781E-005 +4.248E-005 +4.765E-005 +5.339E-005 +5.976E-005 +6.685E-005 +7.474E-005 +8.354E-005 +9.335E-005 +1.043E-004 +1.165E-004 +1.302E-004 +1.454E-004 +1.625E-004 +1.816E-004 +2.029E-004 +2.267E-004 +2.533E-004 +2.830E-004 +3.162E-004 +3.532E-004 +3.943E-004 +4.400E-004 +4.907E-004 +5.468E-004 +6.012E-004 
+0.00367500 -6.171E-004 -5.589E-004 -4.992E-004 -4.457E-004 -3.980E-004 -3.553E-004 -3.172E-004 -2.832E-004 -2.529E-004 -2.259E-004 -2.018E-004 -1.803E-004 -1.611E-004 -1.440E-004 -1.287E-004 -1.151E-004 -1.029E-004 -9.202E-005 -8.228E-005 -7.355E-005 -6.574E-005 -5.872E-005 -5.243E-005 -4.676E-005 -4.166E-005 -3.706E-005 -3.291E-005 -2.914E-005 -2.571E-005 -2.259E-005 -1.972E-005 -1.708E-005 -1.463E-005 -1.234E-005 -1.015E-005 -8.025E-006 -5.854E-006 -3.385E-006 -2.654E-007 +1.034E-006 +0.000E+000 -1.034E-006 +2.654E-007 +3.385E-006 +5.854E-006 +8.025E-006 +1.015E-005 +1.234E-005 +1.463E-005 +1.708E-005 +1.972E-005 +2.259E-005 +2.571E-005 +2.914E-005 +3.291E-005 +3.706E-005 +4.166E-005 +4.676E-005 +5.243E-005 +5.872E-005 +6.574E-005 +7.355E-005 +8.228E-005 +9.202E-005 +1.029E-004 +1.151E-004 +1.287E-004 +1.440E-004 +1.611E-004 +1.803E-004 +2.018E-004 +2.259E-004 +2.529E-004 +2.832E-004 +3.172E-004 +3.553E-004 +3.980E-004 +4.457E-004 +4.992E-004 +5.589E-004 +6.171E-004 
+0.00306250 -6.306E-004 -5.690E-004 -5.062E-004 -4.505E-004 -4.010E-004 -3.570E-004 -3.179E-004 -2.833E-004 -2.525E-004 -2.251E-004 -2.007E-004 -1.791E-004 -1.599E-004 -1.427E-004 -1.274E-004 -1.138E-004 -1.017E-004 -9.086E-005 -8.118E-005 -7.252E-005 -6.477E-005 -5.783E-005 -5.160E-005 -4.600E-005 -4.097E-005 -3.643E-005 -3.232E-005 -2.861E-005 -2.523E-005 -2.216E-005 -1.934E-005 -1.674E-005 -1.433E-005 -1.207E-005 -9.922E-006 -7.842E-006 -5.768E-006 -3.633E-006 -1.486E-006 -1.157E-007 +0.000E+000 +1.157E-007 +1.486E-006 +3.633E-006 +5.768E-006 +7.842E-006 +9.922E-006 +1.207E-005 +1.433E-005 +1.674E-005 +1.934E-005 +2.216E-005 +2.523E-005 +2.861E-005 +3.232E-005 +3.643E-005 +4.097E-005 +4.600E-005 +5.160E-005 +5.783E-005 +6.477E-005 +7.252E-005 +8.118E-005 +9.086E-005 +1.017E-004 +1.138E-004 +1.274E-004 +1.427E-004 +1.599E-004 +1.791E-004 +2.007E-004 +2.251E-004 +2.525E-004 +2.833E-004 +3.179E-004 +3.570E-004 +4.010E-004 +4.505E-004 +5.062E-004 +5.690E-004 +6.306E-004 
+0.00245000 -6.414E-004 -5.772E-004 -5.118E-004 -4.542E-004 -4.033E-004 -3.583E-004 -3.185E-004 -2.832E-004 -2.520E-004 -2.244E-004 -1.999E-004 -1.781E-004 -1.588E-004 -1.416E-004 -1.264E-004 -1.128E-004 -1.007E-004 -8.989E-005 -8.026E-005 -7.166E-005 -6.397E-005 -5.708E-005 -5.091E-005 -4.537E-005 -4.038E-005 -3.590E-005 -3.184E-005 -2.817E-005 -2.484E-005 -2.180E-005 -1.902E-005 -1.646E-005 -1.408E-005 -1.186E-005 -9.755E-006 -7.739E-006 -5.781E-006 -3.882E-006 -2.143E-006 -7.516E-007 +0.000E+000 +7.516E-007 +2.143E-006 +3.882E-006 +5.781E-006 +7.739E-006 +9.755E-006 +1.186E-005 +1.408E-005 +1.646E-005 +1.902E-005 +2.180E-005 +2.484E-005 +2.817E-005 +3.184E-005 +3.590E-005 +4.038E-005 +4.537E-005 +5.091E-005 +5.708E-005 +6.397E-005 +7.166E-005 +8.026E-005 +8.989E-005 +1.007E-004 +1.128E-004 +1.264E-004 +1.416E-004 +1.588E-004 +1.781E-004 +1.999E-004 +2.244E-004 +2.520E-004 +2.832E-004 +3.185E-004 +3.583E-004 +4.033E-004 +4.542E-004 +5.118E-004 +5.772E-004 +6.414E-004 
+0.00183750 -6.498E-004 -5.834E-004 -5.162E-004 -4.571E-004 -4.051E-004 -3.592E-004 -3.188E-004 -2.831E-004 -2.516E-004 -2.238E-004 -1.991E-004 -1.773E-004 -1.579E-004 -1.407E-004 -1.255E-004 -1.119E-004 -9.986E-005 -8.911E-005 -7.953E-005 -7.097E-005 -6.333E-005 -5.649E-005 -5.036E-005 -4.487E-005 -3.993E-005 -3.548E-005 -3.146E-005 -2.783E-005 -2.453E-005 -2.152E-005 -1.877E-005 -1.624E-005 -1.389E-005 -1.170E-005 -9.639E-006 -7.682E-006 -5.817E-006 -4.055E-006 -2.450E-006 -9.879E-007 +0.000E+000 +9.879E-007 +2.450E-006 +4.055E-006 +5.817E-006 +7.682E-006 +9.639E-006 +1.170E-005 +1.389E-005 +1.624E-005 +1.877E-005 +2.152E-005 +2.453E-005 +2.783E-005 +3.146E-005 +3.548E-005 +3.993E-005 +4.487E-005 +5.036E-005 +5.649E-005 +6.333E-005 +7.097E-005 +7.953E-005 +8.911E-005 +9.986E-005 +1.119E-004 +1.255E-004 +1.407E-004 +1.579E-004 +1.773E-004 +1.991E-004 +2.238E-004 +2.516E-004 +2.831E-004 +3.188E-004 +3.592E-004 +4.051E-004 +4.571E-004 +5.162E-004 +5.834E-004 +6.498E-004 
+0.00122500 -6.556E-004 -5.878E-004 -5.192E-004 -4.591E-004 -4.063E-004 -3.599E-004 -3.190E-004 -2.831E-004 -2.513E-004 -2.233E-004 -1.986E-004 -1.767E-004 -1.573E-004 -1.401E-004 -1.249E-004 -1.113E-004 -9.927E-005 -8.855E-005 -7.900E-005 -7.048E-005 -6.287E-005 -5.606E-005 -4.997E-005 -4.451E-005 -3.960E-005 -3.518E-005 -3.119E-005 -2.758E-005 -2.431E-005 -2.132E-005 -1.859E-005 -1.608E-005 -1.376E-005 -1.159E-005 -9.563E-006 -7.650E-006 -5.846E-006 -4.156E-006 -2.599E-006 -1.091E-006 +0.000E+000 +1.091E-006 +2.599E-006 +4.156E-006 +5.846E-006 +7.650E-006 +9.563E-006 +1.159E-005 +1.376E-005 +1.608E-005 +1.859E-005 +2.132E-005 +2.431E-005 +2.758E-005 +3.119E-005 +3.518E-005 +3.960E-005 +4.451E-005 +4.997E-005 +5.606E-005 +6.287E-005 +7.048E-005 +7.900E-005 +8.855E-005 +9.927E-005 +1.113E-004 +1.249E-004 +1.401E-004 +1.573E-004 +1.767E-004 +1.986E-004 +2.233E-004 +2.513E-004 +2.831E-004 +3.190E-004 +3.599E-004 +4.063E-004 +4.591E-004 +5.192E-004 +5.878E-004 +6.556E-004 
+0.00061250 -6.591E-004 -5.904E-004 -5.210E-004 -4.603E-004 -4.070E-004 -3.603E-004 -3.192E-004 -2.830E-004 -2.511E-004 -2.230E-004 -1.982E-004 -1.763E-004 -1.569E-004 -1.397E-004 -1.245E-004 -1.109E-004 -9.891E-005 -8.821E-005 -7.868E-005 -7.018E-005 -6.259E-005 -5.581E-005 -4.973E-005 -4.429E-005 -3.940E-005 -3.500E-005 -3.103E-005 -2.743E-005 -2.417E-005 -2.120E-005 -1.849E-005 -1.599E-005 -1.368E-005 -1.153E-005 -9.520E-006 -7.634E-006 -5.863E-006 -4.207E-006 -2.668E-006 -1.135E-006 +0.000E+000 +1.135E-006 +2.668E-006 +4.207E-006 +5.863E-006 +7.634E-006 +9.520E-006 +1.153E-005 +1.368E-005 +1.599E-005 +1.849E-005 +2.120E-005 +2.417E-005 +2.743E-005 +3.103E-005 +3.500E-005 +3.940E-005 +4.429E-005 +4.973E-005 +5.581E-005 +6.259E-005 +7.018E-005 +7.868E-005 +8.821E-005 +9.891E-005 +1.109E-004 +1.245E-004 +1.397E-004 +1.569E-004 +1.763E-004 +1.982E-004 +2.230E-004 +2.511E-004 +2.830E-004 +3.192E-004 +3.603E-004 +4.070E-004 +4.603E-004 +5.210E-004 +5.904E-004 +6.591E-004 
+0.00000000 -6.603E-004 -5.913E-004 -5.216E-004 -4.607E-004 -4.073E-004 -3.604E-004 -3.192E-004 -2.830E-004 -2.511E-004 -2.229E-004 -1.981E-004 -1.762E-004 -1.568E-004 -1.396E-004 -1.243E-004 -1.108E-004 -9.879E-005 -8.810E-005 -7.857E-005 -7.008E-005 -6.250E-005 -5.572E-005 -4.965E-005 -4.422E-005 -3.933E-005 -3.494E-005 -3.097E-005 -2.738E-005 -2.413E-005 -2.116E-005 -1.845E-005 -1.596E-005 -1.365E-005 -1.151E-005 -9.506E-006 -7.629E-006 -5.868E-006 -4.223E-006 -2.688E-006 -1.147E-006 +0.000E+000 +1.147E-006 +2.688E-006 +4.223E-006 +5.868E-006 +7.629E-006 +9.506E-006 +1.151E-005 +1.365E-005 +1.596E-005 +1.845E-005 +2.116E-005 +2.413E-005 +2.738E-005 +3.097E-005 +3.494E-005 +3.933E-005 +4.422E-005 +4.965E-005 +5.572E-005 +6.250E-005 +7.008E-005 +7.857E-005 +8.810E-005 +9.879E-005 +1.108E-004 +1.243E-004 +1.396E-004 +1.568E-004 +1.762E-004 +1.981E-004 +2.229E-004 +2.511E-004 +2.830E-004 +3.192E-004 +3.604E-004 +4.073E-004 +4.607E-004 +5.216E-004 +5.913E-004 +6.603E-004 
-0.00061250 -6.591E-004 -5.904E-004 -5.210E-004 -4.603E-004 -4.070E-004 -3.603E-004 -3.192E-004 -2.830E-004 -2.511E-004 -2.230E-004 -1.982E-004 -1.763E-004 -1.569E-004 -1.397E-004 -1.245E-004 -1.109E-004 -9.891E-005 -8.821E-005 -7.868E-005 -7.018E-005 -6.259E-005 -5.581E-005 -4.973E-005 -4.429E-005 -3.940E-005 -3.500E-005 -3.103E-005 -2.743E-005 -2.417E-005 -2.120E-005 -1.849E-005 -1.599E-005 -1.368E-005 -1.153E-005 -9.520E-006 -7.634E-006 -5.863E-006 -4.207E-006 -2.668E-006 -1.135E-006 +0.000E+000 +1.135E-006 +2.668E-006 +4.207E-006 +5.863E-006 +7.634E-006 +9.520E-006 +1.153E-005 +1.368E-005 +1.599E-005 +1.849E-005 +2.120E-005 +2.417E-005 +2.743E-005 +3.103E-005 +3.500E-005 +3.940E-005 +4.429E-005 +4.973E-005 +5.581E-005 +6.259E-005 +7.018E-005 +7.868E-005 +8.821E-005 +9.891E-005 +1.109E-004 +1.245E-004 +1.397E-004 +1.569E-004 +1.763E-004 +1.982E-004 +2.230E-004 +2.511E-004 +2.830E-004 +3.192E-004 +3.603E-004 +4.070E-004 +4.603E-004 +5.210E-004 +5.904E-004 +6.591E-004 
-0.00122500 -6.556E-004 -5.878E-004 -5.192E-004 -4.591E-004 -4.063E-004 -3.599E-004 -3.190E-004 -2.831E-004 -2.513E-004 -2.233E-004 -1.986E-004 -1.767E-004 -1.573E-004 -1.401E-004 -1.249E-004 -1.113E-004 -9.927E-005 -8.855E-005 -7.900E-005 -7.048E-005 -6.287E-005 -5.606E-005 -4.997E-005 -4.451E-005 -3.960E-005 -3.518E-005 -3.119E-005 -2.758E-005 -2.431E-005 -2.132E-005 -1.859E-005 -1.608E-005 -1.376E-005 -1.159E-005 -9.563E-006 -7.650E-006 -5.846E-006 -4.156E-006 -2.599E-006 -1.091E-006 +0.000E+000 +1.091E-006 +2.599E-006 +4.156E-006 +5.846E-006 +7.650E-006 +9.563E-006 +1.159E-005 +1.376E-005 +1.608E-005 +1.859E-005 +2.132E-005 +2.431E-005 +2.758E-005 +3.119E-005 +3.518E-005 +3.960E-005 +4.451E-005 +4.997E-005 +5.606E-005 +6.287E-005 +7.048E-005 +7.900E-005 +8.855E-005 +9.927E-005 +1.113E-004 +1.249E-004 +1.401E-004 +1.573E-004 +1.767E-004 +1.986E-004 +2.233E-004 +2.513E-004 +2.831E-004 +3.190E-004 +3.599E-004 +4.063E-004 +4.591E-004 +5.192E-004 +5.878E-004 +6.556E-004 
-0.00183750 -6.498E-004 -5.834E-004 -5.162E-004 -4.571E-004 -4.051E-004 -3.592E-004 -3.188E-004 -2.831E-004 -2.516E-004 -2.238E-004 -1.991E-004 -1.773E-004 -1.579E-004 -1.407E-004 -1.255E-004 -1.119E-004 -9.986E-005 -8.911E-005 -7.953E-005 -7.097E-005 -6.333E-005 -5.649E-005 -5.036E-005 -4.487E-005 -3.993E-005 -3.548E-005 -3.146E-005 -2.783E-005 -2.453E-005 -2.152E-005 -1.877E-005 -1.624E-005 -1.389E-005 -1.170E-005 -9.639E-006 -7.682E-006 -5.817E-006 -4.055E-006 -2.450E-006 -9.879E-007 +0.000E+000 +9.879E-007 +2.450E-006 +4.055E-006 +5.817E-006 +7.682E-006 +9.639E-006 +1.170E-005 +1.389E-005 +1.624E-005 +1.877E-005 +2.152E-005 +2.453E-005 +2.783E-005 +3.146E-005 +3.548E-005 +3.993E-005 +4.487E-005 +5.036E-005 +5.649E-005 +6.333E-005 +7.097E-005 +7.953E-005 +8.911E-005 +9.986E-005 +1.119E-004 +1.255E-004 +1.407E-004 +1.579E-004 +1.773E-004 +1.991E-004 +2.238E-004 +2.516E-004 +2.831E-004 +3.188E-004 +3.592E-004 +4.051E-004 +4.571E-004 +5.162E-004 +5.834E-004 +6.498E-004 
-0.00245000 -6.414E-004 -5.772E-004 -5.118E-004 -4.542E-004 -4.033E-004 -3.583E-004 -3.185E-004 -2.832E-004 -2.520E-004 -2.244E-004 -1.999E-004 -1.781E-004 -1.588E-004 -1.416E-004 -1.264E-004 -1.128E-004 -1.007E-004 -8.989E-005 -8.026E-005 -7.166E-005 -6.397E-005 -5.708E-005 -5.091E-005 -4.537E-005 -4.038E-005 -3.590E-005 -3.184E-005 -2.817E-005 -2.484E-005 -2.180E-005 -1.902E-005 -1.646E-005 -1.408E-005 -1.186E-005 -9.755E-006 -7.739E-006 -5.781E-006 -3.882E-006 -2.143E-006 -7.516E-007 +0.000E+000 +7.516E-007 +2.143E-006 +3.882E-006 +5.781E-006 +7.739E-006 +9.755E-006 +1.186E-005 +1.408E-005 +1.646E-005 +1.902E-005 +2.180E-005 +2.484E-005 +2.817E-005 +3.184E-005 +3.590E-005 +4.038E-005 +4.537E-005 +5.091E-005 +5.708E-005 +6.397E-005 +7.166E-005 +8.026E-005 +8.989E-005 +1.007E-004 +1.128E-004 +1.264E-004 +1.416E-004 +1.588E-004 +1.781E-004 +1.999E-004 +2.244E-004 +2.520E-004 +2.832E-004 +3.185E-004 +3.583E-004 +4.033E-004 +4.542E-004 +5.118E-004 +5.772E-004 +6.414E-004 
-0.00306250 -6.306E-004 -5.690E-004 -5.062E-004 -4.505E-004 -4.010E-004 -3.570E-004 -3.179E-004 -2.833E-004 -2.525E-004 -2.251E-004 -2.007E-004 -1.791E-004 -1.599E-004 -1.427E-004 -1.274E-004 -1.138E-004 -1.017E-004 -9.086E-005 -8.118E-005 -7.252E-005 -6.477E-005 -5.783E-005 -5.160E-005 -4.600E-005 -4.097E-005 -3.643E-005 -3.232E-005 -2.861E-005 -2.523E-005 -2.216E-005 -1.934E-005 -1.674E-005 -1.433E-005 -1.207E-005 -9.922E-006 -7.842E-006 -5.768E-006 -3.633E-006 -1.486E-006 -1.157E-007 +0.000E+000 +1.157E-007 +1.486E-006 +3.633E-006 +5.768E-006 +7.842E-006 +9.922E-006 +1.207E-005 +1.433E-005 +1.674E-005 +1.934E-005 +2.216E-005 +2.523E-005 +2.861E-005 +3.232E-005 +3.643E-005 +4.097E-005 +4.600E-005 +5.160E-005 +5.783E-005 +6.477E-005 +7.252E-005 +8.118E-005 +9.086E-005 +1.017E-004 +1.138E-004 +1.274E-004 +1.427E-004 +1.599E-004 +1.791E-004 +2.007E-004 +2.251E-004 +2.525E-004 +2.833E-004 +3.179E-004 +3.570E-004 +4.010E-004 +4.505E-004 +5.062E-004 +5.690E-004 +6.306E-004 
-0.00367500 -6.171E-004 -5.589E-004 -4.992E-004 -4.457E-004 -3.980E-004 -3.553E-004 -3.172E-004 -2.832E-004 -2.529E-004 -2.259E-004 -2.018E-004 -1.803E-004 -1.611E-004 -1.440E-004 -1.287E-004 -1.151E-004 -1.029E-004 -9.202E-005 -8.228E-005 -7.355E-005 -6.574E-005 -5.872E-005 -5.243E-005 -4.676E-005 -4.166E-005 -3.706E-005 -3.291E-005 -2.914E-005 -2.571E-005 -2.259E-005 -1.972E-005 -1.708E-005 -1.463E-005 -1.234E-005 -1.015E-005 -8.025E-006 -5.854E-006 -3.385E-006 -2.654E-007 +1.034E-006 +0.000E+000 -1.034E-006 +2.654E-007 +3.385E-006 +5.854E-006 +8.025E-006 +1.015E-005 +1.234E-005 +1.463E-005 +1.708E-005 +1.972E-005 +2.259E-005 +2.571E-005 +2.914E-005 +3.291E-005 +3.706E-005 +4.166E-005 +4.676E-005 +5.243E-005 +5.872E-005 +6.574E-005 +7.355E-005 +8.228E-005 +9.202E-005 +1.029E-004 +1.151E-004 +1.287E-004 +1.440E-004 +1.611E-004 +1.803E-004 +2.018E-004 +2.259E-004 +2.529E-004 +2.832E-004 +3.172E-004 +3.553E-004 +3.980E-004 +4.457E-004 +4.992E-004 +5.589E-004 +6.171E-004 
-0.00428750 -6.012E-004 -5.468E-004 -4.907E-004 -4.400E-004 -3.943E-004 -3.532E-004 -3.162E-004 -2.830E-004 -2.533E-004 -2.267E-004 -2.029E-004 -1.816E-004 -1.625E-004 -1.454E-004 -1.302E-004 -1.165E-004 -1.043E-004 -9.335E-005 -8.354E-005 -7.474E-005 -6.685E-005 -5.976E-005 -5.339E-005 -4.765E-005 -4.248E-005 -3.781E-005 -3.358E-005 -2.975E-005 -2.627E-005 -2.309E-005 -2.017E-005 -1.749E-005 -1.500E-005 -1.267E-005 -1.046E-005 -8.316E-006 -6.142E-006 -3.440E-006 +6.184E-008 +5.599E-006 +0.000E+000 -5.599E-006 -6.184E-008 +3.440E-006 +6.142E-006 +8.316E-006 +1.046E-005 +1.267E-005 +1.500E-005 +1.749E-005 +2.017E-005 +2.309E-005 +2.627E-005 +2.975E-005 +3.358E-005 +3.781E-005 +4.248E-005 +4.765E-005 +5.339E-005 +5.976E-005 +6.685E-005 +7.474E-005 +8.354E-005 +9.335E-005 +1.043E-004 +1.165E-004 +1.302E-004 +1.454E-004 +1.625E-004 +1.816E-004 +2.029E-004 +2.267E-004 +2.533E-004 +2.830E-004 +3.162E-004 +3.532E-004 +3.943E-004 +4.400E-004 +4.907E-004 +5.468E-004 +6.012E-004 
-0.00490000 -5.874E-004 -5.371E-004 -4.846E-004 -4.366E-004 -3.929E-004 -3.531E-004 -3.172E-004 -2.847E-004 -2.555E-004 -2.292E-004 -2.055E-004 -1.843E-004 -1.652E-004 -1.481E-004 -1.327E-004 -1.190E-004 -1.066E-004 -9.551E-005 -8.556E-005 -7.662E-005 -6.858E-005 -6.136E-005 -5.485E-005 -4.899E-005 -4.370E-005 -3.892E-005 -3.459E-005 -3.066E-005 -2.709E-005 -2.383E-005 -2.083E-005 -1.808E-005 -1.553E-005 -1.315E-005 -1.091E-005 -8.777E-006 -6.697E-006 -4.665E-006 -5.660E-007 +3.239E-005 +0.000E+000 -3.239E-005 +5.660E-007 +4.665E-006 +6.697E-006 +8.777E-006 +1.091E-005 +1.315E-005 +1.553E-005 +1.808E-005 +2.083E-005 +2.383E-005 +2.709E-005 +3.066E-005 +3.459E-005 +3.892E-005 +4.370E-005 +4.899E-005 +5.485E-005 +6.136E-005 +6.858E-005 +7.662E-005 +8.556E-005 +9.551E-005 +1.066E-004 +1.190E-004 +1.327E-004 +1.481E-004 +1.652E-004 +1.843E-004 +2.055E-004 +2.292E-004 +2.555E-004 +2.847E-004 +3.172E-004 +3.531E-004 +3.929E-004 +4.366E-004 +4.846E-004 +5.371E-004 +5.874E-004 
# Vertical KickTable in T2m2
START
            -0.03000000 -0.02925000 -0.02850000 -0.02775000 -0.02700000 -0.02625000 -0.02550000 -0.02475000 -0.02400000 -0.02325000 -0.02250000 -0.02175000 -0.02100000 -0.02025000 -0.01950000 -0.01875000 -0.01800000 -0.01725000 -0.01650000 -0.01575000 -0.01500000 -0.01425000 -0.01350000 -0.01275000 -0.01200000 -0.01125000 -0.01050000 -0.00975000 -0.00900000 -0.00825000 -0.00750000 -0.00675000 -0.00600000 -0.00525000 -0.00450000 -0.00375000 -0.00300000 -0.00225000 -0.00150000 -0.00075000 +0.00000000 +0.00075000 +0.00150000 +0.00225000 +0.00300000 +0.00375000 +0.00450000 +0.00525000 +0.00600000 +0.00675000 +0.00750000 +0.00825000 +0.00900000 +0.00975000 +0.01050000 +0.01125000 +0.01200000 +0.01275000 +0.01350000 +0.01425000 +0.01500000 +0.01575000 +0.01650000 +0.01725000 +0.01800000 +0.01875000 +0.01950000 +0.02025000 +0.02100000 +0.02175000 +0.02250000 +0.02325000 +0.02400000 +0.02475000 +0.02550000 +0.02625000 +0.02700000 +0.02775000 +0.02850000 +0.02925000 +0.03000000 
+0.00490000 -6.097E-003 -6.083E-003 -6.075E-003 -6.070E-003 -6.069E-003 -6.069E-003 -6.071E-003 -6.074E-003 -6.077E-003 -6.081E-003 -6.085E-003 -6.089E-003 -6.093E-003 -6.097E-003 -6.100E-003 -6.104E-003 -6.107E-003 -6.111E-003 -6.113E-003 -6.116E-003 -6.119E-003 -6.121E-003 -6.123E-003 -6.125E-003 -6.127E-003 -6.129E-003 -6.130E-003 -6.131E-003 -6.133E-003 -6.134E-003 -6.135E-003 -6.136E-003 -6.136E-003 -6.137E-003 -6.138E-003 -6.138E-003 -6.139E-003 -6.140E-003 -6.142E-003 -6.148E-003 -5.949E-003 -6.148E-003 -6.142E-003 -6.140E-003 -6.139E-003 -6.138E-003 -6.138E-003 -6.137E-003 -6.136E-003 -6.136E-003 -6.135E-003 -6.134E-003 -6.133E-003 -6.131E-003 -6.130E-003 -6.129E-003 -6.127E-003 -6.125E-003 -6.123E-003 -6.121E-003 -6.119E-003 -6.116E-003 -6.113E-003 -6.111E-003 -6.107E-003 -6.104E-003 -6.100E-003 -6.097E-003 -6.093E-003 -6.089E-003 -6.085E-003 -6.081E-003 -6.077E-003 -6.074E-003 -6.071E-003 -6.069E-003 -6.069E-003 -6.070E-003 -6.075E-003 -6.083E-003 -6.097E-003 
+0.00428750 -4.489E-003 -4.472E-003 -4.460E-003 -4.452E-003 -4.447E-003 -4.445E-003 -4.444E-003 -4.444E-003 -4.445E-003 -4.446E-003 -4.448E-003 -4.450E-003 -4.453E-003 -4.455E-003 -4.457E-003 -4.460E-003 -4.462E-003 -4.464E-003 -4.466E-003 -4.468E-003 -4.469E-003 -4.471E-003 -4.473E-003 -4.474E-003 -4.475E-003 -4.476E-003 -4.477E-003 -4.478E-003 -4.479E-003 -4.480E-003 -4.481E-003 -4.481E-003 -4.482E-003 -4.482E-003 -4.483E-003 -4.483E-003 -4.484E-003 -4.484E-003 -4.485E-003 -4.484E-003 -4.427E-003 -4.484E-003 -4.485E-003 -4.484E-003 -4.484E-003 -4.483E-003 -4.483E-003 -4.482E-003 -4.482E-003 -4.481E-003 -4.481E-003 -4.480E-003 -4.479E-003 -4.478E-003 -4.477E-003 -4.476E-003 -4.475E-003 -4.474E-003 -4.473E-003 -4.471E-003 -4.469E-003 -4.468E-003 -4.466E-003 -4.464E-003 -4.462E-003 -4.460E-003 -4.457E-003 -4.455E-003 -4.453E-003 -4.450E-003 -4.448E-003 -4.446E-003 -4.445E-003 -4.444E-003 -4.444E-003 -4.445E-003 -4.447E-003 -4.452E-003 -4.460E-003 -4.472E-003 -4.489E-003 
+0.00367500 -3.384E-003 -3.368E-003 -3.356E-003 -3.348E-003 -3.343E-003 -3.340E-003 -3.338E-003 -3.337E-003 -3.337E-003 -3.338E-003 -3.339E-003 -3.341E-003 -3.342E-003 -3.344E-003 -3.345E-003 -3.347E-003 -3.349E-003 -3.350E-003 -3.352E-003 -3.353E-003 -3.354E-003 -3.356E-003 -3.357E-003 -3.358E-003 -3.359E-003 -3.360E-003 -3.360E-003 -3.361E-003 -3.362E-003 -3.362E-003 -3.363E-003 -3.363E-003 -3.364E-003 -3.364E-003 -3.365E-003 -3.365E-003 -3.365E-003 -3.365E-003 -3.365E-003 -3.362E-003 -3.361E-003 -3.362E-003 -3.365E-003 -3.365E-003 -3.365E-003 -3.365E-003 -3.365E-003 -3.364E-003 -3.364E-003 -3.363E-003 -3.363E-003 -3.362E-003 -3.362E-003 -3.361E-003 -3.360E-003 -3.360E-003 -3.359E-003 -3.358E-003 -3.357E-003 -3.356E-003 -3.354E-003 -3.353E-003 -3.352E-003 -3.350E-003 -3.349E-003 -3.347E-003 -3.345E-003 -3.344E-003 -3.342E-003 -3.341E-003 -3.339E-003 -3.338E-003 -3.337E-003 -3.337E-003 -3.338E-003 -3.340E-003 -3.343E-003 -3.348E-003 -3.356E-003 -3.368E-003 -3.384E-003 
+0.00306250 -2.714E-003 -2.701E-003 -2.692E-003 -2.685E-003 -2.681E-003 -2.679E-003 -2.677E-003 -2.677E-003 -2.677E-003 -2.678E-003 -2.679E-003 -2.680E-003 -2.682E-003 -2.683E-003 -2.685E-003 -2.686E-003 -2.688E-003 -2.689E-003 -2.690E-003 -2.691E-003 -2.692E-003 -2.694E-003 -2.694E-003 -2.695E-003 -2.696E-003 -2.697E-003 -2.698E-003 -2.698E-003 -2.699E-003 -2.699E-003 -2.700E-003 -2.700E-003 -2.701E-003 -2.701E-003 -2.701E-003 -2.701E-003 -2.701E-003 -2.701E-003 -2.701E-003 -2.700E-003 -2.699E-003 -2.700E-003 -2.701E-003 -2.701E-003 -2.701E-003 -2.701E-003 -2.701E-003 -2.701E-003 -2.701E-003 -2.700E-003 -2.700E-003 -2.699E-003 -2.699E-003 -2.698E-003 -2.698E-003 -2.697E-003 -2.696E-003 -2.695E-003 -2.694E-003 -2.694E-003 -2.692E-003 -2.691E-003 -2.690E-003 -2.689E-003 -2.688E-003 -2.686E-003 -2.685E-003 -2.683E-003 -2.682E-003 -2.680E-003 -2.679E-003 -2.678E-003 -2.677E-003 -2.677E-003 -2.677E-003 -2.679E-003 -2.681E-003 -2.685E-003 -2.692E-003 -2.701E-003 -2.714E-003 
+0.00245000 -2.090E-003 -2.080E-003 -2.072E-003 -2.067E-003 -2.064E-003 -2.062E-003 -2.061E-003 -2.061E-003 -2.062E-003 -2.062E-003 -2.063E-003 -2.064E-003 -2.065E-003 -2.067E-003 -2.068E-003 -2.069E-003 -2.070E-003 -2.071E-003 -2.072E-003 -2.073E-003 -2.074E-003 -2.075E-003 -2.076E-003 -2.076E-003 -2.077E-003 -2.078E-003 -2.078E-003 -2.079E-003 -2.079E-003 -2.080E-003 -2.080E-003 -2.080E-003 -2.081E-003 -2.081E-003 -2.081E-003 -2.081E-003 -2.081E-003 -2.081E-003 -2.081E-003 -2.080E-003 -2.080E-003 -2.080E-003 -2.081E-003 -2.081E-003 -2.081E-003 -2.081E-003 -2.081E-003 -2.081E-003 -2.081E-003 -2.080E-003 -2.080E-003 -2.080E-003 -2.079E-003 -2.079E-003 -2.078E-003 -2.078E-003 -2.077E-003 -2.076E-003 -2.076E-003 -2.075E-003 -2.074E-003 -2.073E-003 -2.072E-003 -2.071E-003 -2.070E-003 -2.069E-003 -2.068E-003 -2.067E-003 -2.065E-003 -2.064E-003 -2.063E-003 -2.062E-003 -2.062E-003 -2.061E-003 -2.061E-003 -2.062E-003 -2.064E-003 -2.067E-003 -2.072E-003 -2.080E-003 -2.090E-003 
+0.00183750 -1.516E-003 -1.508E-003 -1.503E-003 -1.499E-003 -1.497E-003 -1.496E-003 -1.495E-003 -1.495E-003 -1.495E-003 -1.496E-003 -1.497E-003 -1.497E-003 -1.498E-003 -1.499E-003 -1.500E-003 -1.501E-003 -1.502E-003 -1.503E-003 -1.503E-003 -1.504E-003 -1.505E-003 -1.506E-003 -1.506E-003 -1.507E-003 -1.507E-003 -1.508E-003 -1.508E-003 -1.508E-003 -1.509E-003 -1.509E-003 -1.509E-003 -1.510E-003 -1.510E-003 -1.510E-003 -1.510E-003 -1.510E-003 -1.510E-003 -1.510E-003 -1.510E-003 -1.510E-003 -1.510E-003 -1.510E-003 -1.510E-003 -1.510E-003 -1.510E-003 -1.510E-003 -1.510E-003 -1.510E-003 -1.510E-003 -1.510E-003 -1.509E-003 -1.509E-003 -1.509E-003 -1.508E-003 -1.508E-003 -1.508E-003 -1.507E-003 -1.507E-003 -1.506E-003 -1.506E-003 -1.505E-003 -1.504E-003 -1.503E-003 -1.503E-003 -1.502E-003 -1.501E-003 -1.500E-003 -1.499E-003 -1.498E-003 -1.497E-003 -1.497E-003 -1.496E-003 -1.495E-003 -1.495E-003 -1.495E-003 -1.496E-003 -1.497E-003 -1.499E-003 -1.503E-003 -1.508E-003 -1.516E-003 
+0.00122500 -9.766E-004 -9.716E-004 -9.682E-004 -9.658E-004 -9.643E-004 -9.635E-004 -9.631E-004 -9.630E-004 -9.632E-004 -9.636E-004 -9.641E-004 -9.647E-004 -9.653E-004 -9.659E-004 -9.665E-004 -9.671E-004 -9.677E-004 -9.682E-004 -9.687E-004 -9.692E-004 -9.697E-004 -9.701E-004 -9.705E-004 -9.709E-004 -9.712E-004 -9.715E-004 -9.718E-004 -9.720E-004 -9.723E-004 -9.725E-004 -9.726E-004 -9.728E-004 -9.729E-004 -9.730E-004 -9.731E-004 -9.732E-004 -9.732E-004 -9.731E-004 -9.730E-004 -9.729E-004 -9.729E-004 -9.729E-004 -9.730E-004 -9.731E-004 -9.732E-004 -9.732E-004 -9.731E-004 -9.730E-004 -9.729E-004 -9.728E-004 -9.726E-004 -9.725E-004 -9.723E-004 -9.720E-004 -9.718E-004 -9.715E-004 -9.712E-004 -9.709E-004 -9.705E-004 -9.701E-004 -9.697E-004 -9.692E-004 -9.687E-004 -9.682E-004 -9.677E-004 -9.671E-004 -9.665E-004 -9.659E-004 -9.653E-004 -9.647E-004 -9.641E-004 -9.636E-004 -9.632E-004 -9.630E-004 -9.631E-004 -9.635E-004 -9.643E-004 -9.658E-004 -9.682E-004 -9.716E-004 -9.766E-004 
+0.00061250 -4.214E-004 -4.192E-004 -4.177E-004 -4.167E-004 -4.161E-004 -4.157E-004 -4.155E-004 -4.155E-004 -4.156E-004 -4.158E-004 -4.160E-004 -4.163E-004 -4.165E-004 -4.168E-004 -4.171E-004 -4.173E-004 -4.176E-004 -4.178E-004 -4.181E-004 -4.183E-004 -4.185E-004 -4.187E-004 -4.188E-004 -4.190E-004 -4.191E-004 -4.193E-004 -4.194E-004 -4.195E-004 -4.196E-004 -4.197E-004 -4.198E-004 -4.198E-004 -4.199E-004 -4.199E-004 -4.200E-004 -4.200E-004 -4.200E-004 -4.200E-004 -4.199E-004 -4.199E-004 -4.199E-004 -4.199E-004 -4.199E-004 -4.200E-004 -4.200E-004 -4.200E-004 -4.200E-004 -4.199E-004 -4.199E-004 -4.198E-004 -4.198E-004 -4.197E-004 -4.196E-004 -4.195E-004 -4.194E-004 -4.193E-004 -4.191E-004 -4.190E-004 -4.188E-004 -4.187E-004 -4.185E-004 -4.183E-004 -4.181E-004 -4.178E-004 -4.176E-004 -4.173E-004 -4.171E-004 -4.168E-004 -4.165E-004 -4.163E-004 -4.160E-004 -4.158E-004 -4.156E-004 -4.155E-004 -4.155E-004 -4.157E-004 -4.161E-004 -4.167E-004 -4.177E-004 -4.192E-004 -4.214E-004 
+0.00000000 +0.000E+000 +0.000E+000 +0.000E+000 +0.000E+000 +0.000E+000 +0.000E+000 +0.000E+000 +0.000E+000 +0.000E+000 +0.000E+000 +0.000E+000 +0.000E+000 +0.000E+000 +0.000E+000 +0.000E+000 +0.000E+000 +0.000E+000 +0.000E+000 +0.000E+000 +0.000E+000 +0.000E+000 +0.000E+000 +0.000E+000 +0.000E+000 +0.000E+000 +0.000E+000 +0.000E+000 +0.000E+000 +0.000E+000 +0.000E+000 +0.000E+000 +0.000E+000 +0.000E+000 +0.000E+000 +0.000E+000 +0.000E+000 +0.000E+000 +0.000E+000 +0.000E+000 +0.000E+000 +0.000E+000 +0.000E+000 +0.000E+000 +0.000E+000 +0.000E+000 +0.000E+000 +0.000E+000 +0.000E+000 +0.000E+000 +0.000E+000 +0.000E+000 +0.000E+000 +0.000E+000 +0.000E+000 +0.000E+000 +0.000E+000 +0.000E+000 +0.000E+000 +0.000E+000 +0.000E+000 +0.000E+000 +0.000E+000 +0.000E+000 +0.000E+000 +0.000E+000 +0.000E+000 +0.000E+000 +0.000E+000 +0.000E+000 +0.000E+000 +0.000E+000 +0.000E+000 +0.000E+000 +0.000E+000 +0.000E+000 +0.000E+000 +0.000E+000 +0.000E+000 +0.000E+000 +0.000E+000 +0.000E+000 
-0.00061250 +4.214E-004 +4.192E-004 +4.177E-004 +4.167E-004 +4.161E-004 +4.157E-004 +4.155E-004 +4.155E-004 +4.156E-004 +4.158E-004 +4.160E-004 +4.163E-004 +4.165E-004 +4.168E-004 +4.171E-004 +4.173E-004 +4.176E-004 +4.178E-004 +4.181E-004 +4.183E-004 +4.185E-004 +4.187E-004 +4.188E-004 +4.190E-004 +4.191E-004 +4.193E-004 +4.194E-004 +4.195E-004 +4.196E-004 +4.197E-004 +4.198E-004 +4.198E-004 +4.199E-004 +4.199E-004 +4.200E-004 +4.200E-004 +4.200E-004 +4.200E-004 +4.199E-004 +4.199E-004 +4.199E-004 +4.199E-004 +4.199E-004 +4.200E-004 +4.200E-004 +4.200E-004 +4.200E-004 +4.199E-004 +4.199E-004 +4.198E-004 +4.198E-004 +4.197E-004 +4.196E-004 +4.195E-004 +4.194E-004 +4.193E-004 +4.191E-004 +4.190E-004 +4.188E-004 +4.187E-004 +4.185E-004 +4.183E-004 +4.181E-004 +4.178E-004 +4.176E-004 +4.173E-004 +4.171E-004 +4.168E-004 +4.165E-004 +4.163E-004 +4.160E-004 +4.158E-004 +4.156E-004 +4.155E-004 +4.155E-004 +4.157E-004 +4.161E-004 +4.167E-004 +4.177E-004 +4.192E-004 +4.214E-004 
-0.00122500 +9.766E-004 +9.716E-004 +9.682E-004 +9.658E-004 +9.643E-004 +9.635E-004 +9.631E-004 +9.630E-004 +9.632E-004 +9.636E-004 +9.641E-004 +9.647E-004 +9.653E-004 +9.659E-004 +9.665E-004 +9.671E-004 +9.677E-004 +9.682E-004 +9.687E-004 +9.692E-004 +9.697E-004 +9.701E-004 +9.705E-004 +9.709E-004 +9.712E-004 +9.715E-004 +9.718E-004 +9.720E-004 +9.723E-004 +9.725E-004 +9.726E-004 +9.728E-004 +9.729E-004 +9.730E-004 +9.731E-004 +9.732E-004 +9.732E-004 +9.731E-004 +9.730E-004 +9.729E-004 +9.729E-004 +9.729E-004 +9.730E-004 +9.731E-004 +9.732E-004 +9.732E-004 +9.731E-004 +9.730E-004 +9.729E-004 +9.728E-004 +9.726E-004 +9.725E-004 +9.723E-004 +9.720E-004 +9.718E-004 +9.715E-004 +9.712E-004 +9.709E-004 +9.705E-004 +9.701E-004 +9.697E-004 +9.692E-004 +9.687E-004 +9.682E-004 +9.677E-004 +9.671E-004 +9.665E-004 +9.659E-004 +9.653E-004 +9.647E-004 +9.641E-004 +9.636E-004 +9.632E-004 +9.630E-004 +9.631E-004 +9.635E-004 +9.643E-004 +9.658E-004 +9.682E-004 +9.716E-004 +9.766E-004 
-0.00183750 +1.516E-003 +1.508E-003 +1.503E-003 +1.499E-003 +1.497E-003 +1.496E-003 +1.495E-003 +1.495E-003 +1.495E-003 +1.496E-003 +1.497E-003 +1.497E-003 +1.498E-003 +1.499E-003 +1.500E-003 +1.501E-003 +1.502E-003 +1.503E-003 +1.503E-003 +1.504E-003 +1.505E-003 +1.506E-003 +1.506E-003 +1.507E-003 +1.507E-003 +1.508E-003 +1.508E-003 +1.508E-003 +1.509E-003 +1.509E-003 +1.509E-003 +1.510E-003 +1.510E-003 +1.510E-003 +1.510E-003 +1.510E-003 +1.510E-003 +1.510E-003 +1.510E-003 +1.510E-003 +1.510E-003 +1.510E-003 +1.510E-003 +1.510E-003 +1.510E-003 +1.510E-003 +1.510E-003 +1.510E-003 +1.510E-003 +1.510E-003 +1.509E-003 +1.509E-003 +1.509E-003 +1.508E-003 +1.508E-003 +1.508E-003 +1.507E-003 +1.507E-003 +1.506E-003 +1.506E-003 +1.505E-003 +1.504E-003 +1.503E-003 +1.503E-003 +1.502E-003 +1.501E-003 +1.500E-003 +1.499E-003 +1.498E-003 +1.497E-003 +1.497E-003 +1.496E-003 +1.495E-003 +1.495E-003 +1.495E-003 +1.496E-003 +1.497E-003 +1.499E-003 +1.503E-003 +1.508E-003 +1.516E-003 
-0.00245000 +2.090E-003 +2.080E-003 +2.072E-003 +2.067E-003 +2.064E-003 +2.062E-003 +2.061E-003 +2.061E-003 +2.062E-003 +2.062E-003 +2.063E-003 +2.064E-003 +2.065E-003 +2.067E-003 +2.068E-003 +2.069E-003 +2.070E-003 +2.071E-003 +2.072E-003 +2.073E-003 +2.074E-003 +2.075E-003 +2.076E-003 +2.076E-003 +2.077E-003 +2.078E-003 +2.078E-003 +2.079E-003 +2.079E-003 +2.080E-003 +2.080E-003 +2.080E-003 +2.081E-003 +2.081E-003 +2.081E-003 +2.081E-003 +2.081E-003 +2.081E-003 +2.081E-003 +2.080E-003 +2.080E-003 +2.080E-003 +2.081E-003 +2.081E-003 +2.081E-003 +2.081E-003 +2.081E-003 +2.081E-003 +2.081E-003 +2.080E-003 +2.080E-003 +2.080E-003 +2.079E-003 +2.079E-003 +2.078E-003 +2.078E-003 +2.077E-003 +2.076E-003 +2.076E-003 +2.075E-003 +2.074E-003 +2.073E-003 +2.072E-003 +2.071E-003 +2.070E-003 +2.069E-003 +2.068E-003 +2.067E-003 +2.065E-003 +2.064E-003 +2.063E-003 +2.062E-003 +2.062E-003 +2.061E-003 +2.061E-003 +2.062E-003 +2.064E-003 +2.067E-003 +2.072E-003 +2.080E-003 +2.090E-003 
-0.00306250 +2.714E-003 +2.701E-003 +2.692E-003 +2.685E-003 +2.681E-003 +2.679E-003 +2.677E-003 +2.677E-003 +2.677E-003 +2.678E-003 +2.679E-003 +2.680E-003 +2.682E-003 +2.683E-003 +2.685E-003 +2.686E-003 +2.688E-003 +2.689E-003 +2.690E-003 +2.691E-003 +2.692E-003 +2.694E-003 +2.694E-003 +2.695E-003 +2.696E-003 +2.697E-003 +2.698E-003 +2.698E-003 +2.699E-003 +2.699E-003 +2.700E-003 +2.700E-003 +2.701E-003 +2.701E-003 +2.701E-003 +2.701E-003 +2.701E-003 +2.701E-003 +2.701E-003 +2.700E-003 +2.699E-003 +2.700E-003 +2.701E-003 +2.701E-003 +2.701E-003 +2.701E-003 +2.701E-003 +2.701E-003 +2.701E-003 +2.700E-003 +2.700E-003 +2.699E-003 +2.699E-003 +2.698E-003 +2.698E-003 +2.697E-003 +2.696E-003 +2.695E-003 +2.694E-003 +2.694E-003 +2.692E-003 +2.691E-003 +2.690E-003 +2.689E-003 +2.688E-003 +2.686E-003 +2.685E-003 +2.683E-003 +2.682E-003 +2.680E-003 +2.679E-003 +2.678E-003 +2.677E-003 +2.677E-003 +2.677E-003 +2.679E-003 +2.681E-003 +2.685E-003 +2.692E-003 +2.701E-003 +2.714E-003 
-0.00367500 +3.384E-003 +3.368E-003 +3.356E-003 +3.348E-003 +3.343E-003 +3.340E-003 +3.338E-003 +3.337E-003 +3.337E-003 +3.338E-003 +3.339E-003 +3.341E-003 +3.342E-003 +3.344E-003 +3.345E-003 +3.347E-003 +3.349E-003 +3.350E-003 +3.352E-003 +3.353E-003 +3.354E-003 +3.356E-003 +3.357E-003 +3.358E-003 +3.359E-003 +3.360E-003 +3.360E-003 +3.361E-003 +3.362E-003 +3.362E-003 +3.363E-003 +3.363E-003 +3.364E-003 +3.364E-003 +3.365E-003 +3.365E-003 +3.365E-003 +3.365E-003 +3.365E-003 +3.362E-003 +3.361E-003 +3.362E-003 +3.365E-003 +3.365E-003 +3.365E-003 +3.365E-003 +3.365E-003 +3.364E-003 +3.364E-003 +3.363E-003 +3.363E-003 +3.362E-003 +3.362E-003 +3.361E-003 +3.360E-003 +3.360E-003 +3.359E-003 +3.358E-003 +3.357E-003 +3.356E-003 +3.354E-003 +3.353E-003 +3.352E-003 +3.350E-003 +3.349E-003 +3.347E-003 +3.345E-003 +3.344E-003 +3.342E-003 +3.341E-003 +3.339E-003 +3.338E-003 +3.337E-003 +3.337E-003 +3.338E-003 +3.340E-003 +3.343E-003 +3.348E-003 +3.356E-003 +3.368E-003 +3.384E-003 
-0.00428750 +4.489E-003 +4.472E-003 +4.460E-003 +4.452E-003 +4.447E-003 +4.445E-003 +4.444E-003 +4.444E-003 +4.445E-003 +4.446E-003 +4.448E-003 +4.450E-003 +4.453E-003 +4.455E-003 +4.457E-003 +4.460E-003 +4.462E-003 +4.464E-003 +4.466E-003 +4.468E-003 +4.469E-003 +4.471E-003 +4.473E-003 +4.474E-003 +4.475E-003 +4.476E-003 +4.477E-003 +4.478E-003 +4.479E-003 +4.480E-003 +4.481E-003 +4.481E-003 +4.482E-003 +4.482E-003 +4.483E-003 +4.483E-003 +4.484E-003 +4.484E-003 +4.485E-003 +4.484E-003 +4.427E-003 +4.484E-003 +4.485E-003 +4.484E-003 +4.484E-003 +4.483E-003 +4.483E-003 +4.482E-003 +4.482E-003 +4.481E-003 +4.481E-003 +4.480E-003 +4.479E-003 +4.478E-003 +4.477E-003 +4.476E-003 +4.475E-003 +4.474E-003 +4.473E-003 +4.471E-003 +4.469E-003 +4.468E-003 +4.466E-003 +4.464E-003 +4.462E-003 +4.460E-003 +4.457E-003 +4.455E-003 +4.453E-003 +4.450E-003 +4.448E-003 +4.446E-003 +4.445E-003 +4.444E-003 +4.444E-003 +4.445E-003 +4.447E-003 +4.452E-003 +4.460E-003 +4.472E-003 +4.489E-003 
-0.00490000 +6.097E-003 +6.083E-003 +6.075E-003 +6.070E-003 +6.069E-003 +6.069E-003 +6.071E-003 +6.074E-003 +6.077E-003 +6.081E-003 +6.085E-003 +6.089E-003 +6.093E-003 +6.097E-003 +6.100E-003 +6.104E-003 +6.107E-003 +6.111E-003 +6.113E-003 +6.116E-003 +6.119E-003 +6.121E-003 +6.123E-003 +6.125E-003 +6.127E-003 +6.129E-003 +6.130E-003 +6.131E-003 +6.133E-003 +6.134E-003 +6.135E-003 +6.136E-003 +6.136E-003 +6.137E-003 +6.138E-003 +6.138E-003 +6.139E-003 +6.140E-003 +6.142E-003 +6.148E-003 +5.949E-003 +6.148E-003 +6.142E-003 +6.140E-003 +6.139E-003 +6.138E-003 +6.138E-003 +6.137E-003 +6.136E-003 +6.136E-003 +6.135E-003 +6.134E-003 +6.133E-003 +6.131E-003 +6.130E-003 +6.129E-003 +6.127E-003 +6.125E-003 +6.123E-003 +6.121E-003 +6.119E-003 +6.116E-003 +6.113E-003 +6.111E-003 +6.107E-003 +6.104E-003 +6.100E-003 +6.097E-003 +6.093E-003 +6.089E-003 +6.085E-003 +6.081E-003 +6.077E-003 +6.074E-003 +6.071E-003 +6.069E-003 +6.069E-003 +6.070E-003 +6.075E-003 +6.083E-003 +6.097E-003 
