Arquivo: c:\arq\medidas\BBA_1303_063127\BBA_AMU11A_H.dat
Data: 1303	 Hora:  0749
Comentário: 
NomeParametro	 ValorParametro
Nmedias	5
PausaCorretora	3000
PausaShunt	2000
PausaLeitura	500
NumCiclos	3
 NPassosCor	9
DeltaShunt	1.50
TetaIni	-0.20
TetaFim	0.20
I[mA]	  26.0
ACH05A	DeltaPos^2	AMU11A	AMP01B_0	AMP02A_0	AMP02B_0	AMP03A_0	AMP03B_0	AMP04A_0	AMP04B_0	AMP05A_0	AMP05B_0	AMP06A_0	AMP06B_0	AMP07A_0	AMP07B_0	AMP08A_0	AMP08B_0	AMP09A_0	AMP09B_0	AMP10A_0	AMP10B_0	AMP11A_0	AMU11A_0	AMU11B_0	AMP11B_0	AMP12A_0	AMP12B_0	AMP01A_0	AMP01B_1	AMP02A_1	AMP02B_1	AMP03A_1	AMP03B_1	AMP04A_1	AMP04B_1	AMP05A_1	AMP05B_1	AMP06A_1	AMP06B_1	AMP07A_1	AMP07B_1	AMP08A_1	AMP08B_1	AMP09A_1	AMP09B_1	AMP10A_1	AMP10B_1	AMP11A_1	AMU11A_1	AMU11B_1	AMP11B_1	AMP12A_1	AMP12B_1	AMP01A_1	
-0.2000	 3.43596095505839E-0003	2.5452	1.2041	0.2248	-2.8566	-0.2471	-0.3227	0.1958	-0.2982	-3.4578	-2.4410	1.0092	0.0227	-0.7587	-1.3560	-0.8152	0.3452	1.1531	0.7930	-1.1289	-1.3961	0.0249	2.5452	2.7047	-1.9306	-1.6804	-2.1719	1.6435	1.1809	0.1935	-2.8607	-0.1600	-0.2552	0.1436	-0.3386	-3.3503	-2.3344	0.9634	-0.0305	-0.6769	-1.2569	-0.8316	0.3062	1.1581	0.8272	-1.1059	-1.4001	-0.0048	2.4673	2.6094	-1.9159	-1.6706	-2.1365	1.6505	
-0.1500	 2.10882758761995E-0003	2.0650	0.7195	0.2874	-2.6793	-0.2422	-0.4587	0.0519	-0.2980	-3.0509	-1.9657	0.9075	-0.1764	-0.6614	-1.1304	-0.7425	0.2935	0.8800	0.6385	-0.9209	-1.2737	-0.0105	2.0650	2.2446	-2.0444	-1.4596	-1.9457	1.2433	0.7013	0.2630	-2.6824	-0.1742	-0.4061	0.0112	-0.3296	-2.9667	-1.8818	0.8720	-0.2181	-0.5975	-1.0527	-0.7555	0.2627	0.8842	0.6654	-0.9032	-1.2769	-0.0041	2.0040	2.1697	-2.0331	-1.4519	-1.9181	1.2490	
-0.1000	 1.07844116608191E-0003	1.5758	0.2257	0.3516	-2.4985	-0.2378	-0.5970	-0.0935	-0.2974	-2.6360	-1.4819	0.8040	-0.3785	-0.5616	-0.9000	-0.6697	0.2401	0.6050	0.4835	-0.7113	-1.1507	0.0049	1.5758	1.7752	-2.1598	-1.2349	-1.7165	0.8339	0.2124	0.3344	-2.5004	-0.1896	-0.5600	-0.1222	-0.3198	-2.5752	-1.4217	0.7787	-0.4082	-0.5158	-0.8445	-0.6792	0.2179	0.6080	0.5028	-0.6984	-1.1531	-0.0017	1.5318	1.7216	-2.1519	-1.2292	-1.6969	0.8375	
-0.0500	 3.85403629088595E-0004	1.0802	-0.2737	0.4169	-2.3157	-0.2348	-0.7379	-0.2396	-0.2963	-2.2150	-0.9924	0.6991	-0.5825	-0.4601	-0.6666	-0.5972	0.1857	0.3281	0.3285	-0.5003	-1.0273	-0.0088	1.0802	1.3007	-2.2764	-1.0081	-1.4852	0.4173	-0.2818	0.4067	-2.3168	-0.2061	-0.7159	-0.2570	-0.3099	-2.1787	-0.9562	0.6837	-0.6002	-0.4331	-0.6334	-0.6026	0.1727	0.3300	0.3398	-0.4924	-1.0284	0.0035	1.0541	1.2687	-2.2716	-1.0045	-1.4733	0.4192	
0.0000	 3.58874388368805E-0005	0.5800	-0.7772	0.4831	-2.1309	-0.2333	-0.8808	-0.3864	-0.2950	-1.7902	-0.4999	0.5933	-0.7870	-0.3578	-0.4317	-0.5243	0.1311	0.0506	0.1734	-0.2887	-0.9034	0.0111	0.5800	0.8220	-2.3939	-0.7792	-1.2527	-0.0035	-0.7791	0.4802	-2.1310	-0.2245	-0.8741	-0.3918	-0.2987	-1.7794	-0.4890	0.5887	-0.7925	-0.3488	-0.4215	-0.5262	0.1268	0.0516	0.1774	-0.2868	-0.9039	-0.0030	0.5722	0.8124	-2.3922	-0.7781	-1.2490	-0.0026	
0.0500	 5.42323961224155E-0005	0.0770	-1.2817	0.5502	-1.9446	-0.2331	-1.0253	-0.5328	-0.2922	-1.3638	-0.0067	0.4870	-0.9920	-0.2549	-0.1960	-0.4519	0.0759	-0.2264	0.0180	-0.0776	-0.7795	0.0309	0.0770	0.3401	-2.5115	-0.5490	-1.0199	-0.4282	-1.2791	0.5541	-1.9440	-0.2441	-1.0339	-0.5265	-0.2872	-1.3777	-0.0203	0.4926	-0.9854	-0.2649	-0.2085	-0.4500	0.0808	-0.2270	0.0139	-0.0804	-0.7789	0.0096	0.0868	0.3522	-2.5131	-0.5502	-1.0242	-0.4295	
0.1000	 4.52846010873984E-0004	-0.4287	-1.7878	0.6184	-1.7568	-0.2344	-1.1713	-0.6793	-0.2893	-0.9357	0.4867	0.3805	-1.1969	-0.1526	0.0394	-0.3789	0.0207	-0.5047	-0.1381	0.1343	-0.6549	0.0268	-0.4287	-0.1447	-2.6299	-0.3178	-0.7858	-0.8568	-1.7789	0.6294	-1.7554	-0.2657	-1.1949	-0.6603	-0.2746	-0.9757	0.4478	0.3970	-1.1777	-0.1815	0.0037	-0.3733	0.0348	-0.5064	-0.1499	0.1263	-0.6536	0.0076	-0.3999	-0.1095	-2.6348	-0.3213	-0.7983	-0.8592	
0.1500	 1.23463822551164E-0003	-0.9346	-2.2924	0.6872	-1.5682	-0.2373	-1.3186	-0.8254	-0.2854	-0.5079	0.9776	0.2744	-1.4017	-0.0510	0.2742	-0.3058	-0.0338	-0.7841	-0.2949	0.3457	-0.5305	0.0047	-0.9346	-0.6306	-2.7487	-0.0858	-0.5513	-1.2873	-2.2780	0.7055	-1.5658	-0.2885	-1.3578	-0.7936	-0.2612	-0.5738	0.9131	0.3017	-1.3699	-0.0992	0.2147	-0.2960	-0.0100	-0.7867	-0.3151	0.3325	-0.5279	-0.0013	-0.8879	-0.5732	-2.7567	-0.0915	-0.5718	-1.2906	
0.2000	 2.43951474410758E-0003	-1.4392	-2.7935	0.7567	-1.3792	-0.2419	-1.4672	-0.9700	-0.2806	-0.0816	1.4660	0.1685	-1.6056	0.0487	0.5071	-0.2321	-0.0878	-1.0639	-0.4532	0.5566	-0.4056	0.0180	-1.4392	-1.1163	-2.8674	0.1463	-0.3171	-1.7175	-2.7721	0.7829	-1.3754	-0.3139	-1.5221	-0.9257	-0.2467	-0.1749	1.3746	0.2074	-1.5607	-0.0191	0.4230	-0.2178	-0.0545	-1.0681	-0.4814	0.5386	-0.4015	-0.0078	-1.3745	-1.0367	-2.8788	0.1388	-0.3448	-1.7218	
