Arquivo: c:\arq\medidas\BBA_1303_063127\BBA_AMP12B_H.dat
Data: 1303	 Hora:  0805
Comentário: 
NomeParametro	 ValorParametro
Nmedias	5
PausaCorretora	3000
PausaShunt	2000
PausaLeitura	500
NumCiclos	3
 NPassosCor	9
DeltaShunt	3.00
TetaIni	-0.20
TetaFim	0.20
I[mA]	  19.2
ACH05A	DeltaPos^2	AMP12B	AMP01B_0	AMP02A_0	AMP02B_0	AMP03A_0	AMP03B_0	AMP04A_0	AMP04B_0	AMP05A_0	AMP05B_0	AMP06A_0	AMP06B_0	AMP07A_0	AMP07B_0	AMP08A_0	AMP08B_0	AMP09A_0	AMP09B_0	AMP10A_0	AMP10B_0	AMP11A_0	AMU11A_0	AMU11B_0	AMP11B_0	AMP12A_0	AMP12B_0	AMP01A_0	AMP01B_1	AMP02A_1	AMP02B_1	AMP03A_1	AMP03B_1	AMP04A_1	AMP04B_1	AMP05A_1	AMP05B_1	AMP06A_1	AMP06B_1	AMP07A_1	AMP07B_1	AMP08A_1	AMP08B_1	AMP09A_1	AMP09B_1	AMP10A_1	AMP10B_1	AMP11A_1	AMU11A_1	AMU11B_1	AMP11B_1	AMP12A_1	AMP12B_1	AMP01A_1	
-0.2000	 2.58758574550914E-0003	-2.1774	1.2260	0.2008	-2.8803	-0.1956	-0.2757	0.1571	-0.3277	-3.4262	-2.4052	0.9934	0.0000	-0.7479	-1.3355	-0.8218	0.3378	1.1412	0.7921	-1.1232	-1.3933	0.0102	2.5213	2.6857	-1.9106	-1.6939	-2.1774	1.6741	1.2053	0.1572	-2.8994	-0.1242	-0.2207	0.0960	-0.3796	-3.3370	-2.3172	0.9374	-0.0620	-0.6789	-1.2523	-0.8546	0.2867	1.1470	0.8222	-1.1233	-1.4155	-0.0009	2.4658	2.6442	-1.8992	-1.6737	-2.1656	1.6788	
-0.1500	 1.71626563287176E-0003	-1.9534	0.7432	0.2688	-2.7007	-0.2013	-0.4202	0.0201	-0.3216	-3.0307	-1.9418	0.8977	-0.1925	-0.6589	-1.1201	-0.7466	0.2912	0.8686	0.6351	-0.9172	-1.2696	0.0197	2.0494	2.2327	-2.0264	-1.4733	-1.9534	1.2725	0.7263	0.2334	-2.7166	-0.1434	-0.3754	-0.0290	-0.3637	-2.9579	-1.8698	0.8519	-0.2430	-0.6027	-1.0528	-0.7732	0.2496	0.8732	0.6592	-0.9171	-1.2877	0.0059	2.0040	2.1980	-2.0172	-1.4569	-1.9434	1.2767	
-0.1000	 1.03264495496376E-0003	-1.7265	0.2511	0.3386	-2.5177	-0.2081	-0.5679	-0.1181	-0.3146	-2.6278	-1.4699	0.8000	-0.3874	-0.5674	-0.9010	-0.6711	0.2435	0.5938	0.4772	-0.7089	-1.1452	0.0215	1.5686	1.7702	-2.1440	-1.2494	-1.7265	0.8615	0.2378	0.3112	-2.5301	-0.1634	-0.5333	-0.1561	-0.3469	-2.5710	-1.4140	0.7647	-0.4266	-0.5239	-0.8486	-0.6915	0.2113	0.5969	0.4956	-0.7085	-1.1591	-0.0005	1.5330	1.7430	-2.1372	-1.2363	-1.7187	0.8642	
-0.0500	 5.12280412440736E-0004	-1.4976	-0.2463	0.4095	-2.3324	-0.2164	-0.7178	-0.2563	-0.3073	-2.2197	-0.9936	0.7014	-0.5838	-0.4743	-0.6786	-0.5956	0.1946	0.3181	0.3198	-0.4997	-1.0204	-0.0006	1.0826	1.3032	-2.2629	-1.0232	-1.4976	0.4434	-0.2553	0.3901	-2.3414	-0.1851	-0.6934	-0.2836	-0.3304	-2.1796	-0.9541	0.6765	-0.6112	-0.4439	-0.6420	-0.6099	0.1722	0.3204	0.3323	-0.4991	-1.0302	0.0090	1.0573	1.2838	-2.2581	-1.0140	-1.4921	0.4455	
0.0000	 1.69548902022503E-0004	-1.2674	-0.7476	0.4813	-2.1453	-0.2260	-0.8696	-0.3961	-0.2992	-1.8073	-0.5139	0.6021	-0.7813	-0.3805	-0.4547	-0.5205	0.1454	0.0413	0.1617	-0.2898	-0.8954	-0.0077	0.5917	0.8317	-2.3826	-0.7945	-1.2674	0.0206	-0.7533	0.4703	-2.1501	-0.2078	-0.8555	-0.4117	-0.3121	-1.7842	-0.4910	0.5878	-0.7968	-0.3631	-0.4340	-0.5283	0.1329	0.0416	0.1682	-0.2891	-0.9003	0.0276	0.5761	0.8194	-2.3801	-0.7891	-1.2639	0.0220	
0.0500	 1.11108595141726E-0005	-1.0368	-1.2512	0.5540	-1.9565	-0.2371	-1.0231	-0.5353	-0.2898	-1.3935	-0.0336	0.5025	-0.9785	-0.2872	-0.2308	-0.4448	0.0965	-0.2355	0.0026	-0.0799	-0.7697	-0.0084	0.0975	0.3567	-2.5023	-0.5651	-1.0368	-0.4061	-1.2518	0.5513	-1.9578	-0.2324	-1.0192	-0.5396	-0.2932	-1.3879	-0.0280	0.4991	-0.9824	-0.2832	-0.2258	-0.4464	0.0936	-0.2364	0.0034	-0.0789	-0.7706	0.0057	0.0926	0.3524	-2.5018	-0.5634	-1.0354	-0.4052	
0.1000	 4.20957504759948E-0005	-0.8050	-1.7548	0.6277	-1.7666	-0.2497	-1.1778	-0.6746	-0.2804	-0.9787	0.4467	0.4028	-1.1758	-0.1933	-0.0068	-0.3690	0.0472	-0.5130	-0.1558	0.1306	-0.6443	0.0091	-0.3978	-0.1198	-2.6229	-0.3346	-0.8050	-0.8365	-1.7524	0.6332	-1.7638	-0.2581	-1.1844	-0.6665	-0.2740	-0.9901	0.4355	0.4100	-1.1678	-0.2027	-0.0179	-0.3640	0.0541	-0.5159	-0.1614	0.1319	-0.6405	0.0167	-0.3932	-0.1169	-2.6244	-0.3363	-0.8059	-0.8367	
0.1500	 2.68278493001525E-0004	-0.5728	-2.2574	0.7022	-1.5758	-0.2636	-1.3343	-0.8124	-0.2693	-0.5635	0.9245	0.3035	-1.3728	-0.1012	0.2163	-0.2928	-0.0015	-0.7924	-0.3164	0.3403	-0.5179	-0.0087	-0.8948	-0.5983	-2.7436	-0.1031	-0.5728	-1.2682	-2.2507	0.7159	-1.5688	-0.2864	-1.3513	-0.7929	-0.2531	-0.5933	0.8957	0.3214	-1.3526	-0.1238	0.1889	-0.2812	0.0154	-0.7967	-0.3280	0.3422	-0.5096	0.0158	-0.8801	-0.5881	-2.7475	-0.1085	-0.5753	-1.2689	
0.2000	 7.47817901682006E-0004	-0.3412	-2.7561	0.7770	-1.3845	-0.2796	-1.4915	-0.9496	-0.2582	-0.1508	1.3999	0.2043	-1.5691	-0.0100	0.4374	-0.2164	-0.0497	-1.0711	-0.4774	0.5495	-0.3919	-0.0065	-1.3899	-1.0765	-2.8643	0.1280	-0.3412	-1.6993	-2.7440	0.8000	-1.3727	-0.3168	-1.5201	-0.9170	-0.2316	-0.2007	1.3507	0.2344	-1.5359	-0.0474	0.3910	-0.1973	-0.0218	-1.0778	-0.4961	0.5528	-0.3777	-0.0098	-1.3661	-1.0593	-2.8707	0.1200	-0.3442	-1.7011	
