Arquivo: c:\arq\medidas\BBA_1303_063127\BBA_AMP05A_H.dat
Data: 1303	 Hora:  0658
Comentário: 
NomeParametro	 ValorParametro
Nmedias	5
PausaCorretora	3000
PausaShunt	2000
PausaLeitura	500
NumCiclos	3
 NPassosCor	9
DeltaShunt	1.50
TetaIni	-0.20
TetaFim	0.20
I[mA]	 163.6
ACH11A	DeltaPos^2	AMP05A	AMP01B_0	AMP02A_0	AMP02B_0	AMP03A_0	AMP03B_0	AMP04A_0	AMP04B_0	AMP05A_0	AMP05B_0	AMP06A_0	AMP06B_0	AMP07A_0	AMP07B_0	AMP08A_0	AMP08B_0	AMP09A_0	AMP09B_0	AMP10A_0	AMP10B_0	AMP11A_0	AMU11A_0	AMU11B_0	AMP11B_0	AMP12A_0	AMP12B_0	AMP01A_0	AMP01B_1	AMP02A_1	AMP02B_1	AMP03A_1	AMP03B_1	AMP04A_1	AMP04B_1	AMP05A_1	AMP05B_1	AMP06A_1	AMP06B_1	AMP07A_1	AMP07B_1	AMP08A_1	AMP08B_1	AMP09A_1	AMP09B_1	AMP10A_1	AMP10B_1	AMP11A_1	AMU11A_1	AMU11B_1	AMP11B_1	AMP12A_1	AMP12B_1	AMP01A_1	
-0.2000	 3.46643465907503E-0003	0.4452	-1.6104	-0.0203	-2.0076	1.4364	0.3093	-1.3465	-0.9982	0.4452	1.7387	-0.2358	-1.8118	1.0625	1.4347	-0.6475	-0.5172	-0.2189	0.5131	0.3923	-0.7526	-0.3090	-1.3179	-1.4248	-2.1825	-0.3683	-0.3473	-0.1605	-1.5041	-0.0342	-2.0467	1.4353	0.3393	-1.3155	-0.9983	0.3513	1.6332	-0.2103	-1.7667	1.0348	1.3791	-0.6612	-0.5033	-0.1617	0.5435	0.3479	-0.7779	-0.3302	-1.2117	-1.3228	-2.1573	-0.4165	-0.3961	-0.0698	
-0.1500	 1.92031633170382E-0003	-0.0740	-1.4717	0.1119	-2.0058	1.0527	0.0221	-1.1078	-0.8206	-0.0740	1.2386	-0.0211	-1.5657	0.6845	0.9696	-0.5823	-0.3370	-0.2143	0.3743	0.2676	-0.7490	-0.3402	-0.9299	-0.9575	-2.2363	-0.4303	-0.5207	-0.1610	-1.3926	0.1018	-2.0350	1.0514	0.0441	-1.0844	-0.8205	-0.1440	1.1599	-0.0024	-1.5321	0.6645	0.9282	-0.5926	-0.3265	-0.1717	0.3972	0.2347	-0.7680	-0.3538	-0.8507	-0.8813	-2.2179	-0.4660	-0.5571	-0.0942	
-0.1000	 8.26622811562358E-0004	-0.5994	-1.3339	0.2459	-2.0029	0.6618	-0.2703	-0.8660	-0.6407	-0.5994	0.7310	0.1952	-1.3166	0.3007	0.4976	-0.5155	-0.1546	-0.2117	0.2327	0.1426	-0.7445	-0.3058	-0.5389	-0.4857	-2.2922	-0.4917	-0.6953	-0.1644	-1.2821	0.2390	-2.0219	0.6612	-0.2554	-0.8504	-0.6403	-0.6451	0.6794	0.2074	-1.2950	0.2877	0.4703	-0.5225	-0.1479	-0.1835	0.2479	0.1209	-0.7566	-0.3356	-0.4867	-0.4355	-2.2801	-0.5146	-0.7188	-0.1205	
-0.0500	 1.86859087527499E-0004	-1.1270	-1.1980	0.3812	-1.9989	0.2672	-0.5657	-0.6226	-0.4596	-1.1270	0.2192	0.4127	-1.0667	-0.0856	0.0215	-0.4475	0.0290	-0.2112	0.0883	0.0176	-0.7387	-0.3193	-0.1474	-0.0128	-2.3490	-0.5519	-0.8699	-0.1704	-1.1734	0.3783	-2.0074	0.2663	-0.5592	-0.6151	-0.4590	-1.1490	0.1943	0.4186	-1.0560	-0.0919	0.0086	-0.4509	0.0321	-0.1977	0.0957	0.0073	-0.7448	-0.3221	-0.1226	0.0111	-2.3436	-0.5625	-0.8808	-0.1500	
0.0000	 2.25073397108371E-0006	-1.6552	-1.0647	0.5180	-1.9929	-0.1302	-0.8639	-0.3781	-0.2761	-1.6552	-0.2960	0.6307	-0.8149	-0.4742	-0.4574	-0.3783	0.2136	-0.2132	-0.0586	-0.1062	-0.7319	-0.2932	0.2430	0.4589	-2.4072	-0.6108	-1.0432	-0.1794	-1.0680	0.5187	-1.9918	-0.1307	-0.8650	-0.3794	-0.2765	-1.6533	-0.2935	0.6300	-0.8159	-0.4734	-0.4561	-0.3785	0.2128	-0.2141	-0.0591	-0.1058	-0.7316	-0.3320	0.2402	0.4565	-2.4081	-0.6098	-1.0426	-0.1822	
0.0500	 2.77869110307413E-0004	-2.1805	-0.9336	0.6551	-1.9869	-0.5280	-1.1631	-0.1346	-0.0934	-2.1805	-0.8100	0.8473	-0.5643	-0.8631	-0.9353	-0.3090	0.3977	-0.2165	-0.2063	-0.2297	-0.7247	-0.2972	0.6308	0.9280	-2.4657	-0.6688	-1.2158	-0.1905	-0.9646	0.6594	-1.9755	-0.5283	-1.1715	-0.1432	-0.0933	-2.1548	-0.7802	0.8404	-0.5765	-0.8549	-0.9200	-0.3049	0.3937	-0.2325	-0.2145	-0.2170	-0.7173	-0.3162	0.6007	0.8992	-2.4732	-0.6548	-1.2019	-0.2165	
0.1000	 9.99933857269519E-0004	-2.7013	-0.8055	0.7930	-1.9791	-0.9260	-1.4635	0.1085	0.0896	-2.7013	-1.3224	1.0639	-0.3133	-1.2503	-1.4113	-0.2385	0.5814	-0.2222	-0.3549	-0.3511	-0.7161	-0.2849	1.0143	1.3916	-2.5259	-0.7253	-1.3872	-0.2049	-0.8636	0.8003	-1.9578	-0.9257	-1.4794	0.0918	0.0896	-2.6520	-1.2653	1.0508	-0.3373	-1.2357	-1.3820	-0.2312	0.5736	-0.2528	-0.3713	-0.3280	-0.7026	-0.3330	0.9571	1.3368	-2.5391	-0.6992	-1.3608	-0.2537	
0.1500	 2.12816908412701E-0003	-3.2174	-0.6810	0.9318	-1.9691	-1.3237	-1.7650	0.3509	0.2723	-3.2174	-1.8320	1.2801	-0.0630	-1.6377	-1.8860	-0.1672	0.7646	-0.2303	-0.5060	-0.4716	-0.7065	-0.3304	1.3933	1.8508	-2.5868	-0.7800	-1.5566	-0.2226	-0.7656	0.9425	-1.9383	-1.3230	-1.7883	0.3263	0.2722	-3.1457	-1.7486	1.2608	-0.0983	-1.6163	-1.8431	-0.1563	0.7536	-0.2757	-0.5299	-0.4368	-0.6865	-0.2849	1.3101	1.7711	-2.6063	-0.7420	-1.5183	-0.2935	
0.2000	 3.70138922247603E-0003	-3.7286	-0.5592	1.0711	-1.9583	-1.7216	-2.0675	0.5928	0.4552	-3.7286	-2.3396	1.4955	0.1868	-2.0243	-2.3592	-0.0950	0.9483	-0.2406	-0.6584	-0.5914	-0.6960	-0.3166	1.7698	2.3068	-2.6488	-0.8337	-1.7260	-0.2427	-0.6702	1.0849	-1.9179	-1.7201	-2.0975	0.5608	0.4558	-3.6344	-2.2295	1.4699	0.1402	-1.9966	-2.3027	-0.0801	0.9345	-0.3007	-0.6904	-0.5444	-0.6691	-0.3242	1.6602	2.2018	-2.6744	-0.7829	-1.6741	-0.3359	
