Arquivo: c:\arq\medidas\BBA_1303_063127\BBA_AMP07B_H.dat
Data: 1303	 Hora:  0718
Comentário: 
NomeParametro	 ValorParametro
Nmedias	5
PausaCorretora	3000
PausaShunt	2000
PausaLeitura	500
NumCiclos	3
 NPassosCor	9
DeltaShunt	1.50
TetaIni	-0.20
TetaFim	0.20
I[mA]	  69.2
ACH01B	DeltaPos^2	AMP07B	AMP01B_0	AMP02A_0	AMP02B_0	AMP03A_0	AMP03B_0	AMP04A_0	AMP04B_0	AMP05A_0	AMP05B_0	AMP06A_0	AMP06B_0	AMP07A_0	AMP07B_0	AMP08A_0	AMP08B_0	AMP09A_0	AMP09B_0	AMP10A_0	AMP10B_0	AMP11A_0	AMU11A_0	AMU11B_0	AMP11B_0	AMP12A_0	AMP12B_0	AMP01A_0	AMP01B_1	AMP02A_1	AMP02B_1	AMP03A_1	AMP03B_1	AMP04A_1	AMP04B_1	AMP05A_1	AMP05B_1	AMP06A_1	AMP06B_1	AMP07A_1	AMP07B_1	AMP08A_1	AMP08B_1	AMP09A_1	AMP09B_1	AMP10A_1	AMP10B_1	AMP11A_1	AMU11A_1	AMU11B_1	AMP11B_1	AMP12A_1	AMP12B_1	AMP01A_1	
-0.2000	 4.68211197386931E-0003	2.0565	-2.7076	0.4883	-1.4862	0.4559	-0.8476	-1.1925	-0.5615	0.3726	1.3119	-0.5576	-1.8044	2.0165	2.0565	-1.3356	-0.9908	1.2543	1.9237	-0.2432	-1.4701	-0.0647	-0.0883	0.6484	-2.6726	0.1046	-0.9054	-2.1919	-2.5774	0.4500	-1.5425	0.5094	-0.7641	-1.1820	-0.5873	0.3166	1.2932	-0.5020	-1.7781	1.8835	1.9430	-1.3226	-0.9476	1.2630	1.8962	-0.2777	-1.4727	-0.0466	0.0102	0.7298	-2.6296	0.0443	-0.9513	-2.0646	
-0.1500	 2.53407048067143E-0003	1.4509	-2.2959	0.4859	-1.6220	0.3210	-0.8421	-1.0012	-0.5013	-0.1224	0.9205	-0.2689	-1.5693	1.4159	1.4509	-1.1084	-0.7017	0.9010	1.4459	-0.2172	-1.2980	-0.0401	0.0035	0.6149	-2.6054	-0.0800	-0.9505	-1.6966	-2.1999	0.4577	-1.6629	0.3606	-0.7807	-0.9939	-0.5202	-0.1630	0.9073	-0.2281	-1.5501	1.3162	1.3670	-1.0989	-0.6699	0.9068	1.4259	-0.2422	-1.2999	-0.0684	0.0751	0.6739	-2.5738	-0.1242	-0.9840	-1.6033	
-0.1000	 1.02169311533954E-0003	0.8335	-1.8786	0.4845	-1.7573	0.1820	-0.8389	-0.8067	-0.4387	-0.6237	0.5232	0.0224	-1.3311	0.8038	0.8335	-0.8778	-0.4089	0.5400	0.9590	-0.1891	-1.1227	-0.0577	0.0923	0.5766	-2.5386	-0.2654	-0.9944	-1.1964	-1.8179	0.4666	-1.7835	0.2070	-0.8002	-0.8020	-0.4507	-0.6498	0.5144	0.0482	-1.3187	0.7405	0.7794	-0.8717	-0.3889	0.5434	0.9457	-0.2049	-1.1239	-0.0628	0.1376	0.6139	-2.5186	-0.2933	-1.0155	-1.1374	
-0.0500	 1.82092682160174E-0004	0.2088	-1.4600	0.4852	-1.8918	0.0394	-0.8396	-0.6103	-0.3744	-1.1293	0.1197	0.3151	-1.0906	0.1859	0.2088	-0.6448	-0.1146	0.1737	0.4661	-0.1593	-0.9452	-0.0651	0.1784	0.5352	-2.4726	-0.4504	-1.0368	-0.6946	-1.4343	0.4779	-1.9030	0.0497	-0.8234	-0.6079	-0.3792	-1.1405	0.1158	0.3258	-1.0854	0.1591	0.1862	-0.6423	-0.1061	0.1753	0.4605	-0.1660	-0.9456	-0.0381	0.1975	0.5508	-2.4642	-0.4622	-1.0457	-0.6694	
0.0000	 2.79946026168046E-0005	-0.4194	-1.0425	0.4878	-2.0244	-0.1072	-0.8439	-0.4119	-0.3079	-1.6358	-0.2879	0.6080	-0.8481	-0.4345	-0.4194	-0.4105	0.1805	-0.1960	-0.0303	-0.1275	-0.7663	-0.0353	0.2606	0.4897	-2.4085	-0.6331	-1.0772	-0.1939	-1.0531	0.4908	-2.0200	-0.1116	-0.8504	-0.4126	-0.3059	-1.6319	-0.2867	0.6039	-0.8499	-0.4242	-0.4106	-0.4115	0.1775	-0.1964	-0.0282	-0.1248	-0.7660	-0.0514	0.2531	0.4834	-2.4119	-0.6286	-1.0736	-0.2036	
0.0500	 5.64797124041106E-0004	-1.0484	-0.6263	0.4915	-2.1559	-0.2563	-0.8513	-0.2136	-0.2402	-2.1409	-0.6965	0.8997	-0.6056	-1.0551	-1.0484	-0.1757	0.4753	-0.5681	-0.5278	-0.0943	-0.5861	-0.0485	0.3397	0.4410	-2.3449	-0.8154	-1.1160	0.3036	-0.6723	0.5051	-2.1367	-0.2752	-0.8805	-0.2170	-0.2312	-2.1223	-0.6905	0.8810	-0.6144	-1.0086	-1.0085	-0.1802	0.4605	-0.5703	-0.5177	-0.0828	-0.5855	-0.0357	0.3060	0.4134	-2.3599	-0.7946	-1.1002	0.2594	
0.1000	 1.77181181679970E-0003	-1.6737	-0.2138	0.4969	-2.2857	-0.4080	-0.8623	-0.0150	-0.1713	-2.6424	-1.1055	1.1898	-0.3634	-1.6710	-1.6737	0.0582	0.7676	-0.9407	-1.0245	-0.0600	-0.4064	-0.0389	0.4157	0.3898	-2.2830	-0.9957	-1.1537	0.7971	-0.2952	0.5204	-2.2516	-0.4412	-0.9139	-0.0213	-0.1557	-2.6093	-1.0947	1.1565	-0.3791	-1.5880	-1.6029	0.0501	0.7414	-0.9449	-1.0068	-0.0394	-0.4052	-0.0739	0.3562	0.3409	-2.3097	-0.9589	-1.1259	0.7189	
0.1500	 3.49344957653373E-0003	-2.2940	0.1928	0.5043	-2.4130	-0.5631	-0.8778	0.1834	-0.1006	-3.1392	-1.5145	1.4778	-0.1211	-2.2813	-2.2940	0.2922	1.0583	-1.3133	-1.5189	-0.0239	-0.2260	-0.0395	0.4869	0.3346	-2.2230	-1.1728	-1.1887	1.2834	0.0795	0.5361	-2.3663	-0.6090	-0.9496	0.1718	-0.0800	-3.0920	-1.4986	1.4292	-0.1443	-2.1631	-2.1925	0.2789	1.0197	-1.3180	-1.4925	0.0036	-0.2262	-0.0454	0.4040	0.2665	-2.2607	-1.1234	-1.1519	1.1742	
0.2000	 3.32806832704792E-0003	-2.8513	0.5625	0.5087	-2.5291	-0.7025	-0.8918	0.3614	-0.0374	-3.5819	-1.8820	1.7367	0.0964	-2.8286	-2.8513	0.5034	1.3218	-1.6491	-1.9616	0.0077	-0.0623	-0.0272	0.5516	0.2857	-2.1695	-1.3392	-1.2240	1.7221	0.4580	0.5431	-2.4886	-0.7701	-0.9813	0.3516	-0.0119	-3.5607	-1.8972	1.6943	0.0862	-2.7231	-2.7695	0.4992	1.2896	-1.6853	-1.9680	0.0406	-0.0549	-0.0416	0.4564	0.1970	-2.2124	-1.2964	-1.1862	1.6291	
