Arquivo: c:\arq\medidas\BBA_1303_063127\BBA_AMP07A_H.dat
Data: 1303	 Hora:  0714
Comentário: 
NomeParametro	 ValorParametro
Nmedias	5
PausaCorretora	3000
PausaShunt	2000
PausaLeitura	500
NumCiclos	3
 NPassosCor	9
DeltaShunt	1.50
TetaIni	-0.20
TetaFim	0.20
I[mA]	 159.7
ACH01A	DeltaPos^2	AMP07A	AMP01B_0	AMP02A_0	AMP02B_0	AMP03A_0	AMP03B_0	AMP04A_0	AMP04B_0	AMP05A_0	AMP05B_0	AMP06A_0	AMP06B_0	AMP07A_0	AMP07B_0	AMP08A_0	AMP08B_0	AMP09A_0	AMP09B_0	AMP10A_0	AMP10B_0	AMP11A_0	AMU11A_0	AMU11B_0	AMP11B_0	AMP12A_0	AMP12B_0	AMP01A_0	AMP01B_1	AMP02A_1	AMP02B_1	AMP03A_1	AMP03B_1	AMP04A_1	AMP04B_1	AMP05A_1	AMP05B_1	AMP06A_1	AMP06B_1	AMP07A_1	AMP07B_1	AMP08A_1	AMP08B_1	AMP09A_1	AMP09B_1	AMP10A_1	AMP10B_1	AMP11A_1	AMU11A_1	AMU11B_1	AMP11B_1	AMP12A_1	AMP12B_1	AMP01A_1	
-0.2000	 6.90328110629714E-0003	2.1490	-3.1213	0.7988	-1.2291	-0.1524	-1.4752	-0.9653	-0.2607	0.0800	0.8954	-0.5401	-1.6380	2.1490	2.0357	-1.4764	-1.0196	1.6837	2.2658	-0.4533	-1.6415	-0.3145	0.3827	1.1499	-2.8965	-0.0284	-1.1009	-1.9855	-2.9704	0.7403	-1.2996	-0.0537	-1.3480	-0.9718	-0.3067	0.0522	0.9133	-0.4891	-1.6253	2.0100	1.8769	-1.4409	-0.9525	1.6513	2.1907	-0.4792	-1.6252	-0.3058	0.4740	1.2127	-2.8390	-0.0988	-1.1442	-1.8257	
-0.1500	 3.93302124575481E-0003	1.5029	-2.6113	0.7268	-1.4219	-0.1431	-1.3195	-0.8201	-0.2673	-0.3513	0.6020	-0.2483	-1.4350	1.5029	1.4229	-1.2051	-0.7134	1.2183	1.6952	-0.3699	-1.4181	-0.3334	0.3554	0.9871	-2.7740	-0.1768	-1.0918	-1.5369	-2.4970	0.6825	-1.4751	-0.0688	-1.2238	-0.8251	-0.3023	-0.3719	0.6153	-0.2100	-1.4255	1.3975	1.3031	-1.1782	-0.6629	1.1934	1.6377	-0.3889	-1.4058	-0.3105	0.4238	1.0340	-2.7304	-0.2297	-1.1241	-1.4163	
-0.1000	 1.79834452804823E-0003	0.8515	-2.0987	0.6553	-1.6144	-0.1365	-1.1663	-0.6735	-0.2728	-0.7838	0.3052	0.0435	-1.2312	0.8515	0.8048	-0.9330	-0.4069	0.7467	1.1174	-0.2843	-1.1930	-0.3156	0.3238	0.8199	-2.6516	-0.3234	-1.0805	-1.0892	-2.0207	0.6258	-1.6497	-0.0862	-1.1013	-0.6773	-0.2965	-0.7974	0.3144	0.0689	-1.2252	0.7799	0.7235	-0.9150	-0.3731	0.7298	1.0785	-0.2972	-1.1846	-0.3015	0.3693	0.8508	-2.6224	-0.3590	-1.1020	-1.0076	
-0.0500	 4.73821432989542E-0004	0.1987	-1.5849	0.5853	-1.8047	-0.1320	-1.0152	-0.5269	-0.2778	-1.2160	0.0062	0.3339	-1.0276	0.1987	0.1841	-0.6606	-0.1011	0.2727	0.5370	-0.1976	-0.9673	-0.3015	0.2884	0.6489	-2.5304	-0.4685	-1.0677	-0.6436	-1.5451	0.5703	-1.8228	-0.1066	-0.9822	-0.5288	-0.2897	-1.2232	0.0109	0.3471	-1.0244	0.1617	0.1420	-0.6512	-0.0835	0.2639	0.5171	-0.2043	-0.9628	-0.3138	0.3117	0.6647	-2.5154	-0.4867	-1.0789	-0.6016	
0.0000	 1.66943081892473E-0006	-0.4552	-1.0721	0.5171	-1.9932	-0.1302	-0.8672	-0.3796	-0.2807	-1.6483	-0.2946	0.6240	-0.8227	-0.4552	-0.4387	-0.3874	0.2048	-0.2038	-0.0454	-0.1087	-0.7405	-0.2914	0.2485	0.4738	-2.4104	-0.6107	-1.0522	-0.2020	-1.0702	0.5165	-1.9943	-0.1292	-0.8654	-0.3798	-0.2814	-1.6490	-0.2946	0.6250	-0.8222	-0.4574	-0.4414	-0.3871	0.2060	-0.2050	-0.0472	-0.1092	-0.7404	-0.3206	0.2496	0.4743	-2.4098	-0.6121	-1.0534	-0.1998	
0.0500	 3.61344424495163E-0004	-1.1078	-0.5611	0.4505	-2.1799	-0.1317	-0.7222	-0.2317	-0.2825	-2.0792	-0.5969	0.9131	-0.6173	-1.1078	-1.0609	-0.1142	0.5093	-0.6831	-0.6291	-0.0185	-0.5129	-0.3322	0.2039	0.2945	-2.2908	-0.7513	-1.0354	0.2334	-0.5966	0.4640	-2.1642	-0.1540	-0.7511	-0.2304	-0.2719	-2.0728	-0.6007	0.9017	-0.6203	-1.0760	-1.0245	-0.1222	0.4944	-0.6755	-0.6120	-0.0124	-0.5164	-0.3140	0.1831	0.2797	-2.3045	-0.7352	-1.0253	0.1972	
0.1000	 1.48665063121064E-0003	-1.7557	-0.0552	0.3856	-2.3643	-0.1360	-0.5806	-0.0833	-0.2828	-2.5067	-0.8997	1.2004	-0.4120	-1.7557	-1.6802	0.1591	0.8124	-1.1633	-1.2119	0.0740	-0.2843	-0.3044	0.1540	0.1102	-2.1728	-0.8883	-1.0150	0.6636	-0.1258	0.4122	-2.3332	-0.1813	-0.6395	-0.0807	-0.2617	-2.4938	-0.9075	1.1766	-0.4184	-1.6902	-1.6047	0.1423	0.7815	-1.1475	-1.1760	0.0857	-0.2927	-0.3133	0.1126	0.0816	-2.2001	-0.8565	-0.9958	0.5907	
0.1500	 3.29851861792436E-0003	-2.3984	0.4493	0.3213	-2.5476	-0.1423	-0.4415	0.0648	-0.2827	-2.9331	-1.2040	1.4864	-0.2071	-2.3984	-2.2952	0.4309	1.1139	-1.6430	-1.7923	0.1676	-0.0565	-0.2750	0.1010	-0.0764	-2.0559	-1.0248	-0.9943	1.0900	0.3450	0.3590	-2.5031	-0.2100	-0.5296	0.0649	-0.2535	-2.9129	-1.2152	1.4498	-0.2188	-2.2993	-2.1805	0.4030	1.0651	-1.6170	-1.7372	0.1822	-0.0716	-0.2390	0.0417	-0.1167	-2.0964	-0.9802	-0.9687	0.9823	
0.2000	 5.27623481630928E-0003	-3.0259	0.9509	0.2539	-2.7342	-0.1488	-0.3037	0.2075	-0.2847	-3.3513	-1.5065	1.7674	-0.0082	-3.0259	-2.8977	0.6969	1.4087	-2.1166	-2.3623	0.2586	0.1657	-0.2148	0.0488	-0.2611	-1.9409	-1.1626	-0.9765	1.5104	0.8269	0.2914	-2.6882	-0.2288	-0.4096	0.1920	-0.2589	-3.3215	-1.5165	1.7125	-0.0321	-2.8894	-2.7418	0.6524	1.3367	-2.0758	-2.2831	0.2684	0.1362	-0.0932	-0.0194	-0.3043	-1.9922	-1.1189	-0.9566	1.3809	
