Arquivo: c:\arq\medidas\BBA_1303_063127\BBA_AMP09A_H.dat
Data: 1303	 Hora:  0730
Comentário: 
NomeParametro	 ValorParametro
Nmedias	5
PausaCorretora	3000
PausaShunt	2000
PausaLeitura	500
NumCiclos	3
 NPassosCor	9
DeltaShunt	1.50
TetaIni	-0.20
TetaFim	0.20
I[mA]	  35.4
ACH03A	DeltaPos^2	AMP09A	AMP01B_0	AMP02A_0	AMP02B_0	AMP03A_0	AMP03B_0	AMP04A_0	AMP04B_0	AMP05A_0	AMP05B_0	AMP06A_0	AMP06B_0	AMP07A_0	AMP07B_0	AMP08A_0	AMP08B_0	AMP09A_0	AMP09B_0	AMP10A_0	AMP10B_0	AMP11A_0	AMU11A_0	AMU11B_0	AMP11B_0	AMP12A_0	AMP12B_0	AMP01A_0	AMP01B_1	AMP02A_1	AMP02B_1	AMP03A_1	AMP03B_1	AMP04A_1	AMP04B_1	AMP05A_1	AMP05B_1	AMP06A_1	AMP06B_1	AMP07A_1	AMP07B_1	AMP08A_1	AMP08B_1	AMP09A_1	AMP09B_1	AMP10A_1	AMP10B_1	AMP11A_1	AMU11A_1	AMU11B_1	AMP11B_1	AMP12A_1	AMP12B_1	AMP01A_1	
-0.2000	 4.27875602223473E-0003	2.1620	-0.3783	1.0663	-2.0531	-1.8936	-2.8713	-0.1505	0.4771	-1.6635	-0.9444	0.0482	-0.8306	1.2192	0.7116	-1.5034	-0.5954	2.1620	2.2422	-1.1221	-1.8917	-0.0097	2.0368	2.6134	-3.2756	-0.9627	-1.9141	-0.1752	-0.3017	1.0090	-2.0980	-1.7719	-2.7480	-0.1927	0.4201	-1.5982	-0.8534	0.0451	-0.8620	1.1955	0.7204	-1.4661	-0.5850	2.0617	2.1181	-1.1054	-1.8436	-0.0269	2.0330	2.5795	-3.2312	-0.9974	-1.9140	-0.0735	
-0.1500	 2.50615108865122E-0003	1.6252	-0.5231	0.9321	-2.0519	-1.4909	-2.4041	-0.2179	0.2915	-1.6536	-0.7908	0.1734	-0.8370	0.8421	0.4544	-1.2551	-0.4210	1.6252	1.7261	-0.8974	-1.6368	-0.0210	1.6353	2.1337	-3.0741	-0.8940	-1.7277	-0.1718	-0.4647	0.8880	-2.0861	-1.3978	-2.3093	-0.2501	0.2481	-1.6041	-0.7215	0.1713	-0.8609	0.8243	0.4610	-1.2270	-0.4131	1.5479	1.6302	-0.8848	-1.5997	0.0135	1.6322	2.1076	-3.0402	-0.9203	-1.7278	-0.0947	
-0.1000	 1.18144862202336E-0003	1.0790	-0.6727	0.7974	-2.0493	-1.0850	-1.9307	-0.2850	0.1048	-1.6457	-0.6375	0.3009	-0.8425	0.4599	0.1930	-1.0050	-0.2447	1.0790	1.2007	-0.6702	-1.3786	-0.0034	1.2259	1.6437	-2.8705	-0.8228	-1.5386	-0.1722	-0.6326	0.7672	-2.0730	-1.0211	-1.8654	-0.3071	0.0750	-1.6120	-0.5901	0.2994	-0.8589	0.4477	0.1974	-0.9856	-0.2391	1.0261	1.1349	-0.6614	-1.3532	-0.0226	1.2243	1.6258	-2.8472	-0.8410	-1.5388	-0.1191	
-0.0500	 3.51128699977652E-0004	0.5289	-0.8258	0.6638	-2.0449	-0.6793	-1.4561	-0.3516	-0.0815	-1.6395	-0.4859	0.4286	-0.8473	0.0776	-0.0697	-0.7540	-0.0679	0.5289	0.6725	-0.4419	-1.1204	0.0037	0.8125	1.1496	-2.6664	-0.7500	-1.3478	-0.1764	-0.8042	0.6474	-2.0576	-0.6447	-1.4205	-0.3635	-0.0978	-1.6210	-0.4600	0.4278	-0.8561	0.0709	-0.0669	-0.7433	-0.0649	0.5001	0.6360	-0.4375	-1.1065	0.0277	0.8114	1.1399	-2.6542	-0.7595	-1.3476	-0.1476	
0.0000	 9.91383139009537E-0006	-0.0210	-0.9824	0.5320	-2.0389	-0.2762	-0.9838	-0.4171	-0.2668	-1.6345	-0.3363	0.5561	-0.8511	-0.3048	-0.3326	-0.5035	0.1088	-0.0210	0.1442	-0.2142	-0.8623	-0.0045	0.3972	0.6531	-2.4631	-0.6756	-1.1564	-0.1840	-0.9784	0.5294	-2.0408	-0.2706	-0.9778	-0.4191	-0.2694	-1.6316	-0.3316	0.5557	-0.8525	-0.3054	-0.3322	-0.5017	0.1092	-0.0257	0.1378	-0.2134	-0.8599	0.0040	0.3970	0.6512	-2.4616	-0.6770	-1.1567	-0.1792	
0.0500	 1.54078370304727E-0004	-0.5705	-1.1413	0.4010	-2.0312	0.1249	-0.5123	-0.4812	-0.4513	-1.6315	-0.1880	0.6839	-0.8544	-0.6870	-0.5971	-0.2534	0.2852	-0.5705	-0.3848	0.0138	-0.6042	-0.0005	-0.0204	0.1537	-2.2604	-0.6004	-0.9647	-0.1950	-1.1556	0.4123	-2.0224	0.1014	-0.5359	-0.4738	-0.4404	-1.6434	-0.2049	0.6842	-0.8483	-0.6824	-0.5983	-0.2602	0.2833	-0.5516	-0.3615	0.0108	-0.6131	0.0292	-0.0198	0.1599	-2.2695	-0.5931	-0.9644	-0.2146	
0.1000	 7.79293684999481E-0004	-1.1223	-1.3040	0.2717	-2.0216	0.5239	-0.0421	-0.5451	-0.6352	-1.6296	-0.0416	0.8120	-0.8565	-1.0699	-0.8626	-0.0029	0.4619	-1.1223	-0.9152	0.2428	-0.3456	-0.0082	-0.4417	-0.3487	-2.0571	-0.5226	-0.7709	-0.2105	-1.3356	0.2963	-2.0026	0.4719	-0.0951	-0.5279	-0.6111	-1.6564	-0.0795	0.8126	-0.8434	-1.0592	-0.8658	-0.0188	0.4575	-1.0784	-0.8611	0.2352	-0.3659	-0.0098	-0.4396	-0.3339	-2.0770	-0.5076	-0.7712	-0.2533	
0.1500	 1.88278966355011E-0003	-1.6719	-1.4698	0.1434	-2.0110	0.9203	0.4261	-0.6083	-0.8184	-1.6287	0.1037	0.9403	-0.8582	-1.4515	-1.1289	0.2471	0.6384	-1.6719	-1.4438	0.4711	-0.0873	-0.0095	-0.8644	-0.8527	-1.8540	-0.4436	-0.5762	-0.2289	-1.5197	0.1815	-1.9816	0.8399	0.3436	-0.5819	-0.7812	-1.6702	0.0444	0.9412	-0.8378	-1.4348	-1.1338	0.2221	0.6312	-1.6038	-1.3599	0.4597	-0.1190	-0.0089	-0.8614	-0.8295	-1.8846	-0.4207	-0.5770	-0.2960	
0.2000	 3.47650400673029E-0003	-2.2172	-1.6378	0.0154	-1.9992	1.3133	0.8901	-0.6716	-1.0010	-1.6299	0.2466	1.0682	-0.8593	-1.8311	-1.3954	0.4956	0.8144	-2.2172	-1.9693	0.6988	0.1704	-0.0222	-1.2867	-1.3551	-1.6514	-0.3638	-0.3822	-0.2508	-1.7054	0.0676	-1.9589	1.2043	0.7782	-0.6344	-0.9497	-1.6864	0.1663	1.0698	-0.8315	-1.8083	-1.4015	0.4619	0.8043	-2.1253	-1.8553	0.6837	0.1272	-0.0203	-1.2828	-1.3239	-1.6931	-0.3325	-0.3825	-0.3423	
