Arquivo: c:\arq\medidas\BBA_1303_063127\BBA_AMP12A_V.dat
Data: 1303	 Hora:  0803
Comentário: 
NomeParametro	 ValorParametro
Nmedias	5
PausaCorretora	3000
PausaShunt	2000
PausaLeitura	500
NumCiclos	3
 NPassosCor	9
DeltaShunt	3.00
TetaIni	-0.20
TetaFim	0.20
I[mA]	  19.3
ACV11B	DeltaPos^2	AMP12A	AMP01B_0	AMP02A_0	AMP02B_0	AMP03A_0	AMP03B_0	AMP04A_0	AMP04B_0	AMP05A_0	AMP05B_0	AMP06A_0	AMP06B_0	AMP07A_0	AMP07B_0	AMP08A_0	AMP08B_0	AMP09A_0	AMP09B_0	AMP10A_0	AMP10B_0	AMP11A_0	AMU11A_0	AMU11B_0	AMP11B_0	AMP12A_0	AMP12B_0	AMP01A_0	AMP01B_1	AMP02A_1	AMP02B_1	AMP03A_1	AMP03B_1	AMP04A_1	AMP04B_1	AMP05A_1	AMP05B_1	AMP06A_1	AMP06B_1	AMP07A_1	AMP07B_1	AMP08A_1	AMP08B_1	AMP09A_1	AMP09B_1	AMP10A_1	AMP10B_1	AMP11A_1	AMU11A_1	AMU11B_1	AMP11B_1	AMP12A_1	AMP12B_1	AMP01A_1	
-0.2000	 2.14226253694578E-0003	-0.5636	1.3572	0.6753	-0.3639	-1.2512	2.4929	1.4997	1.2231	2.6869	-1.2873	-0.4070	-1.1659	0.3908	1.4554	1.2248	-1.2493	-2.0567	1.4467	1.8992	1.8977	-0.0210	1.8331	-0.1035	2.0300	-0.5636	-0.3857	-0.5058	1.4314	0.7176	-0.3713	-1.2900	2.4806	1.5130	1.2748	2.7602	-1.3544	-0.4615	-1.1986	0.3704	1.5176	1.2525	-1.2739	-2.1137	1.4635	1.9283	1.9490	-0.0129	1.8810	-0.1606	2.0271	-0.6129	-0.4352	-0.5561	
-0.1500	 1.24543024644425E-0003	-0.1931	0.9532	0.5010	-0.1763	-0.8304	2.4017	1.2687	0.8703	2.2727	-0.7738	-0.0576	-1.0874	0.3066	1.2080	1.1841	-0.9686	-1.5792	1.1297	1.5987	1.6060	-0.0159	1.6438	0.2817	1.6661	-0.1931	-0.1362	-0.3382	1.0100	0.5331	-0.1819	-0.8601	2.3928	1.2796	0.9106	2.3284	-0.8251	-0.0989	-1.1122	0.2908	1.2554	1.2052	-0.9872	-1.6226	1.1426	1.6208	1.6454	-0.0051	1.6803	0.2384	1.6639	-0.2308	-0.1738	-0.3761	
-0.1000	 5.56286382466771E-0004	0.1895	0.5351	0.3214	0.0175	-0.3948	2.3084	1.0304	0.5058	1.8420	-0.2425	0.3026	-1.0044	0.2211	0.9498	1.1404	-0.6793	-1.0848	0.8038	1.2889	1.3037	-0.0247	1.4453	0.6794	1.2890	0.1895	0.1211	-0.1650	0.5724	0.3429	0.0137	-0.4147	2.3023	1.0373	0.5329	1.8792	-0.2770	0.2752	-1.0210	0.2109	0.9818	1.1543	-0.6919	-1.1138	0.8127	1.3041	1.3297	-0.0026	1.4700	0.6507	1.2883	0.1641	0.0962	-0.1903	
-0.0500	 1.23927252029193E-0004	0.5783	0.1097	0.1389	0.2149	0.0486	2.2126	0.7870	0.1350	1.4012	0.2982	0.6690	-0.9194	0.1358	0.6863	1.0948	-0.3856	-0.5801	0.4740	0.9733	0.9941	-0.0009	1.2418	1.0824	0.9047	0.5783	0.3829	0.0104	0.1275	0.1492	0.2130	0.0395	2.2098	0.7902	0.1471	1.4190	0.2818	0.6562	-0.9273	0.1309	0.7011	1.1016	-0.3913	-0.5937	0.4781	0.9805	1.0066	-0.0067	1.2537	1.0689	0.9042	0.5662	0.3710	-0.0015	
0.0000	 2.59507461428237E-0006	0.9717	-0.3205	-0.0464	0.4137	0.4971	2.1155	0.5406	-0.2415	0.9543	0.8434	1.0398	-0.8328	0.0498	0.4192	1.0482	-0.0886	-0.0694	0.1408	0.6540	0.6807	-0.0079	1.0366	1.4886	0.5151	0.9717	0.6481	0.1873	-0.3233	-0.0476	0.4141	0.4990	2.1160	0.5403	-0.2430	0.9519	0.8460	1.0416	-0.8319	0.0504	0.4166	1.0477	-0.0876	-0.0674	0.1400	0.6529	0.6788	0.0027	1.0353	1.4908	0.5149	0.9731	0.6495	0.1888	
0.0500	 2.03762942172051E-0004	1.3650	-0.7544	-0.2327	0.6128	0.9457	2.0187	0.2956	-0.6183	0.5055	1.3900	1.4109	-0.7451	-0.0353	0.1500	1.0011	0.2093	0.4428	-0.1936	0.3339	0.3657	0.0103	0.8297	1.8947	0.1260	1.3650	0.9147	0.3666	-0.7773	-0.2454	0.6157	0.9583	2.0218	0.2900	-0.6344	0.4827	1.4108	1.4275	-0.7353	-0.0294	0.1308	0.9929	0.2171	0.4611	-0.1991	0.3244	0.3498	-0.0173	0.8155	1.9121	0.1253	1.3799	0.9294	0.3814	
0.1000	 7.16567602359040E-0004	1.7558	-1.1873	-0.4196	0.8117	1.3919	1.9218	0.0488	-0.9940	0.0551	1.9337	1.7812	-0.6581	-0.1210	-0.1182	0.9544	0.5065	0.9546	-0.5290	0.0136	0.0523	-0.0077	0.6239	2.2977	-0.2629	1.7558	1.1806	0.5462	-1.2301	-0.4437	0.8166	1.4152	1.9284	0.0406	-1.0242	0.0121	1.9726	1.8120	-0.6394	-0.1095	-0.1541	0.9389	0.5214	0.9884	-0.5395	-0.0038	0.0227	0.0087	0.5968	2.3305	-0.2630	1.7843	1.2088	0.5745	
0.1500	 1.51129446337805E-0003	2.1426	-1.6183	-0.6062	1.0084	1.8324	1.8257	-0.1946	-1.3673	-0.3929	2.4711	2.1470	-0.5720	-0.2074	-0.3838	0.9093	0.8025	1.4623	-0.8638	-0.3052	-0.2576	0.0003	0.4211	2.6948	-0.6482	2.1426	1.4454	0.7268	-1.6801	-0.6414	1.0155	1.8661	1.8356	-0.2069	-1.4111	-0.4555	2.5275	2.1922	-0.5449	-0.1907	-0.4359	0.8862	0.8238	1.5115	-0.8791	-0.3306	-0.3010	-0.0283	0.3818	2.7419	-0.6478	2.1836	1.4861	0.7681	
0.2000	 2.50272135012672E-0003	2.5215	-2.0430	-0.7916	1.2012	2.2653	1.7330	-0.4343	-1.7346	-0.8352	2.9975	2.5073	-0.4875	-0.2939	-0.6458	0.8652	1.0950	1.9621	-1.1951	-0.6210	-0.5620	0.0062	0.2236	3.0835	-1.0247	2.5215	1.7072	0.9071	-2.1232	-0.8371	1.2098	2.3077	1.7457	-0.4506	-1.7914	-0.9161	3.0691	2.5650	-0.4527	-0.2721	-0.7129	0.8358	1.1228	2.0247	-1.2151	-0.6537	-0.6178	-0.0274	0.1728	3.1436	-1.0239	2.5742	1.7599	0.9615	
