Arquivo: c:\arq\medidas\BBA_1303_063127\BBA_AMP04A_H.dat
Data: 1303	 Hora:  0651
Comentário: 
NomeParametro	 ValorParametro
Nmedias	5
PausaCorretora	3000
PausaShunt	2000
PausaLeitura	500
NumCiclos	3
 NPassosCor	9
DeltaShunt	3.00
TetaIni	-0.20
TetaFim	0.20
I[mA]	 164.8
ACH11B	DeltaPos^2	AMP04A	AMP01B_0	AMP02A_0	AMP02B_0	AMP03A_0	AMP03B_0	AMP04A_0	AMP04B_0	AMP05A_0	AMP05B_0	AMP06A_0	AMP06B_0	AMP07A_0	AMP07B_0	AMP08A_0	AMP08B_0	AMP09A_0	AMP09B_0	AMP10A_0	AMP10B_0	AMP11A_0	AMU11A_0	AMU11B_0	AMP11B_0	AMP12A_0	AMP12B_0	AMP01A_0	AMP01B_1	AMP02A_1	AMP02B_1	AMP03A_1	AMP03B_1	AMP04A_1	AMP04B_1	AMP05A_1	AMP05B_1	AMP06A_1	AMP06B_1	AMP07A_1	AMP07B_1	AMP08A_1	AMP08B_1	AMP09A_1	AMP09B_1	AMP10A_1	AMP10B_1	AMP11A_1	AMU11A_1	AMU11B_1	AMP11B_1	AMP12A_1	AMP12B_1	AMP01A_1	
-0.2000	 5.43121256993187E-0003	-1.3067	-0.9658	-0.2176	-2.2844	1.7168	0.7344	-1.3067	-1.1339	0.1908	1.6840	0.0399	-1.6934	0.3694	0.8511	-0.2947	-0.1941	-0.9164	-0.2434	0.6054	-0.4244	-0.3164	-1.5477	-1.1393	-1.9655	-0.6627	-0.5612	0.4741	-0.8627	-0.2371	-2.3392	1.6685	0.7233	-1.2770	-1.0952	0.1138	1.5796	0.0212	-1.6805	0.3932	0.8380	-0.3602	-0.2283	-0.8057	-0.1562	0.5187	-0.4995	-0.3489	-1.4145	-0.9989	-1.9517	-0.7342	-0.6469	0.5450	
-0.1500	 3.95467537405445E-0003	-1.0617	-0.9735	-0.0293	-2.2163	1.2403	0.3247	-1.0617	-0.9116	-0.2991	1.1646	0.1993	-1.4611	0.1371	0.4990	-0.3125	-0.0827	-0.7408	-0.2054	0.4203	-0.5016	-0.3322	-1.0783	-0.7082	-2.0761	-0.6585	-0.6959	0.3190	-0.8858	-0.0454	-2.2622	1.1981	0.3152	-1.0355	-0.8777	-0.3649	1.0746	0.1833	-1.4502	0.1573	0.4873	-0.3686	-0.1119	-0.6461	-0.1311	0.3467	-0.5653	-0.3157	-0.9645	-0.5884	-2.0645	-0.7188	-0.7686	0.3794	
-0.1000	 2.74494453874330E-0003	-0.8136	-0.9841	0.1617	-2.1461	0.7552	-0.0911	-0.8136	-0.6865	-0.7944	0.6379	0.3606	-1.2266	-0.0993	0.1410	-0.3291	0.0309	-0.5654	-0.1692	0.2342	-0.5785	-0.3136	-0.6044	-0.2743	-2.1886	-0.6526	-0.8303	0.1603	-0.9114	0.1485	-2.1841	0.7198	-0.0992	-0.7919	-0.6584	-0.8491	0.5631	0.3472	-1.2172	-0.0818	0.1314	-0.3759	0.0064	-0.4866	-0.1072	0.1724	-0.6318	-0.3268	-0.5096	-0.1747	-2.1789	-0.7031	-0.8910	0.2102	
-0.0500	 1.76575475246945E-0003	-0.5644	-0.9975	0.3536	-2.0744	0.2655	-0.5102	-0.5644	-0.4609	-1.2918	0.1072	0.5228	-0.9903	-0.3373	-0.2196	-0.3455	0.1451	-0.3914	-0.1343	0.0474	-0.6550	-0.3164	-0.1302	0.1582	-2.3021	-0.6454	-0.9640	-0.0009	-0.9386	0.3427	-2.1056	0.2383	-0.5160	-0.5473	-0.4384	-1.3349	0.0479	0.5120	-0.9834	-0.3228	-0.2267	-0.3831	0.1256	-0.3278	-0.0846	-0.0023	-0.6978	-0.3156	-0.0542	0.2379	-2.2943	-0.6864	-1.0128	0.0395	
0.0000	 9.70062500187600E-0004	-0.3146	-1.0134	0.5464	-2.0013	-0.2265	-0.9316	-0.3146	-0.2338	-1.7897	-0.4262	0.6851	-0.7533	-0.5776	-0.5821	-0.3607	0.2603	-0.2184	-0.1014	-0.1387	-0.7307	-0.3408	0.3438	0.5897	-2.4166	-0.6372	-1.0968	-0.1650	-0.9694	0.5386	-2.0242	-0.2474	-0.9361	-0.3015	-0.2167	-1.8215	-0.4703	0.6772	-0.7477	-0.5668	-0.5878	-0.3885	0.2462	-0.1716	-0.0648	-0.1760	-0.7628	-0.3474	0.3999	0.6485	-2.4107	-0.6675	-1.1333	-0.1355	
0.0500	 4.16398042285858E-0004	-0.0647	-1.0320	0.7397	-1.9274	-0.7197	-1.3537	-0.0647	-0.0069	-2.2864	-0.9595	0.8481	-0.5156	-0.8193	-0.9461	-0.3752	0.3760	-0.0482	-0.0708	-0.3245	-0.8049	-0.3478	0.8156	1.0177	-2.5314	-0.6280	-1.2287	-0.3315	-1.0036	0.7350	-1.9420	-0.7336	-1.3570	-0.0556	0.0052	-2.3073	-0.9887	0.8429	-0.5117	-0.8122	-0.9500	-0.3935	0.3669	-0.0171	-0.0467	-0.3493	-0.8262	-0.3233	0.8520	1.0559	-2.5274	-0.6473	-1.2522	-0.3124	
0.1000	 9.85180609632199E-0005	0.1859	-1.0537	0.9340	-1.8513	-1.2132	-1.7774	0.1859	0.2214	-2.7811	-1.4922	1.0118	-0.2774	-1.0637	-1.3105	-0.3882	0.4929	0.1207	-0.0424	-0.5103	-0.8787	-0.3280	1.2835	1.4414	-2.6476	-0.6164	-1.3584	-0.5012	-1.0393	0.9317	-1.8586	-1.2196	-1.7783	0.1909	0.2279	-2.7907	-1.5062	1.0094	-0.2751	-1.0597	-1.3124	-0.3971	0.4886	0.1358	-0.0308	-0.5221	-0.8889	-0.3282	1.3014	1.4598	-2.6453	-0.6258	-1.3697	-0.4917	
0.1500	 1.16809702978730E-0006	0.4351	-1.0778	1.1278	-1.7749	-1.7051	-2.1995	0.4351	0.4481	-3.2712	-2.0217	1.1754	-0.0399	-1.3077	-1.6751	-0.3998	0.6101	0.2871	-0.0163	-0.6943	-0.9511	-0.3258	1.7473	1.8612	-2.7642	-0.6041	-1.4874	-0.6727	-1.0789	1.1291	-1.7736	-1.7048	-2.1991	0.4360	0.4492	-3.2704	-2.0212	1.1764	-0.0386	-1.3079	-1.6754	-0.3993	0.6109	0.2854	-0.0180	-0.6937	-0.9501	-0.3047	1.7455	1.8594	-2.7637	-0.6034	-1.4864	-0.6740	
0.2000	 1.21496621794587E-0004	0.6841	-1.1053	1.3223	-1.6964	-2.1951	-2.6209	0.6841	0.6751	-3.7572	-2.5474	1.3394	0.1978	-1.5543	-2.0395	-0.4105	0.7280	0.4502	0.0074	-0.8776	-1.0225	-0.3248	2.2067	2.2759	-2.8813	-0.5901	-1.6147	-0.8464	-1.1198	1.3258	-1.6880	-2.1876	-2.6183	0.6806	0.6709	-3.7455	-2.5319	1.3425	0.1970	-1.5571	-2.0376	-0.4009	0.7335	0.4337	-0.0062	-0.8645	-1.0109	-0.3362	2.1865	2.2547	-2.8825	-0.5796	-1.6017	-0.8568	
