Arquivo: c:\arq\medidas\BBA_1303_063127\BBA_AMP05B_H.dat
Data: 1303	 Hora:  0702
Comentário: 
NomeParametro	 ValorParametro
Nmedias	5
PausaCorretora	3000
PausaShunt	2000
PausaLeitura	500
NumCiclos	3
 NPassosCor	9
DeltaShunt	1.50
TetaIni	-0.20
TetaFim	0.20
I[mA]	 163.0
ACH11B	DeltaPos^2	AMP05B	AMP01B_0	AMP02A_0	AMP02B_0	AMP03A_0	AMP03B_0	AMP04A_0	AMP04B_0	AMP05A_0	AMP05B_0	AMP06A_0	AMP06B_0	AMP07A_0	AMP07B_0	AMP08A_0	AMP08B_0	AMP09A_0	AMP09B_0	AMP10A_0	AMP10B_0	AMP11A_0	AMU11A_0	AMU11B_0	AMP11B_0	AMP12A_0	AMP12B_0	AMP01A_0	AMP01B_1	AMP02A_1	AMP02B_1	AMP03A_1	AMP03B_1	AMP04A_1	AMP04B_1	AMP05A_1	AMP05B_1	AMP06A_1	AMP06B_1	AMP07A_1	AMP07B_1	AMP08A_1	AMP08B_1	AMP09A_1	AMP09B_1	AMP10A_1	AMP10B_1	AMP11A_1	AMU11A_1	AMU11B_1	AMP11B_1	AMP12A_1	AMP12B_1	AMP01A_1	
-0.2000	 3.45148062996844E-0003	1.7406	-0.9305	-0.2568	-2.3104	1.8006	0.8162	-1.3411	-1.1738	0.2497	1.7406	-0.0056	-1.7298	0.4650	0.9478	-0.3311	-0.2402	-0.8606	-0.1676	0.6001	-0.4526	-0.3018	-1.5680	-1.1783	-1.9375	-0.6799	-0.5541	0.5294	-0.8447	-0.2537	-2.3368	1.7641	0.8096	-1.2972	-1.1570	0.1392	1.6508	0.0007	-1.6977	0.4806	0.9335	-0.3624	-0.2462	-0.7728	-0.0991	0.5511	-0.4923	-0.3005	-1.4601	-1.0656	-1.9255	-0.7185	-0.6037	0.5903	
-0.1500	 2.06550254397387E-0003	1.2384	-0.9557	-0.0670	-2.2355	1.3285	0.4054	-1.1031	-0.9532	-0.2230	1.2384	0.1520	-1.5033	0.2325	0.6004	-0.3436	-0.1280	-0.6990	-0.1397	0.4249	-0.5224	-0.3183	-1.1188	-0.7677	-2.0513	-0.6671	-0.6789	0.3609	-0.8892	-0.0651	-2.2562	1.3005	0.4010	-1.0694	-0.9404	-0.3081	1.1695	0.1566	-1.4789	0.2449	0.5890	-0.3680	-0.1329	-0.6311	-0.0870	0.3866	-0.5533	-0.3009	-1.0350	-0.6802	-2.0420	-0.6965	-0.7169	0.4088	
-0.1000	 1.00655849741377E-0003	0.7296	-0.9838	0.1254	-2.1585	0.8484	-0.0109	-0.8620	-0.7299	-0.7009	0.7296	0.3117	-1.2747	-0.0033	0.2480	-0.3550	-0.0139	-0.5382	-0.1138	0.2484	-0.5921	-0.3197	-0.6653	-0.3550	-2.1670	-0.6520	-0.8031	0.1890	-0.9377	0.1272	-2.1726	0.8277	-0.0151	-0.8385	-0.7210	-0.7610	0.6810	0.3151	-1.2570	0.0048	0.2398	-0.3716	-0.0171	-0.4908	-0.0769	0.2222	-0.6134	-0.2888	-0.6071	-0.2941	-2.1609	-0.6728	-0.8297	0.2215	
-0.0500	 3.29763669299785E-0004	0.2177	-1.0145	0.3185	-2.0804	0.3645	-0.4308	-0.6205	-0.5059	-1.1802	0.2177	0.4723	-1.0449	-0.2420	-0.1070	-0.3654	0.1011	-0.3792	-0.0898	0.0723	-0.6607	-0.2863	-0.2118	0.0564	-2.2837	-0.6365	-0.9267	0.0147	-0.9883	0.3194	-2.0884	0.3526	-0.4332	-0.6069	-0.5004	-1.2145	0.1899	0.4740	-1.0350	-0.2365	-0.1112	-0.3751	0.0990	-0.3515	-0.0683	0.0570	-0.6731	-0.3150	-0.1785	0.0908	-2.2804	-0.6479	-0.9418	0.0329	
0.0000	 1.95636174212297E-0005	-0.2967	-1.0482	0.5123	-2.0010	-0.1223	-0.8526	-0.3777	-0.2804	-1.6602	-0.2967	0.6333	-0.8140	-0.4819	-0.4643	-0.3741	0.2174	-0.2219	-0.0680	-0.1033	-0.7279	-0.3193	0.2405	0.4657	-2.4011	-0.6190	-1.0487	-0.1628	-1.0427	0.5129	-2.0022	-0.1258	-0.8541	-0.3744	-0.2790	-1.6689	-0.3039	0.6339	-0.8113	-0.4806	-0.4650	-0.3770	0.2164	-0.2150	-0.0627	-0.1075	-0.7314	-0.3100	0.2483	0.4739	-2.4006	-0.6213	-1.0521	-0.1591	
0.0500	 7.96467613643764E-0005	-0.8110	-1.0850	0.7067	-1.9201	-0.6097	-1.2754	-0.1356	-0.0556	-2.1386	-0.8110	0.7945	-0.5833	-0.7241	-0.8218	-0.3832	0.3333	-0.0666	-0.0481	-0.2792	-0.7955	-0.3059	0.6913	0.8725	-2.5190	-0.6004	-1.1699	-0.3430	-1.0980	0.7063	-1.9160	-0.6048	-1.2748	-0.1421	-0.0578	-2.1223	-0.7973	0.7935	-0.5878	-0.7260	-0.8192	-0.3785	0.3339	-0.0797	-0.0583	-0.2716	-0.7896	-0.3352	0.6744	0.8550	-2.5212	-0.5942	-1.1623	-0.3526	
0.1000	 5.09025003624138E-0004	-1.3253	-1.1242	0.9016	-1.8385	-1.0981	-1.6991	0.1071	0.1703	-2.6156	-1.3253	0.9563	-0.3514	-0.9676	-1.1809	-0.3909	0.4505	0.0874	-0.0302	-0.4546	-0.8617	-0.3022	1.1391	1.2757	-2.6379	-0.5805	-1.2898	-0.5253	-1.1570	0.9006	-1.8280	-1.0844	-1.6968	0.0907	0.1641	-2.5740	-1.2907	0.9539	-0.3638	-0.9732	-1.1750	-0.3785	0.4531	0.0533	-0.0561	-0.4351	-0.8460	-0.3179	1.0974	1.2324	-2.6428	-0.5655	-1.2707	-0.5490	
0.1500	 1.28088492472107E-0003	-1.8373	-1.1656	1.0969	-1.7552	-1.5848	-2.1221	0.3491	0.3955	-3.0894	-1.8373	1.1185	-0.1202	-1.2123	-1.5399	-0.3970	0.5682	0.2382	-0.0148	-0.6284	-0.9262	-0.3214	1.5823	1.6744	-2.7575	-0.5594	-1.4083	-0.7094	-1.2177	1.0949	-1.7392	-1.5625	-2.1178	0.3223	0.3853	-3.0234	-1.7822	1.1144	-0.1398	-1.2210	-1.5307	-0.3781	0.5715	0.1845	-0.0564	-0.5980	-0.9020	-0.3328	1.5161	1.6056	-2.7647	-0.5356	-1.3782	-0.7467	
0.2000	 2.39292187758855E-0003	-2.3454	-1.2090	1.2916	-1.6713	-2.0688	-2.5426	0.5902	0.6203	-3.5588	-2.3454	1.2806	0.1107	-1.4581	-1.8985	-0.4019	0.6865	0.3863	-0.0018	-0.8009	-0.9897	-0.3011	2.0215	2.0692	-2.8770	-0.5372	-1.5255	-0.8952	-1.2799	1.2884	-1.6500	-2.0378	-2.5359	0.5530	0.6053	-3.4688	-2.2701	1.2750	0.0832	-1.4713	-1.8871	-0.3758	0.6908	0.3114	-0.0598	-0.7598	-0.9566	-0.3218	1.9318	1.9754	-2.8865	-0.5056	-1.4843	-0.9450	
