Arquivo: c:\arq\medidas\BBA_1303_063127\BBA_AMP04A_V.dat
Data: 1303	 Hora:  0653
Comentário: 
NomeParametro	 ValorParametro
Nmedias	5
PausaCorretora	3000
PausaShunt	2000
PausaLeitura	500
NumCiclos	3
 NPassosCor	9
DeltaShunt	3.00
TetaIni	-0.20
TetaFim	0.20
I[mA]	 164.6
ACV03B	DeltaPos^2	AMP04A	AMP01B_0	AMP02A_0	AMP02B_0	AMP03A_0	AMP03B_0	AMP04A_0	AMP04B_0	AMP05A_0	AMP05B_0	AMP06A_0	AMP06B_0	AMP07A_0	AMP07B_0	AMP08A_0	AMP08B_0	AMP09A_0	AMP09B_0	AMP10A_0	AMP10B_0	AMP11A_0	AMU11A_0	AMU11B_0	AMP11B_0	AMP12A_0	AMP12B_0	AMP01A_0	AMP01B_1	AMP02A_1	AMP02B_1	AMP03A_1	AMP03B_1	AMP04A_1	AMP04B_1	AMP05A_1	AMP05B_1	AMP06A_1	AMP06B_1	AMP07A_1	AMP07B_1	AMP08A_1	AMP08B_1	AMP09A_1	AMP09B_1	AMP10A_1	AMP10B_1	AMP11A_1	AMU11A_1	AMU11B_1	AMP11B_1	AMP12A_1	AMP12B_1	AMP01A_1	
-0.2000	 1.09767096535973E-0003	-0.8460	1.3580	1.3710	1.4158	1.2982	0.5446	-0.8460	-0.8930	0.7204	2.1851	1.5528	-1.6585	-1.6752	1.1161	1.9649	1.2410	1.4852	-1.8755	-0.6270	0.5600	-0.6679	1.6032	2.1405	-2.7463	0.8737	-0.6592	-1.8169	1.3846	1.4014	1.4525	1.3389	0.4976	-0.8811	-0.9242	0.6901	2.2370	1.5820	-1.6638	-1.7023	1.1100	1.9744	1.2764	1.5353	-1.9224	-0.6637	0.5396	-0.6435	1.5999	2.1750	-2.8455	0.8900	-0.6828	-1.8637	
-0.1500	 6.32417150020866E-0004	-0.5321	1.0006	1.0614	1.1827	1.1029	0.8993	-0.5321	-0.7259	0.7961	1.8568	1.4136	-1.4808	-1.2952	0.9664	1.7622	0.9393	1.1266	-1.4242	-0.3346	0.5951	-0.6359	1.4764	1.9828	-2.0110	0.8802	-0.3792	-1.3853	1.0212	1.0844	1.2104	1.1340	0.8641	-0.5587	-0.7496	0.7732	1.8959	1.4357	-1.4846	-1.3157	0.9623	1.7696	0.9660	1.1645	-1.4599	-0.3622	0.5793	-0.6504	1.4735	2.0097	-2.0870	0.8934	-0.3971	-1.4209	
-0.1000	 2.92443081649312E-0004	-0.2126	0.6367	0.7464	0.9443	0.9032	1.2596	-0.2126	-0.5568	0.8719	1.5221	1.2726	-1.2991	-0.9074	0.8132	1.5545	0.6321	0.7612	-0.9635	-0.0369	0.6313	-0.6478	1.3479	1.8214	-1.2541	0.8864	-0.0948	-0.9445	0.6513	0.7622	0.9631	0.9239	1.2359	-0.2307	-0.5726	0.8565	1.5488	1.2877	-1.3017	-0.9213	0.8104	1.5594	0.6503	0.7868	-0.9875	-0.0556	0.6206	-0.6400	1.3457	1.8400	-1.3061	0.8955	-0.1070	-0.9692	
-0.0500	 8.07748099043798E-0005	0.1107	0.2686	0.4269	0.7017	0.6996	1.6239	0.1107	-0.3859	0.9479	1.1826	1.1301	-1.1150	-0.5130	0.6568	1.3438	0.3208	0.3914	-0.4946	0.2645	0.6684	-0.6443	1.2182	1.6574	-0.4833	0.8920	0.1930	-0.4960	0.2774	0.4352	0.7116	0.7100	1.6114	0.1013	-0.3941	0.9399	1.1966	1.1378	-1.1161	-0.5193	0.6552	1.3462	0.3300	0.4044	-0.5069	0.2549	0.6623	-0.6564	1.2170	1.6678	-0.5103	0.8973	0.1864	-0.5097	
0.0000	 8.79798921558618E-0007	0.4436	-0.1095	0.0980	0.4517	0.4885	1.9968	0.4436	-0.2099	1.0265	0.8321	0.9830	-0.9249	-0.1066	0.4965	1.1266	-0.0006	0.0101	-0.0116	0.5748	0.7073	-0.6595	1.0853	1.4871	0.3110	0.8970	0.4885	-0.0352	-0.1075	0.0988	0.4518	0.4878	1.9961	0.4432	-0.2102	1.0262	0.8328	0.9829	-0.9244	-0.1058	0.4957	1.1259	-0.0005	0.0098	-0.0114	0.5747	0.7061	-0.6769	1.0843	1.4890	0.3104	0.8985	0.4884	-0.0371	
0.0500	 7.43568499863345E-0005	0.7877	-0.5020	-0.2428	0.1931	0.2695	2.3795	0.7877	-0.0268	1.1096	0.4686	0.8300	-0.7282	0.3133	0.3300	0.9012	-0.3331	-0.3844	0.4885	0.8963	0.7480	-0.6705	0.9479	1.3102	1.1303	0.9014	0.7936	0.4410	-0.5067	-0.2499	0.1833	0.2573	2.3918	0.7972	-0.0186	1.1174	0.4553	0.8219	-0.7262	0.3220	0.3308	0.8975	-0.3425	-0.3983	0.5017	0.9057	0.7524	-0.6682	0.9477	1.3031	1.1566	0.8987	0.7994	0.4513	
0.1000	 3.12898625638637E-0004	1.1364	-0.8989	-0.5873	-0.0695	0.0476	2.7645	1.1364	0.1601	1.1953	0.0984	0.6737	-0.5298	0.7374	0.1631	0.6736	-0.6696	-0.7845	0.9943	1.2211	0.7903	-0.6788	0.8096	1.1299	1.9528	0.9053	1.1021	0.9233	-0.9106	-0.6024	-0.0893	0.0241	2.7889	1.1555	0.1768	1.2116	0.0705	0.6578	-0.5260	0.7540	0.1652	0.6672	-0.6888	-0.8126	1.0208	1.2410	0.8005	-0.6461	0.8104	1.1138	2.0064	0.8984	1.1144	0.9460	
0.1500	 7.08463260550667E-0004	1.4840	-1.2955	-0.9318	-0.3319	-0.1738	3.1459	1.4840	0.3487	1.2838	-0.2748	0.5159	-0.3320	1.1616	-0.0032	0.4463	-1.0066	-1.1851	1.4998	1.5465	0.8337	-0.6516	0.6717	0.9483	2.7655	0.9080	1.4097	1.4053	-1.3137	-0.9547	-0.3615	-0.2091	3.1821	1.5126	0.3740	1.3085	-0.3169	0.4917	-0.3269	1.1857	0.0005	0.4375	-1.0355	-1.2268	1.5389	1.5764	0.8495	-0.6755	0.6737	0.9226	2.8445	0.8969	1.4278	1.4403	
0.2000	 1.26276100348907E-0003	1.8312	-1.6921	-1.2756	-0.5930	-0.3942	3.5241	1.8312	0.5396	1.3759	-0.6507	0.3553	-0.1359	1.5828	-0.1668	0.2205	-1.3435	-1.5865	2.0038	1.8719	0.8779	-0.6435	0.5349	0.7645	3.5638	0.9096	1.7172	1.8861	-1.7171	-1.3065	-0.6328	-0.4405	3.5718	1.8695	0.5736	1.4092	-0.7070	0.3229	-0.1293	1.6145	-0.1615	0.2084	-1.3822	-1.6422	2.0554	1.9118	0.8990	-0.6787	0.5375	0.7298	3.6670	0.8940	1.7415	1.9332	
