Arquivo: c:\arq\medidas\BBA_1303_063127\BBA_AMU11B_H.dat
Data: 1303	 Hora:  0753
Comentário: 
NomeParametro	 ValorParametro
Nmedias	5
PausaCorretora	3000
PausaShunt	2000
PausaLeitura	500
NumCiclos	3
 NPassosCor	9
DeltaShunt	1.50
TetaIni	-0.20
TetaFim	0.20
I[mA]	  25.5
ACH05B	DeltaPos^2	AMU11B	AMP01B_0	AMP02A_0	AMP02B_0	AMP03A_0	AMP03B_0	AMP04A_0	AMP04B_0	AMP05A_0	AMP05B_0	AMP06A_0	AMP06B_0	AMP07A_0	AMP07B_0	AMP08A_0	AMP08B_0	AMP09A_0	AMP09B_0	AMP10A_0	AMP10B_0	AMP11A_0	AMU11A_0	AMU11B_0	AMP11B_0	AMP12A_0	AMP12B_0	AMP01A_0	AMP01B_1	AMP02A_1	AMP02B_1	AMP03A_1	AMP03B_1	AMP04A_1	AMP04B_1	AMP05A_1	AMP05B_1	AMP06A_1	AMP06B_1	AMP07A_1	AMP07B_1	AMP08A_1	AMP08B_1	AMP09A_1	AMP09B_1	AMP10A_1	AMP10B_1	AMP11A_1	AMU11A_1	AMU11B_1	AMP11B_1	AMP12A_1	AMP12B_1	AMP01A_1	
-0.2000	 2.59202533253368E-0003	2.7656	0.8333	0.4603	-2.6581	-0.7326	-0.8439	0.3357	-0.0743	-3.6471	-2.0124	0.7035	-0.2346	-0.1112	-0.7008	-1.0575	0.0385	1.5314	1.3019	-1.1672	-1.5825	0.0028	2.4782	2.7656	-2.1286	-1.5152	-2.1439	1.1877	0.8464	0.4219	-2.6760	-0.6392	-0.7603	0.2908	-0.1179	-3.5630	-1.9183	0.6761	-0.2765	-0.0720	-0.6397	-1.0539	0.0193	1.4994	1.2939	-1.1338	-1.5689	0.0092	2.3964	2.6916	-2.1043	-1.5219	-2.1234	1.2270	
-0.1500	 1.48867704169346E-0003	2.2889	0.4361	0.4654	-2.5286	-0.6084	-0.8523	0.1567	-0.1295	-3.1926	-1.6365	0.6748	-0.3731	-0.1700	-0.6311	-0.9256	0.0603	1.1658	1.0237	-0.9491	-1.4144	0.0077	2.0116	2.2889	-2.1936	-1.3338	-1.9236	0.8957	0.4458	0.4365	-2.5421	-0.5377	-0.7891	0.1229	-0.1619	-3.1286	-1.5651	0.6540	-0.4049	-0.1403	-0.5851	-0.9230	0.0457	1.1415	1.0179	-0.9236	-1.4041	-0.0063	1.9493	2.2324	-2.1752	-1.3385	-1.9080	0.9252	
-0.1000	 6.83545321907093E-0004	1.8082	0.0370	0.4717	-2.3982	-0.4854	-0.8622	-0.0218	-0.1837	-2.7345	-1.2602	0.6461	-0.5114	-0.2284	-0.5619	-0.7944	0.0820	0.7997	0.7462	-0.7312	-1.2466	0.0011	1.5420	1.8082	-2.2596	-1.1518	-1.7033	0.6002	0.0438	0.4518	-2.4074	-0.4378	-0.8196	-0.0448	-0.2058	-2.6907	-1.2119	0.6319	-0.5327	-0.2083	-0.5307	-0.7926	0.0719	0.7837	0.7422	-0.7142	-1.2397	-0.0036	1.4997	1.7698	-2.2471	-1.1550	-1.6926	0.6202	
-0.0500	 1.89094775041947E-0004	1.3186	-0.3696	0.4784	-2.2647	-0.3625	-0.8743	-0.2026	-0.2379	-2.2675	-0.8791	0.6173	-0.6509	-0.2882	-0.4920	-0.6614	0.1041	0.4290	0.4643	-0.5111	-1.0770	-0.0165	1.0637	1.3186	-2.3267	-0.9659	-1.4791	0.2982	-0.3669	0.4683	-2.2690	-0.3377	-0.8524	-0.2150	-0.2498	-2.2443	-0.8536	0.6098	-0.6622	-0.2771	-0.4756	-0.6606	0.0988	0.4205	0.4624	-0.5020	-1.0733	-0.0011	1.0412	1.2981	-2.3204	-0.9673	-1.4736	0.3080	
0.0000	 9.41385049637330E-0007	0.8221	-0.7820	0.4863	-2.1291	-0.2394	-0.8878	-0.3853	-0.2921	-1.7930	-0.4941	0.5882	-0.7917	-0.3484	-0.4215	-0.5275	0.1263	0.0542	0.1800	-0.2891	-0.9054	0.0222	0.5781	0.8221	-2.3953	-0.7777	-1.2526	-0.0091	-0.7821	0.4859	-2.1291	-0.2380	-0.8867	-0.3862	-0.2924	-1.7912	-0.4923	0.5874	-0.7927	-0.3468	-0.4202	-0.5275	0.1256	0.0542	0.1805	-0.2884	-0.9053	-0.0058	0.5765	0.8206	-2.3951	-0.7776	-1.2522	-0.0091	
0.0500	 1.41494655506126E-0004	0.3248	-1.1934	0.4950	-1.9928	-0.1183	-0.9032	-0.5668	-0.3452	-1.3189	-0.1114	0.5595	-0.9316	-0.4084	-0.3520	-0.3944	0.1486	-0.3182	-0.1035	-0.0683	-0.7349	-0.0114	0.0928	0.3248	-2.4640	-0.5895	-1.0274	-0.3185	-1.1969	0.5042	-1.9883	-0.1403	-0.9230	-0.5561	-0.3349	-1.3387	-0.1334	0.5656	-0.9218	-0.4168	-0.3659	-0.3953	0.1528	-0.3104	-0.1013	-0.0755	-0.7381	-0.0054	0.1116	0.3422	-2.4697	-0.5876	-1.0319	-0.3279	
0.1000	 6.16244218450035E-0004	-0.1754	-1.6073	0.5044	-1.8552	0.0022	-0.9201	-0.7492	-0.3981	-0.8415	0.2725	0.5308	-1.0717	-0.4693	-0.2829	-0.2607	0.1711	-0.6926	-0.3884	0.1531	-0.5640	-0.0068	-0.3957	-0.1754	-2.5335	-0.3998	-0.8004	-0.6309	-1.6138	0.5232	-1.8457	-0.0437	-0.9609	-0.7271	-0.3767	-0.8837	0.2264	0.5438	-1.0513	-0.4869	-0.3120	-0.2623	0.1800	-0.6769	-0.3839	0.1378	-0.5702	0.0267	-0.3567	-0.1396	-2.5453	-0.3961	-0.8096	-0.6515	
0.1500	 1.48087642290754E-0003	-0.6758	-2.0207	0.5144	-1.7166	0.1211	-0.9386	-0.9309	-0.4504	-0.3647	0.6537	0.5025	-1.2109	-0.5306	-0.2145	-0.1272	0.1938	-1.0668	-0.6730	0.3735	-0.3926	-0.0125	-0.8842	-0.6758	-2.6038	-0.2095	-0.5737	-0.9467	-2.0301	0.5443	-1.7013	0.0493	-1.0025	-0.8964	-0.4167	-0.4313	0.5815	0.5227	-1.1788	-0.5576	-0.2603	-0.1291	0.2081	-1.0435	-0.6669	0.3510	-0.4016	0.0246	-0.8259	-0.6222	-2.6223	-0.2028	-0.5865	-0.9783	
0.2000	 2.91094980346646E-0003	-1.1751	-2.4318	0.5252	-1.5783	0.2388	-0.9583	-1.1123	-0.5017	0.1108	1.0326	0.4744	-1.3498	-0.5932	-0.1478	0.0059	0.2170	-1.4395	-0.9586	0.5933	-0.2217	-0.0162	-1.3707	-1.1751	-2.6743	-0.0197	-0.3473	-1.2620	-2.4424	0.5677	-1.5551	0.1376	-1.0488	-1.0635	-0.4543	0.0140	0.9284	0.5027	-1.3041	-0.6289	-0.2123	0.0043	0.2377	-1.4073	-0.9494	0.5647	-0.2324	0.0018	-1.2940	-1.1034	-2.7003	-0.0081	-0.3623	-1.3061	
