Arquivo: c:\arq\medidas\BBA_1303_063127\BBA_AMP11B_H.dat
Data: 1303	 Hora:  0757
Comentário: 
NomeParametro	 ValorParametro
Nmedias	5
PausaCorretora	3000
PausaShunt	2000
PausaLeitura	500
NumCiclos	3
 NPassosCor	9
DeltaShunt	1.50
TetaIni	-0.20
TetaFim	0.20
I[mA]	  24.4
ACH05B	DeltaPos^2	AMP11B	AMP01B_0	AMP02A_0	AMP02B_0	AMP03A_0	AMP03B_0	AMP04A_0	AMP04B_0	AMP05A_0	AMP05B_0	AMP06A_0	AMP06B_0	AMP07A_0	AMP07B_0	AMP08A_0	AMP08B_0	AMP09A_0	AMP09B_0	AMP10A_0	AMP10B_0	AMP11A_0	AMU11A_0	AMU11B_0	AMP11B_0	AMP12A_0	AMP12B_0	AMP01A_0	AMP01B_1	AMP02A_1	AMP02B_1	AMP03A_1	AMP03B_1	AMP04A_1	AMP04B_1	AMP05A_1	AMP05B_1	AMP06A_1	AMP06B_1	AMP07A_1	AMP07B_1	AMP08A_1	AMP08B_1	AMP09A_1	AMP09B_1	AMP10A_1	AMP10B_1	AMP11A_1	AMU11A_1	AMU11B_1	AMP11B_1	AMP12A_1	AMP12B_1	AMP01A_1	
-0.2000	 2.56384425931870E-0003	-2.1274	0.8340	0.4593	-2.6600	-0.7296	-0.8419	0.3322	-0.0761	-3.6454	-2.0105	0.7020	-0.2362	-0.1105	-0.6992	-1.0583	0.0378	1.5305	1.3017	-1.1673	-1.5824	0.0035	2.4769	2.7650	-2.1274	-1.5167	-2.1454	1.1889	0.8474	0.4211	-2.6778	-0.6367	-0.7589	0.2877	-0.1196	-3.5617	-1.9171	0.6746	-0.2780	-0.0715	-0.6386	-1.0547	0.0187	1.4984	1.2939	-1.1341	-1.5686	0.0140	2.3955	2.6913	-2.1030	-1.5229	-2.1249	1.2278	
-0.1500	 1.48790996886455E-0003	-2.1927	0.4367	0.4650	-2.5300	-0.6060	-0.8511	0.1537	-0.1308	-3.1913	-1.6356	0.6736	-0.3745	-0.1688	-0.6300	-0.9268	0.0597	1.1652	1.0239	-0.9493	-1.4143	0.0078	2.0108	2.2884	-2.1927	-1.3350	-1.9249	0.8964	0.4464	0.4359	-2.5434	-0.5357	-0.7881	0.1196	-0.1634	-3.1272	-1.5641	0.6528	-0.4063	-0.1393	-0.5839	-0.9239	0.0451	1.1406	1.0182	-0.9242	-1.4038	0.0322	1.9486	2.2320	-2.1745	-1.3396	-1.9093	0.9259	
-0.1000	 6.84919571649415E-0004	-2.2587	0.0374	0.4711	-2.3994	-0.4836	-0.8613	-0.0249	-0.1848	-2.7334	-1.2594	0.6450	-0.5126	-0.2277	-0.5610	-0.7952	0.0815	0.7990	0.7458	-0.7317	-1.2462	-0.0028	1.5411	1.8078	-2.2587	-1.1526	-1.7044	0.6009	0.0440	0.4515	-2.4084	-0.4359	-0.8188	-0.0481	-0.2072	-2.6894	-1.2110	0.6306	-0.5342	-0.2077	-0.5297	-0.7932	0.0714	0.7829	0.7419	-0.7146	-1.2391	-0.0093	1.4987	1.7699	-2.2461	-1.1558	-1.6937	0.6208	
-0.0500	 1.85622644313728E-0004	-2.3260	-0.3692	0.4782	-2.2658	-0.3604	-0.8735	-0.2058	-0.2390	-2.2661	-0.8782	0.6159	-0.6525	-0.2875	-0.4908	-0.6622	0.1034	0.4282	0.4642	-0.5114	-1.0767	0.0006	1.0627	1.3184	-2.3260	-0.9669	-1.4801	0.2986	-0.3659	0.4680	-2.2703	-0.3356	-0.8513	-0.2180	-0.2503	-2.2433	-0.8528	0.6087	-0.6635	-0.2766	-0.4746	-0.6615	0.0981	0.4198	0.4627	-0.5027	-1.0730	0.0006	1.0407	1.2983	-2.3196	-0.9686	-1.4745	0.3089	
0.0000	 1.28502249949359E-0006	-2.3945	-0.7811	0.4859	-2.1302	-0.2379	-0.8872	-0.3870	-0.2929	-1.7923	-0.4938	0.5868	-0.7930	-0.3470	-0.4207	-0.5286	0.1255	0.0539	0.1804	-0.2896	-0.9053	0.0086	0.5778	0.8223	-2.3945	-0.7790	-1.2538	-0.0086	-0.7815	0.4855	-2.1299	-0.2364	-0.8859	-0.3882	-0.2935	-1.7903	-0.4919	0.5857	-0.7939	-0.3453	-0.4191	-0.5287	0.1248	0.0535	0.1810	-0.2886	-0.9051	0.0068	0.5759	0.8205	-2.3944	-0.7786	-1.2533	-0.0087	
0.0500	 1.39611281952191E-0004	-2.4633	-1.1930	0.4948	-1.9937	-0.1167	-0.9027	-0.5686	-0.3460	-1.3179	-0.1110	0.5582	-0.9328	-0.4070	-0.3511	-0.3953	0.1481	-0.3186	-0.1031	-0.0683	-0.7346	0.0225	0.0921	0.3249	-2.4633	-0.5905	-1.0281	-0.3180	-1.1964	0.5039	-1.9892	-0.1385	-0.9222	-0.5578	-0.3358	-1.3373	-0.1328	0.5642	-0.9231	-0.4154	-0.3649	-0.3964	0.1522	-0.3110	-0.1008	-0.0760	-0.7378	-0.0067	0.1109	0.3420	-2.4689	-0.5884	-1.0326	-0.3281	
0.1000	 6.06685195351076E-0004	-2.5329	-1.6074	0.5043	-1.8558	0.0035	-0.9197	-0.7505	-0.3986	-0.8402	0.2726	0.5296	-1.0729	-0.4684	-0.2822	-0.2614	0.1704	-0.6936	-0.3881	0.1531	-0.5633	-0.0085	-0.3965	-0.1756	-2.5329	-0.4006	-0.8007	-0.6317	-1.6143	0.5231	-1.8465	-0.0420	-0.9604	-0.7287	-0.3772	-0.8820	0.2268	0.5424	-1.0528	-0.4857	-0.3109	-0.2633	0.1795	-0.6779	-0.3840	0.1382	-0.5695	-0.0016	-0.3576	-0.1402	-2.5449	-0.3966	-0.8100	-0.6517	
0.1500	 1.47677791589380E-0003	-2.6030	-2.0205	0.5143	-1.7177	0.1225	-0.9380	-0.9322	-0.4507	-0.3639	0.6533	0.5013	-1.2119	-0.5298	-0.2137	-0.1280	0.1933	-1.0673	-0.6730	0.3737	-0.3921	-0.0197	-0.8844	-0.6759	-2.6030	-0.2105	-0.5743	-0.9462	-2.0300	0.5442	-1.7022	0.0509	-1.0019	-0.8976	-0.4172	-0.4303	0.5816	0.5214	-1.1800	-0.5567	-0.2593	-0.1301	0.2078	-1.0440	-0.6669	0.3507	-0.4013	0.0033	-0.8260	-0.6221	-2.6215	-0.2036	-0.5873	-0.9777	
0.2000	 2.88367898828244E-0003	-2.6735	-2.4312	0.5255	-1.5792	0.2395	-0.9582	-1.1128	-0.5019	0.1108	1.0314	0.4734	-1.3504	-0.5925	-0.1474	0.0049	0.2167	-1.4394	-0.9577	0.5929	-0.2217	-0.0004	-1.3700	-1.1742	-2.6735	-0.0206	-0.3480	-1.2619	-2.4420	0.5679	-1.5558	0.1387	-1.0483	-1.0645	-0.4541	0.0145	0.9279	0.5018	-1.3048	-0.6279	-0.2117	0.0036	0.2375	-1.4079	-0.9492	0.5644	-0.2319	0.0156	-1.2936	-1.1029	-2.6996	-0.0089	-0.3630	-1.3057	
