Arquivo: c:\arq\medidas\BBA_1303_063127\BBA_AMP11A_H.dat
Data: 1303	 Hora:  0745
Comentário: 
NomeParametro	 ValorParametro
Nmedias	5
PausaCorretora	3000
PausaShunt	2000
PausaLeitura	500
NumCiclos	3
 NPassosCor	9
DeltaShunt	1.50
TetaIni	-0.20
TetaFim	0.20
I[mA]	  26.8
ACH05A	DeltaPos^2	AMP11A	AMP01B_0	AMP02A_0	AMP02B_0	AMP03A_0	AMP03B_0	AMP04A_0	AMP04B_0	AMP05A_0	AMP05B_0	AMP06A_0	AMP06B_0	AMP07A_0	AMP07B_0	AMP08A_0	AMP08B_0	AMP09A_0	AMP09B_0	AMP10A_0	AMP10B_0	AMP11A_0	AMU11A_0	AMU11B_0	AMP11B_0	AMP12A_0	AMP12B_0	AMP01A_0	AMP01B_1	AMP02A_1	AMP02B_1	AMP03A_1	AMP03B_1	AMP04A_1	AMP04B_1	AMP05A_1	AMP05B_1	AMP06A_1	AMP06B_1	AMP07A_1	AMP07B_1	AMP08A_1	AMP08B_1	AMP09A_1	AMP09B_1	AMP10A_1	AMP10B_1	AMP11A_1	AMU11A_1	AMU11B_1	AMP11B_1	AMP12A_1	AMP12B_1	AMP01A_1	
-0.2000	 3.42756277473152E-0003	0.0047	1.1894	0.2318	-2.8455	-0.2547	-0.3325	0.1998	-0.2924	-3.4577	-2.4401	1.0116	0.0254	-0.7622	-1.3574	-0.8096	0.3489	1.1455	0.7873	-1.1214	-1.3892	0.0047	2.5339	2.6937	-1.9363	-1.6700	-2.1621	1.6300	1.1669	0.2005	-2.8492	-0.1675	-0.2647	0.1478	-0.3324	-3.3503	-2.3336	0.9663	-0.0276	-0.6809	-1.2586	-0.8259	0.3099	1.1504	0.8215	-1.0979	-1.3926	-0.0153	2.4559	2.5983	-1.9215	-1.6595	-2.1263	1.6373	
-0.1500	 2.07752560854620E-0003	-0.0041	0.7053	0.2943	-2.6682	-0.2491	-0.4678	0.0561	-0.2916	-3.0504	-1.9646	0.9103	-0.1737	-0.6642	-1.1315	-0.7369	0.2973	0.8725	0.6332	-0.9132	-1.2663	-0.0041	2.0535	2.2330	-2.0498	-1.4486	-1.9352	1.2304	0.6874	0.2701	-2.6715	-0.1817	-0.4155	0.0155	-0.3232	-2.9668	-1.8812	0.8748	-0.2149	-0.6009	-1.0545	-0.7497	0.2668	0.8767	0.6601	-0.8955	-1.2699	-0.0063	1.9929	2.1588	-2.0386	-1.4410	-1.9080	1.2359	
-0.1000	 1.06749527332845E-0003	-0.0238	0.2116	0.3584	-2.4879	-0.2451	-0.6064	-0.0890	-0.2911	-2.6356	-1.4808	0.8064	-0.3756	-0.5642	-0.9013	-0.6641	0.2442	0.5974	0.4785	-0.7036	-1.1435	-0.0238	1.5637	1.7638	-2.1653	-1.2238	-1.7060	0.8210	0.1986	0.3411	-2.4900	-0.1973	-0.5695	-0.1180	-0.3138	-2.5753	-1.4210	0.7812	-0.4050	-0.5184	-0.8460	-0.6739	0.2218	0.6004	0.4977	-0.6911	-1.1464	-0.0080	1.5201	1.7105	-2.1574	-1.2190	-1.6873	0.8244	
-0.0500	 3.67634202230309E-0004	-0.0042	-0.2880	0.4238	-2.3051	-0.2422	-0.7473	-0.2356	-0.2903	-2.2146	-0.9911	0.7015	-0.5793	-0.4626	-0.6675	-0.5918	0.1895	0.3206	0.3234	-0.4926	-1.0202	-0.0042	1.0676	1.2888	-2.2820	-0.9974	-1.4750	0.4046	-0.2963	0.4140	-2.3063	-0.2142	-0.7257	-0.2516	-0.3028	-2.1791	-0.9559	0.6866	-0.5965	-0.4358	-0.6348	-0.5970	0.1768	0.3228	0.3351	-0.4849	-1.0216	0.0103	1.0420	1.2574	-2.2775	-0.9938	-1.4632	0.4058	
0.0000	 3.06918794415167E-0005	0.0057	-0.7916	0.4902	-2.1202	-0.2403	-0.8901	-0.3822	-0.2886	-1.7896	-0.4983	0.5961	-0.7839	-0.3596	-0.4321	-0.5192	0.1346	0.0432	0.1686	-0.2814	-0.8967	0.0057	0.5669	0.8097	-2.3996	-0.7694	-1.2432	-0.0171	-0.7941	0.4875	-2.1204	-0.2324	-0.8841	-0.3868	-0.2922	-1.7794	-0.4881	0.5916	-0.7887	-0.3516	-0.4227	-0.5207	0.1310	0.0442	0.1723	-0.2794	-0.8974	-0.0132	0.5596	0.8007	-2.3982	-0.7678	-1.2394	-0.0166	
0.0500	 6.53110469585022E-0005	-0.0182	-1.2970	0.5573	-1.9339	-0.2405	-1.0350	-0.5287	-0.2862	-1.3628	-0.0050	0.4900	-0.9885	-0.2571	-0.1964	-0.4465	0.0798	-0.2344	0.0127	-0.0701	-0.7732	-0.0182	0.0637	0.3272	-2.5169	-0.5391	-1.0102	-0.4425	-1.2948	0.5622	-1.9326	-0.2528	-1.0444	-0.5209	-0.2802	-1.3779	-0.0199	0.4965	-0.9809	-0.2681	-0.2101	-0.4439	0.0854	-0.2350	0.0080	-0.0726	-0.7722	0.0172	0.0737	0.3396	-2.5192	-0.5397	-1.0142	-0.4441	
0.1000	 4.69336667501001E-0004	-0.0341	-1.8034	0.6252	-1.7465	-0.2418	-1.1806	-0.6746	-0.2831	-0.9344	0.4890	0.3836	-1.1937	-0.1545	0.0392	-0.3737	0.0247	-0.5127	-0.1435	0.1417	-0.6486	-0.0341	-0.4421	-0.1576	-2.6356	-0.3077	-0.7763	-0.8713	-1.7941	0.6367	-1.7450	-0.2735	-1.2049	-0.6553	-0.2682	-0.9750	0.4493	0.4004	-1.1741	-0.1840	0.0029	-0.3678	0.0391	-0.5141	-0.1555	0.1333	-0.6473	-0.0207	-0.4130	-0.1217	-2.6406	-0.3114	-0.7889	-0.8736	
0.1500	 1.26677258805461E-0003	0.0026	-2.3078	0.6941	-1.5577	-0.2447	-1.3282	-0.8204	-0.2795	-0.5060	0.9807	0.2776	-1.3985	-0.0532	0.2743	-0.3003	-0.0299	-0.7924	-0.3008	0.3530	-0.5243	0.0026	-0.9484	-0.6440	-2.7545	-0.0761	-0.5418	-1.3019	-2.2931	0.7125	-1.5553	-0.2966	-1.3681	-0.7887	-0.2548	-0.5731	0.9151	0.3054	-1.3661	-0.1020	0.2139	-0.2905	-0.0061	-0.7949	-0.3210	0.3396	-0.5216	-0.0243	-0.9013	-0.5860	-2.7626	-0.0816	-0.5623	-1.3054	
0.2000	 2.51978974095292E-0003	0.0112	-2.8095	0.7634	-1.3686	-0.2490	-1.4767	-0.9664	-0.2750	-0.0788	1.4702	0.1716	-1.6026	0.0470	0.5079	-0.2266	-0.0839	-1.0728	-0.4592	0.5642	-0.3992	0.0112	-1.4540	-1.1308	-2.8734	0.1561	-0.3072	-1.7328	-2.7873	0.7899	-1.3648	-0.3220	-1.5326	-0.9213	-0.2405	-0.1740	1.3767	0.2105	-1.5570	-0.0217	0.4220	-0.2120	-0.0502	-1.0768	-0.4882	0.5462	-0.3949	-0.0176	-1.3889	-1.0504	-2.8849	0.1488	-0.3350	-1.7373	
