Arquivo: c:\arq\medidas\BBA_1303_063127\BBA_AMP03B_V.dat
Data: 1303	 Hora:  0649
Comentário: 
NomeParametro	 ValorParametro
Nmedias	5
PausaCorretora	3000
PausaShunt	2000
PausaLeitura	500
NumCiclos	3
 NPassosCor	9
DeltaShunt	1.50
TetaIni	-0.20
TetaFim	0.20
I[mA]	 165.1
ACV09B	DeltaPos^2	AMP03B	AMP01B_0	AMP02A_0	AMP02B_0	AMP03A_0	AMP03B_0	AMP04A_0	AMP04B_0	AMP05A_0	AMP05B_0	AMP06A_0	AMP06B_0	AMP07A_0	AMP07B_0	AMP08A_0	AMP08B_0	AMP09A_0	AMP09B_0	AMP10A_0	AMP10B_0	AMP11A_0	AMU11A_0	AMU11B_0	AMP11B_0	AMP12A_0	AMP12B_0	AMP01A_0	AMP01B_1	AMP02A_1	AMP02B_1	AMP03A_1	AMP03B_1	AMP04A_1	AMP04B_1	AMP05A_1	AMP05B_1	AMP06A_1	AMP06B_1	AMP07A_1	AMP07B_1	AMP08A_1	AMP08B_1	AMP09A_1	AMP09B_1	AMP10A_1	AMP10B_1	AMP11A_1	AMU11A_1	AMU11B_1	AMP11B_1	AMP12A_1	AMP12B_1	AMP01A_1	
-0.2000	 4.86623093694754E-0003	0.4153	0.7436	1.1021	1.6861	1.9127	0.4153	-0.7634	-0.1232	1.8730	1.2513	0.7431	-2.2354	-2.1393	2.1604	2.4706	0.9344	0.6796	-1.7320	-0.6691	0.0259	-0.6468	0.9668	2.6079	-3.1246	1.4265	-0.2772	-1.5565	0.8387	1.1829	1.7445	1.9606	0.3243	-0.8444	-0.1644	1.8570	1.3346	0.7774	-2.2827	-2.2377	2.2014	2.5241	1.0118	0.7706	-1.8482	-0.7440	0.0190	-0.6570	1.0023	2.6467	-3.3134	1.4227	-0.3502	-1.6686	
-0.1500	 3.01222735542209E-0003	0.8134	0.5216	0.8465	1.3802	1.5633	0.8134	-0.4576	-0.1339	1.6760	1.1324	0.7921	-1.9135	-1.6348	1.7571	2.1401	0.6952	0.5005	-1.2986	-0.3562	0.1919	-0.6551	0.9894	2.3335	-2.2764	1.2997	-0.0799	-1.1716	0.5960	0.9099	1.4266	1.6009	0.7424	-0.5212	-0.1659	1.6634	1.1979	0.8189	-1.9509	-1.7127	1.7897	2.1822	0.7562	0.5723	-1.3902	-0.4150	0.1861	-0.6444	1.0171	2.3640	-2.4266	1.2969	-0.1373	-1.2600	
-0.1000	 1.52552788522343E-0003	1.2204	0.2915	0.5822	1.0652	1.2039	1.2204	-0.1436	-0.1443	1.4747	1.0097	0.8423	-1.5828	-1.1153	1.3422	1.7996	0.4481	0.3147	-0.8504	-0.0345	0.3605	-0.6494	1.0104	2.0506	-1.3936	1.1711	0.1247	-0.7739	0.3442	0.6274	1.0983	1.2311	1.1702	-0.1885	-0.1666	1.4660	1.0561	0.8611	-1.6093	-1.1708	1.3657	1.8301	0.4914	0.3657	-0.9160	-0.0761	0.3564	-0.6945	1.0300	2.0728	-1.5019	1.1690	0.0837	-0.8368	
-0.0500	 4.98091633922700E-0004	1.6344	0.0549	0.3116	0.7427	0.8378	1.6344	0.1772	-0.1537	1.2702	0.8830	0.8918	-1.2450	-0.5840	0.9185	1.4514	0.1946	0.1231	-0.3907	0.2946	0.5319	-0.6393	1.0302	1.7613	-0.4864	1.0400	0.3337	-0.3656	0.0846	0.3374	0.7619	0.8534	1.6059	0.1515	-0.1665	1.2656	0.9095	0.9025	-1.2600	-0.6156	0.9323	1.4691	0.2196	0.1523	-0.4282	0.2708	0.5293	-0.6517	1.0417	1.7746	-0.5485	1.0394	0.3108	-0.4018	
0.0000	 2.69704927397071E-0005	2.0535	-0.1868	0.0359	0.4150	0.4640	2.0535	0.5031	-0.1622	1.0640	0.7525	0.9410	-0.9023	-0.0442	0.4889	1.0977	-0.0635	-0.0732	0.0764	0.6285	0.7048	-0.6622	1.0496	1.4669	0.4365	0.9078	0.5467	0.0487	-0.1794	0.0420	0.4195	0.4673	2.0470	0.4973	-0.1647	1.0635	0.7585	0.9433	-0.9056	-0.0510	0.4933	1.1020	-0.0577	-0.0663	0.0680	0.6232	0.7047	-0.6586	1.0524	1.4702	0.4225	0.9075	0.5411	0.0404	
0.0500	 1.56581086313645E-0004	2.4740	-0.4317	-0.2423	0.0837	0.0857	2.4740	0.8325	-0.1693	0.8573	0.6191	0.9889	-0.5564	0.4989	0.0560	0.7404	-0.3248	-0.2721	0.5489	0.9661	0.8804	-0.6471	1.0687	1.1687	1.3652	0.7736	0.7612	0.4674	-0.4481	-0.2566	0.0728	0.0768	2.4895	0.8472	-0.1615	0.8609	0.6038	0.9828	-0.5478	0.5173	0.0488	0.7305	-0.3385	-0.2884	0.5700	0.9796	0.8819	-0.6660	1.0630	1.1620	1.3996	0.7742	0.7742	0.4872	
0.1000	 8.93969529930290E-0004	2.8930	-0.6779	-0.5223	-0.2506	-0.2955	2.8930	1.1642	-0.1744	0.6518	0.4824	1.0358	-0.2093	1.0445	-0.3787	0.3809	-0.5873	-0.4733	1.0232	1.3056	1.0574	-0.6525	1.0896	0.8675	2.2905	0.6383	0.9773	0.8891	-0.7177	-0.5566	-0.2762	-0.3165	2.9306	1.1992	-0.1563	0.6596	0.4461	1.0210	-0.1887	1.0873	-0.3962	0.3578	-0.6204	-0.5120	1.0739	1.3377	1.0611	-0.6571	1.0754	0.8505	2.3727	0.6394	1.0083	0.9369	
0.1500	 2.23246150057489E-0003	3.3085	-0.9232	-0.8018	-0.5848	-0.6770	3.3085	1.4953	-0.1786	0.4482	0.3440	1.0807	0.1368	1.5870	-0.8121	0.0225	-0.8494	-0.6734	1.4965	1.6440	1.2356	-0.6517	1.1118	0.5645	3.2019	0.5016	1.1925	1.3099	-0.9863	-0.8559	-0.6254	-0.7103	3.3680	1.5505	-0.1495	0.4608	0.2865	1.0570	0.1690	1.6543	-0.8401	-0.0140	-0.9019	-0.7352	1.5753	1.6948	1.2414	-0.6285	1.0892	0.5372	3.3287	0.5032	1.2416	1.3853	
0.2000	 4.10594891663748E-0003	3.7199	-1.1667	-1.0797	-0.9184	-1.0585	3.7199	1.8260	-0.1806	0.2465	0.2037	1.1243	0.4814	2.1258	-1.2436	-0.3350	-1.1101	-0.8723	1.9657	1.9814	1.4140	-0.6528	1.1359	0.2597	4.0932	0.3627	1.4059	1.7278	-1.2522	-1.1532	-0.9731	-1.1031	3.7994	1.9005	-0.1410	0.2644	0.1246	1.0915	0.5246	2.2178	-1.2807	-0.3844	-1.1817	-0.9563	2.0727	2.0495	1.4220	-0.6647	1.1052	0.2225	4.2609	0.3651	1.4723	1.8306	
