Arquivo: c:\arq\medidas\BBA_1303_063127\BBA_AMP09B_V.dat
Data: 1303	 Hora:  0735
Comentário: 
NomeParametro	 ValorParametro
Nmedias	5
PausaCorretora	3000
PausaShunt	2000
PausaLeitura	500
NumCiclos	3
 NPassosCor	9
DeltaShunt	1.50
TetaIni	-0.20
TetaFim	0.20
I[mA]	  32.3
ACV07A	DeltaPos^2	AMP09B	AMP01B_0	AMP02A_0	AMP02B_0	AMP03A_0	AMP03B_0	AMP04A_0	AMP04B_0	AMP05A_0	AMP05B_0	AMP06A_0	AMP06B_0	AMP07A_0	AMP07B_0	AMP08A_0	AMP08B_0	AMP09A_0	AMP09B_0	AMP10A_0	AMP10B_0	AMP11A_0	AMU11A_0	AMU11B_0	AMP11B_0	AMP12A_0	AMP12B_0	AMP01A_0	AMP01B_1	AMP02A_1	AMP02B_1	AMP03A_1	AMP03B_1	AMP04A_1	AMP04B_1	AMP05A_1	AMP05B_1	AMP06A_1	AMP06B_1	AMP07A_1	AMP07B_1	AMP08A_1	AMP08B_1	AMP09A_1	AMP09B_1	AMP10A_1	AMP10B_1	AMP11A_1	AMU11A_1	AMU11B_1	AMP11B_1	AMP12A_1	AMP12B_1	AMP01A_1	
-0.2000	 7.54780900155194E-0003	-2.2232	1.7517	1.5828	1.3515	1.0548	0.5134	-0.2963	0.7130	2.9241	0.0939	-0.0813	-2.5279	-2.2329	1.7716	2.4051	1.3910	1.4794	-2.2232	-0.7304	0.8424	-0.0209	2.0322	1.9550	-2.5540	0.5995	-0.9077	-2.0404	1.8250	1.6630	1.4422	1.1559	0.3933	-0.3859	0.7221	2.9911	0.1219	-0.1024	-2.6277	-2.3862	1.8998	2.5069	1.4629	1.5323	-2.3537	-0.8262	0.7961	-0.0351	2.0312	2.0366	-2.8093	0.6337	-0.9714	-2.1595	
-0.1500	 5.07653679687596E-0003	-1.6750	1.2491	1.1926	1.1343	0.9358	0.8910	-0.1098	0.4739	2.4463	0.2926	0.1963	-2.1250	-1.6975	1.4485	2.0850	1.0494	1.1249	-1.6750	-0.4096	0.7955	-0.0427	1.7869	1.8524	-1.8447	0.6960	-0.5319	-1.5119	1.3104	1.2586	1.2087	1.0189	0.7933	-0.1830	0.4814	2.5014	0.3154	0.1793	-2.2067	-1.8237	1.5519	2.1689	1.1086	1.1687	-1.7828	-0.4878	0.7584	-0.0250	1.7869	1.9189	-2.0552	0.7237	-0.5843	-1.6104	
-0.1000	 2.92554952425082E-0003	-1.1082	0.7312	0.7903	0.9097	0.8132	1.2797	0.0836	0.2305	1.9533	0.4932	0.4795	-1.7086	-1.1439	1.1127	1.7538	0.6975	0.7602	-1.1082	-0.0795	0.7477	-0.0121	1.5351	1.7464	-1.1060	0.7947	-0.1452	-0.9659	0.7781	0.8404	0.9662	0.8759	1.2060	0.0280	0.2362	1.9953	0.5108	0.4669	-1.7705	-1.2398	1.1908	1.8174	0.7429	0.7943	-1.1902	-0.1389	0.7198	-0.0098	1.5353	1.7965	-1.2666	0.8154	-0.1851	-1.0411	
-0.0500	 1.27034478585328E-0003	-0.5277	0.2038	0.3802	0.6795	0.6856	1.6747	0.2816	-0.0154	1.4506	0.6942	0.7660	-1.2832	-0.5777	0.7683	1.4146	0.3380	0.3892	-0.5277	0.2573	0.6998	-0.0191	1.2788	1.6375	-0.3473	0.8945	0.2484	-0.4067	0.2346	0.4133	0.7168	0.7271	1.6259	0.2449	-0.0121	1.4780	0.7058	0.7576	-1.3238	-0.6403	0.8200	1.4566	0.3679	0.4118	-0.5819	0.2182	0.6814	0.0011	1.2791	1.6709	-0.4537	0.9081	0.2222	-0.4562	
0.0000	 2.73749582622462E-0004	0.0625	-0.3308	-0.0370	0.4449	0.5540	2.0746	0.4841	-0.2634	0.9404	0.8940	1.0545	-0.8510	-0.0017	0.4193	1.0699	-0.0273	0.0112	0.0625	0.5986	0.6527	-0.0521	1.0192	1.5254	0.4238	0.9938	0.6469	0.1597	-0.3165	-0.0217	0.4621	0.5735	2.0519	0.4668	-0.2620	0.9527	0.8995	1.0508	-0.8699	-0.0307	0.4430	1.0893	-0.0134	0.0219	0.0372	0.5806	0.6442	-0.0161	1.0194	1.5408	0.3746	1.0004	0.6349	0.1365	
0.0500	 7.63943065201620E-0006	0.6554	-0.8692	-0.4556	0.2090	0.4206	2.4737	0.6879	-0.5108	0.4299	1.0932	1.3415	-0.4172	0.5749	0.0703	0.7231	-0.3950	-0.3692	0.6554	0.9428	0.6077	-0.0175	0.7599	1.4100	1.1973	1.0918	1.0458	0.7291	-0.8717	-0.4583	0.2060	0.4177	2.4775	0.6906	-0.5110	0.4275	1.0922	1.3424	-0.4140	0.5799	0.0663	0.7201	-0.3973	-0.3710	0.6599	0.9454	0.6088	-0.0266	0.7599	1.4080	1.2054	1.0911	1.0479	0.7329	
0.1000	 4.82101442531528E-0004	1.2468	-1.4031	-0.8722	-0.0271	0.2876	2.8685	0.8918	-0.7559	-0.0790	1.2899	1.6260	0.0140	1.1473	-0.2748	0.3796	-0.7619	-0.7512	1.2468	1.2867	0.5649	-0.0206	0.5033	1.2933	1.9633	1.1879	1.4418	1.2966	-1.4220	-0.8927	-0.0503	0.2618	2.8978	0.9144	-0.7578	-0.0955	1.2824	1.6311	0.0391	1.1866	-0.3063	0.3538	-0.7805	-0.7651	1.2804	1.3107	0.5762	0.0012	0.5036	1.2728	2.0278	1.1794	1.4583	1.3266	
0.1500	 1.60500442615777E-0003	1.8321	-1.9315	-1.2849	-0.2614	0.1550	3.2577	1.0937	-0.9980	-0.5826	1.4841	1.9070	0.4403	1.7126	-0.6128	0.0399	-1.1275	-1.1329	1.8321	1.6290	0.5247	-0.0180	0.2503	1.1737	2.7147	1.2799	1.8341	1.8579	-1.9653	-1.3216	-0.3041	0.1073	3.3108	1.1356	-1.0007	-0.6122	1.4694	1.9154	0.4858	1.7835	-0.6702	-0.0071	-1.1617	-1.1587	1.8930	1.6737	0.5467	-0.0155	0.2517	1.1356	2.8318	1.2634	1.8629	1.9130	
0.2000	 3.29734308659186E-0003	2.4082	-2.4505	-1.6910	-0.4926	0.0242	3.6379	1.2931	-1.2360	-1.0780	1.6757	2.1832	0.8592	2.2665	-0.9404	-0.2926	-1.4899	-1.5134	2.4082	1.9686	0.4879	-0.0144	0.0034	1.0520	3.4457	1.3677	2.2189	2.4090	-2.4983	-1.7437	-0.5535	-0.0447	3.7140	1.3531	-1.2395	-1.1197	1.6537	2.1943	0.9243	2.3669	-1.0226	-0.3600	-1.5386	-1.5504	2.4954	2.0327	0.5205	0.0100	0.0061	0.9955	3.6113	1.3430	2.2600	2.4879	
