Arquivo: c:\arq\medidas\BBA_1303_063127\BBA_AMP01B_V.dat
Data: 1303	 Hora:  0633
Comentário: 
NomeParametro	 ValorParametro
Nmedias	5
PausaCorretora	3000
PausaShunt	2000
PausaLeitura	500
NumCiclos	3
 NPassosCor	9
DeltaShunt	1.50
TetaIni	-0.20
TetaFim	0.20
I[mA]	 167.4
ACV11A	DeltaPos^2	AMP01B	AMP01B_0	AMP02A_0	AMP02B_0	AMP03A_0	AMP03B_0	AMP04A_0	AMP04B_0	AMP05A_0	AMP05B_0	AMP06A_0	AMP06B_0	AMP07A_0	AMP07B_0	AMP08A_0	AMP08B_0	AMP09A_0	AMP09B_0	AMP10A_0	AMP10B_0	AMP11A_0	AMU11A_0	AMU11B_0	AMP11B_0	AMP12A_0	AMP12B_0	AMP01A_0	AMP01B_1	AMP02A_1	AMP02B_1	AMP03A_1	AMP03B_1	AMP04A_1	AMP04B_1	AMP05A_1	AMP05B_1	AMP06A_1	AMP06B_1	AMP07A_1	AMP07B_1	AMP08A_1	AMP08B_1	AMP09A_1	AMP09B_1	AMP10A_1	AMP10B_1	AMP11A_1	AMU11A_1	AMU11B_1	AMP11B_1	AMP12A_1	AMP12B_1	AMP01A_1	
-0.2000	 3.56350925192860E-0003	-2.4391	-2.4391	-1.3582	0.3891	1.2777	2.6741	0.3309	-1.6468	-1.1674	2.5720	2.4954	0.1982	0.8150	-1.5065	0.1166	0.4915	1.4139	-0.2196	-0.1118	-0.7964	-0.6890	-0.6419	2.0449	1.1472	2.0905	2.0879	1.7525	-2.5260	-1.4269	0.3460	1.2493	2.7436	0.3692	-1.6841	-1.2483	2.5995	2.5398	0.2694	0.9052	-1.6103	0.0469	0.4738	1.4292	-0.1679	-0.1022	-0.8552	-0.6704	-0.7209	2.0911	1.2839	2.1532	2.1443	1.8031	
-0.1500	 2.15544224571251E-0003	-1.9344	-1.9344	-1.0473	0.3866	1.0814	2.5410	0.3768	-1.3100	-0.6643	2.1575	2.1448	-0.0437	0.6327	-1.0635	0.3272	0.3459	1.0516	-0.1359	0.0693	-0.4491	-0.6689	-0.2563	1.9075	1.0036	1.8194	1.7427	1.3742	-2.0020	-1.1005	0.3537	1.0602	2.5937	0.4056	-1.3394	-0.7279	2.1799	2.1795	0.0116	0.7025	-1.1445	0.2731	0.3322	1.0631	-0.0956	0.0766	-0.4953	-0.6696	-0.3177	1.9436	1.1086	1.8685	1.7870	1.4138	
-0.1000	 9.64008687253652E-0004	-1.4144	-1.4144	-0.7283	0.3842	0.8801	2.4031	0.4239	-0.9647	-0.1484	1.7318	1.7841	-0.2929	0.4442	-0.6075	0.5439	0.1985	0.6815	-0.0526	0.2533	-0.0937	-0.6809	0.1395	1.7655	0.8565	1.5405	1.3883	0.9863	-1.4600	-0.7638	0.3623	0.8662	2.4389	0.4428	-0.9845	-0.1909	1.7473	1.8077	-0.2559	0.4906	-0.6617	0.5079	0.1895	0.6891	-0.0261	0.2583	-0.1249	-0.6800	0.0984	1.7897	0.9262	1.5731	1.4176	1.0128	
-0.0500	 2.23398622042958E-0004	-0.8857	-0.8857	-0.4038	0.3828	0.6774	2.2622	0.4698	-0.6142	0.3754	1.3001	1.4177	-0.5471	0.2500	-0.1426	0.7659	0.0509	0.3077	0.0278	0.4378	0.2673	-0.7167	0.5420	1.6199	0.7046	1.2553	1.0272	0.5918	-0.9072	-0.4210	0.3724	0.6705	2.2797	0.4793	-0.6237	0.3549	1.3071	1.4287	-0.5293	0.2724	-0.1684	0.7484	0.0466	0.3119	0.0405	0.4397	0.2525	-0.6633	0.5223	1.6320	0.7379	1.2716	1.0415	0.6043	
0.0000	 3.08502374628958E-0006	-0.3488	-0.3488	-0.0756	0.3821	0.4729	2.1185	0.5163	-0.2595	0.9027	0.8628	1.0464	-0.8053	0.0522	0.3280	0.9910	-0.0965	-0.0682	0.1065	0.6224	0.6327	-0.6702	0.9491	1.4718	0.5496	0.9655	0.6611	0.1931	-0.3460	-0.0737	0.3834	0.4734	2.1166	0.5148	-0.2584	0.9049	0.8620	1.0453	-0.8072	0.0494	0.3310	0.9928	-0.0959	-0.0682	0.1048	0.6219	0.6343	-0.6709	0.9515	1.4704	0.5453	0.9640	0.6593	0.1912	
0.0500	 3.61627477495377E-0004	0.2090	0.2090	0.2672	0.3822	0.2608	1.9668	0.5634	0.1097	1.4517	0.4081	0.6587	-1.0747	-0.1559	0.8187	1.2265	-0.2491	-0.4588	0.1860	0.8142	1.0137	-0.6710	1.3719	1.3166	0.3855	0.6628	0.2787	-0.2224	0.2370	0.2890	0.3956	0.2697	1.9451	0.5512	0.1216	1.4777	0.3989	0.6446	-1.0972	-0.1848	0.8517	1.2486	-0.2432	-0.4622	0.1692	0.8107	1.0319	-0.6867	1.3968	1.3027	0.3422	0.6425	0.2602	-0.2390	
0.1000	 1.30855040334600E-0003	0.7708	0.7708	0.6120	0.3832	0.0479	1.8128	0.6097	0.4804	2.0025	-0.0517	0.2686	-1.3459	-0.3659	1.3128	1.4634	-0.4024	-0.8514	0.2657	1.0072	1.3960	-0.6474	1.7981	1.1614	0.2181	0.3565	-0.1073	-0.6435	0.8245	0.6535	0.4089	0.0646	1.7706	0.5869	0.5031	2.0514	-0.0687	0.2416	-1.3887	-0.4208	1.3755	1.5055	-0.3912	-0.8592	0.2339	1.0009	1.4309	-0.6461	1.8456	1.1346	0.1355	0.3189	-0.1423	-0.6753	
0.1500	 2.73537329575847E-0003	1.3316	1.3316	0.9569	0.3851	-0.1640	1.6574	0.6560	0.8506	2.5482	-0.5102	-0.1212	-1.6158	-0.5750	1.8031	1.6995	-0.5556	-1.2435	0.3457	1.1997	1.7769	-0.6789	2.2220	1.0068	0.0493	0.0520	-0.4925	-1.0637	1.4079	1.0170	0.4229	-0.1391	1.5959	0.6227	0.8835	2.6180	-0.5348	-0.1604	-1.6781	-0.6549	1.8944	1.7598	-0.5395	-1.2549	0.2997	1.1906	1.8278	-0.6575	2.2903	0.9673	-0.0715	-0.0029	-0.5425	-1.1090	
0.2000	 4.62743872014280E-0003	1.8854	1.8854	1.2995	0.3874	-0.3739	1.5023	0.7018	1.2173	3.0849	-0.9650	-0.5087	-1.8825	-0.7808	2.2864	1.9321	-0.7091	-1.6328	0.4272	1.3915	2.1537	-0.6635	2.6394	0.8543	-0.1201	-0.2495	-0.8753	-1.4807	1.9846	1.3773	0.4371	-0.3408	1.4212	0.6574	1.2600	3.1751	-0.9967	-0.5597	-1.9635	-0.8849	2.4043	2.0108	-0.6879	-1.6475	0.3665	1.3793	2.2198	-0.6669	2.7271	0.8027	-0.2790	-0.3209	-0.9404	-1.5393	
