Arquivo: c:\arq\medidas\BBA_1303_063127\BBA_AMP01B_H.dat
Data: 1303	 Hora:  0631
Comentário: 
NomeParametro	 ValorParametro
Nmedias	5
PausaCorretora	3000
PausaShunt	2000
PausaLeitura	500
NumCiclos	3
 NPassosCor	9
DeltaShunt	1.50
TetaIni	-0.20
TetaFim	0.20
I[mA]	 167.7
ACH07B	DeltaPos^2	AMP01B	AMP01B_0	AMP02A_0	AMP02B_0	AMP03A_0	AMP03B_0	AMP04A_0	AMP04B_0	AMP05A_0	AMP05B_0	AMP06A_0	AMP06B_0	AMP07A_0	AMP07B_0	AMP08A_0	AMP08B_0	AMP09A_0	AMP09B_0	AMP10A_0	AMP10B_0	AMP11A_0	AMU11A_0	AMU11B_0	AMP11B_0	AMP12A_0	AMP12B_0	AMP01A_0	AMP01B_1	AMP02A_1	AMP02B_1	AMP03A_1	AMP03B_1	AMP04A_1	AMP04B_1	AMP05A_1	AMP05B_1	AMP06A_1	AMP06B_1	AMP07A_1	AMP07B_1	AMP08A_1	AMP08B_1	AMP09A_1	AMP09B_1	AMP10A_1	AMP10B_1	AMP11A_1	AMU11A_1	AMU11B_1	AMP11B_1	AMP12A_1	AMP12B_1	AMP01A_1	
-0.2000	 5.80070310431201E-0003	1.5130	1.5130	-0.1691	-3.0551	0.7353	0.6259	-0.0488	-0.6830	-2.9947	-0.9312	1.8050	-0.1677	-3.2903	-3.0162	-0.0462	1.1902	-0.1161	-0.7630	-0.7862	-0.7306	-0.3315	2.2411	2.1222	-1.5856	-1.7762	-1.9633	2.2469	1.4072	-0.1688	-3.0216	0.7716	0.6266	-0.0969	-0.6989	-2.8720	-0.8290	1.7359	-0.2272	-3.1468	-2.8671	-0.0983	1.1215	-0.0362	-0.6511	-0.7881	-0.7690	-0.3075	2.2104	2.1212	-1.6018	-1.7280	-1.9481	2.1243	
-0.1500	 3.31412173869753E-0003	0.8961	0.8961	0.0242	-2.7913	0.4553	0.2062	-0.0894	-0.5519	-2.7490	-0.8576	1.5504	-0.2872	-2.6616	-2.4652	-0.1263	0.9760	-0.1143	-0.5921	-0.6399	-0.7376	-0.3284	1.8124	1.7799	-1.8008	-1.4961	-1.7602	1.6503	0.8156	0.0246	-2.7659	0.4823	0.2065	-0.1255	-0.5641	-2.6564	-0.7810	1.4984	-0.3317	-2.5527	-2.3517	-0.1656	0.9243	-0.0546	-0.5081	-0.6416	-0.7663	-0.3240	1.7892	1.7790	-1.8131	-1.4599	-1.7488	1.5567	
-0.1000	 1.45178622430831E-0003	0.2642	0.2642	0.2205	-2.5217	0.1712	-0.2197	-0.1308	-0.4195	-2.4971	-0.7820	1.2911	-0.4088	-2.0173	-1.9015	-0.2078	0.7587	-0.1130	-0.4182	-0.4915	-0.7444	-0.3419	1.3744	1.4300	-2.0182	-1.2108	-1.5534	1.0371	0.2114	0.2204	-2.5052	0.1892	-0.2195	-0.1549	-0.4276	-2.4360	-0.7315	1.2567	-0.4383	-1.9443	-1.8266	-0.2339	0.7244	-0.0738	-0.3627	-0.4924	-0.7633	-0.3389	1.3590	1.4295	-2.0260	-1.1866	-1.5457	0.9753	
-0.0500	 3.11195991306842E-0004	-0.3762	-0.3762	0.4175	-2.2486	-0.1149	-0.6490	-0.1734	-0.2865	-2.2407	-0.7043	1.0276	-0.5322	-1.3588	-1.3278	-0.2906	0.5379	-0.1118	-0.2424	-0.3413	-0.7515	-0.3705	0.9298	1.0756	-2.2369	-0.9219	-1.3439	0.4122	-0.4006	0.4176	-2.2408	-0.1062	-0.6486	-0.1846	-0.2900	-2.2121	-0.6807	1.0115	-0.5459	-1.3250	-1.2932	-0.3025	0.5222	-0.0936	-0.2170	-0.3417	-0.7598	-0.3576	0.9224	1.0750	-2.2402	-0.9105	-1.3400	0.3838	
0.0000	 9.12842221633865E-0006	-1.0217	-1.0217	0.6153	-1.9728	-0.4022	-1.0792	-0.2167	-0.1527	-1.9810	-0.6258	0.7623	-0.6567	-0.6940	-0.7502	-0.3725	0.3160	-0.1127	-0.0679	-0.1893	-0.7575	-0.3343	0.4778	0.7146	-2.4554	-0.6296	-1.1321	-0.2189	-1.0173	0.6153	-1.9739	-0.4030	-1.0789	-0.2146	-0.1522	-1.9857	-0.6295	0.7652	-0.6544	-0.7000	-0.7557	-0.3704	0.3188	-0.1158	-0.0723	-0.1895	-0.7561	-0.3106	0.4793	0.7148	-2.4544	-0.6314	-1.1329	-0.2137	
0.0500	 5.71653731600583E-0004	-1.6680	-1.6680	0.8136	-1.6952	-0.6904	-1.5095	-0.2596	-0.0190	-1.7205	-0.5478	0.4959	-0.7811	-0.0282	-0.1705	-0.4536	0.0938	-0.1162	0.1055	-0.0360	-0.7624	-0.3558	0.0224	0.3493	-2.6740	-0.3365	-0.9188	-0.8549	-1.6333	0.8128	-1.7067	-0.7002	-1.5083	-0.2453	-0.0150	-1.7590	-0.5785	0.5174	-0.7633	-0.0738	-0.2175	-0.4382	0.1148	-0.1398	0.0712	-0.0365	-0.7516	-0.3548	0.0335	0.3511	-2.6681	-0.3521	-0.9246	-0.8145	
0.1000	 2.02961702946266E-0003	-2.3120	-2.3120	1.0116	-1.4169	-0.9786	-1.9382	-0.3022	0.1150	-1.4600	-0.4705	0.2290	-0.9050	0.6362	0.4064	-0.5335	-0.1286	-0.1238	0.2749	0.1186	-0.7657	-0.3394	-0.4372	-0.0202	-2.8916	-0.0427	-0.7040	-1.4913	-2.2487	1.0107	-1.4373	-0.9983	-1.9370	-0.2741	0.1240	-1.5327	-0.5290	0.2702	-0.8704	0.5498	0.3176	-0.5029	-0.0873	-0.1688	0.2107	0.1192	-0.7437	-0.3531	-0.4175	-0.0179	-2.8814	-0.0707	-0.7133	-1.4168	
0.1500	 4.34450207286197E-0003	-2.9483	-2.9483	1.2086	-1.1394	-1.2670	-2.3642	-0.3438	0.2485	-1.2012	-0.3949	-0.0366	-1.0277	1.2959	0.9784	-0.6109	-0.3483	-0.1353	0.4398	0.2745	-0.7668	-0.3539	-0.8985	-0.3933	-3.1076	0.2511	-0.4883	-2.1244	-2.8574	1.2075	-1.1686	-1.2959	-2.3630	-0.3026	0.2617	-1.3084	-0.4809	0.0238	-0.9768	1.1695	0.8481	-0.5663	-0.2884	-0.2013	0.3458	0.2753	-0.7340	-0.3585	-0.8695	-0.3897	-3.0930	0.2098	-0.5015	-2.0158	
0.2000	 7.40719575924596E-0003	-3.5777	-3.5777	1.4054	-0.8611	-1.5566	-2.7878	-0.3840	0.3828	-0.9456	-0.3222	-0.3009	-1.1485	1.9465	1.5422	-0.6851	-0.5655	-0.1529	0.5990	0.4319	-0.7649	-0.3583	-1.3615	-0.7707	-3.3224	0.5448	-0.2707	-2.7517	-3.4586	1.4037	-0.9004	-1.5934	-2.7855	-0.3299	0.3994	-1.0863	-0.4349	-0.2216	-1.0821	1.7824	1.3733	-0.6278	-0.4880	-0.2388	0.4756	0.4322	-0.7235	-0.3621	-1.3224	-0.7652	-3.3032	0.4893	-0.2899	-2.6096	
