Arquivo: c:\arq\medidas\BBA_1303_063127\BBA_AMP05A_V.dat
Data: 1303	 Hora:  0700
Comentário: 
NomeParametro	 ValorParametro
Nmedias	5
PausaCorretora	3000
PausaShunt	2000
PausaLeitura	500
NumCiclos	3
 NPassosCor	9
DeltaShunt	1.50
TetaIni	-0.20
TetaFim	0.20
I[mA]	 163.3
ACV11A	DeltaPos^2	AMP05A	AMP01B_0	AMP02A_0	AMP02B_0	AMP03A_0	AMP03B_0	AMP04A_0	AMP04B_0	AMP05A_0	AMP05B_0	AMP06A_0	AMP06B_0	AMP07A_0	AMP07B_0	AMP08A_0	AMP08B_0	AMP09A_0	AMP09B_0	AMP10A_0	AMP10B_0	AMP11A_0	AMU11A_0	AMU11B_0	AMP11B_0	AMP12A_0	AMP12B_0	AMP01A_0	AMP01B_1	AMP02A_1	AMP02B_1	AMP03A_1	AMP03B_1	AMP04A_1	AMP04B_1	AMP05A_1	AMP05B_1	AMP06A_1	AMP06B_1	AMP07A_1	AMP07B_1	AMP08A_1	AMP08B_1	AMP09A_1	AMP09B_1	AMP10A_1	AMP10B_1	AMP11A_1	AMU11A_1	AMU11B_1	AMP11B_1	AMP12A_1	AMP12B_1	AMP01A_1	
-0.2000	 4.10138713921809E-0003	-1.1050	-2.3940	-1.3241	0.4000	1.2855	2.6760	0.3364	-1.6086	-1.1050	2.5094	2.4512	0.1804	0.8139	-1.4652	0.1485	0.5153	1.4427	-0.2007	-0.0965	-0.7747	-0.6582	-0.6121	2.0522	1.1330	2.0799	2.0537	1.7063	-2.4823	-1.3668	0.4313	1.3634	2.6671	0.2958	-1.6820	-1.1998	2.5512	2.5061	0.2562	0.9057	-1.5794	0.0757	0.5047	1.4708	-0.1558	-0.0946	-0.8430	-0.6385	-0.6981	2.1085	1.0792	2.1507	2.1098	1.7515	
-0.1500	 2.46730463808054E-0003	-0.5864	-1.8766	-1.0090	0.3905	1.0749	2.5463	0.3903	-1.2599	-0.5864	2.0843	2.0898	-0.0719	0.6215	-1.0065	0.3681	0.3675	1.0711	-0.1194	0.0881	-0.4153	-0.6625	-0.2133	1.9024	1.0027	1.7971	1.7022	1.3249	-1.9456	-1.0426	0.4138	1.1341	2.5402	0.3595	-1.3167	-0.6603	2.1173	2.1329	-0.0132	0.6921	-1.0949	0.3118	0.3595	1.0928	-0.0845	0.0893	-0.4685	-0.6419	-0.2801	1.9467	0.9629	1.8524	1.7460	1.3602	
-0.1000	 1.08319803135855E-0003	-0.0531	-1.3429	-0.6849	0.3814	0.8591	2.4113	0.4445	-0.9014	-0.0531	1.6468	1.7177	-0.3324	0.4220	-0.5321	0.5951	0.2182	0.6907	-0.0389	0.2753	-0.0467	-0.6434	0.1967	1.7482	0.8670	1.5043	1.3397	0.9326	-1.3890	-0.7073	0.3961	0.8978	2.4075	0.4247	-0.9389	-0.1022	1.6685	1.7461	-0.2935	0.4689	-0.5910	0.5578	0.2127	0.7050	-0.0156	0.2766	-0.0817	-0.6371	0.1524	1.7769	0.8416	1.5411	1.3688	0.9564	
-0.0500	 2.36677189508860E-0004	0.4895	-0.7982	-0.3543	0.3728	0.6402	2.2726	0.4991	-0.5364	0.4895	1.2008	1.3379	-0.5990	0.2159	-0.0479	0.8276	0.0682	0.3061	0.0394	0.4637	0.3288	-0.6408	0.6150	1.5896	0.7268	1.2049	0.9695	0.5330	-0.8199	-0.3649	0.3796	0.6581	2.2712	0.4900	-0.5535	0.4666	1.2109	1.3513	-0.5807	0.2381	-0.0756	0.8100	0.0657	0.3128	0.0504	0.4643	0.3126	-0.6232	0.5943	1.6029	0.7155	1.2219	0.9833	0.5441	
0.0000	 7.26684534009118E-0006	1.0365	-0.2454	-0.0194	0.3650	0.4197	2.1302	0.5530	-0.1670	1.0365	0.7498	0.9528	-0.8696	0.0055	0.4427	1.0643	-0.0818	-0.0813	0.1160	0.6529	0.7092	-0.6608	1.0381	1.4278	0.5825	0.9001	0.5939	0.1283	-0.2416	-0.0175	0.3638	0.4167	2.1308	0.5549	-0.1640	1.0404	0.7480	0.9506	-0.8727	0.0020	0.4478	1.0675	-0.0813	-0.0820	0.1141	0.6528	0.7120	-0.6213	1.0417	1.4255	0.5843	0.8967	0.5914	0.1262	
0.0500	 4.37263544392894E-0004	1.5855	0.3091	0.3181	0.3584	0.1992	1.9856	0.6069	0.2039	1.5855	0.2967	0.5651	-1.1419	-0.2076	0.9361	1.3029	-0.2318	-0.4694	0.1908	0.8427	1.0917	-0.6418	1.4627	1.2658	0.4349	0.5928	0.2149	-0.2792	0.3382	0.3326	0.3492	0.1750	1.9876	0.6189	0.2273	1.6165	0.2827	0.5470	-1.1667	-0.2376	0.9740	1.3264	-0.2277	-0.4778	0.1756	0.8414	1.1136	-0.6353	1.4907	1.2476	0.4496	0.5693	0.1960	-0.2948	
0.1000	 1.49404547000577E-0003	2.1314	0.8633	0.6553	0.3527	-0.0203	1.8398	0.6594	0.5731	2.1314	-0.1573	0.1779	-1.4140	-0.4210	1.4297	1.5406	-0.3813	-0.8574	0.2648	1.0315	1.4723	-0.6380	1.8864	1.1043	0.2850	0.2856	-0.1642	-0.6884	0.9177	0.6818	0.3355	-0.0654	1.8435	0.6815	0.6171	2.1884	-0.1827	0.1444	-1.4599	-0.4765	1.4982	1.5846	-0.3738	-0.8734	0.2368	1.0297	1.5135	-0.6717	1.9384	1.0701	0.3129	0.2422	-0.1991	-0.7168	
0.1500	 3.10462224200519E-0003	2.6695	1.4133	0.9906	0.3475	-0.2383	1.6937	0.7113	0.9407	2.6695	-0.6083	-0.2072	-1.6837	-0.6320	1.9156	1.7761	-0.5305	-1.2431	0.3396	1.2196	1.8501	-0.6468	2.3059	0.9440	0.1348	-0.0192	-0.5410	-1.0951	1.4914	1.0291	0.3227	-0.3033	1.6991	0.7439	1.0038	2.7508	-0.6444	-0.2554	-1.7500	-0.7129	2.0156	1.8398	-0.5196	-1.2653	0.2985	1.2166	1.9089	-0.6463	2.3799	0.8947	0.1753	-0.0819	-0.5913	-1.1359	
0.2000	 5.12001849639903E-0003	3.1972	1.9553	1.3225	0.3426	-0.4530	1.5484	0.7626	1.3035	3.1972	-1.0538	-0.5887	-1.9486	-0.8393	2.3938	2.0079	-0.6793	-1.6248	0.4156	1.4058	2.2225	-0.6465	2.7170	0.7872	-0.0149	-0.3197	-0.9143	-1.4971	2.0552	1.3714	0.3102	-0.5375	1.5550	0.8051	1.3842	3.3003	-1.0994	-0.6503	-2.0343	-0.9442	2.5210	2.0898	-0.6652	-1.6534	0.3620	1.4023	2.2978	-0.6421	2.8122	0.7232	0.0386	-0.4006	-0.9787	-1.5493	
