# multipoles are divided by excitation current and units are [T], [m] and [A]
# harmonics (dipole n=0): 00 01 02 03 04 05 06 07 08 09 10 11 
# MAG_LABEL   CURRENT[A]   <NORMAL_MULTIPOLES/CURRENT>[T/m^(n-1)/A]   <SKEW_MULTIPOLES/CURRENT>[T/m^(n-1)/A]
BQF-006   +3.995089e+00   -1.161333e-06 -3.908822e-02 +1.147447e-03 +3.409168e-02 +3.288260e-01 +6.255713e+02 -2.048834e+03 -1.763971e+05 +2.503044e+07 -3.740522e+09 -1.767643e+10 +1.850545e+12   +2.131554e-06 +3.738197e-05 +1.126563e-03 +8.096961e-03 +7.817012e-01 -4.734711e+01 +2.978234e+02 +1.497481e+04 -3.624593e+06 -3.762735e+08 +1.308779e+10 -1.893913e+12   
BQF-007   +3.996760e+00   -9.258011e-07 -3.921989e-02 +9.872352e-04 +2.945769e-02 -8.065323e-03 +6.036540e+02 -1.678780e+00 -1.903803e+05 -2.386040e+06 -4.253575e+09 +5.146186e+10 -2.484808e+12   +2.828634e-06 +4.401615e-05 +5.868406e-04 -7.073747e-03 +3.633473e-01 -5.847379e+01 -9.552885e+02 +2.563727e+05 +7.628407e+06 -6.407530e+08 +3.172562e+10 -1.073192e+12   
BQF-009   +4.011295e+00   -7.871401e-07 -3.918814e-02 +9.851888e-04 +2.885731e-02 +1.269803e-01 +5.780577e+02 +2.594813e+03 -7.747802e+03 -1.430008e+07 -4.879636e+09 +1.010915e+10 +3.731924e+11   +7.131744e-07 +4.520460e-05 +2.612849e-03 -1.417122e-02 +5.504634e-01 -3.536028e+00 -3.654074e+02 +1.991554e+05 -1.739580e+06 +2.414958e+08 -6.028672e+09 +2.736388e+12   
BQF-010   +4.003028e+00   -4.865787e-06 -3.930530e-02 +6.180292e-04 +2.194729e-02 +4.428625e-01 +6.488266e+02 +8.436908e+02 -1.382307e+05 -1.338911e+07 -5.293393e+09 +9.986960e+09 -1.960161e+12   -1.936524e-06 +3.231746e-05 +2.362325e-03 +1.435304e-02 +5.689276e-01 +8.447460e+01 +6.791624e+03 +4.179911e+05 +2.044513e+06 +5.187890e+08 +8.810041e+10 +1.996240e+12   
BQF-011   +4.015586e+00   +8.004438e-08 -3.920449e-02 +1.618721e-03 -1.524395e-02 +1.603184e+00 +6.740633e+02 -5.579753e+03 +2.025176e+04 +1.479951e+06 -6.021243e+09 -3.277731e+10 -1.529090e+11   -6.345911e-07 +3.379893e-05 +3.230034e-03 +1.712110e-03 +6.797621e-01 +1.110733e+02 -1.823238e+03 -1.494351e+05 +1.189657e+07 +1.633732e+09 +3.137816e+10 +6.800387e+10   
BQF-012   +4.006700e+00   -1.517981e-06 -3.948549e-02 +5.175870e-04 +1.845911e-02 +5.065545e-01 +6.166681e+02 -3.538039e+03 +1.508615e+05 +1.583064e+07 -5.583962e+09 -2.450428e+10 -1.216763e+12   +1.552108e-06 +4.582452e-05 +1.021788e-03 -1.294561e-02 +5.649140e-01 -1.191408e+01 +1.425748e+03 +1.066846e+03 -4.073679e+06 +2.966930e+08 +3.348247e+10 +1.884951e+12   
BQF-013   +4.005246e+00   -2.822331e-07 -3.927764e-02 +7.808956e-04 +1.085919e-02 +3.476151e-01 +6.265945e+02 -7.966659e+02 +5.930969e+04 +7.902264e+06 -5.227854e+09 +7.469629e+09 -5.451655e+11   +7.655927e-07 +3.427258e-05 +2.104551e-03 -3.968123e-02 -1.104267e+00 -7.194020e+00 -2.371457e+03 -1.325975e+05 -9.830300e+06 -1.427440e+08 -3.209878e+10 -2.660181e+12   
BQF-014   +4.005473e+00   -1.134061e-06 -3.930864e-02 +6.794166e-05 +1.231984e-03 +9.876756e-02 +6.133328e+02 -9.361002e+02 -4.538083e+04 -4.714160e+06 -5.565840e+09 +3.221600e+10 +8.316823e+11   +4.373840e-08 +3.713619e-05 +2.882581e-03 -3.291037e-03 -9.093825e-01 +6.187579e+01 +1.699275e+03 -6.498828e+04 -5.053166e+06 +6.527923e+08 +9.178392e+09 -1.501379e+12   
BQF-015   +3.988140e+00   -9.406204e-07 -3.941075e-02 +4.921748e-04 +2.558273e-02 +2.122177e-01 +6.088327e+02 -1.256336e+03 +1.038660e+05 -5.488927e+06 -5.467845e+09 +2.931662e+10 +1.487153e+12   -6.016579e-07 +3.470252e-05 +3.522747e-03 -1.958464e-02 -2.063742e-01 -6.378352e+01 -1.815098e+03 -1.608426e+05 -3.752942e+06 -5.137227e+08 -3.613790e+10 +1.255543e+12   
BQF-016   +4.015216e+00   -1.621983e-07 -3.936847e-02 +1.333448e-03 +1.239915e-02 +3.266300e-01 +6.369428e+02 -1.071012e+03 +1.172764e+05 +4.271962e+06 -4.624713e+09 -4.032458e+10 +4.763467e+11   +1.578112e-06 +2.211337e-05 +2.049353e-03 -5.216967e-03 -1.058409e+00 -3.086890e+01 -2.961151e+03 +2.863315e+04 -4.665465e+06 -3.488288e+08 -6.316270e+09 +3.982192e+11   
BQF-017   +4.005846e+00   -7.409538e-07 -3.929145e-02 +4.600264e-04 +6.157251e-04 +1.048939e+00 +5.997644e+02 -2.683800e+03 -5.503349e+04 +5.581423e+06 -5.004833e+09 -6.086677e+10 +3.820367e+11   +9.333574e-07 +5.170239e-05 +1.196236e-03 +5.889577e-05 +1.824195e+00 +1.102059e+01 +4.352054e+03 +1.992399e+05 +1.130021e+07 -2.255073e+08 +1.954238e+10 +4.420729e+11   
BQF-018   +4.018481e+00   -4.491406e-07 -3.931737e-02 +8.880617e-05 +1.358371e-02 +1.851707e-02 +5.548238e+02 -5.197996e+03 -2.264471e+05 -7.706156e+06 -4.945627e+09 -5.378256e+09 -1.698565e+12   +1.450163e-06 +4.067233e-05 +1.877321e-03 +1.220323e-02 +2.750893e-01 -6.495818e+01 -4.229720e+03 +3.081396e+05 +9.059655e+06 +7.358333e+08 -5.626322e+10 -1.018512e+12   
BQF-019   +4.008027e+00   -1.003687e-06 -3.923511e-02 +1.534079e-03 +1.564699e-02 +4.328127e-02 +6.809762e+02 -1.380970e+03 +1.862358e+04 +9.714742e+06 -4.993058e+09 +3.632910e+10 +8.234945e+11   +9.433637e-07 +3.502843e-05 +2.385627e-03 -9.333720e-03 -6.924729e-01 -4.780602e+01 -1.678645e+03 +1.110485e+05 -8.489461e+06 -1.155564e+09 -1.403147e+09 -1.008337e+12   
BQF-020   +4.007582e+00   -4.555799e-07 -3.934692e-02 +1.401923e-03 +3.162733e-02 +8.635896e-02 +5.774200e+02 -4.573910e+03 +2.102421e+05 -1.342233e+07 -6.478113e+09 +2.988872e+10 -3.075875e+11   +2.571546e-06 +3.645333e-05 +5.175724e-04 +2.355752e-02 -8.626296e-01 +4.738765e-01 +1.748665e+03 +1.421574e+05 +3.643471e+06 -5.500297e+08 +4.695203e+10 +8.003764e+11   
BQF-021   +4.014478e+00   -7.536614e-07 -3.937613e-02 +4.303329e-04 +5.815177e-02 +3.147717e-01 +5.860842e+02 -4.262943e+02 +6.486298e+04 -1.061578e+07 -5.141966e+09 +1.130732e+10 +1.738066e+12   +1.880749e-06 +5.116219e-05 +7.890939e-04 +1.118381e-02 +7.489377e-01 -2.483905e+01 -4.426516e+02 +1.895078e+05 +2.442198e+06 -4.766428e+08 -1.868793e+10 -7.802850e+11   
BQF-022   +4.007623e+00   -7.903994e-07 -3.947729e-02 +7.671453e-04 +2.890903e-02 +1.562318e-01 +5.831709e+02 -4.179867e+03 +8.359394e+04 -2.382294e+06 -6.193509e+09 -3.066237e+10 +3.468996e+12   -2.686498e-07 +3.923443e-05 +3.561700e-03 -2.666603e-02 -1.086495e-01 +3.624959e+01 -2.639460e+03 +6.265445e+04 -4.043951e+06 +4.740067e+08 +8.076438e+10 +9.247309e+10   
BQF-023   +4.001530e+00   -1.558582e-06 -3.920635e-02 -6.273985e-04 +3.686038e-02 +1.309344e-01 +6.225534e+02 -2.578959e+03 +8.730186e+04 -3.691483e+06 -5.601542e+09 -1.950807e+10 +7.654035e+11   +3.405537e-06 +5.491999e-05 +9.432907e-04 +5.215078e-02 +2.730563e+00 +1.755047e+02 +7.324468e+03 +6.844637e+05 +2.614560e+07 +8.258664e+08 +7.584681e+10 +6.769631e+12   
BQF-024   +4.010303e+00   -2.744000e-07 -3.946073e-02 +5.511456e-04 +1.343499e-02 +5.402766e-01 +6.145147e+02 -1.279880e+03 +2.094010e+04 -3.302015e+05 -5.184588e+09 -5.616231e+09 -1.842331e+12   +1.419426e-06 +1.873655e-05 +1.160429e-03 -1.759480e-02 -5.576716e-01 -2.739651e+01 +1.641230e+03 -2.023793e+05 -3.528758e+06 +1.243752e+07 -3.279795e+09 -2.051454e+12   
BQF-025   +4.016267e+00   -1.983008e-06 -3.921465e-02 +7.329164e-04 +2.032515e-02 +2.983798e-02 +6.252582e+02 -3.591457e+03 +9.894240e+04 +2.615486e+06 -4.445611e+09 -5.508092e+10 -1.207091e+11   +1.380758e-06 +3.721120e-05 +2.382857e-03 +9.566834e-03 +2.167231e-01 +9.163811e+01 -1.194495e+03 +2.868729e+05 +3.623586e+06 +1.453320e+09 -2.040269e+10 +4.937296e+12   
BQF-026   +4.015727e+00   -1.574779e-07 -3.938921e-02 +1.247768e-03 +1.424267e-02 +3.518466e-02 +5.964238e+02 -2.621575e+03 +1.910367e+05 +1.202070e+07 -5.819459e+09 +7.212547e+09 +3.384672e+12   +1.191188e-06 +4.316401e-05 +1.480511e-03 -8.677012e-03 +1.772422e-01 +2.166020e+01 +3.629435e+02 +1.165160e+05 -7.088325e+06 -5.919884e+07 +2.895416e+10 +2.155589e+12   
BQF-027   +4.005321e+00   -1.374320e-06 -3.939058e-02 +1.369388e-03 +2.762573e-02 -3.556409e-01 +5.987006e+02 +1.251115e+03 +6.281027e+04 +1.568294e+06 -5.590616e+09 +5.496486e+10 -1.852509e+12   +7.331537e-07 +1.923834e-05 +1.733839e-03 -2.476789e-02 -1.097752e+00 -1.026538e+02 -6.020823e+03 -1.688225e+05 -7.824701e+06 -1.199456e+09 -8.665078e+10 -2.758543e+12   
BQF-028   +4.001463e+00   -2.070797e-06 -3.925992e-02 +8.652915e-04 +1.945448e-02 +1.384110e+00 +6.215577e+02 -2.689804e+03 -7.833625e+04 +9.038159e+06 -4.807049e+09 -2.503602e+10 -1.143182e+10   +1.492604e-06 +3.033123e-05 +1.423361e-03 -1.572188e-02 +9.036063e-01 +7.530598e+01 -1.234654e+03 +5.159478e+04 -3.684340e+06 +5.398743e+08 +3.857432e+10 +3.044689e+12   
BQF-029   +4.010070e+00   -7.355266e-07 -3.915874e-02 +9.937226e-04 +4.336635e-02 +3.366216e-01 +6.333211e+02 -3.361677e+03 +2.133185e+04 +8.814405e+06 -4.808318e+09 +1.506077e+10 -1.035325e+12   +2.559235e-06 +3.135364e-05 +1.705031e-03 -5.254499e-04 +3.464316e-01 +5.222236e+01 +5.857893e+03 +2.667043e+05 -2.981484e+06 +8.950986e+08 +4.611181e+10 +1.763058e+12   
BQF-030   +4.008409e+00   -2.133200e-06 -3.923375e-02 -4.285601e-04 +3.780420e-02 +2.562830e-01 +6.336277e+02 -8.387704e+02 -1.428298e+05 +5.043764e+06 -4.871619e+09 -1.144828e+09 -2.500558e+11   +1.671796e-06 +3.875014e-05 +1.326052e-03 -8.580781e-03 -2.330746e-01 -1.099098e+01 -2.971084e+03 -5.647370e+04 -3.849989e+06 -5.384276e+08 -2.557187e+10 -2.795376e+11   
BQF-031   +4.007988e+00   -7.070233e-07 -3.911596e-02 +1.032954e-05 +2.525721e-02 -1.139912e-01 +5.850404e+02 -8.475522e+02 +1.129114e+05 +4.771239e+05 -5.478270e+09 -1.477673e+10 +2.300534e+12   +3.226789e-07 +3.112192e-05 +1.688895e-03 -3.574824e-02 -1.272314e+00 -6.180026e+01 -3.860825e+03 -9.698243e+04 -1.899274e+07 -9.629557e+08 -1.159919e+10 -1.293540e+12   
BQF-032   +4.006548e+00   -1.757487e-06 -3.919042e-02 +1.460242e-03 +1.960468e-03 +8.874238e-01 +6.163163e+02 -9.859852e+02 +2.106303e+05 -3.369991e+06 -4.800447e+09 -1.670649e+10 +4.218177e+12   +1.447804e-06 +2.365932e-05 -5.229509e-05 -5.178131e-02 -1.990424e+00 -1.058647e+02 -4.811227e+03 -3.131237e+05 -1.971393e+07 -1.452530e+09 -8.614895e+10 -4.300595e+12   
BQF-033   +4.007690e+00   -4.307461e-07 -3.919026e-02 +9.577667e-04 +3.405301e-02 -2.661997e-01 +6.047070e+02 -1.432917e+02 +2.319743e+04 +8.397648e+06 -5.009986e+09 +1.216933e+10 +3.724936e+11   +1.847675e-06 +3.007269e-05 +8.152212e-04 -6.142012e-03 +9.842785e-01 +5.395837e+01 +3.497541e+03 +2.274633e+05 +1.446100e+07 +4.754489e+08 +8.234237e+09 +2.962826e+12   
BQF-034   +4.006010e+00   -1.828118e-06 -3.917828e-02 -8.965749e-04 +2.838358e-02 -4.706194e-01 +6.330686e+02 +2.028183e+03 +1.648297e+05 -2.980949e+06 -4.703565e+09 +1.397840e+10 +2.320327e+12   +1.142449e-06 +3.751069e-05 +2.376513e-03 +2.518024e-02 +9.933717e-01 +1.290302e+02 +6.637337e+03 +3.946767e+05 +4.525198e+06 +8.971950e+08 +5.787359e+10 +3.428356e+12   
BQF-035   +4.011947e+00   -7.967486e-07 -3.912367e-02 +7.294256e-04 +2.487996e-02 +1.722795e-01 +6.205167e+02 -2.929575e+03 +4.172782e+04 -2.034995e+06 -5.749378e+09 +3.094286e+10 +4.963246e+11   +9.516449e-07 +4.372810e-05 +1.069458e-03 -2.632627e-02 +1.877250e-01 -9.169949e+01 -5.354931e+03 +1.987419e+05 +2.611084e+07 +6.039713e+08 -1.113098e+11 +1.622623e+12   
BQF-036   +4.005708e+00   -1.267433e-06 -3.916968e-02 +4.357217e-04 +1.762961e-02 -5.302418e-01 +5.820816e+02 +1.474992e+02 -3.182034e+04 +2.971547e+06 -5.095908e+09 +8.575498e+10 +1.283880e+12   +2.066883e-06 +2.592920e-05 +4.099727e-04 -1.939334e-02 -1.457934e+00 -2.061700e+01 -4.828535e+01 +9.793175e+03 -5.389909e+06 -4.317589e+07 +1.460839e+10 -2.267749e+12   
BQF-037   +4.011412e+00   -1.512143e-07 -3.911845e-02 +9.811627e-04 +2.837956e-02 -4.683772e-01 +6.085972e+02 -4.733852e+02 -5.488686e+04 +4.560945e+06 -5.676787e+09 +2.304858e+10 -9.914609e+11   +4.468085e-06 +3.380416e-05 -3.988795e-04 +1.400823e-02 +8.184889e-01 +1.398807e+02 +7.071036e+03 +1.867942e+05 +1.245942e+07 +3.149337e+08 +7.366070e+10 +4.624671e+12   
BQF-038   +4.000485e+00   -1.259642e-06 -3.918002e-02 +3.525972e-04 +4.244133e-02 -6.814361e-01 +5.939537e+02 -1.057940e+03 -1.973796e+05 -6.000655e+06 -5.622741e+09 -3.664836e+09 -1.007535e+12   +1.898306e-06 +2.499601e-05 +1.261938e-03 -1.822713e-02 -7.995268e-01 -3.035517e+01 +2.082547e+03 +1.242429e+05 -5.618031e+06 -1.280411e+08 +1.814347e+10 +1.402120e+11   
BQF-039   +4.005744e+00   -8.310838e-07 -3.921639e-02 +2.858520e-04 +1.142199e-02 +1.308986e+00 +6.349577e+02 -9.121764e+02 -5.574700e+04 +5.254075e+05 -4.469739e+09 +5.646210e+10 -3.393150e+11   +1.784618e-06 +2.718329e-05 -6.300820e-04 -5.367525e-02 -1.455533e+00 -1.482796e+02 -8.776380e+03 -1.622697e+05 -1.922871e+07 -1.499996e+09 -1.064182e+11 -3.481044e+12   
BQF-040   +4.004428e+00   -6.528823e-07 -3.914444e-02 +3.480699e-04 +5.391726e-02 +5.917412e-01 +6.170717e+02 +6.213282e+02 +1.783124e+05 +1.862416e+07 -5.711747e+09 -1.572779e+08 +2.104994e+12   +2.092176e-06 +4.069950e-05 +7.527545e-04 +5.986416e-03 +1.453250e+00 +1.081869e+02 +2.713529e+03 +3.457890e+05 +1.316264e+07 +6.550179e+08 +3.386119e+10 +4.156037e+12   
BQF-041   +4.007422e+00   -1.596389e-06 -3.917286e-02 +3.799917e-04 +4.870086e-03 +3.021354e-01 +6.237923e+02 +1.648914e+03 -4.710303e+04 -6.042398e+06 -5.017785e+09 +1.776876e+10 -1.892079e+12   +1.235897e-06 +5.424907e-05 +2.559930e-03 +3.187468e-02 +2.536164e+00 +1.556480e+02 +6.042920e+03 +4.240856e+05 +2.611759e+07 +1.920075e+09 +8.460492e+10 +4.736055e+12   
BQF-042   +4.016874e+00   -1.777420e-06 -3.920989e-02 -4.538318e-04 +4.589489e-02 +9.939585e-01 +5.849347e+02 -1.249365e+03 +1.663532e+05 +8.825480e+06 -5.287505e+09 +5.258485e+10 +2.124174e+12   +1.845279e-06 +3.008638e-05 -6.467153e-05 -4.311363e-02 -1.699513e+00 -1.888857e+02 -2.439039e+03 -3.778583e+05 -4.055343e+06 -1.784069e+09 -4.213812e+10 -8.419801e+12   
BQF-043   +4.005304e+00   -5.616797e-07 -3.920437e-02 +1.296145e-04 +1.549828e-02 +4.938080e-01 +5.752307e+02 -3.566698e+03 +5.797557e+04 +3.394239e+06 -5.262038e+09 -1.021304e+10 -1.859831e+11   +1.506520e-06 +2.777472e-05 +1.255600e-03 -2.416959e-02 +5.179295e-01 +4.958997e+01 -1.582029e+01 +2.880386e+04 +1.360017e+07 +2.157352e+08 +3.808480e+10 +2.982433e+11   
BQF-044   +4.005523e+00   -2.549630e-06 -3.918085e-02 +3.064254e-04 +3.799032e-02 +5.394249e-02 +6.120939e+02 +1.220365e+03 +7.530365e+03 +1.514819e+06 -5.137891e+09 +1.578140e+09 +1.199682e+12   +2.163595e-07 +2.747402e-05 +8.730987e-04 -2.845995e-02 -6.407970e-01 -2.428066e+01 -3.673133e+03 -1.402571e+04 -1.344698e+07 -5.282741e+08 -3.187823e+10 -1.699309e+12   
BQF-045   +4.006475e+00   -1.482876e-06 -3.906971e-02 +4.458351e-04 +1.234639e-02 +8.286641e-01 +6.383724e+02 +1.059206e+03 +1.640051e+05 +1.247539e+07 -4.588008e+09 +1.315140e+10 +2.310420e+12   +1.681933e-06 +2.418895e-05 +1.113700e-03 -1.891367e-02 -2.136990e-01 -3.684039e+01 -2.106804e+03 +3.494820e+04 +3.040378e+05 -1.360018e+08 +1.388255e+10 +9.370926e+11   
BQF-046   +4.006183e+00   -8.759909e-07 -3.930065e-02 +9.010322e-04 +2.693809e-02 +4.460088e-01 +6.216017e+02 +5.907064e+02 -1.584255e+05 -9.412825e+06 -5.310451e+09 -2.632239e+10 -1.046453e+12   +2.446943e-06 +4.754051e-05 +1.852337e-03 +3.791522e-02 +2.952706e+00 +1.303033e+02 +7.970390e+03 +3.460409e+05 +1.878647e+07 +1.273903e+09 +1.030678e+11 +3.555277e+12   
BQF-047   +4.010470e+00   -2.233132e-06 -3.926156e-02 -3.232240e-04 +2.271161e-02 -3.033607e-01 +6.743235e+02 -2.055485e+03 -4.991315e+04 +1.606937e+07 -4.890322e+09 +1.648059e+10 +8.611856e+10   +1.187474e-06 +3.768548e-05 +1.898642e-03 +2.065713e-02 +1.214382e+00 +7.316437e+01 +2.897239e+03 +4.245340e+05 +1.350297e+07 +1.190221e+09 +1.035484e+11 +1.420927e+12   
BQF-048   +4.000538e+00   -1.835909e-06 -3.920773e-02 +1.036531e-03 +4.011390e-02 +2.410132e-01 +6.398484e+02 -9.774348e+02 +1.374143e+05 -2.848357e+06 -5.216626e+09 +1.720444e+10 -2.096749e+12   +3.634251e-07 +4.698403e-05 +3.231143e-03 -1.584076e-03 +1.084008e+00 -2.188649e+00 +2.228492e+03 +3.187041e+05 +9.165925e+06 -2.084891e+07 +5.696776e+10 +3.020386e+12   
BQF-049   +4.001459e+00   -2.065101e-07 -3.938683e-02 +2.525436e-03 +2.242521e-02 +7.275579e-01 +6.350129e+02 -5.917854e+03 -5.800489e+04 +6.028868e+06 -4.228240e+09 -8.080043e+10 -1.377177e+12   +7.926551e-07 +2.171155e-05 +2.138751e-03 -2.320117e-02 -3.359345e+00 -8.827273e+01 +2.495365e+02 +1.872243e+05 -1.127404e+07 -9.515869e+08 +3.661280e+10 -2.362177e+12   
BQF-050   +4.008282e+00   -3.093974e-06 -3.918676e-02 -3.746109e-04 +4.419919e-02 -2.463129e-01 +6.074109e+02 +5.859513e+03 +1.236152e+05 -1.594676e+07 -5.714483e+09 +4.163881e+10 +1.284710e+12   +1.488818e-06 +3.676578e-05 +3.135089e-05 -5.183642e-02 -2.302315e+00 -6.262491e+01 -4.804517e+03 -1.057954e+05 -3.178918e+07 -3.622752e+08 -4.814479e+10 -2.279783e+12   
BQF-051   +4.001169e+00   -1.153092e-06 -3.927172e-02 +1.629189e-03 +2.849092e-02 +7.662168e-01 +6.668026e+02 +1.965270e+03 +7.768942e+04 +1.560154e+07 -4.793044e+09 +1.880901e+10 +4.312370e+12   -8.765991e-08 +3.448542e-05 +3.320590e-03 +1.189439e-02 +1.952826e-01 +2.736150e+01 -8.158598e+02 +1.342170e+05 +1.210556e+07 +5.550288e+08 -1.830735e+10 -6.429628e+11   
BQF-052   +4.008123e+00   -1.012913e-06 -3.918173e-02 +1.303756e-03 +2.389560e-02 +9.738212e-02 +6.589985e+02 -7.612052e+02 +1.439517e+04 -1.318991e+07 -4.992534e+09 -1.702077e+10 -5.556154e+10   +1.679519e-06 +1.567582e-05 +1.222929e-03 -1.789811e-02 +7.413632e-02 +3.141014e+00 +4.819697e+02 -1.214248e+05 -6.035164e+06 -7.691129e+07 +2.078946e+10 +3.530952e+11   
BQF-053   +3.994948e+00   -1.298684e-06 -3.920136e-02 +1.161013e-04 +1.582381e-02 -1.252344e-01 +6.341001e+02 -4.490527e+02 -5.850096e+04 +2.093144e+06 -5.346160e+09 +3.582034e+10 +1.473193e+12   +2.191843e-06 +6.182466e-05 +1.397934e-03 +2.962404e-02 +3.242162e+00 +1.097917e+02 +9.753739e+03 +4.141416e+05 +1.775258e+07 +1.597382e+09 +6.890996e+10 +4.316569e+12   
BQF-054   +4.009929e+00   -8.264692e-07 -3.910792e-02 +6.633554e-04 +4.332830e-02 +6.665804e-01 +5.781594e+02 -2.057763e+03 +9.353298e+04 +8.679119e+06 -5.962078e+09 -1.712375e+10 +1.125738e+12   +9.060884e-07 +4.155627e-05 +2.499496e-03 +2.058472e-02 +1.066857e+00 +8.197188e+01 -2.257267e+02 +3.253474e+05 +1.819133e+07 +5.321792e+08 +9.376236e+09 +2.845851e+12   
BQF-055   +4.004741e+00   -1.471098e-06 -3.907856e-02 -9.395714e-04 +6.634079e-02 -2.268087e-01 +6.004099e+02 -2.175748e+03 -4.045905e+04 -5.794767e+06 -5.092562e+09 +1.089152e+10 +2.659026e+10   +3.407187e-08 +4.102737e-05 +2.525367e-03 -1.271067e-02 +6.561912e-02 +2.255273e+01 +1.536679e+03 -1.626445e+04 +1.432164e+06 +4.039822e+08 +6.396676e+10 +1.769539e+12   
BQF-056   +4.003015e+00   -7.384387e-07 -3.908491e-02 +6.101916e-04 +3.663017e-02 -4.088303e-01 +6.359806e+02 -2.468187e+03 -6.904211e+03 -1.051613e+07 -4.928585e+09 -5.241574e+09 +6.555846e+11   +6.400241e-07 +2.642039e-05 +1.022392e-03 -3.047535e-02 -3.714623e-01 -2.935283e+01 -1.103129e+03 -2.306049e+04 -1.071643e+07 -4.130037e+07 -2.638594e+10 -1.462561e+12   
BQF-057   +4.002013e+00   -3.181239e-07 -3.912529e-02 +3.860355e-04 +1.510081e-02 -6.629978e-01 +5.765878e+02 +7.250749e+02 +5.913359e+04 +5.864684e+06 -5.502906e+09 +2.134491e+10 +1.204391e+12   -1.210859e-06 +2.377917e-05 +2.977367e-03 -3.257621e-02 -1.413856e+00 -4.843498e+01 -7.694118e+03 -8.724265e+04 -1.241854e+07 -2.688330e+08 -2.285934e+10 -2.525781e+11   
BQF-058   +4.001796e+00   -2.444167e-07 -3.921637e-02 +7.753246e-04 +1.545931e-03 +2.603651e-01 +6.060664e+02 -3.603042e+02 -1.620088e+05 -9.738870e+05 -5.532468e+09 +2.235115e+10 -8.209464e+11   +2.164330e-06 +3.338831e-05 +2.126570e-03 +8.563453e-03 +7.436858e-01 +8.832767e+00 +4.131712e+03 +2.467622e+05 +1.455242e+07 +3.658105e+08 +3.592844e+10 -1.000146e+12   
