Arquivo: c:\arq\medidas\BBA_1906_071854\BBA_AMU11A_V.dat
Data: 1906	 Hora:  0822
Comentário: 
NomeParametro	 ValorParametro
Nmedias	5
PausaCorretora	3000
PausaShunt	2000
PausaLeitura	500
NumCiclos	3
 NPassosCor	7
DeltaShunt	3.00
TetaIni	-0.10
TetaFim	0.10
I[mA]	  32.0
ACV11A	DeltaPos^2	AMU11A	AMP01B_0	AMP02A_0	AMP02B_0	AMP03A_0	AMP03B_0	AMP03C_0	AMP04A_0	AMP04B_0	AMP05A_0	AMP05B_0	AMP06A_0	AMP06B_0	AMP07A_0	AMP07B_0	AMP08A_0	AMP08B_0	AMP09A_0	AMP09B_0	AMP10A_0	AMP10B_0	AMU11A_0	AMU11B_0	AMP12A_0	AMP12B_0	AMP01A_0	AMP01B_1	AMP02A_1	AMP02B_1	AMP03A_1	AMP03B_1	AMP03C_1	AMP04A_1	AMP04B_1	AMP05A_1	AMP05B_1	AMP06A_1	AMP06B_1	AMP07A_1	AMP07B_1	AMP08A_1	AMP08B_1	AMP09A_1	AMP09B_1	AMP10A_1	AMP10B_1	AMU11A_1	AMU11B_1	AMP12A_1	AMP12B_1	AMP01A_1	
-0.1000	 8.30318261436697E-0003	0.0726	-1.4579	-0.6990	0.5040	1.0576	2.4059	0.6355	0.3006	-1.0809	-0.2549	1.9271	1.9095	-0.2693	0.4269	-0.6720	0.5357	0.2686	0.8027	-0.1042	0.1862	-0.1813	0.0726	1.8687	1.6269	1.3873	0.9357	-1.6111	-0.7888	0.5124	1.1270	2.4378	0.6598	0.2786	-1.1863	-0.4089	2.0572	2.0192	-0.1944	0.4830	-0.8091	0.4698	0.3096	0.9100	-0.1232	0.1345	-0.2893	-0.0465	1.9156	1.7116	1.4886	1.0436	
-0.0667	 3.80539143480368E-0003	0.3700	-1.0786	-0.4783	0.4777	0.8767	2.3310	0.5890	0.3592	-0.8161	0.1282	1.5966	1.6370	-0.4512	0.2942	-0.3359	0.6947	0.1611	0.5313	-0.0495	0.3190	0.0856	0.3700	1.7441	1.4107	1.1372	0.6723	-1.1824	-0.5396	0.4831	0.9234	2.3521	0.6059	0.3451	-0.8877	0.0235	1.6842	1.7106	-0.4002	0.3323	-0.4286	0.6499	0.1888	0.6032	-0.0615	0.2841	0.0124	0.2889	1.7748	1.4686	1.2062	0.7457	
-0.0333	 1.02756375359733E-0003	0.6732	-0.6911	-0.2530	0.4511	0.6923	2.2543	0.5418	0.4191	-0.5466	0.5182	1.2589	1.3580	-0.6369	0.1587	0.0071	0.8569	0.0525	0.2552	0.0052	0.4535	0.3578	0.6732	1.6164	1.1909	0.8814	0.4048	-0.7452	-0.2849	0.4536	0.7161	2.2652	0.5504	0.4118	-0.5840	0.4640	1.3044	1.3963	-0.6103	0.1783	-0.0413	0.8334	0.0664	0.2923	-0.0003	0.4364	0.3198	0.6305	1.6320	1.2210	0.9175	0.4429	
0.0000	 2.21470833759293E-0006	0.9780	-0.3006	-0.0270	0.4238	0.5058	2.1774	0.4949	0.4801	-0.2747	0.9100	0.9180	1.0763	-0.8237	0.0218	0.3529	1.0203	-0.0573	-0.0237	0.0606	0.5895	0.6319	0.9780	1.4876	0.9681	0.6241	0.1360	-0.3030	-0.0285	0.4236	0.5063	2.1774	0.4958	0.4797	-0.2767	0.9072	0.9193	1.0776	-0.8225	0.0227	0.3505	1.0190	-0.0570	-0.0224	0.0607	0.5888	0.6300	0.9754	1.4864	0.9690	0.6257	0.1379	
0.0333	 8.49559628479461E-0004	1.2827	0.0896	0.2003	0.3964	0.3185	2.0999	0.4482	0.5408	-0.0023	1.3037	0.5766	0.7933	-1.0107	-0.1149	0.6996	1.1841	-0.1674	-0.3030	0.1167	0.7261	0.9068	1.2827	1.3580	0.7448	0.3658	-0.1331	0.1385	0.2288	0.3936	0.2955	2.0887	0.4409	0.5480	0.0316	1.3516	0.5337	0.7575	-1.0349	-0.1335	0.7426	1.2046	-0.1809	-0.3374	0.1229	0.7427	0.9414	1.3190	1.3404	0.7166	0.3333	-0.1670	
0.0667	 3.41070167024402E-0003	1.5865	0.4789	0.4262	0.3693	0.1314	2.0227	0.4017	0.6018	0.2692	1.6953	0.2342	0.5107	-1.1965	-0.2515	1.0454	1.3466	-0.2777	-0.5819	0.1730	0.8628	1.1807	1.5865	1.2298	0.5215	0.1084	-0.4027	0.5766	0.4838	0.3631	0.0854	2.0001	0.3864	0.6166	0.3375	1.7917	0.1483	0.4391	-1.2449	-0.2881	1.1311	1.3884	-0.3048	-0.6509	0.1860	0.8964	1.2501	1.6593	1.1958	0.4658	0.0428	-0.4706	
0.1000	 7.71680802864638E-0003	1.8867	0.8657	0.6503	0.3422	-0.0547	1.9451	0.3553	0.6619	0.5380	2.0827	-0.1063	0.2305	-1.3811	-0.3868	1.3867	1.5079	-0.3874	-0.8599	0.2294	0.9984	1.4514	1.8867	1.1019	0.3008	-0.1474	-0.6702	1.0128	0.7372	0.3335	-0.1234	1.9121	0.3322	0.6836	0.6409	2.2280	-0.2347	0.1231	-1.4532	-0.4415	1.5165	1.5706	-0.4278	-0.9633	0.2482	1.0490	1.5555	1.9977	1.0527	0.2170	-0.2458	-0.7733	
