Arquivo: c:\arq\medidas\BBA_1906_071854\BBA_AMP05B_V.dat
Data: 1906	 Hora:  0748
Comentário: 
NomeParametro	 ValorParametro
Nmedias	5
PausaCorretora	3000
PausaShunt	2000
PausaLeitura	500
NumCiclos	3
 NPassosCor	7
DeltaShunt	3.00
TetaIni	-0.10
TetaFim	0.10
I[mA]	 131.3
ACV11A	DeltaPos^2	AMP05B	AMP01B_0	AMP02A_0	AMP02B_0	AMP03A_0	AMP03B_0	AMP03C_0	AMP04A_0	AMP04B_0	AMP05A_0	AMP05B_0	AMP06A_0	AMP06B_0	AMP07A_0	AMP07B_0	AMP08A_0	AMP08B_0	AMP09A_0	AMP09B_0	AMP10A_0	AMP10B_0	AMU11A_0	AMU11B_0	AMP12A_0	AMP12B_0	AMP01A_0	AMP01B_1	AMP02A_1	AMP02B_1	AMP03A_1	AMP03B_1	AMP03C_1	AMP04A_1	AMP04B_1	AMP05A_1	AMP05B_1	AMP06A_1	AMP06B_1	AMP07A_1	AMP07B_1	AMP08A_1	AMP08B_1	AMP09A_1	AMP09B_1	AMP10A_1	AMP10B_1	AMU11A_1	AMU11B_1	AMP12A_1	AMP12B_1	AMP01A_1	
-0.1000	 4.78213734806325E-0003	1.8601	-1.3803	-0.6648	0.4901	1.0196	2.3910	0.6320	0.3170	-1.0299	-0.1853	1.8601	1.8571	-0.3094	0.3743	-0.6213	0.5693	0.2813	0.7970	-0.1603	0.1711	-0.1400	0.1302	1.8375	1.5727	1.3372	0.8822	-1.4243	-0.6668	0.5540	1.1273	2.3356	0.4806	0.2467	-1.0862	-0.2322	1.9550	1.9351	-0.2544	0.4171	-0.7215	0.5208	0.3121	0.8755	-0.1766	0.1320	-0.2176	0.0567	1.9195	1.6477	1.3578	0.8691	
-0.0667	 2.43345123855544E-0003	1.5629	-1.0333	-0.4600	0.4713	0.8616	2.3174	0.5769	0.3657	-0.7899	0.1637	1.5629	1.6076	-0.4784	0.2492	-0.3094	0.7157	0.1770	0.5395	-0.0988	0.2997	0.1047	0.3986	1.7289	1.3786	1.1064	0.6382	-1.0649	-0.4617	0.5164	0.9381	2.2781	0.4693	0.3162	-0.8300	0.1299	1.6310	1.6636	-0.4393	0.2802	-0.3812	0.6810	0.1988	0.5954	-0.1102	0.2723	0.0492	0.3456	1.7874	1.4323	1.1214	0.6290	
-0.0333	 8.30680825768324E-0004	1.2602	-0.6801	-0.2520	0.4515	0.7000	2.2421	0.5211	0.4156	-0.5458	0.5184	1.2602	1.3537	-0.6501	0.1227	0.0072	0.8646	0.0709	0.2776	-0.0366	0.4309	0.3535	0.6710	1.6183	1.1809	0.8719	0.3908	-0.6985	-0.2528	0.4782	0.7453	2.2194	0.4580	0.3865	-0.5692	0.4987	1.3000	1.3863	-0.6275	0.1401	-0.0343	0.8445	0.0836	0.3104	-0.0434	0.4150	0.3212	0.6398	1.6525	1.2123	0.8805	0.3855	
0.0000	 6.63194703856908E-0005	0.9546	-0.3241	-0.0424	0.4315	0.5379	2.1664	0.4650	0.4660	-0.2998	0.8742	0.9546	1.0979	-0.8232	-0.0056	0.3265	1.0150	-0.0359	0.0139	0.0254	0.5624	0.6045	0.9447	1.5063	0.9807	0.6356	0.1422	-0.3294	-0.0428	0.4390	0.5507	2.1602	0.4471	0.4577	-0.3064	0.8683	0.9659	1.1069	-0.8168	-0.0008	0.3148	1.0087	-0.0326	0.0228	0.0235	0.5579	0.5953	0.9357	1.5155	0.9900	0.6380	0.1407	
0.0333	 1.59460277659141E-0004	0.6487	0.0319	0.1681	0.4119	0.3747	2.0902	0.4087	0.5162	-0.0530	1.2315	0.6487	0.8403	-0.9966	-0.1343	0.6459	1.1651	-0.1433	-0.2499	0.0884	0.6951	0.8558	1.2183	1.3939	0.7800	0.3983	-0.1069	0.0399	0.1685	0.4002	0.3553	2.1004	0.4360	0.5288	-0.0426	1.2402	0.6313	0.8257	-1.0067	-0.1424	0.6647	1.1739	-0.1491	-0.2647	0.0912	0.7021	0.8699	1.2311	1.3785	0.7667	0.3945	-0.1044	
0.0667	 1.10022146552136E-0003	0.3417	0.3867	0.3777	0.3917	0.2116	2.0139	0.3530	0.5666	0.1938	1.5875	0.3417	0.5828	-1.1691	-0.2632	0.9655	1.3153	-0.2504	-0.5144	0.1512	0.8274	1.1067	1.4911	1.2823	0.5800	0.1612	-0.3559	0.4074	0.3786	0.3612	0.1598	2.0407	0.4255	0.6001	0.2207	1.6100	0.2958	0.5449	-1.1953	-0.2836	1.0134	1.3378	-0.2656	-0.5523	0.1591	0.8462	1.1436	1.5258	1.2423	0.5438	0.1513	-0.3495	
0.1000	 2.84032548450128E-0003	0.0360	0.7395	0.5854	0.3720	0.0491	1.9379	0.2981	0.6170	0.4386	1.9407	0.0360	0.3270	-1.3403	-0.3899	1.2820	1.4633	-0.3576	-0.7776	0.2143	0.9598	1.3552	1.7621	1.1714	0.3809	-0.0742	-0.6040	0.7727	0.5865	0.3224	-0.0343	1.9817	0.4152	0.6708	0.4816	1.9754	-0.0376	0.2665	-1.3823	-0.4227	1.3583	1.5000	-0.3817	-0.8385	0.2268	0.9898	1.4147	1.8176	1.1070	0.3230	-0.0897	-0.5932	
