Arquivo: c:\arq\medidas\BBA_1906_071854\BBA_AMP07B_H.dat
Data: 1906	 Hora:  0759
Comentário: 
NomeParametro	 ValorParametro
Nmedias	5
PausaCorretora	3000
PausaShunt	2000
PausaLeitura	500
NumCiclos	3
 NPassosCor	7
DeltaShunt	3.00
TetaIni	-0.10
TetaFim	0.10
I[mA]	  54.5
ACH03B	DeltaPos^2	AMP07B	AMP01B_0	AMP02A_0	AMP02B_0	AMP03A_0	AMP03B_0	AMP03C_0	AMP04A_0	AMP04B_0	AMP05A_0	AMP05B_0	AMP06A_0	AMP06B_0	AMP07A_0	AMP07B_0	AMP08A_0	AMP08B_0	AMP09A_0	AMP09B_0	AMP10A_0	AMP10B_0	AMU11A_0	AMU11B_0	AMP12A_0	AMP12B_0	AMP01A_0	AMP01B_1	AMP02A_1	AMP02B_1	AMP03A_1	AMP03B_1	AMP03C_1	AMP04A_1	AMP04B_1	AMP05A_1	AMP05B_1	AMP06A_1	AMP06B_1	AMP07A_1	AMP07B_1	AMP08A_1	AMP08B_1	AMP09A_1	AMP09B_1	AMP10A_1	AMP10B_1	AMU11A_1	AMU11B_1	AMP12A_1	AMP12B_1	AMP01A_1	
-0.1000	 9.32588519752456E-0004	0.3121	-1.1580	1.0619	-1.9196	-1.3582	-1.8593	-2.8300	-0.3574	0.1633	-1.5417	-0.5211	0.2248	-0.8395	0.5743	0.3121	-1.0200	-0.2373	1.0618	1.2419	-0.6028	-1.3019	1.0083	1.4945	-0.6151	-1.3840	-0.6352	-1.0987	1.0456	-1.9446	-1.3343	-1.8230	-2.8112	-0.3523	0.1525	-1.5676	-0.5304	0.2502	-0.8271	0.5117	0.2588	-1.0133	-0.2175	1.0634	1.2276	-0.6178	-1.3023	1.0510	1.5293	-0.6413	-1.4041	-0.5785	
-0.0667	 2.61296029972574E-0004	0.0589	-1.1572	0.9399	-1.9612	-1.0374	-1.5885	-2.7061	-0.3600	0.0718	-1.6268	-0.5081	0.3461	-0.8002	0.2549	0.0589	-0.8382	-0.0873	0.6890	0.8563	-0.4730	-1.1262	0.7993	1.2168	-0.6131	-1.2887	-0.5362	-1.1261	0.9316	-1.9740	-1.0252	-1.5697	-2.6961	-0.3567	0.0663	-1.6410	-0.5133	0.3599	-0.7935	0.2209	0.0300	-0.8346	-0.0766	0.6895	0.8485	-0.4808	-1.1263	0.8215	1.2349	-0.6266	-1.2991	-0.5066	
-0.0333	 2.97165534760942E-0006	-0.1976	-1.1580	0.8169	-2.0027	-0.7126	-1.3151	-2.5809	-0.3621	-0.0202	-1.7132	-0.4956	0.4691	-0.7606	-0.0684	-0.1976	-0.6543	0.0643	0.3105	0.4650	-0.3413	-0.9482	0.5860	0.9334	-0.6103	-1.1918	-0.4378	-1.1556	0.8166	-2.0031	-0.7119	-1.3141	-2.5802	-0.3612	-0.0202	-1.7153	-0.4968	0.4710	-0.7591	-0.0733	-0.2019	-0.6537	0.0657	0.3102	0.4641	-0.3417	-0.9480	0.5873	0.9344	-0.6108	-1.1923	-0.4356	
0.0000	 1.78688842946016E-0004	-0.4563	-1.1606	0.6938	-2.0435	-0.3869	-1.0419	-2.4553	-0.3634	-0.1122	-1.8009	-0.4844	0.5926	-0.7198	-0.3935	-0.4563	-0.4695	0.2169	-0.0701	0.0712	-0.2091	-0.7693	0.3702	0.6468	-0.6062	-1.0940	-0.3403	-1.1870	0.7019	-2.0314	-0.3979	-1.0591	-2.4640	-0.3645	-0.1067	-1.7906	-0.4813	0.5827	-0.7239	-0.3688	-0.4361	-0.4717	0.2092	-0.0720	0.0761	-0.2021	-0.7684	0.3497	0.6299	-0.5938	-1.0844	-0.3667	
0.0333	 8.11724426145325E-0004	-0.7106	-1.1641	0.5736	-2.0827	-0.0693	-0.7752	-2.3328	-0.3643	-0.2013	-1.8879	-0.4747	0.7135	-0.6795	-0.7121	-0.7106	-0.2887	0.3659	-0.4426	-0.3141	-0.0791	-0.5942	0.1582	0.3656	-0.6024	-0.9979	-0.2463	-1.2198	0.5901	-2.0580	-0.0926	-0.8116	-2.3511	-0.3673	-0.1902	-1.8653	-0.4676	0.6919	-0.6890	-0.6574	-0.6646	-0.2940	0.3491	-0.4456	-0.3021	-0.0643	-0.5927	0.1161	0.3310	-0.5761	-0.9778	-0.3010	
0.0667	 1.90067709351605E-0003	-0.9650	-1.1691	0.4532	-2.1217	0.2489	-0.5083	-2.2101	-0.3651	-0.2909	-1.9753	-0.4658	0.8345	-0.6388	-1.0303	-0.9650	-0.1076	0.5150	-0.8162	-0.7004	0.0511	-0.4189	-0.0552	0.0825	-0.5975	-0.9012	-0.1534	-1.2539	0.4788	-2.0840	0.2127	-0.5644	-2.2382	-0.3700	-0.2734	-1.9406	-0.4548	0.8011	-0.6536	-0.9459	-0.8933	-0.1159	0.4892	-0.8194	-0.6807	0.0733	-0.4171	-0.1185	0.0312	-0.5577	-0.8709	-0.2369	
0.1000	 3.55818115156411E-0003	-1.2201	-1.1755	0.3338	-2.1597	0.5652	-0.2434	-2.0875	-0.3647	-0.3791	-2.0643	-0.4585	0.9556	-0.5976	-1.3486	-1.2201	0.0735	0.6644	-1.1901	-1.0870	0.1817	-0.2432	-0.2698	-0.2012	-0.5923	-0.8038	-0.0622	-1.2911	0.3685	-2.1084	0.5145	-0.3206	-2.1258	-0.3715	-0.3554	-2.0166	-0.4436	0.9104	-0.6175	-1.2317	-1.1218	0.0618	0.6286	-1.1918	-1.0574	0.2115	-0.2409	-0.3550	-0.2705	-0.5379	-0.7628	-0.1763	
