Arquivo: c:\arq\medidas\BBA_1906_071854\BBA_AMP07A_V.dat
Data: 1906	 Hora:  0757
Comentário: 
NomeParametro	 ValorParametro
Nmedias	5
PausaCorretora	3000
PausaShunt	2000
PausaLeitura	500
NumCiclos	3
 NPassosCor	7
DeltaShunt	3.00
TetaIni	-0.10
TetaFim	0.10
I[mA]	  63.9
ACV01B	DeltaPos^2	AMP07A	AMP01B_0	AMP02A_0	AMP02B_0	AMP03A_0	AMP03B_0	AMP03C_0	AMP04A_0	AMP04B_0	AMP05A_0	AMP05B_0	AMP06A_0	AMP06B_0	AMP07A_0	AMP07B_0	AMP08A_0	AMP08B_0	AMP09A_0	AMP09B_0	AMP10A_0	AMP10B_0	AMU11A_0	AMU11B_0	AMP12A_0	AMP12B_0	AMP01A_0	AMP01B_1	AMP02A_1	AMP02B_1	AMP03A_1	AMP03B_1	AMP03C_1	AMP04A_1	AMP04B_1	AMP05A_1	AMP05B_1	AMP06A_1	AMP06B_1	AMP07A_1	AMP07B_1	AMP08A_1	AMP08B_1	AMP09A_1	AMP09B_1	AMP10A_1	AMP10B_1	AMU11A_1	AMU11B_1	AMP12A_1	AMP12B_1	AMP01A_1	
-0.1000	 5.99094411709777E-0003	1.0200	-1.3296	-0.7894	-0.0123	0.2613	2.8971	1.8905	0.8455	-0.7429	-0.0504	1.3021	1.6152	-0.0144	1.0200	-0.8294	0.2393	-0.2662	0.1215	0.6494	0.7055	-0.0284	0.0762	1.9879	1.6676	1.2819	0.7412	-1.4373	-0.8723	-0.0570	0.2384	2.9734	2.0363	0.8827	-0.7960	-0.1565	1.3476	1.6758	0.0728	1.1313	-0.8923	0.1734	-0.3395	0.0437	0.7672	0.7744	-0.0365	0.0257	1.9650	1.6858	1.3603	0.8533	
-0.0667	 2.84652692911328E-0003	0.7052	-1.0165	-0.5556	0.1277	0.3477	2.6711	1.4474	0.7263	-0.6052	0.2385	1.1953	1.4547	-0.2645	0.7052	-0.4654	0.4809	-0.2016	0.0760	0.4649	0.6685	0.1754	0.3515	1.8322	1.4506	1.0811	0.5581	-1.0910	-0.6127	0.0970	0.3323	2.7233	1.5477	0.7518	-0.6418	0.1651	1.2271	1.4967	-0.2041	0.7820	-0.5093	0.4356	-0.2519	0.0231	0.5460	0.7159	0.1696	0.3166	1.8168	1.4637	1.1355	0.6353	
-0.0333	 8.49994916112127E-0004	0.3916	-0.7041	-0.3229	0.2661	0.4332	2.4452	1.0048	0.6084	-0.4673	0.5263	1.0882	1.2946	-0.5133	0.3916	-0.1027	0.7212	-0.1375	0.0313	0.2812	0.6315	0.3781	0.6260	1.6770	1.2342	0.8813	0.3759	-0.7450	-0.3541	0.2496	0.4249	2.4741	1.0599	0.6218	-0.4876	0.4864	1.1056	1.3177	-0.4804	0.4338	-0.1264	0.6965	-0.1647	0.0025	0.3255	0.6573	0.3746	0.6070	1.6690	1.2417	0.9110	0.4181	
0.0000	 1.10873311902968E-0005	0.0604	-0.3743	-0.0775	0.4118	0.5230	2.2063	0.5376	0.4841	-0.3211	0.8299	0.9739	1.1245	-0.7759	0.0604	0.2800	0.9750	-0.0699	-0.0166	0.0874	0.5930	0.5918	0.9148	1.5124	1.0058	0.6703	0.1843	-0.3791	-0.0811	0.4100	0.5224	2.2100	0.5434	0.4853	-0.3241	0.8252	0.9766	1.1273	-0.7723	0.0653	0.2773	0.9723	-0.0730	-0.0196	0.0924	0.5962	0.5916	0.9128	1.5118	1.0068	0.6736	0.1891	
0.0333	 4.70898384623122E-0004	-0.2658	-0.0513	0.1637	0.5546	0.6117	1.9703	0.0775	0.3618	-0.1777	1.1283	0.8625	0.9570	-1.0338	-0.2658	0.6564	1.2242	-0.0035	-0.0632	-0.1035	0.5555	0.8022	1.1976	1.3501	0.7806	0.4631	-0.0033	-0.0213	0.1871	0.5669	0.6183	1.9492	0.0361	0.3514	-0.1631	1.1587	0.8504	0.9402	-1.0582	-0.2967	0.6742	1.2425	0.0168	-0.0412	-0.1365	0.5368	0.8042	1.2121	1.3572	0.7754	0.4410	-0.0346	
0.0667	 2.20926653179078E-0003	-0.5929	0.2718	0.4048	0.6977	0.6999	1.7334	-0.3843	0.2393	-0.0336	1.4278	0.7503	0.7890	-1.2918	-0.5929	1.0332	1.4733	0.0625	-0.1104	-0.2942	0.5183	1.0126	1.4813	1.1875	0.5537	0.2554	-0.1911	0.3367	0.4548	0.7249	0.7141	1.6867	-0.4739	0.2168	-0.0015	1.4921	0.7230	0.7522	-1.3446	-0.6605	1.0719	1.5131	0.1071	-0.0633	-0.3654	0.4769	1.0185	1.5121	1.2020	0.5425	0.2077	-0.2587	
0.1000	 5.13936574686320E-0003	-0.9192	0.5932	0.6447	0.8408	0.7887	1.4961	-0.8451	0.1173	0.1095	1.7252	0.6381	0.6216	-1.5487	-0.9192	1.4080	1.7213	0.1286	-0.1577	-0.4841	0.4812	1.2230	1.7632	1.0246	0.3282	0.0491	-0.3778	0.6922	0.7208	0.8819	0.8104	1.4245	-0.9817	0.0830	0.1587	1.8236	0.5961	0.5648	-1.6289	-1.0223	1.4661	1.7816	0.1964	-0.0856	-0.5930	0.4178	1.2305	1.8102	1.0467	0.3113	-0.0233	-0.4810	
