Arquivo: c:\arq\medidas\BBA_1906_071854\BBA_AMP10A_H.dat
Data: 1906	 Hora:  0814
Comentário: 
NomeParametro	 ValorParametro
Nmedias	5
PausaCorretora	3000
PausaShunt	2000
PausaLeitura	500
NumCiclos	3
 NPassosCor	7
DeltaShunt	3.00
TetaIni	-0.10
TetaFim	0.10
I[mA]	  33.1
ACH03A	DeltaPos^2	AMP10A	AMP01B_0	AMP02A_0	AMP02B_0	AMP03A_0	AMP03B_0	AMP03C_0	AMP04A_0	AMP04B_0	AMP05A_0	AMP05B_0	AMP06A_0	AMP06B_0	AMP07A_0	AMP07B_0	AMP08A_0	AMP08B_0	AMP09A_0	AMP09B_0	AMP10A_0	AMP10B_0	AMU11A_0	AMU11B_0	AMP12A_0	AMP12B_0	AMP01A_0	AMP01B_1	AMP02A_1	AMP02B_1	AMP03A_1	AMP03B_1	AMP03C_1	AMP04A_1	AMP04B_1	AMP05A_1	AMP05B_1	AMP06A_1	AMP06B_1	AMP07A_1	AMP07B_1	AMP08A_1	AMP08B_1	AMP09A_1	AMP09B_1	AMP10A_1	AMP10B_1	AMU11A_1	AMU11B_1	AMP12A_1	AMP12B_1	AMP01A_1	
-0.1000	 2.04989633367756E-0004	-0.6770	-0.7651	0.9069	-2.1082	-1.1095	-1.8950	-2.8202	-0.2496	0.2175	-1.8182	-0.7646	0.3500	-0.7119	0.3183	0.0239	-0.9500	-0.1197	0.9678	1.0607	-0.6770	-1.2729	1.2344	1.6527	-0.8030	-1.5065	-0.2365	-0.7605	0.8906	-2.1183	-1.0838	-1.8721	-2.8132	-0.2669	0.2006	-1.7951	-0.7391	0.3369	-0.7284	0.3283	0.0399	-0.9536	-0.1300	0.9586	1.0583	-0.6731	-1.2655	1.2227	1.6348	-0.8108	-1.5064	-0.2248	
-0.0667	 8.09639607203512E-0005	-0.5301	-0.8798	0.8303	-2.0968	-0.8659	-1.6089	-2.6967	-0.2878	0.1066	-1.8178	-0.6760	0.4291	-0.7129	0.0849	-0.1368	-0.7947	-0.0109	0.6298	0.7374	-0.5301	-1.1127	0.9636	1.3345	-0.7488	-1.3810	-0.2574	-0.8775	0.8202	-2.1026	-0.8498	-1.5950	-2.6926	-0.2987	0.0959	-1.8030	-0.6599	0.4208	-0.7232	0.0915	-0.1266	-0.7974	-0.0176	0.6242	0.7358	-0.5277	-1.1078	0.9557	1.3231	-0.7533	-1.3807	-0.2506	
-0.0333	 1.15249672947293E-0005	-0.3823	-0.9964	0.7533	-2.0846	-0.6203	-1.3201	-2.5723	-0.3266	-0.0058	-1.8178	-0.5871	0.5085	-0.7138	-0.1507	-0.2989	-0.6390	0.0988	0.2891	0.4110	-0.3823	-0.9511	0.6893	1.0131	-0.6934	-1.2537	-0.2797	-0.9965	0.7497	-2.0859	-0.6149	-1.3159	-2.5709	-0.3302	-0.0097	-1.8120	-0.5809	0.5051	-0.7176	-0.1476	-0.2946	-0.6399	0.0960	0.2865	0.4107	-0.3809	-0.9490	0.6854	1.0077	-0.6944	-1.2532	-0.2784	
0.0000	 7.51370549188648E-0006	-0.2338	-1.1139	0.6769	-2.0713	-0.3756	-1.0319	-2.4477	-0.3643	-0.1178	-1.8186	-0.4989	0.5885	-0.7140	-0.3866	-0.4616	-0.4826	0.2087	-0.0526	0.0843	-0.2338	-0.7892	0.4133	0.6894	-0.6373	-1.1266	-0.3032	-1.1171	0.6801	-2.0680	-0.3809	-1.0379	-2.4497	-0.3615	-0.1143	-1.8210	-0.5025	0.5895	-0.7115	-0.3863	-0.4629	-0.4821	0.2097	-0.0516	0.0851	-0.2334	-0.7899	0.4127	0.6897	-0.6347	-1.1251	-0.3082	
0.0333	 7.91098702219436E-0005	-0.0855	-1.2324	0.6004	-2.0584	-0.1306	-0.7426	-2.3232	-0.4021	-0.2299	-1.8196	-0.4109	0.6682	-0.7145	-0.6227	-0.6252	-0.3265	0.3185	-0.3947	-0.2432	-0.0855	-0.6271	0.1363	0.3639	-0.5808	-0.9986	-0.3282	-1.2403	0.6115	-2.0485	-0.1478	-0.7606	-2.3292	-0.3920	-0.2190	-1.8307	-0.4251	0.6738	-0.7051	-0.6246	-0.6314	-0.3242	0.3232	-0.3903	-0.2410	-0.0855	-0.6302	0.1375	0.3687	-0.5730	-0.9951	-0.3412	
0.0667	 2.35616810576080E-0004	0.0637	-1.3539	0.5256	-2.0433	0.1128	-0.4555	-2.1991	-0.4392	-0.3408	-1.8215	-0.3243	0.7483	-0.7142	-0.8588	-0.7888	-0.1700	0.4288	-0.7373	-0.5710	0.0637	-0.4650	-0.1422	0.0374	-0.5230	-0.8697	-0.3558	-1.3668	0.5445	-2.0270	0.0825	-0.4867	-2.2088	-0.4216	-0.3217	-1.8406	-0.3487	0.7582	-0.6978	-0.8616	-0.7994	-0.1656	0.4371	-0.7295	-0.5665	0.0635	-0.4697	-0.1395	0.0464	-0.5097	-0.8642	-0.3781	
0.1000	 4.59284842321822E-0004	0.2124	-1.4760	0.4512	-2.0276	0.3542	-0.1696	-2.0752	-0.4760	-0.4518	-1.8239	-0.2382	0.8280	-0.7136	-1.0940	-0.9519	-0.0140	0.5383	-1.0787	-0.8977	0.2124	-0.3026	-0.4209	-0.2896	-0.4646	-0.7407	-0.3850	-1.4920	0.4770	-2.0064	0.3119	-0.2127	-2.0884	-0.4511	-0.4250	-1.8520	-0.2735	0.8425	-0.6905	-1.0981	-0.9679	-0.0082	0.5505	-1.0660	-0.8907	0.2111	-0.3105	-0.4143	-0.2736	-0.4474	-0.7344	-0.4132	
