Arquivo: c:\arq\medidas\BBA_1906_071854\BBA_AMP04A_H.dat
Data: 1906	 Hora:  0737
Comentário: 
NomeParametro	 ValorParametro
Nmedias	5
PausaCorretora	3000
PausaShunt	2000
PausaLeitura	500
NumCiclos	3
 NPassosCor	7
DeltaShunt	3.00
TetaIni	-0.10
TetaFim	0.10
I[mA]	 133.9
ACH09A	DeltaPos^2	AMP04A	AMP01B_0	AMP02A_0	AMP02B_0	AMP03A_0	AMP03B_0	AMP03C_0	AMP04A_0	AMP04B_0	AMP05A_0	AMP05B_0	AMP06A_0	AMP06B_0	AMP07A_0	AMP07B_0	AMP08A_0	AMP08B_0	AMP09A_0	AMP09B_0	AMP10A_0	AMP10B_0	AMU11A_0	AMU11B_0	AMP12A_0	AMP12B_0	AMP01A_0	AMP01B_1	AMP02A_1	AMP02B_1	AMP03A_1	AMP03B_1	AMP03C_1	AMP04A_1	AMP04B_1	AMP05A_1	AMP05B_1	AMP06A_1	AMP06B_1	AMP07A_1	AMP07B_1	AMP08A_1	AMP08B_1	AMP09A_1	AMP09B_1	AMP10A_1	AMP10B_1	AMU11A_1	AMU11B_1	AMP12A_1	AMP12B_1	AMP01A_1	
-0.1000	 2.24281055335147E-0003	-0.6833	-0.4191	0.1777	-2.4488	0.7274	0.1183	-2.0101	-0.6833	-0.6075	-1.3261	0.2648	0.6654	-0.9291	-0.8327	-0.5811	-0.0250	0.4259	-1.1401	-1.2517	-0.0323	-0.2544	0.3452	0.3233	-0.9227	-1.0747	0.6331	-0.3543	0.1689	-2.4801	0.6900	0.1063	-2.0022	-0.6591	-0.5775	-1.3816	0.1896	0.6553	-0.9164	-0.8191	-0.5935	-0.0669	0.4055	-1.0675	-1.1954	-0.0886	-0.3024	0.4314	0.4144	-0.9664	-1.1283	0.6749	
-0.0667	 1.70430445513872E-0003	-0.5564	-0.6588	0.3555	-2.3104	0.3513	-0.2682	-2.1512	-0.5564	-0.4332	-1.5181	-0.0104	0.6653	-0.8372	-0.7374	-0.5879	-0.1490	0.3841	-0.8151	-0.8560	-0.0844	-0.4040	0.3578	0.4292	-0.8155	-1.0755	0.3178	-0.6028	0.3484	-2.3374	0.3178	-0.2792	-2.1444	-0.5347	-0.4058	-1.5672	-0.0772	0.6567	-0.8256	-0.7259	-0.5991	-0.1853	0.3669	-0.7522	-0.8068	-0.1332	-0.4452	0.4327	0.5084	-0.8531	-1.1222	0.3537	
-0.0333	 1.28044659066474E-0003	-0.4282	-0.9025	0.5354	-2.1695	-0.0287	-0.6582	-2.2937	-0.4282	-0.2569	-1.7121	-0.2887	0.6661	-0.7442	-0.6427	-0.5959	-0.2734	0.3429	-0.4893	-0.4570	-0.1350	-0.5536	0.3683	0.5338	-0.7057	-1.0749	-0.0018	-0.8539	0.5291	-2.1927	-0.0583	-0.6682	-2.2880	-0.4088	-0.2327	-1.7545	-0.3465	0.6589	-0.7338	-0.6328	-0.6058	-0.3047	0.3281	-0.4345	-0.4146	-0.1774	-0.5893	0.4330	0.6022	-0.7383	-1.1155	0.0291	
0.0000	 8.95820247041896E-0004	-0.2998	-1.1466	0.7147	-2.0286	-0.4095	-1.0490	-2.4357	-0.2998	-0.0811	-1.9064	-0.5670	0.6673	-0.6512	-0.5492	-0.6049	-0.3976	0.3022	-0.1637	-0.0583	-0.1859	-0.7033	0.3780	0.6374	-0.5960	-1.0748	-0.3222	-1.1064	0.7101	-2.0476	-0.4350	-1.0579	-2.4310	-0.2826	-0.0596	-1.9431	-0.6167	0.6617	-0.6417	-0.5409	-0.6143	-0.4233	0.2904	-0.1182	-0.0237	-0.2209	-0.7327	0.4321	0.6945	-0.6231	-1.1076	-0.2967	
0.0333	 5.88773837466316E-0004	-0.1705	-1.3910	0.8942	-1.8870	-0.7894	-1.4383	-2.5777	-0.1705	0.0954	-2.1018	-0.8457	0.6693	-0.5573	-0.4570	-0.6158	-0.5199	0.2629	0.1598	0.3385	-0.2353	-0.8521	0.3856	0.7388	-0.4854	-1.0725	-0.6439	-1.3587	0.8910	-1.9020	-0.8110	-1.4463	-2.5742	-0.1562	0.1136	-2.1318	-0.8868	0.6652	-0.5491	-0.4511	-0.6238	-0.5412	0.2531	0.1963	0.3662	-0.2638	-0.8754	0.4292	0.7846	-0.5069	-1.0990	-0.6235	
0.0667	 3.44282169879335E-0004	-0.0420	-1.6364	1.0735	-1.7448	-1.1694	-1.8275	-2.7196	-0.0420	0.2709	-2.2973	-1.1246	0.6723	-0.4631	-0.3668	-0.6283	-0.6429	0.2233	0.4814	0.7334	-0.2843	-1.0000	0.3919	0.8384	-0.3745	-1.0695	-0.9661	-1.6123	1.0717	-1.7555	-1.1868	-1.8344	-2.7173	-0.0295	0.2867	-2.3214	-1.1572	0.6697	-0.4556	-0.3628	-0.6352	-0.6579	0.2172	0.5091	0.7541	-0.3056	-1.0170	0.4248	0.8733	-0.3902	-1.0899	-0.9515	
0.1000	 1.67034979471781E-0004	0.0875	-1.8808	1.2516	-1.6029	-1.5479	-2.2145	-2.8610	0.0875	0.4464	-2.4934	-1.4029	0.6762	-0.3681	-0.2794	-0.6429	-0.7630	0.1863	0.8003	1.1247	-0.3322	-1.1461	0.3971	0.9365	-0.2634	-1.0662	-1.2861	-1.8648	1.2514	-1.6091	-1.5612	-2.2202	-2.8594	0.0972	0.4586	-2.5108	-1.4272	0.6750	-0.3617	-0.2768	-0.6486	-0.7735	0.1823	0.8191	1.1389	-0.3467	-1.1576	0.4195	0.9603	-0.2738	-1.0794	-1.2772	
