Arquivo: c:\arq\medidas\BBA_1906_071854\BBA_AMP01A_H.dat
Data: 1906	 Hora:  0833
Comentário: 
NomeParametro	 ValorParametro
Nmedias	5
PausaCorretora	3000
PausaShunt	2000
PausaLeitura	500
NumCiclos	3
 NPassosCor	7
DeltaShunt	3.00
TetaIni	-0.10
TetaFim	0.10
I[mA]	  31.8
ACH05A	DeltaPos^2	AMP01A	AMP01B_0	AMP02A_0	AMP02B_0	AMP03A_0	AMP03B_0	AMP03C_0	AMP04A_0	AMP04B_0	AMP05A_0	AMP05B_0	AMP06A_0	AMP06B_0	AMP07A_0	AMP07B_0	AMP08A_0	AMP08B_0	AMP09A_0	AMP09B_0	AMP10A_0	AMP10B_0	AMU11A_0	AMU11B_0	AMP12A_0	AMP12B_0	AMP01A_0	AMP01B_1	AMP02A_1	AMP02B_1	AMP03A_1	AMP03B_1	AMP03C_1	AMP04A_1	AMP04B_1	AMP05A_1	AMP05B_1	AMP06A_1	AMP06B_1	AMP07A_1	AMP07B_1	AMP08A_1	AMP08B_1	AMP09A_1	AMP09B_1	AMP10A_1	AMP10B_1	AMU11A_1	AMU11B_1	AMP12A_1	AMP12B_1	AMP01A_1	
-0.1000	 3.72463619504552E-0003	0.5696	-0.0913	0.5118	-2.4589	-0.3029	-0.6757	-2.1822	-0.1028	-0.1566	-2.6170	-1.4315	0.7826	-0.3306	-0.5732	-0.9007	-0.6258	0.3060	0.4783	0.3835	-0.6438	-1.0291	1.3880	1.6172	-1.1045	-1.5900	0.5696	-0.1821	0.5201	-2.4270	-0.2948	-0.6954	-2.2009	-0.1333	-0.1597	-2.5341	-1.3706	0.7274	-0.3715	-0.4515	-0.7838	-0.6791	0.2477	0.5721	0.4951	-0.6663	-1.0746	1.4079	1.6618	-1.0840	-1.5987	0.4965	
-0.0667	 2.17980831706670E-0003	0.3039	-0.4057	0.5595	-2.3410	-0.3163	-0.7770	-2.2596	-0.1856	-0.1482	-2.3685	-1.1383	0.7244	-0.4506	-0.5223	-0.7688	-0.5768	0.2789	0.3040	0.2816	-0.5124	-0.9497	1.0838	1.3247	-0.9618	-1.4466	0.3039	-0.4753	0.5658	-2.3168	-0.3101	-0.7917	-2.2736	-0.2086	-0.1505	-2.3052	-1.0916	0.6823	-0.4816	-0.4293	-0.6797	-0.6176	0.2342	0.3759	0.3673	-0.5298	-0.9847	1.0995	1.3589	-0.9460	-1.4536	0.2481	
-0.0333	 8.92110619555034E-0004	0.0348	-0.7242	0.6079	-2.2217	-0.3302	-0.8796	-2.3381	-0.2690	-0.1391	-2.1164	-0.8410	0.6655	-0.5715	-0.4704	-0.6356	-0.5274	0.2514	0.1279	0.1789	-0.3795	-0.8698	0.7752	1.0284	-0.8171	-1.3015	0.0348	-0.7807	0.6149	-2.2043	-0.3344	-0.8974	-2.3576	-0.2832	-0.1384	-2.0822	-0.8178	0.6397	-0.5914	-0.4169	-0.5833	-0.5530	0.2229	0.1720	0.2321	-0.3896	-0.8927	0.7807	1.0470	-0.8045	-1.3052	-0.0105	
0.0000	 2.50359784701347E-0004	-0.2373	-1.0449	0.6571	-2.1008	-0.3448	-0.9832	-2.4167	-0.3528	-0.1299	-1.8627	-0.5421	0.6065	-0.6931	-0.4185	-0.5011	-0.4778	0.2235	-0.0493	0.0753	-0.2460	-0.7893	0.4637	0.7291	-0.6712	-1.1558	-0.2373	-1.0854	0.6635	-2.0908	-0.3546	-1.0000	-2.4369	-0.3587	-0.1269	-1.8525	-0.5373	0.5953	-0.7025	-0.3986	-0.4813	-0.4898	0.2103	-0.0306	0.0991	-0.2500	-0.8005	0.4616	0.7343	-0.6625	-1.1569	-0.2696	
0.0333	 5.21502409017028E-0005	-0.5110	-1.3661	0.7064	-1.9795	-0.3597	-1.0877	-2.4954	-0.4364	-0.1203	-1.6078	-0.2425	0.5472	-0.8147	-0.3667	-0.3672	-0.4277	0.1961	-0.2268	-0.0284	-0.1122	-0.7085	0.1507	0.4282	-0.5249	-1.0095	-0.5110	-1.3836	0.7105	-1.9769	-0.3701	-1.0987	-2.5093	-0.4354	-0.1167	-1.6161	-0.2505	0.5493	-0.8146	-0.3746	-0.3737	-0.4273	0.1966	-0.2302	-0.0315	-0.1111	-0.7090	0.1448	0.4234	-0.5213	-1.0082	-0.5252	
0.0667	 2.22684833340802E-0004	-0.7866	-1.6877	0.7564	-1.8571	-0.3757	-1.1925	-2.5747	-0.5201	-0.1105	-1.3524	0.0574	0.4879	-0.9366	-0.3153	-0.2331	-0.3776	0.1688	-0.4045	-0.1328	0.0217	-0.6277	-0.1631	0.1258	-0.3779	-0.8625	-0.7866	-1.6776	0.7568	-1.8630	-0.3834	-1.1948	-2.5781	-0.5121	-0.1072	-1.3766	0.0387	0.5019	-0.9267	-0.3479	-0.2637	-0.3652	0.1826	-0.4279	-0.1601	0.0266	-0.6177	-0.1702	0.1138	-0.3805	-0.8600	-0.7780	
0.1000	 8.15135715474098E-0004	-1.0636	-2.0098	0.8069	-1.7342	-0.3924	-1.2989	-2.6548	-0.6037	-0.1000	-1.0963	0.3576	0.4287	-1.0584	-0.2643	-0.0987	-0.3273	0.1416	-0.5838	-0.2377	0.1561	-0.5461	-0.4783	-0.1779	-0.2300	-0.7147	-1.0636	-1.9714	0.8043	-1.7486	-0.3985	-1.2928	-2.6478	-0.5884	-0.0969	-1.1384	0.3266	0.4555	-1.0388	-0.3226	-0.1552	-0.3027	0.1690	-0.6267	-0.2894	0.1652	-0.5256	-0.4863	-0.1966	-0.2391	-0.7110	-1.0323	
