Arquivo: c:\arq\medidas\BBA_1906_071854\BBA_AMP08B_H.dat
Data: 1906	 Hora:  0805
Comentário: 
NomeParametro	 ValorParametro
Nmedias	5
PausaCorretora	3000
PausaShunt	2000
PausaLeitura	500
NumCiclos	3
 NPassosCor	7
DeltaShunt	3.00
TetaIni	-0.10
TetaFim	0.10
I[mA]	  46.6
ACH03A	DeltaPos^2	AMP08B	AMP01B_0	AMP02A_0	AMP02B_0	AMP03A_0	AMP03B_0	AMP03C_0	AMP04A_0	AMP04B_0	AMP05A_0	AMP05B_0	AMP06A_0	AMP06B_0	AMP07A_0	AMP07B_0	AMP08A_0	AMP08B_0	AMP09A_0	AMP09B_0	AMP10A_0	AMP10B_0	AMU11A_0	AMU11B_0	AMP12A_0	AMP12B_0	AMP01A_0	AMP01B_1	AMP02A_1	AMP02B_1	AMP03A_1	AMP03B_1	AMP03C_1	AMP04A_1	AMP04B_1	AMP05A_1	AMP05B_1	AMP06A_1	AMP06B_1	AMP07A_1	AMP07B_1	AMP08A_1	AMP08B_1	AMP09A_1	AMP09B_1	AMP10A_1	AMP10B_1	AMU11A_1	AMU11B_1	AMP12A_1	AMP12B_1	AMP01A_1	
-0.1000	 3.12737127555696E-0004	-0.1236	-0.8558	0.9554	-2.0561	-1.1924	-1.9853	-2.8567	-0.2247	0.2585	-1.8384	-0.8059	0.3522	-0.6987	0.3357	0.0306	-0.9646	-0.1236	1.0234	1.1229	-0.6637	-1.2851	1.1953	1.6327	-0.7540	-1.4765	-0.3336	-0.8230	0.9375	-2.0753	-1.1711	-1.9579	-2.8441	-0.2312	0.2431	-1.8443	-0.8018	0.3584	-0.7014	0.3066	0.0083	-0.9524	-0.1135	1.0148	1.1043	-0.6741	-1.2856	1.2134	1.6444	-0.7741	-1.4904	-0.3000	
-0.0667	 1.55771413568840E-0004	-0.0118	-0.9517	0.8668	-2.0548	-0.9246	-1.6739	-2.7235	-0.2708	0.1360	-1.8276	-0.7010	0.4313	-0.7052	0.0954	-0.1307	-0.8020	-0.0118	0.6639	0.7771	-0.5152	-1.1162	0.9264	1.3109	-0.7082	-1.3528	-0.3318	-0.9289	0.8541	-2.0681	-0.9099	-1.6546	-2.7146	-0.2753	0.1249	-1.8318	-0.6980	0.4361	-0.7071	0.0742	-0.1468	-0.7931	-0.0045	0.6574	0.7637	-0.5226	-1.1166	0.9389	1.3187	-0.7223	-1.3622	-0.3083	
-0.0333	 5.37436689352655E-0005	0.1007	-1.0501	0.7780	-2.0527	-0.6549	-1.3596	-2.5893	-0.3168	0.0120	-1.8172	-0.5960	0.5113	-0.7115	-0.1481	-0.2942	-0.6380	0.1007	0.3006	0.4274	-0.3652	-0.9458	0.6535	0.9845	-0.6612	-1.2275	-0.3315	-1.0368	0.7702	-2.0603	-0.6463	-1.3484	-2.5840	-0.3192	0.0055	-1.8195	-0.5939	0.5144	-0.7125	-0.1604	-0.3035	-0.6327	0.1053	0.2964	0.4194	-0.3696	-0.9456	0.6608	0.9889	-0.6697	-1.2326	-0.3177	
0.0000	 4.28930901713285E-0006	0.2136	-1.1499	0.6895	-2.0498	-0.3859	-1.0459	-2.4553	-0.3626	-0.1110	-1.8072	-0.4915	0.5913	-0.7174	-0.3914	-0.4581	-0.4739	0.2136	-0.0636	0.0776	-0.2151	-0.7754	0.3794	0.6565	-0.6138	-1.1018	-0.3328	-1.1465	0.6876	-2.0516	-0.3838	-1.0429	-2.4539	-0.3629	-0.1131	-1.8081	-0.4908	0.5929	-0.7175	-0.3951	-0.4605	-0.4718	0.2155	-0.0647	0.0747	-0.2165	-0.7749	0.3814	0.6573	-0.6162	-1.1029	-0.3290	
0.0333	 9.76069496333290E-0006	0.3267	-1.2507	0.6016	-2.0464	-0.1178	-0.7321	-2.3215	-0.4081	-0.2344	-1.7981	-0.3877	0.6718	-0.7230	-0.6353	-0.6226	-0.3097	0.3267	-0.4280	-0.2732	-0.0648	-0.6044	0.1041	0.3265	-0.5656	-0.9753	-0.3354	-1.2568	0.6046	-2.0422	-0.1210	-0.7362	-2.3236	-0.4063	-0.2316	-1.7973	-0.3881	0.6718	-0.7223	-0.6306	-0.6191	-0.3111	0.3255	-0.4265	-0.2707	-0.0629	-0.6038	0.1005	0.3236	-0.5618	-0.9722	-0.3419	
0.0667	 6.95381901281035E-0005	0.4392	-1.3532	0.5140	-2.0424	0.1508	-0.4184	-2.1873	-0.4531	-0.3571	-1.7896	-0.2844	0.7523	-0.7283	-0.8792	-0.7875	-0.1456	0.4392	-0.7925	-0.6239	0.0858	-0.4336	-0.1722	-0.0042	-0.5166	-0.8485	-0.3396	-1.3690	0.5224	-2.0322	0.1408	-0.4313	-2.1930	-0.4493	-0.3496	-1.7873	-0.2862	0.7509	-0.7267	-0.8658	-0.7775	-0.1504	0.4357	-0.7887	-0.6158	0.0907	-0.4328	-0.1810	-0.0104	-0.5071	-0.8419	-0.3558	
0.1000	 1.85477983619146E-0004	0.5520	-1.4575	0.4268	-2.0378	0.4180	-0.1050	-2.0532	-0.4985	-0.4805	-1.7817	-0.1816	0.8328	-0.7333	-1.1222	-0.9532	0.0185	0.5520	-1.1575	-0.9753	0.2366	-0.2628	-0.4501	-0.3366	-0.4672	-0.7213	-0.3454	-1.4832	0.4406	-2.0210	0.4018	-0.1260	-2.0628	-0.4924	-0.4685	-1.7777	-0.1845	0.8297	-0.7307	-1.1011	-0.9371	0.0107	0.5458	-1.1510	-0.9622	0.2445	-0.2611	-0.4645	-0.3465	-0.4516	-0.7099	-0.3722	
