Arquivo: c:\arq\medidas\BBA_1906_071854\BBA_AMP01B_V.dat
Data: 1906	 Hora:  0720
Comentário: 
NomeParametro	 ValorParametro
Nmedias	5
PausaCorretora	3000
PausaShunt	2000
PausaLeitura	500
NumCiclos	3
 NPassosCor	7
DeltaShunt	3.00
TetaIni	-0.10
TetaFim	0.10
I[mA]	 135.7
ACV11A	DeltaPos^2	AMP01B	AMP01B_0	AMP02A_0	AMP02B_0	AMP03A_0	AMP03B_0	AMP03C_0	AMP04A_0	AMP04B_0	AMP05A_0	AMP05B_0	AMP06A_0	AMP06B_0	AMP07A_0	AMP07B_0	AMP08A_0	AMP08B_0	AMP09A_0	AMP09B_0	AMP10A_0	AMP10B_0	AMU11A_0	AMU11B_0	AMP12A_0	AMP12B_0	AMP01A_0	AMP01B_1	AMP02A_1	AMP02B_1	AMP03A_1	AMP03B_1	AMP03C_1	AMP04A_1	AMP04B_1	AMP05A_1	AMP05B_1	AMP06A_1	AMP06B_1	AMP07A_1	AMP07B_1	AMP08A_1	AMP08B_1	AMP09A_1	AMP09B_1	AMP10A_1	AMP10B_1	AMU11A_1	AMU11B_1	AMP12A_1	AMP12B_1	AMP01A_1	
-0.1000	 4.42602242988912E-0003	-1.4017	-1.4017	-0.7093	0.4092	0.9081	2.4567	0.8083	0.3997	-0.9636	-0.1307	1.7441	1.7793	-0.3205	0.4033	-0.5755	0.5725	0.2196	0.6956	-0.0907	0.2358	-0.0788	0.1665	1.7546	1.5183	1.3625	0.9561	-1.4929	-0.7807	0.3658	0.8805	2.5278	0.9475	0.4379	-1.0034	-0.2157	1.7755	1.8262	-0.2473	0.4946	-0.6826	0.5012	0.2021	0.7116	-0.0385	0.2448	-0.1401	0.0847	1.8035	1.5842	1.4201	1.0069	
-0.0667	 1.95921980732449E-0003	-1.0686	-1.0686	-0.5079	0.4020	0.7716	2.3754	0.7290	0.4354	-0.7405	0.1984	1.4661	1.5471	-0.4750	0.2914	-0.2879	0.7059	0.1199	0.4535	-0.0294	0.3579	0.1482	0.4167	1.6643	1.3419	1.1392	0.7130	-1.1294	-0.5554	0.3733	0.7534	2.4228	0.8214	0.4608	-0.7671	0.1415	1.4869	1.5785	-0.4265	0.3516	-0.3593	0.6587	0.1085	0.4645	0.0050	0.3639	0.1072	0.3621	1.6970	1.3858	1.1782	0.7469	
-0.0333	 4.46599294480485E-0004	-0.7293	-0.7293	-0.3032	0.3942	0.6323	2.2929	0.6496	0.4717	-0.5137	0.5325	1.1823	1.3109	-0.6322	0.1778	0.0038	0.8416	0.0184	0.2077	0.0329	0.4824	0.3786	0.6704	1.5717	1.1621	0.9123	0.4665	-0.7583	-0.3259	0.3808	0.6242	2.3158	0.6932	0.4836	-0.5266	0.5050	1.1930	1.3261	-0.6091	0.2062	-0.0301	0.8191	0.0132	0.2137	0.0488	0.4845	0.3587	0.6442	1.5883	1.1837	0.9311	0.4819	
0.0000	 6.05532320252182E-0006	-0.3877	-0.3877	-0.0970	0.3869	0.4923	2.2096	0.5691	0.5083	-0.2851	0.8674	0.8963	1.0724	-0.7903	0.0633	0.2980	0.9785	-0.0836	-0.0400	0.0960	0.6074	0.6108	0.9254	1.4785	0.9806	0.6836	0.2186	-0.3845	-0.0946	0.3889	0.4941	2.2072	0.5632	0.5065	-0.2845	0.8693	0.8968	1.0716	-0.7928	0.0589	0.3016	0.9811	-0.0822	-0.0393	0.0932	0.6063	0.6122	0.9279	1.4782	0.9791	0.6814	0.2159	
0.0333	 6.64157791146596E-0004	-0.0456	-0.0456	0.1103	0.3795	0.3519	2.1256	0.4883	0.5452	-0.0564	1.2040	0.6103	0.8329	-0.9487	-0.0515	0.5920	1.1156	-0.1860	-0.2882	0.1586	0.7332	0.8431	1.1801	1.3851	0.7984	0.4542	-0.0295	-0.0104	0.1375	0.3967	0.3636	2.0983	0.4336	0.5297	-0.0419	1.2356	0.6000	0.8154	-0.9770	-0.0887	0.6336	1.1432	-0.1782	-0.2926	0.1371	0.7285	0.8664	1.2111	1.3681	0.7742	0.4312	-0.0506	
0.0667	 2.42241270753522E-0003	0.2961	0.2961	0.3167	0.3718	0.2112	2.0416	0.4077	0.5817	0.1728	1.5401	0.3222	0.5927	-1.1071	-0.1670	0.8865	1.2526	-0.2884	-0.5372	0.2216	0.8590	1.0762	1.4349	1.2916	0.6161	0.2243	-0.2785	0.3634	0.3692	0.4047	0.2328	1.9887	0.3034	0.5528	0.2012	1.6010	0.3017	0.5591	-1.1611	-0.2368	0.9658	1.3052	-0.2745	-0.5464	0.1814	0.8506	1.1205	1.4945	1.2580	0.5691	0.1807	-0.3179	
0.1000	 5.25976437889453E-0003	0.6409	0.6409	0.5250	0.3641	0.0689	1.9564	0.3266	0.6191	0.4037	1.8782	0.0312	0.3507	-1.2664	-0.2824	1.1833	1.3900	-0.3924	-0.7887	0.2860	0.9865	1.3107	1.6918	1.1977	0.4322	-0.0075	-0.5299	0.7396	0.6020	0.4125	0.1010	1.8783	0.1725	0.5763	0.4454	1.9681	0.0006	0.3008	-1.3460	-0.3848	1.3004	1.4676	-0.3718	-0.8028	0.2270	0.9748	1.3760	1.7796	1.1474	0.3624	-0.0711	-0.5875	
