Arquivo: c:\arq\medidas\BBA_1906_071854\BBA_AMP09A_V.dat
Data: 1906	 Hora:  0810
Comentário: 
NomeParametro	 ValorParametro
Nmedias	5
PausaCorretora	3000
PausaShunt	2000
PausaLeitura	500
NumCiclos	3
 NPassosCor	7
DeltaShunt	3.00
TetaIni	-0.10
TetaFim	0.10
I[mA]	  38.9
ACV07A	DeltaPos^2	AMP09A	AMP01B_0	AMP02A_0	AMP02B_0	AMP03A_0	AMP03B_0	AMP03C_0	AMP04A_0	AMP04B_0	AMP05A_0	AMP05B_0	AMP06A_0	AMP06B_0	AMP07A_0	AMP07B_0	AMP08A_0	AMP08B_0	AMP09A_0	AMP09B_0	AMP10A_0	AMP10B_0	AMU11A_0	AMU11B_0	AMP12A_0	AMP12B_0	AMP01A_0	AMP01B_1	AMP02A_1	AMP02B_1	AMP03A_1	AMP03B_1	AMP03C_1	AMP04A_1	AMP04B_1	AMP05A_1	AMP05B_1	AMP06A_1	AMP06B_1	AMP07A_1	AMP07B_1	AMP08A_1	AMP08B_1	AMP09A_1	AMP09B_1	AMP10A_1	AMP10B_1	AMU11A_1	AMU11B_1	AMP12A_1	AMP12B_1	AMP01A_1	
-0.1000	 1.34926131082600E-0003	0.7243	0.7082	0.7525	0.8520	0.7377	1.4389	-0.9211	0.1210	0.2181	1.8978	0.5081	0.5071	-1.6459	-1.0688	1.0008	1.6724	0.6542	0.7243	-1.0718	-0.0742	0.6972	1.4381	1.7173	0.8002	-0.1150	-0.9218	0.6994	0.7613	0.8891	0.7943	1.4018	-1.0142	0.0820	0.1964	1.8883	0.5505	0.5254	-1.6664	-1.1154	1.0181	1.6963	0.6926	0.7741	-1.0951	-0.1023	0.6594	1.4093	1.7629	0.8358	-0.1139	-0.9419	
-0.0667	 4.16316229759707E-0004	0.4947	0.3799	0.5026	0.7216	0.6757	1.6692	-0.4843	0.2283	0.0528	1.5755	0.6521	0.6958	-1.3845	-0.7272	0.7950	1.4675	0.4339	0.4947	-0.7189	0.1303	0.6676	1.2825	1.6522	0.8608	0.1241	-0.5840	0.3752	0.5072	0.7420	0.7072	1.6493	-0.5357	0.2067	0.0407	1.5701	0.6758	0.7061	-1.3958	-0.7528	0.8042	1.4809	0.4552	0.5230	-0.7320	0.1147	0.6466	1.2671	1.6783	0.8809	0.1248	-0.5953	
-0.0333	 1.30137884096899E-0005	0.2618	0.0460	0.2480	0.5878	0.6113	1.9038	-0.0376	0.3381	-0.1145	1.2473	0.7972	0.8874	-1.1182	-0.3784	0.5837	1.2586	0.2095	0.2618	-0.3586	0.3382	0.6373	1.1233	1.5856	0.9231	0.3670	-0.2400	0.0446	0.2480	0.5915	0.6172	1.9016	-0.0455	0.3346	-0.1174	1.2461	0.8023	0.8901	-1.1193	-0.3816	0.5852	1.2603	0.2132	0.2670	-0.3613	0.3355	0.6332	1.1218	1.5921	0.9268	0.3679	-0.2415	
0.0000	 1.94338956802164E-0004	0.0246	-0.2926	-0.0108	0.4523	0.5450	2.1412	0.4154	0.4500	-0.2835	0.9145	0.9424	1.0808	-0.8476	-0.0247	0.3698	1.0459	-0.0182	0.0246	0.0058	0.5489	0.6069	0.9621	1.5179	0.9852	0.6133	0.1080	-0.2912	-0.0157	0.4380	0.5245	2.1576	0.4522	0.4651	-0.2767	0.9172	0.9285	1.0757	-0.8384	-0.0049	0.3624	1.0356	-0.0326	0.0070	0.0142	0.5596	0.6203	0.9748	1.5043	0.9733	0.6143	0.1168	
0.0333	 9.93155096336113E-0004	-0.2133	-0.6349	-0.2715	0.3153	0.4776	2.3797	0.8721	0.5634	-0.4535	0.5805	1.0887	1.2744	-0.5750	0.3310	0.1539	0.8311	-0.2478	-0.2133	0.3737	0.7614	0.5771	0.7999	1.4491	1.0479	0.8608	0.4591	-0.6311	-0.2810	0.2832	0.4308	2.4152	0.9543	0.5971	-0.4371	0.5867	1.0558	1.2614	-0.5551	0.3743	0.1379	0.8087	-0.2805	-0.2549	0.3940	0.7852	0.6077	0.8269	1.4154	1.0198	0.8624	0.4789	
0.0667	 2.44022395974163E-0003	-0.4538	-0.9773	-0.5326	0.1774	0.4095	2.6180	1.3301	0.6775	-0.6226	0.2457	1.2338	1.4673	-0.3018	0.6867	-0.0622	0.6161	-0.4775	-0.4538	0.7418	0.9749	0.5475	0.6375	1.3795	1.1098	1.1085	0.8114	-0.9713	-0.5471	0.1270	0.3350	2.6730	1.4571	0.7300	-0.5961	0.2553	1.1817	1.4459	-0.2713	0.7550	-0.0877	0.5819	-0.5291	-0.5191	0.7744	1.0125	0.5959	0.6789	1.3252	1.0655	1.1107	0.8428	
0.1000	 4.52083631742587E-0003	-0.6935	-1.3181	-0.7930	0.0385	0.3404	2.8557	1.7865	0.7920	-0.7907	-0.0883	1.3775	1.6591	-0.0293	1.0422	-0.2779	0.4015	-0.7076	-0.6935	1.1095	1.1881	0.5182	0.4758	1.3095	1.1713	1.3559	1.1635	-1.3102	-0.8127	-0.0299	0.2390	2.9297	1.9580	0.8637	-0.7540	-0.0758	1.3068	1.6298	0.0118	1.1356	-0.3127	0.3552	-0.7776	-0.7837	1.1555	1.2390	0.5845	0.5316	1.2342	1.1107	1.3583	1.2067	
