Arquivo: c:\arq\medidas\BBA_1906_071854\BBA_AMP01B_H.dat
Data: 1906	 Hora:  0719
Comentário: 
NomeParametro	 ValorParametro
Nmedias	5
PausaCorretora	3000
PausaShunt	2000
PausaLeitura	500
NumCiclos	3
 NPassosCor	7
DeltaShunt	3.00
TetaIni	-0.10
TetaFim	0.10
I[mA]	 135.8
ACH07B	DeltaPos^2	AMP01B	AMP01B_0	AMP02A_0	AMP02B_0	AMP03A_0	AMP03B_0	AMP03C_0	AMP04A_0	AMP04B_0	AMP05A_0	AMP05B_0	AMP06A_0	AMP06B_0	AMP07A_0	AMP07B_0	AMP08A_0	AMP08B_0	AMP09A_0	AMP09B_0	AMP10A_0	AMP10B_0	AMU11A_0	AMU11B_0	AMP12A_0	AMP12B_0	AMP01A_0	AMP01B_1	AMP02A_1	AMP02B_1	AMP03A_1	AMP03B_1	AMP03C_1	AMP04A_1	AMP04B_1	AMP05A_1	AMP05B_1	AMP06A_1	AMP06B_1	AMP07A_1	AMP07B_1	AMP08A_1	AMP08B_1	AMP09A_1	AMP09B_1	AMP10A_1	AMP10B_1	AMU11A_1	AMU11B_1	AMP12A_1	AMP12B_1	AMP01A_1	
-0.1000	 4.07289712238353E-0003	0.1005	0.1005	0.3408	-2.5542	0.1169	-0.2384	-2.0148	-0.1925	-0.3256	-2.4657	-0.7709	1.2085	-0.3833	-1.8852	-1.7821	-0.2307	0.7541	-0.1570	-0.4034	-0.4742	-0.6861	1.2418	1.3256	-1.1509	-1.4773	0.8844	0.0081	0.3423	-2.5245	0.1451	-0.2405	-2.0297	-0.2327	-0.3378	-2.3623	-0.6861	1.1498	-0.4329	-1.7617	-1.6541	-0.2753	0.6958	-0.0893	-0.3084	-0.4760	-0.7186	1.2150	1.3244	-1.1095	-1.4642	0.7771	
-0.0667	 1.37223637894990E-0003	-0.3257	-0.3257	0.4710	-2.3729	-0.0719	-0.5228	-2.1616	-0.2229	-0.2383	-2.2900	-0.7143	1.0310	-0.4677	-1.4446	-1.3952	-0.2908	0.6040	-0.1455	-0.2764	-0.3783	-0.6959	0.9525	1.0975	-0.9612	-1.3416	0.4706	-0.3794	0.4718	-2.3557	-0.0553	-0.5238	-2.1701	-0.2463	-0.2456	-2.2299	-0.6651	0.9970	-0.4965	-1.3729	-1.3212	-0.3166	0.5699	-0.1061	-0.2212	-0.3793	-0.7147	0.9372	1.0972	-0.9373	-1.3340	0.4083	
-0.0333	 9.60574268724241E-0005	-0.7582	-0.7582	0.6027	-2.1885	-0.2630	-0.8106	-2.3099	-0.2540	-0.1503	-2.1113	-0.6567	0.8512	-0.5533	-0.9964	-1.0031	-0.3512	0.4519	-0.1338	-0.1483	-0.2807	-0.7055	0.6580	0.8650	-0.7692	-1.2038	0.0506	-0.7722	0.6026	-2.1842	-0.2581	-0.8104	-2.3118	-0.2600	-0.1522	-2.0957	-0.6435	0.8422	-0.5611	-0.9774	-0.9832	-0.3581	0.4429	-0.1232	-0.1336	-0.2808	-0.7106	0.6542	0.8653	-0.7627	-1.2021	0.0344	
0.0000	 3.22499626340601E-0004	-1.1929	-1.1929	0.7347	-2.0031	-0.4545	-1.0993	-2.4583	-0.2854	-0.0617	-1.9311	-0.5988	0.6701	-0.6395	-0.5454	-0.6080	-0.4115	0.2988	-0.1243	-0.0210	-0.1820	-0.7149	0.3601	0.6290	-0.5751	-1.0655	-0.3731	-1.1670	0.7340	-2.0113	-0.4616	-1.0982	-2.4535	-0.2741	-0.0584	-1.9602	-0.6219	0.6870	-0.6256	-0.5808	-0.6441	-0.3989	0.3153	-0.1430	-0.0473	-0.1820	-0.7054	0.3680	0.6301	-0.5863	-1.0690	-0.3427	
0.0333	 2.09861535611383E-0003	-1.6292	-1.6292	0.8669	-1.8163	-0.6471	-1.3886	-2.6070	-0.3163	0.0272	-1.7499	-0.5411	0.4883	-0.7255	-0.0929	-0.2130	-0.4709	0.1461	-0.1161	0.1057	-0.0826	-0.7228	0.0600	0.3903	-0.3805	-0.9256	-0.7993	-1.5622	0.8656	-1.8379	-0.6653	-1.3854	-2.5957	-0.2879	0.0353	-1.8248	-0.6011	0.5308	-0.6901	-0.1826	-0.3054	-0.4399	0.1876	-0.1634	0.0384	-0.0821	-0.7004	0.0803	0.3930	-0.4097	-0.9355	-0.7219	
0.0667	 5.44045479294030E-0003	-2.0647	-2.0647	0.9996	-1.6290	-0.8402	-1.6782	-2.7559	-0.3475	0.1165	-1.5689	-0.4837	0.3060	-0.8115	0.3601	0.1820	-0.5299	-0.0070	-0.1094	0.2313	0.0176	-0.7303	-0.2420	0.1496	-0.1848	-0.7844	-1.2267	-1.9570	0.9972	-1.6637	-0.8697	-1.6734	-2.7375	-0.3017	0.1297	-1.6897	-0.5801	0.3743	-0.7544	0.2154	0.0338	-0.4796	0.0601	-0.1852	0.1233	0.0182	-0.6942	-0.2088	0.1541	-0.2323	-0.8006	-1.1019	
0.1000	 1.02928673764078E-0002	-2.4981	-2.4981	1.1322	-1.4411	-1.0327	-1.9663	-2.9041	-0.3782	0.2054	-1.3876	-0.4264	0.1231	-0.8972	0.8113	0.5761	-0.5889	-0.1607	-0.1043	0.3554	0.1188	-0.7374	-0.5459	-0.0929	0.0110	-0.6430	-1.6537	-2.3517	1.1289	-1.4893	-1.0747	-1.9610	-2.8794	-0.3147	0.2240	-1.5543	-0.5597	0.2176	-0.8185	0.6131	0.3723	-0.5190	-0.0671	-0.2084	0.2069	0.1193	-0.6873	-0.4999	-0.0870	-0.0546	-0.6652	-1.4824	
