Arquivo: c:\arq\medidas\BBA_1906_071854\BBA_AMP07B_V.dat
Data: 1906	 Hora:  0800
Comentário: 
NomeParametro	 ValorParametro
Nmedias	5
PausaCorretora	3000
PausaShunt	2000
PausaLeitura	500
NumCiclos	3
 NPassosCor	7
DeltaShunt	3.00
TetaIni	-0.10
TetaFim	0.10
I[mA]	  51.5
ACV07B	DeltaPos^2	AMP07B	AMP01B_0	AMP02A_0	AMP02B_0	AMP03A_0	AMP03B_0	AMP03C_0	AMP04A_0	AMP04B_0	AMP05A_0	AMP05B_0	AMP06A_0	AMP06B_0	AMP07A_0	AMP07B_0	AMP08A_0	AMP08B_0	AMP09A_0	AMP09B_0	AMP10A_0	AMP10B_0	AMU11A_0	AMU11B_0	AMP12A_0	AMP12B_0	AMP01A_0	AMP01B_1	AMP02A_1	AMP02B_1	AMP03A_1	AMP03B_1	AMP03C_1	AMP04A_1	AMP04B_1	AMP05A_1	AMP05B_1	AMP06A_1	AMP06B_1	AMP07A_1	AMP07B_1	AMP08A_1	AMP08B_1	AMP09A_1	AMP09B_1	AMP10A_1	AMP10B_1	AMU11A_1	AMU11B_1	AMP12A_1	AMP12B_1	AMP01A_1	
-0.1000	 6.97750866118644E-0003	-0.7677	-1.4637	-0.7599	0.3603	0.8590	2.5544	0.9998	0.4458	-1.0261	-0.2572	1.8047	1.8688	-0.1670	0.6128	-0.7677	0.2135	-0.5215	-0.2762	0.9692	0.9701	0.1597	0.1557	1.7111	1.5101	1.4086	1.0390	-1.6018	-0.8459	0.3549	0.9036	2.5977	1.0556	0.4399	-1.1154	-0.3955	1.9122	1.9629	-0.0908	0.6814	-0.8999	0.1165	-0.5764	-0.3055	1.0793	1.0156	0.1028	0.0582	1.7400	1.5754	1.5018	1.1459	
-0.0667	 3.29179182850701E-0003	-0.4103	-1.0939	-0.5266	0.3806	0.7485	2.4328	0.8357	0.4555	-0.7880	0.1132	1.5257	1.6172	-0.3755	0.4224	-0.4103	0.4727	-0.3698	-0.1909	0.6709	0.8438	0.3086	0.4156	1.6415	1.3370	1.1581	0.7495	-1.1885	-0.5857	0.3770	0.7790	2.4630	0.8742	0.4518	-0.8494	0.0183	1.5990	1.6821	-0.3230	0.4704	-0.5009	0.4061	-0.4074	-0.2110	0.7463	0.8743	0.2695	0.3489	1.6618	1.3819	1.2226	0.8229	
-0.0333	 9.19071491543000E-0004	-0.0455	-0.7155	-0.2886	0.4013	0.6351	2.3089	0.6691	0.4661	-0.5452	0.4908	1.2403	1.3603	-0.5885	0.2286	-0.0455	0.7370	-0.2155	-0.1051	0.3675	0.7153	0.4606	0.6810	1.5695	1.1600	0.9022	0.4546	-0.7661	-0.3202	0.3994	0.6512	2.3252	0.6900	0.4639	-0.5773	0.4411	1.2794	1.3945	-0.5605	0.2538	-0.0937	0.7018	-0.2350	-0.1151	0.4067	0.7312	0.4398	0.6463	1.5808	1.1838	0.9361	0.4937	
0.0000	 7.54826337629472E-0006	0.3216	-0.3341	-0.0491	0.4221	0.5209	2.1838	0.5020	0.4766	-0.2999	0.8697	0.9520	1.1009	-0.8030	0.0324	0.3216	1.0038	-0.0599	-0.0189	0.0615	0.5858	0.6139	0.9476	1.4965	0.9813	0.6440	0.1583	-0.3392	-0.0520	0.4221	0.5226	2.1859	0.5041	0.4764	-0.3027	0.8658	0.9560	1.1040	-0.8005	0.0351	0.3173	1.0008	-0.0611	-0.0191	0.0638	0.5869	0.6115	0.9455	1.4989	0.9833	0.6472	0.1621	
0.0333	 6.22732307564856E-0004	0.6906	0.0476	0.1919	0.4427	0.4060	2.0574	0.3336	0.4871	-0.0538	1.2511	0.6632	0.8396	-1.0186	-0.1648	0.6906	1.2707	0.0966	0.0679	-0.2456	0.4564	0.7676	1.2144	1.4236	0.8018	0.3849	-0.1388	0.0879	0.2174	0.4442	0.3928	2.0454	0.3176	0.4891	-0.0270	1.2929	0.6315	0.8112	-1.0411	-0.1849	0.7297	1.3000	0.1139	0.0778	-0.2798	0.4422	0.7844	1.2448	1.4166	0.7821	0.3574	-0.1701	
0.0667	 2.72311280047218E-0003	1.0584	0.4286	0.4318	0.4631	0.2905	1.9314	0.1658	0.4981	0.1925	1.6312	0.3730	0.5777	-1.2330	-0.3622	1.0584	1.5370	0.2529	0.1555	-0.5528	0.3264	0.9212	1.4807	1.3505	0.6222	0.1256	-0.4366	0.5138	0.4853	0.4665	0.2624	1.9052	0.1323	0.5021	0.2487	1.7182	0.3060	0.5186	-1.2798	-0.4039	1.1410	1.5975	0.2881	0.1747	-0.6235	0.2975	0.9567	1.5430	1.3344	0.5809	0.0676	-0.5023	
0.1000	 6.17411009580328E-0003	1.4232	0.8073	0.6700	0.4831	0.1751	1.8062	0.0001	0.5090	0.4372	2.0085	0.0837	0.3176	-1.4457	-0.5573	1.4232	1.8015	0.4086	0.2425	-0.8587	0.1969	1.0739	1.7454	1.2786	0.4436	-0.1320	-0.7323	0.9363	0.7503	0.4880	0.1324	1.7661	-0.0502	0.5153	0.5220	2.1387	-0.0181	0.2280	-1.5165	-0.6200	1.5475	1.8919	0.4615	0.2713	-0.9649	0.1535	1.1265	1.8383	1.2538	0.3815	-0.2192	-0.8318	
