Arquivo: c:\arq\medidas\BBA_1906_071854\BBA_AMP03A_V.dat
Data: 1906	 Hora:  0729
Comentário: 
NomeParametro	 ValorParametro
Nmedias	5
PausaCorretora	3000
PausaShunt	2000
PausaLeitura	500
NumCiclos	3
 NPassosCor	7
DeltaShunt	3.00
TetaIni	-0.10
TetaFim	0.10
I[mA]	 134.7
ACV09A	DeltaPos^2	AMP03A	AMP01B_0	AMP02A_0	AMP02B_0	AMP03A_0	AMP03B_0	AMP03C_0	AMP04A_0	AMP04B_0	AMP05A_0	AMP05B_0	AMP06A_0	AMP06B_0	AMP07A_0	AMP07B_0	AMP08A_0	AMP08B_0	AMP09A_0	AMP09B_0	AMP10A_0	AMP10B_0	AMU11A_0	AMU11B_0	AMP12A_0	AMP12B_0	AMP01A_0	AMP01B_1	AMP02A_1	AMP02B_1	AMP03A_1	AMP03B_1	AMP03C_1	AMP04A_1	AMP04B_1	AMP05A_1	AMP05B_1	AMP06A_1	AMP06B_1	AMP07A_1	AMP07B_1	AMP08A_1	AMP08B_1	AMP09A_1	AMP09B_1	AMP10A_1	AMP10B_1	AMU11A_1	AMU11B_1	AMP12A_1	AMP12B_1	AMP01A_1	
-0.1000	 3.36476635708710E-0003	-0.3997	-0.2556	-0.2477	-0.2089	-0.3997	2.8192	2.0778	1.1459	0.0590	1.0275	0.2139	0.7853	-0.4270	0.8388	-0.0091	0.5602	-0.7067	-0.8441	0.4791	1.0679	1.2138	1.4053	0.7738	0.4201	0.6768	0.5483	-0.2867	-0.2919	-0.2746	-0.4854	2.8452	2.1666	1.1953	0.1212	1.0955	0.1181	0.7245	-0.4293	0.8720	0.0193	0.5548	-0.7667	-0.9369	0.5528	1.1295	1.2579	1.4241	0.7076	0.3819	0.7064	0.6174	
-0.0667	 1.49501848429483E-0003	-0.1012	-0.2855	-0.1882	-0.0070	-0.1012	2.6165	1.5752	0.9329	-0.0563	0.9745	0.4422	0.8813	-0.5487	0.5786	0.0943	0.7003	-0.5001	-0.5786	0.3465	0.9137	1.0195	1.2542	1.0077	0.6014	0.6691	0.4262	-0.3059	-0.2177	-0.0507	-0.1584	2.6330	1.6342	0.9654	-0.0149	1.0198	0.3783	0.8407	-0.5506	0.6003	0.1135	0.6963	-0.5402	-0.6409	0.3955	0.9554	1.0489	1.2670	0.9636	0.5755	0.6888	0.4718	
-0.0333	 3.62897601749239E-0004	0.2013	-0.3165	-0.1284	0.1976	0.2013	2.4110	1.0641	0.7168	-0.1731	0.9203	0.6728	0.9788	-0.6714	0.3162	0.1982	0.8411	-0.2912	-0.3101	0.2125	0.7580	0.8223	1.1010	1.2440	0.7848	0.6619	0.3036	-0.3262	-0.1427	0.1760	0.1728	2.4186	1.0932	0.7330	-0.1527	0.9428	0.6414	0.9586	-0.6725	0.3269	0.2075	0.8396	-0.3109	-0.3412	0.2366	0.7782	0.8365	1.1070	1.2220	0.7722	0.6716	0.3255	
0.0000	 1.00688215768207E-0006	0.5062	-0.3483	-0.0688	0.4029	0.5062	2.2033	0.5476	0.4995	-0.2908	0.8650	0.9055	1.0774	-0.7950	0.0514	0.3024	0.9831	-0.0802	-0.0391	0.0770	0.6007	0.6230	0.9465	1.4822	0.9713	0.6556	0.1805	-0.3477	-0.0679	0.4039	0.5064	2.2012	0.5455	0.4988	-0.2915	0.8641	0.9067	1.0781	-0.7952	0.0507	0.3017	0.9830	-0.0796	-0.0384	0.0758	0.5997	0.6218	0.9459	1.4831	0.9713	0.6549	0.1789	
0.0333	 4.22853694091623E-0004	0.8116	-0.3814	-0.0094	0.6087	0.8116	1.9945	0.0289	0.2813	-0.4088	0.8104	1.1392	1.1763	-0.9187	-0.2141	0.4062	1.1253	0.1316	0.2335	-0.0583	0.4430	0.4224	0.7904	1.7216	1.1574	0.6499	0.0583	-0.3700	0.0065	0.6319	0.8408	1.9828	-0.0036	0.2637	-0.4310	0.7862	1.1726	1.1972	-0.9183	-0.2261	0.3963	1.1269	0.1526	0.2654	-0.0849	0.4210	0.4065	0.7832	1.7441	1.1702	0.6388	0.0326	
0.0667	 1.61758573949379E-0003	1.1162	-0.4150	0.0496	0.8141	1.1162	1.7851	-0.4894	0.0635	-0.5259	0.7555	1.3713	1.2746	-1.0421	-0.4796	0.5104	1.2671	0.3427	0.5046	-0.1929	0.2859	0.2220	0.6333	1.9599	1.3433	0.6443	-0.0636	-0.3935	0.0806	0.8593	1.1738	1.7644	-0.5520	0.0287	-0.5694	0.7078	1.4374	1.3161	-1.0407	-0.5030	0.4899	1.2707	0.3838	0.5679	-0.2444	0.2427	0.1906	0.6196	2.0044	1.3691	0.6234	-0.1125	
0.1000	 3.64077029700940E-0003	1.4293	-0.4509	0.1102	1.0262	1.4293	1.5681	-1.0248	-0.1617	-0.6477	0.6982	1.6116	1.3762	-1.1695	-0.7541	0.6177	1.4133	0.5612	0.7857	-0.3316	0.1233	0.0141	0.4701	2.2060	1.5362	0.6391	-0.1888	-0.4190	0.1563	1.0940	1.5156	1.5380	-1.1184	-0.2136	-0.7129	0.6264	1.7109	1.4389	-1.1671	-0.7885	0.5865	1.4181	0.6228	0.8812	-0.4090	0.0583	-0.0330	0.4493	2.2728	1.5755	0.6079	-0.2618	
