Arquivo: c:\arq\medidas\BBA_1906_071854\BBA_AMP04B_H.dat
Data: 1906	 Hora:  0740
Comentário: 
NomeParametro	 ValorParametro
Nmedias	5
PausaCorretora	3000
PausaShunt	2000
PausaLeitura	500
NumCiclos	3
 NPassosCor	7
DeltaShunt	3.00
TetaIni	-0.10
TetaFim	0.10
I[mA]	 133.6
ACH11A	DeltaPos^2	AMP04B	AMP01B_0	AMP02A_0	AMP02B_0	AMP03A_0	AMP03B_0	AMP03C_0	AMP04A_0	AMP04B_0	AMP05A_0	AMP05B_0	AMP06A_0	AMP06B_0	AMP07A_0	AMP07B_0	AMP08A_0	AMP08B_0	AMP09A_0	AMP09B_0	AMP10A_0	AMP10B_0	AMU11A_0	AMU11B_0	AMP12A_0	AMP12B_0	AMP01A_0	AMP01B_1	AMP02A_1	AMP02B_1	AMP03A_1	AMP03B_1	AMP03C_1	AMP04A_1	AMP04B_1	AMP05A_1	AMP05B_1	AMP06A_1	AMP06B_1	AMP07A_1	AMP07B_1	AMP08A_1	AMP08B_1	AMP09A_1	AMP09B_1	AMP10A_1	AMP10B_1	AMU11A_1	AMU11B_1	AMP12A_1	AMP12B_1	AMP01A_1	
-0.1000	 2.25984185774107E-0004	-0.4480	-1.4666	0.4466	-2.0187	0.3970	-0.4606	-2.3332	-0.8108	-0.4480	-0.7936	0.5166	0.2106	-1.1774	0.2654	0.3998	-0.5382	-0.0825	-0.1665	0.2500	0.0853	-0.7122	-0.4635	-0.3677	-0.4516	-0.6966	-0.3455	-1.4782	0.4493	-2.0095	0.4113	-0.4513	-2.3320	-0.8148	-0.4492	-0.7933	0.5230	0.2222	-1.1707	0.2467	0.3863	-0.5201	-0.0678	-0.1941	0.2232	0.1023	-0.6931	-0.4866	-0.3941	-0.4395	-0.6801	-0.3513	
-0.0667	 3.86026562087239E-0004	-0.3315	-1.3691	0.5328	-2.0195	0.1432	-0.6468	-2.3662	-0.6501	-0.3315	-1.1457	0.1753	0.3560	-1.0104	0.0079	0.0827	-0.4930	0.0402	-0.1654	0.1543	0.0021	-0.7085	-0.2019	-0.0545	-0.4943	-0.8129	-0.3411	-1.3834	0.5347	-2.0089	0.1642	-0.6325	-2.3642	-0.6566	-0.3343	-1.1440	0.1852	0.3708	-1.0025	-0.0156	0.0658	-0.4692	0.0588	-0.2018	0.1192	0.0246	-0.6838	-0.2320	-0.0891	-0.4795	-0.7914	-0.3471	
-0.0333	 6.01050641766267E-0004	-0.2139	-1.2721	0.6204	-2.0192	-0.1143	-0.8359	-2.4001	-0.4879	-0.2139	-1.5009	-0.1706	0.5030	-0.8411	-0.2521	-0.2384	-0.4471	0.1640	-0.1651	0.0567	-0.0815	-0.7043	0.0618	0.2613	-0.5370	-0.9301	-0.3380	-1.2889	0.6215	-2.0072	-0.0862	-0.8166	-2.3975	-0.4964	-0.2179	-1.4981	-0.1573	0.5207	-0.8324	-0.2821	-0.2588	-0.4174	0.1872	-0.2108	0.0126	-0.0540	-0.6736	0.0245	0.2182	-0.5192	-0.9039	-0.3440	
0.0000	 8.76192130498216E-0004	-0.0951	-1.1762	0.7077	-2.0192	-0.3718	-1.0254	-2.4344	-0.3247	-0.0951	-1.8561	-0.5173	0.6496	-0.6719	-0.5130	-0.5600	-0.4007	0.2881	-0.1661	-0.0415	-0.1650	-0.6997	0.3245	0.5769	-0.5790	-1.0469	-0.3362	-1.1968	0.7093	-2.0046	-0.3387	-1.0028	-2.4310	-0.3354	-0.1003	-1.8526	-0.5008	0.6714	-0.6614	-0.5492	-0.5852	-0.3648	0.3159	-0.2212	-0.0946	-0.1314	-0.6628	0.2795	0.5247	-0.5577	-1.0149	-0.3434	
0.0333	 1.15778487097896E-0003	0.0251	-1.0824	0.7972	-2.0174	-0.6325	-1.2182	-2.4698	-0.1601	0.0251	-2.2116	-0.8655	0.7973	-0.5010	-0.7764	-0.8840	-0.3520	0.4140	-0.1685	-0.1417	-0.2474	-0.6934	0.5861	0.8909	-0.6197	-1.1623	-0.3367	-1.1052	0.7975	-2.0012	-0.5917	-1.1898	-2.4657	-0.1738	0.0174	-2.2069	-0.8456	0.8219	-0.4899	-0.8176	-0.9122	-0.3115	0.4453	-0.2322	-0.2026	-0.2087	-0.6516	0.5347	0.8310	-0.5959	-1.1262	-0.3437	
0.0667	 1.50160030993167E-0003	0.1455	-0.9888	0.8866	-2.0149	-0.8932	-1.4112	-2.5057	0.0042	0.1455	-2.5657	-1.2135	0.9449	-0.3304	-1.0396	-1.2073	-0.3039	0.5393	-0.1717	-0.2424	-0.3300	-0.6876	0.8477	1.2043	-0.6604	-1.2780	-0.3379	-1.0139	0.8859	-1.9977	-0.8453	-1.3774	-2.5004	-0.0127	0.1357	-2.5597	-1.1897	0.9724	-0.3186	-1.0869	-1.2392	-0.2580	0.5745	-0.2443	-0.3116	-0.2860	-0.6395	0.7896	1.1366	-0.6340	-1.2371	-0.3448	
0.1000	 1.86090393476495E-0003	0.2652	-0.8960	0.9757	-2.0127	-1.1530	-1.6039	-2.5420	0.1675	0.2652	-2.9174	-1.5599	1.0918	-0.1605	-1.3016	-1.5298	-0.2559	0.6642	-0.1754	-0.3430	-0.4125	-0.6815	1.1073	1.5153	-0.7008	-1.3939	-0.3399	-0.9238	0.9745	-1.9942	-1.0988	-1.5656	-2.5358	0.1480	0.2535	-2.9100	-1.5327	1.1222	-0.1479	-1.3537	-1.5640	-0.2049	0.7029	-0.2562	-0.4201	-0.3628	-0.6284	1.0429	1.4399	-0.6717	-1.3483	-0.3470	
