Arquivo: c:\arq\medidas\BBA_1906_071854\BBA_AMU11B_V.dat
Data: 1906	 Hora:  0825
Comentário: 
NomeParametro	 ValorParametro
Nmedias	5
PausaCorretora	3000
PausaShunt	2000
PausaLeitura	500
NumCiclos	3
 NPassosCor	7
DeltaShunt	3.00
TetaIni	-0.10
TetaFim	0.10
I[mA]	  32.0
ACV11B	DeltaPos^2	AMU11B	AMP01B_0	AMP02A_0	AMP02B_0	AMP03A_0	AMP03B_0	AMP03C_0	AMP04A_0	AMP04B_0	AMP05A_0	AMP05B_0	AMP06A_0	AMP06B_0	AMP07A_0	AMP07B_0	AMP08A_0	AMP08B_0	AMP09A_0	AMP09B_0	AMP10A_0	AMP10B_0	AMU11A_0	AMU11B_0	AMP12A_0	AMP12B_0	AMP01A_0	AMP01B_1	AMP02A_1	AMP02B_1	AMP03A_1	AMP03B_1	AMP03C_1	AMP04A_1	AMP04B_1	AMP05A_1	AMP05B_1	AMP06A_1	AMP06B_1	AMP07A_1	AMP07B_1	AMP08A_1	AMP08B_1	AMP09A_1	AMP09B_1	AMP10A_1	AMP10B_1	AMU11A_1	AMU11B_1	AMP12A_1	AMP12B_1	AMP01A_1	
-0.1000	 6.98682084138574E-0003	0.6762	0.5670	0.3398	0.0073	-0.4192	2.3851	1.3069	0.9818	0.4803	1.8015	-0.1797	0.3318	-0.9967	0.1952	0.8937	1.1154	-0.6507	-1.0456	0.7201	1.2269	1.2723	1.4106	0.6762	0.1797	0.1001	-0.2076	0.6716	0.3833	-0.0494	-0.5393	2.4096	1.4151	1.0489	0.5760	1.9077	-0.3194	0.2368	-1.0154	0.2200	0.9544	1.1236	-0.7300	-1.1744	0.8079	1.3105	1.3511	1.4556	0.5684	0.0768	0.0351	-0.2455	
-0.0667	 3.55160297334417E-0003	0.9457	0.2856	0.2216	0.1455	-0.1148	2.3175	1.0379	0.8164	0.2336	1.5136	0.1803	0.5750	-0.9416	0.1370	0.7207	1.0867	-0.4555	-0.7113	0.5027	1.0178	1.0644	1.2744	0.9457	0.4381	0.2698	-0.0977	0.3590	0.2528	0.1050	-0.2010	2.3308	1.1130	0.8642	0.3026	1.5883	0.0795	0.5061	-0.9558	0.1521	0.7627	1.0923	-0.5122	-0.8033	0.5650	1.0776	1.1210	1.3028	0.8654	0.3645	0.2234	-0.1237	
-0.0333	 1.33169458583907E-0003	1.2206	-0.0024	0.1009	0.2861	0.1964	2.2477	0.7627	0.6477	-0.0184	1.2182	0.5483	0.8237	-0.8850	0.0776	0.5428	1.0564	-0.2561	-0.3692	0.2804	0.8043	0.8515	1.1336	1.2206	0.7025	0.4438	0.0145	0.0421	0.1196	0.2616	0.1432	2.2505	0.8056	0.6760	0.0235	1.2632	0.4848	0.7806	-0.8949	0.0840	0.5679	1.0605	-0.2907	-0.4256	0.3180	0.8399	0.8863	1.1477	1.1670	0.6573	0.4155	-0.0008	
0.0000	 1.86830522230908E-0004	1.4964	-0.2932	-0.0215	0.4271	0.5091	2.1775	0.4865	0.4779	-0.2716	0.9193	0.9172	1.0739	-0.8280	0.0183	0.3628	1.0256	-0.0558	-0.0252	0.0567	0.5900	0.6375	0.9923	1.4964	0.9681	0.6192	0.1277	-0.2770	-0.0144	0.4189	0.4887	2.1711	0.4973	0.4869	-0.2566	0.9351	0.8916	1.0568	-0.8333	0.0159	0.3723	1.0282	-0.0677	-0.0454	0.0698	0.6018	0.6502	0.9931	1.4710	0.9514	0.6086	0.1227	
0.0333	 1.65951459793494E-0004	1.7703	-0.5846	-0.1430	0.5678	0.8212	2.1046	0.2098	0.3078	-0.5246	0.6207	1.2861	1.3227	-0.7712	-0.0416	0.1831	0.9953	0.1448	0.3196	-0.1672	0.3747	0.4239	0.8491	1.7703	1.2330	0.7940	0.2412	-0.6000	-0.1493	0.5772	0.8373	2.0914	0.1874	0.2961	-0.5391	0.6046	1.3030	1.3352	-0.7706	-0.0515	0.1742	0.9952	0.1572	0.3385	-0.1804	0.3602	0.4116	0.8363	1.7779	1.2482	0.8034	0.2473	
0.0667	 1.59602033348020E-0003	2.0418	-0.8756	-0.2651	0.7084	1.1317	2.0317	-0.0673	0.1380	-0.7771	0.3216	1.6524	1.5709	-0.7146	-0.1029	0.0036	0.9650	0.3447	0.6628	-0.3908	0.1595	0.2101	0.7057	2.0418	1.4966	0.9691	0.3556	-0.9255	-0.2855	0.7361	1.1872	2.0115	-0.1243	0.1050	-0.8227	0.2697	1.7159	1.6149	-0.7069	-0.1185	-0.0259	0.9618	0.3825	0.7245	-0.4328	0.1185	0.1718	0.6782	2.0858	1.5453	0.9999	0.3737	
0.1000	 4.32235914087410E-0003	2.3111	-1.1661	-0.3876	0.8486	1.4396	1.9595	-0.3426	-0.0309	-1.0294	0.0229	2.0166	1.8184	-0.6577	-0.1620	-0.1753	0.9346	0.5441	1.0052	-0.6133	-0.0551	-0.0030	0.5627	2.3111	1.7601	1.1443	0.4703	-1.2496	-0.4221	0.8930	1.5315	1.9319	-0.4330	-0.0842	-1.1044	-0.0633	2.1225	1.8915	-0.6439	-0.1859	-0.2246	0.9285	0.6060	1.1071	-0.6823	-0.1215	-0.0660	0.5206	2.3879	1.8393	1.1954	0.5013	
