Arquivo: c:\arq\medidas\BBA_1906_071854\BBA_AMP12A_H.dat
Data: 1906	 Hora:  0827
Comentário: 
NomeParametro	 ValorParametro
Nmedias	5
PausaCorretora	3000
PausaShunt	2000
PausaLeitura	500
NumCiclos	3
 NPassosCor	7
DeltaShunt	3.00
TetaIni	-0.10
TetaFim	0.10
I[mA]	  31.9
ACH05B	DeltaPos^2	AMP12A	AMP01B_0	AMP02A_0	AMP02B_0	AMP03A_0	AMP03B_0	AMP03C_0	AMP04A_0	AMP04B_0	AMP05A_0	AMP05B_0	AMP06A_0	AMP06B_0	AMP07A_0	AMP07B_0	AMP08A_0	AMP08B_0	AMP09A_0	AMP09B_0	AMP10A_0	AMP10B_0	AMU11A_0	AMU11B_0	AMP12A_0	AMP12B_0	AMP01A_0	AMP01B_1	AMP02A_1	AMP02B_1	AMP03A_1	AMP03B_1	AMP03C_1	AMP04A_1	AMP04B_1	AMP05A_1	AMP05B_1	AMP06A_1	AMP06B_1	AMP07A_1	AMP07B_1	AMP08A_1	AMP08B_1	AMP09A_1	AMP09B_1	AMP10A_1	AMP10B_1	AMU11A_1	AMU11B_1	AMP12A_1	AMP12B_1	AMP01A_1	
-0.1000	 3.07554262207481E-0004	-1.0203	-0.2642	0.6378	-2.3572	-0.5648	-0.9477	-2.2818	-0.0110	-0.0333	-2.7463	-1.2493	0.6577	-0.4316	-0.3033	-0.6290	-0.7206	0.1830	0.6217	0.5829	-0.6515	-1.0991	1.3415	1.6232	-1.0203	-1.5671	0.3404	-0.2604	0.6234	-2.3690	-0.5460	-0.9289	-2.2781	-0.0294	-0.0490	-2.7307	-1.2311	0.6404	-0.4512	-0.2804	-0.6035	-0.7376	0.1647	0.6478	0.6112	-0.6639	-1.1157	1.3589	1.6452	-1.0278	-1.5700	0.3545	
-0.0667	 1.85325469641093E-0004	-0.9007	-0.5267	0.6472	-2.2687	-0.4971	-0.9658	-2.3289	-0.1219	-0.0625	-2.4563	-1.0169	0.6413	-0.5168	-0.3415	-0.5877	-0.6378	0.1977	0.3934	0.4101	-0.5131	-0.9934	1.0432	1.3195	-0.9007	-1.4267	0.1427	-0.5198	0.6354	-2.2797	-0.4813	-0.9483	-2.3246	-0.1356	-0.0753	-2.4463	-1.0039	0.6299	-0.5306	-0.3277	-0.5711	-0.6496	0.1854	0.4128	0.4303	-0.5236	-1.0056	1.0602	1.3388	-0.9091	-1.4309	0.1585	
-0.0333	 9.32226065438244E-0005	-0.7809	-0.7904	0.6564	-2.1802	-0.4287	-0.9831	-2.3760	-0.2338	-0.0926	-2.1640	-0.7825	0.6250	-0.6024	-0.3801	-0.5468	-0.5546	0.2126	0.1640	0.2363	-0.3746	-0.8872	0.7428	1.0135	-0.7809	-1.2855	-0.0552	-0.7822	0.6477	-2.1896	-0.4169	-0.9689	-2.3720	-0.2420	-0.1011	-2.1590	-0.7746	0.6194	-0.6107	-0.3753	-0.5380	-0.5614	0.2062	0.1768	0.2485	-0.3820	-0.8947	0.7577	1.0295	-0.7887	-1.2906	-0.0397	
0.0000	 4.50851913454290E-0005	-0.6606	-1.0557	0.6659	-2.0911	-0.3606	-1.0009	-2.4233	-0.3454	-0.1219	-1.8697	-0.5476	0.6088	-0.6880	-0.4198	-0.5056	-0.4714	0.2279	-0.0656	0.0620	-0.2362	-0.7808	0.4411	0.7060	-0.6606	-1.1446	-0.2549	-1.0455	0.6607	-2.0989	-0.3528	-0.9899	-2.4197	-0.3487	-0.1268	-1.8703	-0.5451	0.6089	-0.6906	-0.4226	-0.5058	-0.4727	0.2273	-0.0602	0.0655	-0.2407	-0.7837	0.4538	0.7180	-0.6680	-1.1502	-0.2400	
0.0333	 4.41831733017570E-0005	-0.5395	-1.3231	0.6756	-2.0011	-0.2921	-1.0191	-2.4710	-0.4580	-0.1516	-1.5720	-0.3104	0.5925	-0.7744	-0.4599	-0.4650	-0.3876	0.2432	-0.2971	-0.1139	-0.0969	-0.6736	0.1366	0.3951	-0.5395	-1.0024	-0.4573	-1.3106	0.6736	-2.0070	-0.2887	-1.0118	-2.4680	-0.4558	-0.1522	-1.5788	-0.3140	0.5985	-0.7712	-0.4710	-0.4735	-0.3840	0.2485	-0.2984	-0.1185	-0.0984	-0.6718	0.1471	0.4034	-0.5458	-1.0083	-0.4430	
0.0667	 9.40162740923484E-0005	-0.4189	-1.5899	0.6850	-1.9118	-0.2229	-1.0369	-2.5186	-0.5711	-0.1818	-1.2729	-0.0729	0.5763	-0.8610	-0.5002	-0.4236	-0.3040	0.2582	-0.5283	-0.2900	0.0417	-0.5670	-0.1673	0.0843	-0.4189	-0.8607	-0.6600	-1.5765	0.6871	-1.9149	-0.2255	-1.0347	-2.5163	-0.5627	-0.1774	-1.2872	-0.0840	0.5880	-0.8512	-0.5195	-0.4416	-0.2948	0.2700	-0.5363	-0.3021	0.0437	-0.5602	-0.1595	0.0884	-0.4238	-0.8664	-0.6469	
0.1000	 2.18173278028474E-0004	-0.2963	-1.8607	0.6947	-1.8208	-0.1532	-1.0556	-2.5673	-0.6858	-0.2115	-0.9687	0.1680	0.5597	-0.9485	-0.5402	-0.3812	-0.2197	0.2735	-0.7628	-0.4681	0.1818	-0.4596	-0.4758	-0.2307	-0.2963	-0.7172	-0.8660	-1.8452	0.7014	-1.8209	-0.1621	-1.0583	-2.5658	-0.6711	-0.2022	-0.9922	0.1484	0.5780	-0.9317	-0.5686	-0.4092	-0.2044	0.2917	-0.7781	-0.4888	0.1875	-0.4473	-0.4700	-0.2303	-0.2999	-0.7227	-0.8539	
