Arquivo: c:\arq\medidas\BBA_1906_071854\BBA_AMP05A_H.dat
Data: 1906	 Hora:  0743
Comentário: 
NomeParametro	 ValorParametro
Nmedias	5
PausaCorretora	3000
PausaShunt	2000
PausaLeitura	500
NumCiclos	3
 NPassosCor	7
DeltaShunt	3.00
TetaIni	-0.10
TetaFim	0.10
I[mA]	 133.3
ACH11B	DeltaPos^2	AMP05A	AMP01B_0	AMP02A_0	AMP02B_0	AMP03A_0	AMP03B_0	AMP03C_0	AMP04A_0	AMP04B_0	AMP05A_0	AMP05B_0	AMP06A_0	AMP06B_0	AMP07A_0	AMP07B_0	AMP08A_0	AMP08B_0	AMP09A_0	AMP09B_0	AMP10A_0	AMP10B_0	AMU11A_0	AMU11B_0	AMP12A_0	AMP12B_0	AMP01A_0	AMP01B_1	AMP02A_1	AMP02B_1	AMP03A_1	AMP03B_1	AMP03C_1	AMP04A_1	AMP04B_1	AMP05A_1	AMP05B_1	AMP06A_1	AMP06B_1	AMP07A_1	AMP07B_1	AMP08A_1	AMP08B_1	AMP09A_1	AMP09B_1	AMP10A_1	AMP10B_1	AMU11A_1	AMU11B_1	AMP12A_1	AMP12B_1	AMP01A_1	
-0.1000	 1.50245244851257E-0003	-0.8773	-1.1019	0.3150	-2.1819	0.6115	-0.1744	-2.1992	-0.8188	-0.5483	-0.8773	0.5253	0.3243	-1.1387	-0.0323	0.1576	-0.3790	0.0549	-0.4903	-0.0923	0.1914	-0.5600	-0.5952	-0.2529	-0.6144	-0.7990	0.0264	-1.0300	0.3053	-2.2084	0.6110	-0.1544	-2.1822	-0.7976	-0.5487	-0.9406	0.4539	0.3412	-1.1084	-0.0513	0.1196	-0.3879	0.0644	-0.4533	-0.0731	0.1624	-0.5765	-0.5245	-0.1851	-0.6468	-0.8316	0.0865	
-0.0667	 4.48714048097789E-0004	-1.1939	-1.1225	0.4402	-2.1311	0.2961	-0.4466	-2.2741	-0.6592	-0.4022	-1.1939	0.1896	0.4299	-0.9877	-0.1884	-0.0749	-0.3851	0.1310	-0.3866	-0.0770	0.0765	-0.6045	-0.2985	0.0164	-0.6042	-0.8797	-0.0872	-1.0833	0.4356	-2.1451	0.2957	-0.4359	-2.2649	-0.6475	-0.4024	-1.2286	0.1504	0.4393	-0.9711	-0.1988	-0.0959	-0.3899	0.1362	-0.3661	-0.0663	0.0610	-0.6135	-0.2600	0.0534	-0.6219	-0.8977	-0.0542	
-0.0333	 1.19587919729341E-0005	-1.5125	-1.1441	0.5673	-2.0790	-0.0218	-0.7211	-2.3501	-0.4988	-0.2553	-1.5125	-0.1488	0.5364	-0.8356	-0.3465	-0.3098	-0.3911	0.2074	-0.2829	-0.0621	-0.0382	-0.6488	-0.0008	0.2863	-0.5933	-0.9605	-0.2025	-1.1380	0.5662	-2.0817	-0.0215	-0.7191	-2.3483	-0.4969	-0.2555	-1.5181	-0.1553	0.5377	-0.8331	-0.3474	-0.3131	-0.3921	0.2082	-0.2798	-0.0605	-0.0406	-0.6503	0.0056	0.2923	-0.5961	-0.9635	-0.1967	
0.0000	 2.07786409638687E-0004	-1.8317	-1.1673	0.6950	-2.0264	-0.3416	-0.9971	-2.4259	-0.3378	-0.1077	-1.8317	-0.4886	0.6432	-0.6830	-0.5056	-0.5459	-0.3968	0.2848	-0.1797	-0.0483	-0.1533	-0.6930	0.2972	0.5564	-0.5820	-1.0411	-0.3197	-1.1942	0.6984	-2.0167	-0.3410	-1.0042	-2.4322	-0.3455	-0.1078	-1.8087	-0.4628	0.6368	-0.6938	-0.4982	-0.5318	-0.3935	0.2811	-0.1940	-0.0558	-0.1418	-0.6867	0.2707	0.5307	-0.5695	-1.0288	-0.3417	
0.0333	 1.03127456424448E-0003	-2.1515	-1.1920	0.8236	-1.9724	-0.6630	-1.2745	-2.5030	-0.1756	0.0411	-2.1515	-0.8296	0.7510	-0.5291	-0.6667	-0.7836	-0.4010	0.3631	-0.0780	-0.0360	-0.2682	-0.7362	0.5945	0.8248	-0.5689	-1.1206	-0.4386	-1.2518	0.8311	-1.9505	-0.6617	-1.2906	-2.5168	-0.1929	0.0408	-2.1000	-0.7709	0.7369	-0.5537	-0.6510	-0.7526	-0.3936	0.3553	-0.1099	-0.0526	-0.2433	-0.7221	0.5355	0.7681	-0.5422	-1.0932	-0.4879	
0.0667	 2.46001012437854E-0003	-2.4716	-1.2195	0.9533	-1.9168	-0.9862	-1.5545	-2.5811	-0.0130	0.1909	-2.4716	-1.1718	0.8593	-0.3743	-0.8289	-1.0230	-0.4045	0.4424	0.0224	-0.0252	-0.3825	-0.7784	0.8906	1.0919	-0.5548	-1.1986	-0.5602	-1.3113	0.9646	-1.8836	-0.9839	-1.5790	-2.6021	-0.0400	0.1906	-2.3917	-1.0803	0.8375	-0.4131	-0.8045	-0.9745	-0.3932	0.4300	-0.0260	-0.0502	-0.3441	-0.7569	0.7994	1.0046	-0.5135	-1.1569	-0.6364	
0.1000	 4.50878758824905E-0003	-2.7901	-1.2462	1.0821	-1.8623	-1.3077	-1.8331	-2.6587	0.1491	0.3395	-2.7901	-1.5126	0.9673	-0.2203	-0.9917	-1.2615	-0.4084	0.5210	0.1241	-0.0141	-0.4975	-0.8214	1.1865	1.3583	-0.5413	-1.2781	-0.6814	-1.3707	1.0975	-1.8171	-1.3050	-1.8662	-2.6873	0.1125	0.3390	-2.6819	-1.3886	0.9381	-0.2728	-0.9585	-1.1963	-0.3928	0.5044	0.0572	-0.0487	-0.4454	-0.7920	1.0637	1.2405	-0.4855	-1.2209	-0.7841	
