Arquivo: c:\arq\medidas\BBA_1906_071854\BBA_AMP09B_H.dat
Data: 1906	 Hora:  0811
Comentário: 
NomeParametro	 ValorParametro
Nmedias	5
PausaCorretora	3000
PausaShunt	2000
PausaLeitura	500
NumCiclos	3
 NPassosCor	7
DeltaShunt	3.00
TetaIni	-0.10
TetaFim	0.10
I[mA]	  35.4
ACH05B	DeltaPos^2	AMP09B	AMP01B_0	AMP02A_0	AMP02B_0	AMP03A_0	AMP03B_0	AMP03C_0	AMP04A_0	AMP04B_0	AMP05A_0	AMP05B_0	AMP06A_0	AMP06B_0	AMP07A_0	AMP07B_0	AMP08A_0	AMP08B_0	AMP09A_0	AMP09B_0	AMP10A_0	AMP10B_0	AMU11A_0	AMU11B_0	AMP12A_0	AMP12B_0	AMP01A_0	AMP01B_1	AMP02A_1	AMP02B_1	AMP03A_1	AMP03B_1	AMP03C_1	AMP04A_1	AMP04B_1	AMP05A_1	AMP05B_1	AMP06A_1	AMP06B_1	AMP07A_1	AMP07B_1	AMP08A_1	AMP08B_1	AMP09A_1	AMP09B_1	AMP10A_1	AMP10B_1	AMU11A_1	AMU11B_1	AMP12A_1	AMP12B_1	AMP01A_1	
-0.1000	 1.30808715339717E-0003	0.5898	-0.3139	0.6690	-2.3303	-0.6273	-1.0097	-2.3110	0.0036	-0.0060	-2.7689	-1.2689	0.6667	-0.4247	-0.3171	-0.6423	-0.7201	0.1891	0.6366	0.5898	-0.6583	-1.1016	1.3573	1.6500	-0.9958	-1.5590	0.2873	-0.2554	0.6386	-2.3595	-0.5681	-0.9436	-2.2822	-0.0098	-0.0330	-2.7555	-1.2385	0.6766	-0.4315	-0.3540	-0.6625	-0.6914	0.2053	0.5697	0.5301	-0.6588	-1.0827	1.3734	1.6512	-1.0219	-1.5669	0.3536	
-0.0667	 7.13307512980619E-0004	0.4181	-0.5774	0.6694	-2.2455	-0.5383	-1.0097	-2.3534	-0.1191	-0.0460	-2.4561	-1.0129	0.6415	-0.5213	-0.3426	-0.5842	-0.6398	0.1968	0.4038	0.4181	-0.5156	-0.9950	1.0425	1.3282	-0.8775	-1.4142	0.0948	-0.5342	0.6470	-2.2673	-0.4950	-0.9617	-2.3316	-0.1288	-0.0655	-2.4467	-0.9911	0.6490	-0.5260	-0.3709	-0.5995	-0.6183	0.2087	0.3539	0.3740	-0.5157	-0.9808	1.0545	1.3294	-0.8967	-1.4200	0.1440	
-0.0333	 3.00864222385382E-0004	0.2456	-0.8440	0.6698	-2.1601	-0.4499	-1.0110	-2.3966	-0.2420	-0.0859	-2.1403	-0.7547	0.6161	-0.6182	-0.3687	-0.5250	-0.5584	0.2045	0.1691	0.2456	-0.3721	-0.8878	0.7244	1.0036	-0.7579	-1.2680	-0.0996	-0.8155	0.6554	-2.1742	-0.4218	-0.9800	-2.3815	-0.2477	-0.0981	-2.1348	-0.7411	0.6211	-0.6209	-0.3875	-0.5358	-0.5446	0.2122	0.1371	0.2170	-0.3723	-0.8789	0.7323	1.0045	-0.7709	-1.2718	-0.0677	
0.0000	 6.34473128592706E-0005	0.0722	-1.1117	0.6709	-2.0739	-0.3613	-1.0129	-2.4394	-0.3658	-0.1257	-1.8220	-0.4960	0.5905	-0.7151	-0.3948	-0.4664	-0.4775	0.2121	-0.0656	0.0722	-0.2278	-0.7805	0.4045	0.6765	-0.6377	-1.1219	-0.2965	-1.0985	0.6644	-2.0806	-0.3489	-0.9992	-2.4315	-0.3678	-0.1306	-1.8205	-0.4908	0.5929	-0.7158	-0.4043	-0.4723	-0.4711	0.2156	-0.0808	0.0589	-0.2284	-0.7764	0.4078	0.6769	-0.6436	-1.1232	-0.2819	
0.0333	 4.24978871949093E-0006	-0.1018	-1.3811	0.6721	-1.9868	-0.2731	-1.0156	-2.4835	-0.4896	-0.1649	-1.5013	-0.2360	0.5648	-0.8122	-0.4215	-0.4072	-0.3964	0.2197	-0.3016	-0.1018	-0.0832	-0.6723	0.0824	0.3467	-0.5168	-0.9743	-0.4956	-1.3828	0.6739	-1.9857	-0.2769	-1.0202	-2.4828	-0.4875	-0.1625	-1.5040	-0.2398	0.5651	-0.8111	-0.4211	-0.4084	-0.3972	0.2191	-0.2991	-0.0992	-0.0839	-0.6738	0.0816	0.3470	-0.5162	-0.9736	-0.4984	
0.0667	 1.21588536092977E-0004	-0.2772	-1.6540	0.6737	-1.8984	-0.1847	-1.0193	-2.5280	-0.6153	-0.2045	-1.1766	0.0263	0.5387	-0.9107	-0.4472	-0.3473	-0.3142	0.2273	-0.5397	-0.2772	0.0628	-0.5637	-0.2434	0.0130	-0.3944	-0.8254	-0.6982	-1.6702	0.6835	-1.8901	-0.2033	-1.0406	-2.5342	-0.6094	-0.1951	-1.1831	0.0144	0.5362	-0.9076	-0.4381	-0.3437	-0.3225	0.2224	-0.5197	-0.2593	0.0621	-0.5702	-0.2487	0.0131	-0.3869	-0.8224	-0.7181	
0.1000	 4.15228846491838E-0004	-0.4524	-1.9251	0.6753	-1.8103	-0.0966	-1.0230	-2.5726	-0.7397	-0.2441	-0.8530	0.2875	0.5127	-1.0085	-0.4735	-0.2883	-0.2326	0.2346	-0.7770	-0.4524	0.2080	-0.4554	-0.5685	-0.3199	-0.2723	-0.6769	-0.9006	-1.9560	0.6932	-1.7941	-0.1309	-1.0615	-2.5857	-0.7306	-0.2277	-0.8639	0.2666	0.5082	-1.0035	-0.4553	-0.2800	-0.2486	0.2255	-0.7402	-0.4189	0.2072	-0.4672	-0.5778	-0.3200	-0.2583	-0.6717	-0.9377	
