Arquivo: c:\arq\medidas\BBA_1906_071854\BBA_AMU11B_H.dat
Data: 1906	 Hora:  0824
Comentário: 
NomeParametro	 ValorParametro
Nmedias	5
PausaCorretora	3000
PausaShunt	2000
PausaLeitura	500
NumCiclos	3
 NPassosCor	7
DeltaShunt	3.00
TetaIni	-0.10
TetaFim	0.10
I[mA]	  32.0
ACH05B	DeltaPos^2	AMU11B	AMP01B_0	AMP02A_0	AMP02B_0	AMP03A_0	AMP03B_0	AMP03C_0	AMP04A_0	AMP04B_0	AMP05A_0	AMP05B_0	AMP06A_0	AMP06B_0	AMP07A_0	AMP07B_0	AMP08A_0	AMP08B_0	AMP09A_0	AMP09B_0	AMP10A_0	AMP10B_0	AMU11A_0	AMU11B_0	AMP12A_0	AMP12B_0	AMP01A_0	AMP01B_1	AMP02A_1	AMP02B_1	AMP03A_1	AMP03B_1	AMP03C_1	AMP04A_1	AMP04B_1	AMP05A_1	AMP05B_1	AMP06A_1	AMP06B_1	AMP07A_1	AMP07B_1	AMP08A_1	AMP08B_1	AMP09A_1	AMP09B_1	AMP10A_1	AMP10B_1	AMU11A_1	AMU11B_1	AMP12A_1	AMP12B_1	AMP01A_1	
-0.1000	 1.60631686757160E-0003	1.6339	-0.2629	0.6311	-2.3624	-0.5571	-0.9399	-2.2809	-0.0197	-0.0405	-2.7391	-1.2405	0.6498	-0.4412	-0.2927	-0.6175	-0.7290	0.1742	0.6350	0.5966	-0.6585	-1.1069	1.3497	1.6339	-1.0235	-1.5686	0.3460	-0.2364	0.5956	-2.3850	-0.4775	-0.8634	-2.2576	-0.0570	-0.0784	-2.6780	-1.1682	0.6295	-0.4751	-0.2656	-0.5725	-0.7272	0.1597	0.6163	0.5945	-0.6356	-1.0984	1.2973	1.5865	-1.0365	-1.5585	0.3950	
-0.0667	 6.79115345265374E-0004	1.3256	-0.5300	0.6409	-2.2722	-0.4892	-0.9591	-2.3290	-0.1315	-0.0697	-2.4453	-1.0056	0.6318	-0.5270	-0.3278	-0.5733	-0.6467	0.1875	0.4056	0.4237	-0.5190	-1.0015	1.0468	1.3256	-0.9021	-1.4262	0.1435	-0.5073	0.6164	-2.2903	-0.4361	-0.9057	-2.3123	-0.1557	-0.0953	-2.4086	-0.9594	0.6196	-0.5494	-0.3128	-0.5459	-0.6462	0.1784	0.3972	0.4242	-0.5069	-0.9971	1.0200	1.3019	-0.9140	-1.4229	0.1822	
-0.0333	 8.96766118252536E-0005	1.0144	-0.8003	0.6515	-2.1809	-0.4222	-0.9800	-2.3776	-0.2435	-0.0984	-2.1491	-0.7689	0.6136	-0.6134	-0.3639	-0.5292	-0.5643	0.2007	0.1747	0.2498	-0.3791	-0.8950	0.7400	1.0144	-0.7790	-1.2824	-0.0613	-0.7921	0.6403	-2.1940	-0.4049	-0.9578	-2.3793	-0.2531	-0.1092	-2.1484	-0.7608	0.6133	-0.6221	-0.3719	-0.5289	-0.5621	0.2003	0.1685	0.2450	-0.3750	-0.8936	0.7333	1.0076	-0.7881	-1.2850	-0.0413	
0.0000	 8.92393864671739E-0005	0.7038	-1.0695	0.6618	-2.0897	-0.3552	-1.0004	-2.4261	-0.3558	-0.1274	-1.8522	-0.5330	0.5955	-0.6997	-0.3998	-0.4858	-0.4818	0.2145	-0.0555	0.0759	-0.2396	-0.7892	0.4344	0.7038	-0.6563	-1.1393	-0.2658	-1.0654	0.6608	-2.0977	-0.3620	-1.0003	-2.4325	-0.3535	-0.1266	-1.8715	-0.5477	0.6023	-0.6972	-0.4172	-0.5004	-0.4815	0.2189	-0.0522	0.0736	-0.2460	-0.7921	0.4529	0.7196	-0.6641	-1.1484	-0.2572	
0.0333	 3.93569013360384E-0004	0.3925	-1.3381	0.6717	-1.9989	-0.2871	-1.0200	-2.4743	-0.4689	-0.1566	-1.5539	-0.2959	0.5779	-0.7863	-0.4377	-0.4429	-0.3990	0.2286	-0.2858	-0.0982	-0.1003	-0.6827	0.1291	0.3925	-0.5344	-0.9963	-0.4701	-1.3350	0.6811	-2.0010	-0.3158	-1.0405	-2.4818	-0.4550	-0.1447	-1.5879	-0.3297	0.5900	-0.7733	-0.4586	-0.4680	-0.4011	0.2366	-0.2705	-0.0947	-0.1173	-0.6904	0.1730	0.4321	-0.5398	-1.0110	-0.4716	
0.0667	 1.10169165736916E-0003	0.0810	-1.6065	0.6814	-1.9087	-0.2181	-1.0384	-2.5227	-0.5828	-0.1870	-1.2535	-0.0576	0.5606	-0.8734	-0.4756	-0.4001	-0.3160	0.2428	-0.5163	-0.2729	0.0387	-0.5765	-0.1761	0.0810	-0.4130	-0.8536	-0.6745	-1.6093	0.7024	-1.9037	-0.2740	-1.0841	-2.5357	-0.5555	-0.1615	-1.3091	-0.1165	0.5794	-0.8483	-0.5043	-0.4401	-0.3197	0.2554	-0.4916	-0.2666	0.0125	-0.5883	-0.1096	0.1411	-0.4147	-0.8729	-0.6903	
0.1000	 2.27722211114846E-0003	-0.2339	-1.8787	0.6914	-1.8174	-0.1488	-1.0576	-2.5715	-0.6972	-0.2169	-0.9494	0.1834	0.5432	-0.9615	-0.5145	-0.3572	-0.2322	0.2574	-0.7499	-0.4502	0.1789	-0.4693	-0.4848	-0.2339	-0.2895	-0.7093	-0.8817	-1.8894	0.7253	-1.8042	-0.2342	-1.1312	-2.5928	-0.6568	-0.1777	-1.0291	0.0969	0.5697	-0.9238	-0.5537	-0.4142	-0.2365	0.2756	-0.7177	-0.4424	0.1442	-0.4843	-0.3974	-0.1549	-0.2875	-0.7330	-0.9148	
