Arquivo: c:\arq\medidas\BBA_1906_071854\BBA_AMP12A_V.dat
Data: 1906	 Hora:  0828
Comentário: 
NomeParametro	 ValorParametro
Nmedias	5
PausaCorretora	3000
PausaShunt	2000
PausaLeitura	500
NumCiclos	3
 NPassosCor	7
DeltaShunt	3.00
TetaIni	-0.10
TetaFim	0.10
I[mA]	  31.9
ACV09A	DeltaPos^2	AMP12A	AMP01B_0	AMP02A_0	AMP02B_0	AMP03A_0	AMP03B_0	AMP03C_0	AMP04A_0	AMP04B_0	AMP05A_0	AMP05B_0	AMP06A_0	AMP06B_0	AMP07A_0	AMP07B_0	AMP08A_0	AMP08B_0	AMP09A_0	AMP09B_0	AMP10A_0	AMP10B_0	AMU11A_0	AMU11B_0	AMP12A_0	AMP12B_0	AMP01A_0	AMP01B_1	AMP02A_1	AMP02B_1	AMP03A_1	AMP03B_1	AMP03C_1	AMP04A_1	AMP04B_1	AMP05A_1	AMP05B_1	AMP06A_1	AMP06B_1	AMP07A_1	AMP07B_1	AMP08A_1	AMP08B_1	AMP09A_1	AMP09B_1	AMP10A_1	AMP10B_1	AMU11A_1	AMU11B_1	AMP12A_1	AMP12B_1	AMP01A_1	
-0.1000	 3.13625521555652E-0004	0.3478	-0.1557	-0.1954	-0.2408	-0.5006	2.8417	2.1560	1.1776	0.1049	1.0932	0.1699	0.7548	-0.4496	0.8450	0.0616	0.5894	-0.7411	-0.9263	0.5123	1.1123	1.3019	1.5148	0.7024	0.3478	0.6184	0.5057	-0.1272	-0.1795	-0.2447	-0.5159	2.8346	2.1567	1.1843	0.1259	1.1213	0.1433	0.7335	-0.4625	0.8348	0.0863	0.6002	-0.7509	-0.9474	0.5187	1.1245	1.3218	1.5303	0.6790	0.3277	0.5995	0.4869	
-0.0667	 1.51017022584831E-0004	0.5541	-0.2073	-0.1424	-0.0221	-0.1678	2.6264	1.6145	0.9482	-0.0227	1.0297	0.4202	0.8640	-0.5699	0.5779	0.1540	0.7290	-0.5156	-0.6276	0.3609	0.9387	1.0817	1.3419	0.9658	0.5541	0.6223	0.3870	-0.1878	-0.1315	-0.0248	-0.1785	2.6199	1.6144	0.9527	-0.0085	1.0485	0.4015	0.8488	-0.5792	0.5684	0.1707	0.7365	-0.5224	-0.6420	0.3652	0.9466	1.0965	1.3508	0.9484	0.5403	0.6097	0.3744	
-0.0333	 4.38383657939291E-0005	0.7635	-0.2603	-0.0894	0.1992	0.1692	2.4087	1.0644	0.7160	-0.1526	0.9647	0.6730	0.9746	-0.6912	0.3077	0.2466	0.8700	-0.2875	-0.3251	0.2077	0.7631	0.8591	1.1661	1.2313	0.7635	0.6279	0.2678	-0.2503	-0.0838	0.1979	0.1632	2.4027	1.0630	0.7177	-0.1450	0.9740	0.6625	0.9662	-0.6965	0.3007	0.2547	0.8739	-0.2909	-0.3323	0.2096	0.7667	0.8663	1.1685	1.2202	0.7560	0.6213	0.2612	
0.0000	 4.12103442107438E-0006	0.9749	-0.3150	-0.0369	0.4217	0.5095	2.1877	0.5069	0.4817	-0.2828	0.8985	0.9291	1.0861	-0.8133	0.0344	0.3398	1.0118	-0.0570	-0.0190	0.0523	0.5853	0.6341	0.9886	1.5002	0.9749	0.6342	0.1478	-0.3147	-0.0365	0.4218	0.5086	2.1823	0.5049	0.4813	-0.2828	0.8975	0.9264	1.0852	-0.8143	0.0308	0.3391	1.0122	-0.0568	-0.0191	0.0523	0.5844	0.6337	0.9843	1.4951	0.9745	0.6339	0.1481	
0.0333	 3.54217852638693E-0005	1.1877	-0.3706	0.0157	0.6445	0.8509	1.9645	-0.0526	0.2464	-0.4139	0.8327	1.1855	1.1982	-0.9357	-0.2402	0.4339	1.1540	0.1745	0.2890	-0.1025	0.4068	0.4068	0.8086	1.7692	1.1877	0.6410	0.0285	-0.3798	0.0107	0.6463	0.8543	1.9604	-0.0557	0.2438	-0.4207	0.8220	1.1913	1.2045	-0.9327	-0.2405	0.4233	1.1509	0.1779	0.2955	-0.1045	0.4020	0.3999	0.7982	1.7704	1.1935	0.6470	0.0356	
0.0667	 1.40522179135175E-0004	1.4003	-0.4274	0.0678	0.8676	1.1921	1.7403	-0.6137	0.0112	-0.5447	0.7662	1.4417	1.3100	-1.0580	-0.5156	0.5263	1.2957	0.4055	0.5971	-0.2577	0.2289	0.1796	0.6273	2.0382	1.4003	0.6482	-0.0905	-0.4469	0.0569	0.8704	1.1995	1.7380	-0.6169	0.0061	-0.5592	0.7454	1.4559	1.3243	-1.0502	-0.5108	0.5070	1.2889	0.4126	0.6094	-0.2605	0.2199	0.1652	0.6106	2.0453	1.4128	0.6610	-0.0760	
0.1000	 3.25382785786500E-0004	1.6128	-0.4857	0.1193	1.0905	1.5308	1.5154	-1.1732	-0.2240	-0.6760	0.6995	1.6977	1.4219	-1.1799	-0.7912	0.6198	1.4373	0.6364	0.9044	-0.4114	0.0513	-0.0482	0.4446	2.3058	1.6128	0.6562	-0.2083	-0.5151	0.1028	1.0944	1.5430	1.5155	-1.1770	-0.2312	-0.6983	0.6683	1.7200	1.4435	-1.1678	-0.7819	0.5907	1.4262	0.6470	0.9241	-0.4164	0.0376	-0.0697	0.4218	2.3200	1.6325	0.6758	-0.1867	
