Arquivo: c:\arq\medidas\BBA_1906_071854\BBA_AMP02A_H.dat
Data: 1906	 Hora:  0722
Comentário: 
NomeParametro	 ValorParametro
Nmedias	5
PausaCorretora	3000
PausaShunt	2000
PausaLeitura	500
NumCiclos	3
 NPassosCor	7
DeltaShunt	3.00
TetaIni	-0.10
TetaFim	0.10
I[mA]	 135.5
ACH09B	DeltaPos^2	AMP02A	AMP01B_0	AMP02A_0	AMP02B_0	AMP03A_0	AMP03B_0	AMP03C_0	AMP04A_0	AMP04B_0	AMP05A_0	AMP05B_0	AMP06A_0	AMP06B_0	AMP07A_0	AMP07B_0	AMP08A_0	AMP08B_0	AMP09A_0	AMP09B_0	AMP10A_0	AMP10B_0	AMU11A_0	AMU11B_0	AMP12A_0	AMP12B_0	AMP01A_0	AMP01B_1	AMP02A_1	AMP02B_1	AMP03A_1	AMP03B_1	AMP03C_1	AMP04A_1	AMP04B_1	AMP05A_1	AMP05B_1	AMP06A_1	AMP06B_1	AMP07A_1	AMP07B_1	AMP08A_1	AMP08B_1	AMP09A_1	AMP09B_1	AMP10A_1	AMP10B_1	AMU11A_1	AMU11B_1	AMP12A_1	AMP12B_1	AMP01A_1	
-0.1000	 3.83792053691774E-0005	0.1495	-0.2143	0.1495	-2.5212	0.7225	0.1907	-1.9452	-0.5833	-0.6010	-1.6051	0.0649	0.8486	-0.7919	-1.2301	-0.9675	0.1416	0.6168	-1.4154	-1.2156	-0.1046	-0.2877	0.5381	0.5035	-1.0085	-1.1583	0.8082	-0.2163	0.1514	-2.5208	0.7241	0.1936	-1.9436	-0.5789	-0.5981	-1.6096	0.0617	0.8545	-0.7860	-1.2401	-0.9766	0.1485	0.6234	-1.4266	-1.2265	-0.0979	-0.2800	0.5308	0.4950	-1.0039	-1.1519	0.8080	
-0.0667	 2.03948316568383E-0004	0.3360	-0.5289	0.3360	-2.3564	0.3501	-0.2186	-2.1086	-0.4886	-0.4292	-1.7069	-0.1448	0.7919	-0.7435	-1.0109	-0.8513	-0.0317	0.5165	-1.0106	-0.8393	-0.1263	-0.4206	0.4773	0.5390	-0.8687	-1.1262	0.4313	-0.5291	0.3353	-2.3595	0.3592	-0.2054	-2.1019	-0.4812	-0.4271	-1.7160	-0.1485	0.8055	-0.7329	-1.0352	-0.8726	-0.0145	0.5325	-1.0365	-0.8671	-0.1126	-0.4032	0.4626	0.5198	-0.8621	-1.1139	0.4364	
-0.0333	 5.21528182401582E-0004	0.5241	-0.8464	0.5241	-2.1895	-0.0266	-0.6319	-2.2729	-0.3930	-0.2557	-1.8094	-0.3560	0.7344	-0.6947	-0.7896	-0.7346	-0.2067	0.4155	-0.6009	-0.4599	-0.1480	-0.5548	0.4147	0.5733	-0.7274	-1.0934	0.0502	-0.8460	0.5211	-2.1959	-0.0101	-0.6086	-2.2614	-0.3826	-0.2541	-1.8232	-0.3604	0.7566	-0.6790	-0.8288	-0.7682	-0.1786	0.4409	-0.6425	-0.5039	-0.1262	-0.5272	0.3918	0.5431	-0.7182	-1.0745	0.0601	
0.0000	 9.75385382994850E-0004	0.7132	-1.1676	0.7132	-2.0210	-0.4054	-1.0472	-2.4377	-0.2970	-0.0816	-1.9131	-0.5687	0.6771	-0.6449	-0.5680	-0.6177	-0.3821	0.3141	-0.1905	-0.0796	-0.1688	-0.6888	0.3501	0.6061	-0.5839	-1.0589	-0.3348	-1.1647	0.7070	-2.0318	-0.3816	-1.0133	-2.4214	-0.2831	-0.0807	-1.9322	-0.5738	0.7076	-0.6244	-0.6217	-0.6633	-0.3435	0.3493	-0.2478	-0.1402	-0.1397	-0.6518	0.3203	0.5658	-0.5733	-1.0348	-0.3186	
0.0333	 1.56202850087091E-0003	0.9025	-1.4886	0.9025	-1.8518	-0.7855	-1.4628	-2.6031	-0.1998	0.0931	-2.0185	-0.7828	0.6200	-0.5947	-0.3461	-0.5019	-0.5577	0.2132	0.2194	0.3009	-0.1889	-0.8227	0.2840	0.6375	-0.4401	-1.0241	-0.7217	-1.4842	0.8937	-1.8661	-0.7542	-1.4187	-2.5812	-0.1833	0.0929	-2.0416	-0.7878	0.6586	-0.5696	-0.4149	-0.5591	-0.5086	0.2577	0.1477	0.2244	-0.1526	-0.7756	0.2470	0.5868	-0.4277	-0.9940	-0.6998	
0.0667	 2.29926407530670E-0003	1.0924	-1.8113	1.0924	-1.6818	-1.1663	-1.8788	-2.7681	-0.1025	0.2679	-2.1245	-0.9973	0.5635	-0.5441	-0.1257	-0.3868	-0.7328	0.1127	0.6288	0.6800	-0.2083	-0.9560	0.2161	0.6671	-0.2955	-0.9883	-1.1096	-1.8049	1.0806	-1.6998	-1.1272	-1.8242	-2.7412	-0.0833	0.2663	-2.1525	-1.0029	0.6103	-0.5140	-0.2085	-0.4567	-0.6735	0.1664	0.5417	0.5873	-0.1644	-0.8989	0.1717	0.6061	-0.2809	-0.9523	-1.0823	
0.1000	 3.16386170583154E-0003	1.2809	-2.1327	1.2809	-1.5113	-1.5452	-2.2924	-2.9327	-0.0046	0.4418	-2.2314	-1.2117	0.5079	-0.4926	0.0932	-0.2742	-0.9066	0.0129	1.0351	1.0563	-0.2264	-1.0880	0.1465	0.6948	-0.1503	-0.9518	-1.4964	-2.1250	1.2665	-1.5331	-1.4986	-2.2273	-2.9008	0.0171	0.4393	-2.2635	-1.2177	0.5629	-0.4581	-0.0040	-0.3554	-0.8370	0.0760	0.9332	0.9477	-0.1753	-1.0208	0.0945	0.6231	-0.1341	-0.9096	-1.4636	
