Arquivo: c:\arq\medidas\BBA_1505_071958\BBA_AMP09A_H.dat
Data: 1505	 Hora:  0809
Comentário: 
NomeParametro	 ValorParametro
Nmedias	5
PausaCorretora	3000
PausaShunt	2000
PausaLeitura	500
NumCiclos	3
 NPassosCor	7
DeltaShunt	3.00
TetaIni	-0.10
TetaFim	0.10
I[mA]	  43.2
ACH03B	DeltaPos^2	AMP09A	AMP01B_0	AMP02A_0	AMP02B_0	AMP03A_0	AMP03B_0	AMP03C_0	AMP04A_0	AMP04B_0	AMP05A_0	AMP05B_0	AMP06A_0	AMP06B_0	AMP07A_0	AMP07B_0	AMP08A_0	AMP08B_0	AMP09A_0	AMP09B_0	AMP10A_0	AMP10B_0	AMU11A_0	AMU11B_0	AMP12A_0	AMP12B_0	AMP01A_0	AMP01B_1	AMP02A_1	AMP02B_1	AMP03A_1	AMP03B_1	AMP03C_1	AMP04A_1	AMP04B_1	AMP05A_1	AMP05B_1	AMP06A_1	AMP06B_1	AMP07A_1	AMP07B_1	AMP08A_1	AMP08B_1	AMP09A_1	AMP09B_1	AMP10A_1	AMP10B_1	AMU11A_1	AMU11B_1	AMP12A_1	AMP12B_1	AMP01A_1	
-0.1000	 4.12990839339936E-0003	1.0346	-1.1219	1.0104	-1.9128	-1.3140	-1.9206	-2.8402	-0.3330	0.0922	-1.5132	-0.5037	0.2274	-0.8664	0.5734	0.3162	-1.0042	-0.2572	1.0346	1.1971	-0.5906	-1.3204	1.0186	1.4908	-0.6405	-1.3936	-0.6006	-1.0492	0.9560	-1.9534	-1.1953	-1.8007	-2.7983	-0.3729	0.0383	-1.4509	-0.4166	0.2245	-0.8951	0.5480	0.3202	-0.9655	-0.2461	0.9264	1.0646	-0.5715	-1.2700	1.0054	1.4479	-0.6708	-1.3899	-0.5061	
-0.0667	 1.90686107943186E-0003	0.6718	-1.1321	0.8951	-1.9483	-1.0067	-1.6648	-2.7218	-0.3308	0.0075	-1.6048	-0.5005	0.3496	-0.8230	0.2580	0.0625	-0.8267	-0.1088	0.6718	0.8247	-0.4609	-1.1490	0.8073	1.2141	-0.6332	-1.2968	-0.5148	-1.0874	0.8599	-1.9721	-0.9275	-1.5862	-2.6949	-0.3575	-0.0274	-1.5607	-0.4409	0.3465	-0.8420	0.2417	0.0656	-0.7992	-0.1015	0.5936	0.7306	-0.4453	-1.1124	0.7906	1.1777	-0.6496	-1.2907	-0.4571	
-0.0333	 5.37134371366165E-0004	0.3034	-1.1437	0.7790	-1.9837	-0.6953	-1.4059	-2.6021	-0.3278	-0.0775	-1.6983	-0.4981	0.4729	-0.7788	-0.0618	-0.1949	-0.6472	0.0412	0.3034	0.4466	-0.3292	-0.9751	0.5917	0.9317	-0.6251	-1.1981	-0.4292	-1.1223	0.7611	-1.9942	-0.6547	-1.3663	-2.5891	-0.3419	-0.0953	-1.6733	-0.4659	0.4707	-0.7884	-0.0687	-0.1919	-0.6319	0.0449	0.2600	0.3948	-0.3193	-0.9542	0.5793	0.9090	-0.6317	-1.1930	-0.4020	
0.0000	 2.43182480523890E-0005	-0.0527	-1.1563	0.6671	-2.0169	-0.3952	-1.1575	-2.4870	-0.3245	-0.1591	-1.7890	-0.4969	0.5921	-0.7354	-0.3712	-0.4445	-0.4735	0.1863	-0.0527	0.0816	-0.2014	-0.8069	0.3818	0.6572	-0.6165	-1.1026	-0.3482	-1.1556	0.6653	-2.0161	-0.3897	-1.1528	-2.4863	-0.3268	-0.1610	-1.7828	-0.4903	0.5911	-0.7367	-0.3704	-0.4430	-0.4699	0.1871	-0.0631	0.0692	-0.1980	-0.8013	0.3749	0.6486	-0.6148	-1.0992	-0.3479	
0.0333	 2.29198915656687E-0004	-0.4137	-1.1706	0.5544	-2.0499	-0.0921	-0.9063	-2.3708	-0.3203	-0.2411	-1.8819	-0.4970	0.7134	-0.6907	-0.6849	-0.6981	-0.2977	0.3333	-0.4137	-0.2889	-0.0719	-0.6366	0.1682	0.3779	-0.6070	-1.0052	-0.2677	-1.1902	0.5684	-2.0379	-0.1209	-0.9361	-2.3826	-0.3113	-0.2276	-1.8944	-0.5161	0.7129	-0.6838	-0.6770	-0.6984	-0.3059	0.3306	-0.3915	-0.2615	-0.0745	-0.6464	0.1663	0.3830	-0.5970	-1.0035	-0.2942	
0.0667	 1.19374692220016E-0003	-0.7763	-1.1861	0.4418	-2.0821	0.2109	-0.6555	-2.2541	-0.3156	-0.3227	-1.9759	-0.4980	0.8349	-0.6457	-0.9993	-0.9528	-0.1213	0.4806	-0.7763	-0.6604	0.0584	-0.4655	-0.0465	0.0969	-0.5968	-0.9068	-0.1884	-1.2294	0.4731	-2.0570	0.1461	-0.7225	-2.2796	-0.2943	-0.2924	-2.0072	-0.5436	0.8352	-0.6299	-0.9847	-0.9551	-0.1409	0.4749	-0.7230	-0.5944	0.0507	-0.4897	-0.0469	0.1125	-0.5765	-0.9056	-0.2450	
0.1000	 2.89806239454005E-0003	-1.1385	-1.2034	0.3299	-2.1141	0.5126	-0.4062	-2.1378	-0.3105	-0.4039	-2.0709	-0.5004	0.9564	-0.6004	-1.3131	-1.2076	0.0550	0.6277	-1.1385	-1.0318	0.1890	-0.2945	-0.2627	-0.1849	-0.5862	-0.8078	-0.1104	-1.2699	0.3782	-2.0756	0.4123	-0.5099	-2.1766	-0.2772	-0.3567	-2.1201	-0.5717	0.9571	-0.5758	-1.2904	-1.2115	0.0241	0.6187	-1.0543	-0.9275	0.1763	-0.3335	-0.2616	-0.1587	-0.5552	-0.8068	-0.1974	
