Arquivo: c:\arq\medidas\BBA_1505_071958\BBA_AMP01B_H.dat
Data: 1505	 Hora:  0720
Comentário: 
NomeParametro	 ValorParametro
Nmedias	5
PausaCorretora	3000
PausaShunt	2000
PausaLeitura	500
NumCiclos	3
 NPassosCor	7
DeltaShunt	3.00
TetaIni	-0.10
TetaFim	0.10
I[mA]	 149.8
ACH07B	DeltaPos^2	AMP01B	AMP01B_0	AMP02A_0	AMP02B_0	AMP03A_0	AMP03B_0	AMP03C_0	AMP04A_0	AMP04B_0	AMP05A_0	AMP05B_0	AMP06A_0	AMP06B_0	AMP07A_0	AMP07B_0	AMP08A_0	AMP08B_0	AMP09A_0	AMP09B_0	AMP10A_0	AMP10B_0	AMU11A_0	AMU11B_0	AMP12A_0	AMP12B_0	AMP01A_0	AMP01B_1	AMP02A_1	AMP02B_1	AMP03A_1	AMP03B_1	AMP03C_1	AMP04A_1	AMP04B_1	AMP05A_1	AMP05B_1	AMP06A_1	AMP06B_1	AMP07A_1	AMP07B_1	AMP08A_1	AMP08B_1	AMP09A_1	AMP09B_1	AMP10A_1	AMP10B_1	AMU11A_1	AMU11B_1	AMP12A_1	AMP12B_1	AMP01A_1	
-0.1000	 4.34248161718446E-0003	0.1135	0.1135	0.3157	-2.5263	0.1169	-0.3389	-2.0451	-0.1505	-0.3751	-2.4540	-0.7687	1.2183	-0.3975	-1.8821	-1.7838	-0.2208	0.7400	-0.1522	-0.4091	-0.4565	-0.7090	1.2478	1.3255	-1.1575	-1.4772	0.8912	0.0184	0.3170	-2.4961	0.1459	-0.3412	-2.0597	-0.1922	-0.3877	-2.3470	-0.6809	1.1576	-0.4491	-1.7542	-1.6513	-0.2665	0.6794	-0.0824	-0.3110	-0.4585	-0.7424	1.2203	1.3239	-1.1150	-1.4634	0.7813	
-0.0667	 1.49967844243586E-0003	-0.3149	-0.3149	0.4464	-2.3447	-0.0725	-0.6245	-2.1915	-0.1812	-0.2875	-2.2781	-0.7127	1.0397	-0.4825	-1.4394	-1.3955	-0.2810	0.5888	-0.1400	-0.2807	-0.3612	-0.7194	0.9578	1.0974	-0.9665	-1.3411	0.4747	-0.3712	0.4478	-2.3262	-0.0559	-0.6267	-2.2000	-0.2050	-0.2942	-2.2153	-0.6612	1.0042	-0.5122	-1.3636	-1.3178	-0.3077	0.5536	-0.0993	-0.2235	-0.3619	-0.7383	0.9415	1.0963	-0.9408	-1.3325	0.4096	
-0.0333	 1.23535646760797E-0004	-0.7504	-0.7504	0.5801	-2.1584	-0.2663	-0.9159	-2.3402	-0.2108	-0.1967	-2.1001	-0.6567	0.8591	-0.5676	-0.9901	-1.0025	-0.3415	0.4362	-0.1289	-0.1521	-0.2632	-0.7283	0.6622	0.8646	-0.7720	-1.2019	0.0509	-0.7663	0.5804	-2.1528	-0.2606	-0.9159	-2.3418	-0.2178	-0.1992	-2.0821	-0.6415	0.8493	-0.5760	-0.9688	-0.9799	-0.3490	0.4262	-0.1169	-0.1356	-0.2635	-0.7340	0.6576	0.8644	-0.7644	-1.1993	0.0326	
0.0000	 2.80905220188864E-0004	-1.1885	-1.1885	0.7137	-1.9713	-0.4604	-1.2072	-2.4887	-0.2412	-0.1068	-1.9208	-0.6007	0.6781	-0.6531	-0.5377	-0.6067	-0.4015	0.2829	-0.1189	-0.0238	-0.1647	-0.7373	0.3630	0.6288	-0.5762	-1.0622	-0.3764	-1.1629	0.7124	-1.9796	-0.4658	-1.2048	-2.4832	-0.2313	-0.1045	-1.9478	-0.6217	0.6935	-0.6405	-0.5699	-0.6404	-0.3902	0.2981	-0.1359	-0.0479	-0.1646	-0.7290	0.3709	0.6297	-0.5874	-1.0662	-0.3467	
0.0333	 2.04128270427972E-0003	-1.6264	-1.6264	0.8472	-1.7836	-0.6538	-1.4978	-2.6372	-0.2722	-0.0172	-1.7401	-0.5440	0.4954	-0.7394	-0.0838	-0.2098	-0.4616	0.1288	-0.1104	0.1043	-0.0655	-0.7459	0.0623	0.3904	-0.3803	-0.9219	-0.8058	-1.5595	0.8454	-1.8051	-0.6713	-1.4944	-2.6248	-0.2441	-0.0092	-1.8131	-0.6018	0.5373	-0.7046	-0.1716	-0.3010	-0.4307	0.1702	-0.1567	0.0377	-0.0649	-0.7234	0.0827	0.3930	-0.4092	-0.9314	-0.7283	
0.0667	 5.36123950652203E-0003	-2.0643	-2.0643	0.9811	-1.5949	-0.8495	-1.7897	-2.7855	-0.3019	0.0737	-1.5598	-0.4879	0.3130	-0.8249	0.3696	0.1857	-0.5206	-0.0251	-0.1037	0.2305	0.0353	-0.7527	-0.2407	0.1499	-0.1830	-0.7799	-1.2360	-1.9563	0.9784	-1.6297	-0.8773	-1.7832	-2.7664	-0.2571	0.0862	-1.6787	-0.5824	0.3810	-0.7686	0.2265	0.0383	-0.4704	0.0421	-0.1791	0.1230	0.0354	-0.7171	-0.2076	0.1537	-0.2304	-0.7955	-1.1110	
0.1000	 1.02610470518984E-0002	-2.5002	-2.5002	1.1151	-1.4054	-1.0453	-2.0807	-2.9336	-0.3316	0.1646	-1.3792	-0.4325	0.1299	-0.9108	0.8223	0.5810	-0.5796	-0.1787	-0.0984	0.3555	0.1364	-0.7597	-0.5457	-0.0925	0.0147	-0.6372	-1.6665	-2.3527	1.1112	-1.4539	-1.0849	-2.0730	-2.9079	-0.2688	0.1825	-1.5446	-0.5639	0.2242	-0.8325	0.6248	0.3775	-0.5100	-0.0855	-0.2020	0.2071	0.1370	-0.7096	-0.4995	-0.0870	-0.0513	-0.6593	-1.4934	
