Arquivo: c:\arq\medidas\BBA_1505_071958\BBA_AMP07B_V.dat
Data: 1505	 Hora:  0801
Comentário: 
NomeParametro	 ValorParametro
Nmedias	5
PausaCorretora	3000
PausaShunt	2000
PausaLeitura	500
NumCiclos	3
 NPassosCor	7
DeltaShunt	3.00
TetaIni	-0.10
TetaFim	0.10
I[mA]	  54.8
ACV07B	DeltaPos^2	AMP07B	AMP01B_0	AMP02A_0	AMP02B_0	AMP03A_0	AMP03B_0	AMP03C_0	AMP04A_0	AMP04B_0	AMP05A_0	AMP05B_0	AMP06A_0	AMP06B_0	AMP07A_0	AMP07B_0	AMP08A_0	AMP08B_0	AMP09A_0	AMP09B_0	AMP10A_0	AMP10B_0	AMU11A_0	AMU11B_0	AMP12A_0	AMP12B_0	AMP01A_0	AMP01B_1	AMP02A_1	AMP02B_1	AMP03A_1	AMP03B_1	AMP03C_1	AMP04A_1	AMP04B_1	AMP05A_1	AMP05B_1	AMP06A_1	AMP06B_1	AMP07A_1	AMP07B_1	AMP08A_1	AMP08B_1	AMP09A_1	AMP09B_1	AMP10A_1	AMP10B_1	AMU11A_1	AMU11B_1	AMP12A_1	AMP12B_1	AMP01A_1	
-0.1000	 6.29771800323165E-0003	-0.7478	-1.4388	-0.7480	0.3579	0.8508	2.4962	1.0037	0.4523	-1.0134	-0.2406	1.7866	1.8557	-0.1773	0.6000	-0.7478	0.2266	-0.5194	-0.2770	0.9640	0.9720	0.1693	0.1681	1.7089	1.5035	1.3958	1.0237	-1.5710	-0.8292	0.3546	0.8961	2.5361	1.0521	0.4447	-1.0993	-0.3731	1.8916	1.9465	-0.1060	0.6626	-0.8730	0.1349	-0.5709	-0.3045	1.0680	1.0146	0.1151	0.0763	1.7374	1.5659	1.4834	1.1250	
-0.0667	 2.99210401310852E-0003	-0.3991	-1.0771	-0.5199	0.3767	0.7401	2.3782	0.8465	0.4637	-0.7791	0.1233	1.5111	1.6081	-0.3803	0.4171	-0.3991	0.4799	-0.3706	-0.1938	0.6719	0.8482	0.3155	0.4235	1.6394	1.3330	1.1508	0.7415	-1.1686	-0.5759	0.3745	0.7718	2.4054	0.8800	0.4581	-0.8383	0.0319	1.5836	1.6709	-0.3312	0.4608	-0.4854	0.4169	-0.4058	-0.2121	0.7430	0.8772	0.2781	0.3604	1.6598	1.3760	1.2112	0.8110	
-0.0333	 8.18677414413475E-0004	-0.0423	-0.7068	-0.2866	0.3956	0.6272	2.2570	0.6863	0.4748	-0.5396	0.4943	1.2297	1.3550	-0.5881	0.2297	-0.0423	0.7388	-0.2189	-0.1098	0.3742	0.7221	0.4653	0.6843	1.5676	1.1586	0.9000	0.4535	-0.7551	-0.3160	0.3950	0.6448	2.2712	0.7023	0.4712	-0.5710	0.4468	1.2687	1.3883	-0.5625	0.2527	-0.0873	0.7060	-0.2371	-0.1188	0.4106	0.7368	0.4455	0.6521	1.5792	1.1813	0.9316	0.4896	
0.0000	 5.04406003945211E-0006	0.3186	-0.3315	-0.0507	0.4153	0.5139	2.1337	0.5225	0.4858	-0.2975	0.8682	0.9443	1.0989	-0.7985	0.0387	0.3186	1.0009	-0.0654	-0.0252	0.0723	0.5948	0.6164	0.9479	1.4951	0.9813	0.6459	0.1619	-0.3358	-0.0525	0.4163	0.5171	2.1341	0.5214	0.4843	-0.3004	0.8650	0.9491	1.1020	-0.7971	0.0399	0.3158	0.9986	-0.0658	-0.0244	0.0731	0.5947	0.6150	0.9470	1.4975	0.9827	0.6479	0.1644	
0.0333	 6.38969228548871E-0004	0.6820	0.0454	0.1874	0.4356	0.4000	2.0085	0.3570	0.4967	-0.0539	1.2451	0.6582	0.8401	-1.0108	-0.1541	0.6820	1.2648	0.0891	0.0600	-0.2309	0.4669	0.7694	1.2125	1.4217	0.8023	0.3895	-0.1311	0.0858	0.2135	0.4381	0.3885	1.9951	0.3383	0.4973	-0.0275	1.2870	0.6277	0.8122	-1.0341	-0.1745	0.7225	1.2937	0.1065	0.0698	-0.2660	0.4525	0.7867	1.2436	1.4145	0.7819	0.3614	-0.1632	
0.0667	 2.74060760188885E-0003	1.0469	0.4227	0.4254	0.4559	0.2857	1.8830	0.1908	0.5073	0.1906	1.6218	0.3702	0.5807	-1.2230	-0.3476	1.0469	1.5282	0.2440	0.1458	-0.5354	0.3387	0.9233	1.4777	1.3476	0.6223	0.1325	-0.4259	0.5080	0.4790	0.4602	0.2596	1.8554	0.1537	0.5100	0.2456	1.7085	0.3048	0.5222	-1.2707	-0.3907	1.1297	1.5890	0.2791	0.1653	-0.6064	0.3099	0.9591	1.5406	1.3314	0.5804	0.0740	-0.4926	
0.1000	 6.22941881297353E-0003	1.4083	0.7986	0.6625	0.4763	0.1719	1.7573	0.0247	0.5177	0.4328	1.9956	0.0831	0.3225	-1.4342	-0.5405	1.4083	1.7906	0.3986	0.2319	-0.8393	0.2100	1.0760	1.7420	1.2755	0.4434	-0.1240	-0.7202	0.9281	0.7434	0.4825	0.1318	1.7155	-0.0298	0.5225	0.5167	2.1254	-0.0169	0.2338	-1.5060	-0.6052	1.5332	1.8814	0.4516	0.2607	-0.9461	0.1662	1.1297	1.8359	1.2499	0.3803	-0.2118	-0.8207	
