Arquivo: c:\arq\medidas\BBA_1505_071958\BBA_AMP06B_H.dat
Data: 1505	 Hora:  0754
Comentário: 
NomeParametro	 ValorParametro
Nmedias	5
PausaCorretora	3000
PausaShunt	2000
PausaLeitura	500
NumCiclos	3
 NPassosCor	7
DeltaShunt	3.00
TetaIni	-0.10
TetaFim	0.10
I[mA]	 144.0
ACH01A	DeltaPos^2	AMP06B	AMP01B_0	AMP02A_0	AMP02B_0	AMP03A_0	AMP03B_0	AMP03C_0	AMP04A_0	AMP04B_0	AMP05A_0	AMP05B_0	AMP06A_0	AMP06B_0	AMP07A_0	AMP07B_0	AMP08A_0	AMP08B_0	AMP09A_0	AMP09B_0	AMP10A_0	AMP10B_0	AMU11A_0	AMU11B_0	AMP12A_0	AMP12B_0	AMP01A_0	AMP01B_1	AMP02A_1	AMP02B_1	AMP03A_1	AMP03B_1	AMP03C_1	AMP04A_1	AMP04B_1	AMP05A_1	AMP05B_1	AMP06A_1	AMP06B_1	AMP07A_1	AMP07B_1	AMP08A_1	AMP08B_1	AMP09A_1	AMP09B_1	AMP10A_1	AMP10B_1	AMU11A_1	AMU11B_1	AMP12A_1	AMP12B_1	AMP01A_1	
-0.1000	 7.21057587103126E-0004	-1.1125	-2.2795	0.8479	-1.5731	-0.4158	-1.4823	-2.7307	-0.5788	-0.1166	-0.9485	0.0877	0.0379	-1.1125	0.9035	0.7862	-0.9743	-0.3868	0.8519	1.2036	-0.3224	-1.2043	0.3770	0.9229	-0.2614	-1.0616	-1.3077	-2.2302	0.8330	-1.5988	-0.4169	-1.4683	-2.7189	-0.5718	-0.1248	-0.9918	0.0581	0.0592	-1.0988	0.8872	0.7567	-0.9876	-0.3869	0.8753	1.2135	-0.3507	-1.2224	0.4245	0.9674	-0.2923	-1.0915	-1.2664	
-0.0667	 4.30475598543943E-0004	-0.9788	-1.9281	0.7950	-1.7054	-0.3991	-1.3677	-2.6448	-0.4851	-0.1258	-1.2304	-0.1009	0.2342	-0.9788	0.4592	0.3640	-0.7887	-0.1785	0.5296	0.8081	-0.2642	-1.0504	0.3557	0.8093	-0.3625	-1.0547	-1.0002	-1.8893	0.7834	-1.7251	-0.3997	-1.3566	-2.6356	-0.4803	-0.1328	-1.2629	-0.1230	0.2503	-0.9689	0.4479	0.3417	-0.7993	-0.1786	0.5476	0.8156	-0.2868	-1.0653	0.3926	0.8440	-0.3864	-1.0778	-0.9681	
-0.0333	 2.18095623289490E-0004	-0.8444	-1.5744	0.7425	-1.8374	-0.3842	-1.2542	-2.5589	-0.3908	-0.1344	-1.5140	-0.2913	0.4313	-0.8444	0.0118	-0.0618	-0.6016	0.0312	0.2032	0.4082	-0.2050	-0.8953	0.3321	0.6927	-0.4625	-1.0459	-0.6924	-1.5468	0.7345	-1.8512	-0.3843	-1.2459	-2.5519	-0.3873	-0.1394	-1.5369	-0.3068	0.4431	-0.8374	0.0040	-0.0772	-0.6093	0.0313	0.2166	0.4139	-0.2212	-0.9057	0.3583	0.7171	-0.4798	-1.0627	-0.6696	
0.0000	 7.21875926098317E-0005	-0.7095	-1.2208	0.6905	-1.9692	-0.3694	-1.1412	-2.4730	-0.2966	-0.1428	-1.7971	-0.4825	0.6280	-0.7095	-0.4369	-0.4881	-0.4141	0.2410	-0.1247	0.0067	-0.1450	-0.7398	0.3064	0.5738	-0.5618	-1.0364	-0.3852	-1.2047	0.6859	-1.9768	-0.3702	-1.1368	-2.4689	-0.2947	-0.1460	-1.8102	-0.4910	0.6355	-0.7057	-0.4396	-0.4966	-0.4190	0.2408	-0.1162	0.0107	-0.1539	-0.7453	0.3218	0.5882	-0.5718	-1.0461	-0.3724	
0.0333	 4.23571059539480E-0006	-0.5755	-0.8679	0.6386	-2.1004	-0.3554	-1.0288	-2.3877	-0.2025	-0.1510	-2.0787	-0.6731	0.8236	-0.5755	-0.8827	-0.9136	-0.2273	0.4492	-0.4522	-0.3929	-0.0845	-0.5841	0.2792	0.4538	-0.6605	-1.0264	-0.0804	-0.8664	0.6394	-2.0994	-0.3581	-1.0299	-2.3873	-0.1999	-0.1504	-2.0838	-0.6767	0.8280	-0.5726	-0.8838	-0.9160	-0.2275	0.4505	-0.4506	-0.3927	-0.0859	-0.5841	0.2811	0.4555	-0.6611	-1.0272	-0.0800	
0.0667	 2.50127069191994E-0005	-0.4419	-0.5177	0.5878	-2.2297	-0.3436	-0.9193	-2.3032	-0.1085	-0.1582	-2.3583	-0.8636	1.0175	-0.4419	-1.3252	-1.3352	-0.0415	0.6551	-0.7786	-0.7909	-0.0229	-0.4288	0.2502	0.3330	-0.7577	-1.0158	0.2198	-0.5274	0.5923	-2.2228	-0.3463	-0.9234	-2.3057	-0.1072	-0.1554	-2.3537	-0.8608	1.0174	-0.4423	-1.3222	-1.3316	-0.0388	0.6567	-0.7821	-0.7930	-0.0183	-0.4251	0.2414	0.3243	-0.7515	-1.0096	0.2109	
0.1000	 1.28688723835242E-0004	-0.3082	-0.1694	0.5378	-2.3583	-0.3326	-0.8103	-2.2192	-0.0144	-0.1650	-2.6362	-1.0545	1.2111	-0.3082	-1.7664	-1.7564	0.1444	0.8612	-1.1062	-1.1888	0.0391	-0.2737	0.2192	0.2099	-0.8538	-1.0041	0.5190	-0.1912	0.5469	-2.3443	-0.3363	-0.8189	-2.2246	-0.0134	-0.1595	-2.6236	-1.0463	1.2076	-0.3103	-1.7602	-1.7462	0.1507	0.8632	-1.1148	-1.1936	0.0503	-0.2652	0.1988	0.1904	-0.8394	-0.9900	0.4992	
