Arquivo: c:\arq\medidas\BBA_1505_071958\BBA_AMP08B_H.dat
Data: 1505	 Hora:  0806
Comentário: 
NomeParametro	 ValorParametro
Nmedias	5
PausaCorretora	3000
PausaShunt	2000
PausaLeitura	500
NumCiclos	3
 NPassosCor	7
DeltaShunt	3.00
TetaIni	-0.10
TetaFim	0.10
I[mA]	  48.1
ACH03A	DeltaPos^2	AMP08B	AMP01B_0	AMP02A_0	AMP02B_0	AMP03A_0	AMP03B_0	AMP03C_0	AMP04A_0	AMP04B_0	AMP05A_0	AMP05B_0	AMP06A_0	AMP06B_0	AMP07A_0	AMP07B_0	AMP08A_0	AMP08B_0	AMP09A_0	AMP09B_0	AMP10A_0	AMP10B_0	AMU11A_0	AMU11B_0	AMP12A_0	AMP12B_0	AMP01A_0	AMP01B_1	AMP02A_1	AMP02B_1	AMP03A_1	AMP03B_1	AMP03C_1	AMP04A_1	AMP04B_1	AMP05A_1	AMP05B_1	AMP06A_1	AMP06B_1	AMP07A_1	AMP07B_1	AMP08A_1	AMP08B_1	AMP09A_1	AMP09B_1	AMP10A_1	AMP10B_1	AMU11A_1	AMU11B_1	AMP12A_1	AMP12B_1	AMP01A_1	
-0.1000	 3.62897747894849E-0004	-0.1469	-0.8748	0.9424	-2.0127	-1.2125	-2.1119	-2.8952	-0.1778	0.2208	-1.8292	-0.8216	0.3576	-0.7128	0.3546	0.0422	-0.9622	-0.1469	1.0387	1.1327	-0.6465	-1.3153	1.1938	1.6316	-0.7469	-1.4708	-0.3620	-0.8394	0.9232	-2.0334	-1.1898	-2.0825	-2.8816	-0.1847	0.2043	-1.8353	-0.8171	0.3640	-0.7154	0.3226	0.0181	-0.9488	-0.1361	1.0294	1.1129	-0.6574	-1.3159	1.2131	1.6440	-0.7683	-1.4851	-0.3254	
-0.0667	 1.95342593297272E-0004	-0.0344	-0.9688	0.8534	-2.0122	-0.9440	-1.7999	-2.7617	-0.2241	0.0975	-1.8184	-0.7167	0.4372	-0.7192	0.1122	-0.1210	-0.7990	-0.0344	0.6784	0.7851	-0.4979	-1.1460	0.9254	1.3100	-0.7018	-1.3471	-0.3584	-0.9431	0.8389	-2.0273	-0.9273	-1.7783	-2.7518	-0.2292	0.0851	-1.8228	-0.7131	0.4422	-0.7212	0.0890	-0.1382	-0.7890	-0.0265	0.6716	0.7705	-0.5061	-1.1464	0.9396	1.3188	-0.7178	-1.3578	-0.3314	
-0.0333	 7.44175611722759E-0005	0.0791	-1.0653	0.7632	-2.0113	-0.6731	-1.4848	-2.6269	-0.2703	-0.0268	-1.8085	-0.6112	0.5178	-0.7253	-0.1334	-0.2864	-0.6339	0.0791	0.3135	0.4336	-0.3479	-0.9749	0.6529	0.9836	-0.6557	-1.2221	-0.3555	-1.0493	0.7544	-2.0206	-0.6631	-1.4712	-2.6209	-0.2734	-0.0347	-1.8114	-0.6090	0.5210	-0.7264	-0.1475	-0.2971	-0.6280	0.0842	0.3097	0.4249	-0.3530	-0.9753	0.6621	0.9894	-0.6658	-1.2288	-0.3392	
0.0000	 1.10935775995396E-0005	0.1924	-1.1627	0.6739	-2.0098	-0.4034	-1.1697	-2.4922	-0.3163	-0.1510	-1.7993	-0.5067	0.5984	-0.7310	-0.3784	-0.4519	-0.4695	0.1924	-0.0512	0.0823	-0.1982	-0.8041	0.3798	0.6560	-0.6096	-1.0971	-0.3543	-1.1569	0.6704	-2.0127	-0.3994	-1.1647	-2.4898	-0.3170	-0.1538	-1.8005	-0.5058	0.6004	-0.7312	-0.3845	-0.4565	-0.4665	0.1951	-0.0528	0.0781	-0.2000	-0.8039	0.3829	0.6575	-0.6130	-1.0990	-0.3483	
0.0333	 5.18784732867059E-0006	0.3061	-1.2613	0.5846	-2.0077	-0.1330	-0.8541	-2.3576	-0.3619	-0.2750	-1.7907	-0.4026	0.6791	-0.7368	-0.6239	-0.6187	-0.3051	0.3061	-0.4165	-0.2702	-0.0480	-0.6329	0.1049	0.3263	-0.5626	-0.9714	-0.3547	-1.2655	0.5868	-2.0043	-0.1362	-0.8578	-2.3590	-0.3606	-0.2732	-1.7905	-0.4032	0.6800	-0.7359	-0.6214	-0.6162	-0.3053	0.3059	-0.4159	-0.2692	-0.0463	-0.6321	0.1022	0.3240	-0.5598	-0.9690	-0.3592	
0.0667	 5.80420792338706E-0005	0.4193	-1.3617	0.4960	-2.0049	0.1360	-0.5391	-2.2225	-0.4076	-0.3990	-1.7821	-0.2990	0.7602	-0.7421	-0.8700	-0.7849	-0.1406	0.4193	-0.7823	-0.6229	0.1025	-0.4618	-0.1709	-0.0042	-0.5148	-0.8453	-0.3564	-1.3759	0.5038	-1.9951	0.1264	-0.5513	-2.2277	-0.4038	-0.3923	-1.7804	-0.3008	0.7590	-0.7401	-0.8591	-0.7764	-0.1439	0.4168	-0.7794	-0.6165	0.1070	-0.4604	-0.1793	-0.0103	-0.5060	-0.8386	-0.3720	
0.1000	 1.62050038608025E-0004	0.5328	-1.4632	0.4075	-2.0015	0.4045	-0.2243	-2.0873	-0.4527	-0.5229	-1.7749	-0.1960	0.8411	-0.7470	-1.1156	-0.9527	0.0245	0.5328	-1.1490	-0.9758	0.2529	-0.2903	-0.4482	-0.3363	-0.4664	-0.7185	-0.3603	-1.4871	0.4205	-1.9863	0.3889	-0.2443	-2.0963	-0.4476	-0.5118	-1.7713	-0.1992	0.8384	-0.7440	-1.0957	-0.9371	0.0172	0.5275	-1.1427	-0.9637	0.2603	-0.2888	-0.4615	-0.3456	-0.4520	-0.7079	-0.3852	
