Arquivo: c:\arq\medidas\BBA_1505_071958\BBA_AMU11B_H.dat
Data: 1505	 Hora:  0825
Comentário: 
NomeParametro	 ValorParametro
Nmedias	5
PausaCorretora	3000
PausaShunt	2000
PausaLeitura	500
NumCiclos	3
 NPassosCor	7
DeltaShunt	3.00
TetaIni	-0.10
TetaFim	0.10
I[mA]	  33.2
ACH05B	DeltaPos^2	AMU11B	AMP01B_0	AMP02A_0	AMP02B_0	AMP03A_0	AMP03B_0	AMP03C_0	AMP04A_0	AMP04B_0	AMP05A_0	AMP05B_0	AMP06A_0	AMP06B_0	AMP07A_0	AMP07B_0	AMP08A_0	AMP08B_0	AMP09A_0	AMP09B_0	AMP10A_0	AMP10B_0	AMU11A_0	AMU11B_0	AMP12A_0	AMP12B_0	AMP01A_0	AMP01B_1	AMP02A_1	AMP02B_1	AMP03A_1	AMP03B_1	AMP03C_1	AMP04A_1	AMP04B_1	AMP05A_1	AMP05B_1	AMP06A_1	AMP06B_1	AMP07A_1	AMP07B_1	AMP08A_1	AMP08B_1	AMP09A_1	AMP09B_1	AMP10A_1	AMP10B_1	AMU11A_1	AMU11B_1	AMP12A_1	AMP12B_1	AMP01A_1	
-0.1000	 1.44612970315786E-0003	1.6287	-0.2796	0.6143	-2.3223	-0.5735	-1.0620	-2.3197	0.0208	-0.0835	-2.7216	-1.2504	0.6542	-0.4582	-0.2779	-0.6066	-0.7251	0.1508	0.6453	0.5998	-0.6394	-1.1377	1.3452	1.6287	-1.0194	-1.5636	0.3228	-0.2594	0.5808	-2.3436	-0.4992	-0.9912	-2.3026	-0.0150	-0.1199	-2.6665	-1.1835	0.6357	-0.4913	-0.2557	-0.5658	-0.7222	0.1375	0.6227	0.5942	-0.6149	-1.1280	1.2881	1.5757	-1.0306	-1.5521	0.3662	
-0.0667	 6.84782279246442E-0004	1.3206	-0.5467	0.6240	-2.2325	-0.5058	-1.0814	-2.3669	-0.0906	-0.1126	-2.4277	-1.0153	0.6362	-0.5439	-0.3141	-0.5635	-0.6422	0.1643	0.4146	0.4260	-0.5002	-1.0314	1.0420	1.3206	-0.8977	-1.4208	0.1199	-0.5261	0.5996	-2.2494	-0.4527	-1.0294	-2.3511	-0.1151	-0.1386	-2.3898	-0.9683	0.6238	-0.5665	-0.2980	-0.5346	-0.6417	0.1551	0.4053	0.4263	-0.4872	-1.0271	1.0132	1.2941	-0.9083	-1.4164	0.1564	
-0.0333	 1.88217187742293E-0004	1.0092	-0.8166	0.6344	-2.1409	-0.4390	-1.1022	-2.4150	-0.2022	-0.1415	-2.1324	-0.7796	0.6188	-0.6298	-0.3510	-0.5205	-0.5594	0.1785	0.1826	0.2511	-0.3599	-0.9245	0.7350	1.0092	-0.7745	-1.2767	-0.0848	-0.7988	0.6204	-2.1541	-0.4111	-1.0722	-2.4054	-0.2146	-0.1557	-2.1174	-0.7581	0.6137	-0.6410	-0.3461	-0.5085	-0.5603	0.1744	0.1834	0.2546	-0.3581	-0.9248	0.7334	1.0070	-0.7849	-1.2797	-0.0578	
0.0000	 8.24234825751273E-0005	0.6970	-1.0863	0.6445	-2.0496	-0.3715	-1.1224	-2.4627	-0.3146	-0.1704	-1.8357	-0.5435	0.6012	-0.7159	-0.3886	-0.4785	-0.4761	0.1927	-0.0494	0.0750	-0.2202	-0.8172	0.4279	0.6970	-0.6514	-1.1327	-0.2901	-1.0735	0.6411	-2.0581	-0.3696	-1.1158	-2.4599	-0.3146	-0.1723	-1.8434	-0.5473	0.6039	-0.7159	-0.3952	-0.4835	-0.4784	0.1937	-0.0394	0.0807	-0.2286	-0.8221	0.4514	0.7173	-0.6605	-1.1425	-0.2750	
0.0333	 3.65091090650380E-0004	0.3845	-1.3554	0.6542	-1.9589	-0.3025	-1.1414	-2.5103	-0.4284	-0.2004	-1.5363	-0.3055	0.5837	-0.8031	-0.4276	-0.4367	-0.3925	0.2073	-0.2819	-0.1011	-0.0806	-0.7100	0.1211	0.3845	-0.5292	-0.9892	-0.4947	-1.3505	0.6628	-1.9609	-0.3289	-1.1608	-2.5154	-0.4151	-0.1891	-1.5672	-0.3357	0.5941	-0.7909	-0.4448	-0.4583	-0.3960	0.2137	-0.2639	-0.0945	-0.0982	-0.7189	0.1665	0.4247	-0.5348	-1.0040	-0.4949	
0.0667	 1.09810120086955E-0003	0.0731	-1.6233	0.6633	-1.8691	-0.2335	-1.1598	-2.5577	-0.5419	-0.2308	-1.2363	-0.0672	0.5668	-0.8903	-0.4678	-0.3950	-0.3092	0.2218	-0.5135	-0.2771	0.0580	-0.6033	-0.1842	0.0731	-0.4076	-0.8465	-0.6985	-1.6300	0.6852	-1.8632	-0.2905	-1.2077	-2.5735	-0.5152	-0.2050	-1.2924	-0.1262	0.5853	-0.8656	-0.4963	-0.4348	-0.3131	0.2339	-0.4898	-0.2711	0.0325	-0.6152	-0.1194	0.1303	-0.4085	-0.8653	-0.7179	
0.1000	 2.27026899086759E-0003	-0.2393	-1.8919	0.6722	-1.7792	-0.1638	-1.1778	-2.6054	-0.6559	-0.2610	-0.9348	0.1719	0.5494	-0.9779	-0.5069	-0.3525	-0.2259	0.2360	-0.7458	-0.4534	0.1967	-0.4967	-0.4903	-0.2393	-0.2859	-0.7037	-0.9034	-1.9046	0.7070	-1.7654	-0.2494	-1.2524	-2.6278	-0.6153	-0.2216	-1.0141	0.0860	0.5755	-0.9403	-0.5452	-0.4093	-0.2307	0.2537	-0.7134	-0.4449	0.1623	-0.5119	-0.4036	-0.1616	-0.2828	-0.7267	-0.9381	
