Arquivo: c:\arq\medidas\BBA_1505_071958\BBA_AMP06A_V.dat
Data: 1505	 Hora:  0752
Comentário: 
NomeParametro	 ValorParametro
Nmedias	5
PausaCorretora	3000
PausaShunt	2000
PausaLeitura	500
NumCiclos	3
 NPassosCor	7
DeltaShunt	3.00
TetaIni	-0.10
TetaFim	0.10
I[mA]	 144.2
ACV07A	DeltaPos^2	AMP06A	AMP01B_0	AMP02A_0	AMP02B_0	AMP03A_0	AMP03B_0	AMP03C_0	AMP04A_0	AMP04B_0	AMP05A_0	AMP05B_0	AMP06A_0	AMP06B_0	AMP07A_0	AMP07B_0	AMP08A_0	AMP08B_0	AMP09A_0	AMP09B_0	AMP10A_0	AMP10B_0	AMU11A_0	AMU11B_0	AMP12A_0	AMP12B_0	AMP01A_0	AMP01B_1	AMP02A_1	AMP02B_1	AMP03A_1	AMP03B_1	AMP03C_1	AMP04A_1	AMP04B_1	AMP05A_1	AMP05B_1	AMP06A_1	AMP06B_1	AMP07A_1	AMP07B_1	AMP08A_1	AMP08B_1	AMP09A_1	AMP09B_1	AMP10A_1	AMP10B_1	AMU11A_1	AMU11B_1	AMP12A_1	AMP12B_1	AMP01A_1	
-0.1000	 3.31348350274752E-0004	0.5318	0.6479	0.6976	0.8061	0.7053	1.4416	-0.7902	0.1629	0.1952	1.8297	0.5153	0.5318	-1.5846	-0.9844	0.9084	1.5978	0.5885	0.6555	-0.9842	-0.0160	0.7112	1.4171	1.6817	0.7862	-0.0710	-0.8453	0.6699	0.7070	0.7955	0.6819	1.4465	-0.7696	0.1758	0.2148	1.8525	0.4871	0.5129	-1.6042	-1.0072	0.9393	1.6165	0.5888	0.6449	-0.9934	-0.0138	0.7313	1.4410	1.6641	0.7657	-0.0849	-0.8541	
-0.0667	 1.70725630873779E-0004	0.7108	0.3407	0.4634	0.6859	0.6512	1.6545	-0.3882	0.2605	0.0386	1.5277	0.6535	0.7108	-1.3410	-0.6691	0.7221	1.4109	0.3866	0.4470	-0.6575	0.1726	0.6790	1.2681	1.6261	0.8480	0.1533	-0.5313	0.3564	0.4705	0.6788	0.6347	1.6580	-0.3740	0.2694	0.0527	1.5438	0.6335	0.6975	-1.3550	-0.6856	0.7448	1.4245	0.3868	0.4398	-0.6643	0.1739	0.6937	1.2854	1.6134	0.8330	0.1434	-0.5378	
-0.0333	 5.87242018140003E-0005	0.8924	0.0292	0.2256	0.5640	0.5958	1.8710	0.0209	0.3601	-0.1201	1.2203	0.7929	0.8924	-1.0933	-0.3487	0.5333	1.2209	0.1811	0.2356	-0.3252	0.3641	0.6468	1.1167	1.5690	0.9103	0.3808	-0.2126	0.0384	0.2298	0.5598	0.5864	1.8722	0.0288	0.3651	-0.1116	1.2302	0.7815	0.8844	-1.1017	-0.3586	0.5467	1.2287	0.1814	0.2313	-0.3297	0.3645	0.6552	1.1271	1.5619	0.9015	0.3748	-0.2165	
0.0000	 4.03318605551340E-0006	1.0745	-0.2854	-0.0154	0.4404	0.5391	2.0886	0.4342	0.4612	-0.2794	0.9101	0.9321	1.0745	-0.8430	-0.0256	0.3435	1.0289	-0.0267	0.0206	0.0096	0.5570	0.6147	0.9641	1.5108	0.9721	0.6101	0.1082	-0.2831	-0.0140	0.4399	0.5371	2.0883	0.4351	0.4619	-0.2774	0.9129	0.9296	1.0724	-0.8457	-0.0284	0.3469	1.0313	-0.0263	0.0202	0.0078	0.5569	0.6169	0.9675	1.5091	0.9697	0.6082	0.1070	
0.0333	 1.13421182084475E-0005	1.2570	-0.6022	-0.2572	0.3160	0.4819	2.3071	0.8489	0.5630	-0.4396	0.5993	1.0724	1.2570	-0.5914	0.2989	0.1527	0.8358	-0.2356	-0.1948	0.3469	0.7515	0.5832	0.8111	1.4517	1.0337	0.8399	0.4312	-0.6066	-0.2585	0.3185	0.4865	2.3053	0.8435	0.5598	-0.4432	0.5953	1.0778	1.2602	-0.5884	0.3026	0.1470	0.8328	-0.2354	-0.1921	0.3478	0.7510	0.5799	0.8077	1.4550	1.0374	0.8421	0.4325	
0.0667	 7.47203487886099E-0005	1.4385	-0.9190	-0.4989	0.1914	0.4247	2.5247	1.2629	0.6648	-0.5994	0.2877	1.2118	1.4385	-0.3396	0.6230	-0.0378	0.6428	-0.4451	-0.4118	0.6844	0.9467	0.5526	0.6584	1.3919	1.0948	1.0693	0.7544	-0.9296	-0.5030	0.1972	0.4370	2.5210	1.2505	0.6580	-0.6086	0.2774	1.2255	1.4472	-0.3314	0.6328	-0.0521	0.6348	-0.4441	-0.4057	0.6874	0.9457	0.5433	0.6484	1.4005	1.1043	1.0755	0.7582	
0.1000	 1.93861005859253E-0004	1.6197	-1.2343	-0.7405	0.0661	0.3669	2.7414	1.6756	0.7669	-0.7587	-0.0237	1.3504	1.6197	-0.0887	0.9461	-0.2266	0.4505	-0.6544	-0.6295	1.0217	1.1430	0.5227	0.5065	1.3310	1.1554	1.2984	1.0776	-1.2512	-0.7469	0.0754	0.3861	2.7361	1.6567	0.7560	-0.7734	-0.0405	1.3724	1.6335	-0.0750	0.9628	-0.2503	0.4370	-0.6537	-0.6203	1.0272	1.1405	0.5077	0.4900	1.3448	1.1707	1.3083	1.0834	
