Arquivo: c:\arq\medidas\BBA_1505_071958\BBA_AMU11A_H.dat
Data: 1505	 Hora:  0822
Comentário: 
NomeParametro	 ValorParametro
Nmedias	5
PausaCorretora	3000
PausaShunt	2000
PausaLeitura	500
NumCiclos	3
 NPassosCor	7
DeltaShunt	3.00
TetaIni	-0.10
TetaFim	0.10
I[mA]	  33.3
ACH05A	DeltaPos^2	AMU11A	AMP01B_0	AMP02A_0	AMP02B_0	AMP03A_0	AMP03B_0	AMP03C_0	AMP04A_0	AMP04B_0	AMP05A_0	AMP05B_0	AMP06A_0	AMP06B_0	AMP07A_0	AMP07B_0	AMP08A_0	AMP08B_0	AMP09A_0	AMP09B_0	AMP10A_0	AMP10B_0	AMU11A_0	AMU11B_0	AMP12A_0	AMP12B_0	AMP01A_0	AMP01B_1	AMP02A_1	AMP02B_1	AMP03A_1	AMP03B_1	AMP03C_1	AMP04A_1	AMP04B_1	AMP05A_1	AMP05B_1	AMP06A_1	AMP06B_1	AMP07A_1	AMP07B_1	AMP08A_1	AMP08B_1	AMP09A_1	AMP09B_1	AMP10A_1	AMP10B_1	AMU11A_1	AMU11B_1	AMP12A_1	AMP12B_1	AMP01A_1	
-0.1000	 2.67080620688666E-0003	1.3887	-0.1003	0.5056	-2.4174	-0.3528	-0.8230	-2.2301	-0.0440	-0.1857	-2.6390	-1.4781	0.8063	-0.3276	-0.5961	-0.9337	-0.6087	0.3017	0.4682	0.3563	-0.6244	-1.0484	1.3887	1.6081	-1.0985	-1.5795	0.5416	-0.1152	0.4757	-2.4235	-0.2721	-0.7589	-2.2157	-0.0908	-0.2229	-2.5428	-1.3818	0.7655	-0.3757	-0.5234	-0.8451	-0.6244	0.2661	0.4752	0.3889	-0.6053	-1.0533	1.3220	1.5242	-1.0924	-1.5497	0.5543	
-0.0667	 1.25052951222934E-0003	1.0780	-0.4207	0.5488	-2.2998	-0.3545	-0.9163	-2.3055	-0.1350	-0.1830	-2.3743	-1.1694	0.7394	-0.4566	-0.5300	-0.7846	-0.5652	0.2661	0.2992	0.2641	-0.4927	-0.9729	1.0780	1.3125	-0.9543	-1.4344	0.2744	-0.4323	0.5284	-2.3038	-0.2997	-0.8729	-2.2968	-0.1669	-0.2086	-2.3090	-1.1038	0.7113	-0.4894	-0.4811	-0.7244	-0.5761	0.2418	0.3035	0.2860	-0.4790	-0.9758	1.0309	1.2535	-0.9496	-1.4134	0.2823	
-0.0333	 4.04315221769539E-0004	0.7628	-0.7453	0.5928	-2.1802	-0.3578	-1.0120	-2.3820	-0.2267	-0.1799	-2.1062	-0.8571	0.6714	-0.5865	-0.4624	-0.6337	-0.5217	0.2300	0.1291	0.1716	-0.3598	-0.8967	0.7628	1.0132	-0.8081	-1.2880	0.0029	-0.7502	0.5809	-2.1830	-0.3259	-0.9863	-2.3761	-0.2448	-0.1946	-2.0685	-0.8194	0.6555	-0.6052	-0.4341	-0.5996	-0.5277	0.2163	0.1324	0.1845	-0.3525	-0.8990	0.7376	0.9814	-0.8062	-1.2768	0.0086	
0.0000	 1.74860192110677E-0005	0.4439	-1.0723	0.6377	-2.0593	-0.3612	-1.1084	-2.4588	-0.3186	-0.1763	-1.8357	-0.5429	0.6029	-0.7173	-0.3952	-0.4824	-0.4772	0.1940	-0.0431	0.0774	-0.2261	-0.8199	0.4439	0.7104	-0.6605	-1.1405	-0.2717	-1.0720	0.6345	-2.0612	-0.3544	-1.1021	-2.4570	-0.3226	-0.1799	-1.8285	-0.5351	0.5998	-0.7213	-0.3894	-0.4751	-0.4792	0.1909	-0.0409	0.0815	-0.2253	-0.8209	0.4411	0.7060	-0.6610	-1.1392	-0.2686	
0.0333	 1.50100832254694E-0004	0.1231	-1.4009	0.6832	-1.9372	-0.3658	-1.2060	-2.5366	-0.4109	-0.1724	-1.5640	-0.2278	0.5343	-0.8481	-0.3271	-0.3305	-0.4330	0.1576	-0.2152	-0.0167	-0.0917	-0.7427	0.1231	0.4054	-0.5118	-0.9918	-0.5493	-1.3947	0.6888	-1.9381	-0.3830	-1.2182	-2.5387	-0.4006	-0.1645	-1.5871	-0.2497	0.5441	-0.8375	-0.3445	-0.3510	-0.4302	0.1653	-0.2149	-0.0229	-0.0972	-0.7424	0.1426	0.4282	-0.5153	-1.0006	-0.5485	
0.0667	 8.04149963091346E-0004	-0.1998	-1.7303	0.7294	-1.8138	-0.3716	-1.3052	-2.6148	-0.5026	-0.1676	-1.2916	0.0874	0.4658	-0.9791	-0.2598	-0.1790	-0.3882	0.1214	-0.3888	-0.1115	0.0435	-0.6646	-0.1998	0.0982	-0.3617	-0.8419	-0.8288	-1.7181	0.7433	-1.8140	-0.4127	-1.3355	-2.6206	-0.4781	-0.1493	-1.3450	0.0359	0.4883	-0.9541	-0.2999	-0.2266	-0.3811	0.1402	-0.3896	-0.1270	0.0307	-0.6639	-0.1568	0.1491	-0.3689	-0.8614	-0.8299	
0.1000	 1.96421810830204E-0003	-0.5225	-2.0584	0.7759	-1.6902	-0.3781	-1.4048	-2.6930	-0.5943	-0.1628	-1.0203	0.4007	0.3973	-1.1096	-0.1926	-0.0285	-0.3433	0.0855	-0.5622	-0.2064	0.1782	-0.5866	-0.5225	-0.2089	-0.2119	-0.6921	-1.1089	-2.0413	0.7983	-1.6899	-0.4433	-1.4539	-2.7026	-0.5552	-0.1330	-1.1033	0.3209	0.4328	-1.0703	-0.2555	-0.1029	-0.3319	0.1153	-0.5641	-0.2314	0.1587	-0.5849	-0.4570	-0.1297	-0.2219	-0.7219	-1.1124	
