Arquivo: c:\arq\medidas\BBA_1505_071958\BBA_AMP04B_H.dat
Data: 1505	 Hora:  0741
Comentário: 
NomeParametro	 ValorParametro
Nmedias	5
PausaCorretora	3000
PausaShunt	2000
PausaLeitura	500
NumCiclos	3
 NPassosCor	7
DeltaShunt	3.00
TetaIni	-0.10
TetaFim	0.10
I[mA]	 148.0
ACH11A	DeltaPos^2	AMP04B	AMP01B_0	AMP02A_0	AMP02B_0	AMP03A_0	AMP03B_0	AMP03C_0	AMP04A_0	AMP04B_0	AMP05A_0	AMP05B_0	AMP06A_0	AMP06B_0	AMP07A_0	AMP07B_0	AMP08A_0	AMP08B_0	AMP09A_0	AMP09B_0	AMP10A_0	AMP10B_0	AMU11A_0	AMU11B_0	AMP12A_0	AMP12B_0	AMP01A_0	AMP01B_1	AMP02A_1	AMP02B_1	AMP03A_1	AMP03B_1	AMP03C_1	AMP04A_1	AMP04B_1	AMP05A_1	AMP05B_1	AMP06A_1	AMP06B_1	AMP07A_1	AMP07B_1	AMP08A_1	AMP08B_1	AMP09A_1	AMP09B_1	AMP10A_1	AMP10B_1	AMU11A_1	AMU11B_1	AMP12A_1	AMP12B_1	AMP01A_1	
-0.1000	 1.62634926922577E-0004	-0.4880	-1.4831	0.4331	-1.9771	0.3775	-0.5868	-2.3711	-0.7655	-0.4880	-0.7802	0.5120	0.2125	-1.1930	0.2876	0.4160	-0.5339	-0.1056	-0.1533	0.2581	0.1066	-0.7388	-0.4705	-0.3729	-0.4431	-0.6886	-0.3711	-1.4908	0.4337	-1.9711	0.3926	-0.5759	-2.3692	-0.7704	-0.4902	-0.7784	0.5192	0.2220	-1.1885	0.2721	0.4049	-0.5187	-0.0935	-0.1774	0.2351	0.1204	-0.7229	-0.4898	-0.3951	-0.4340	-0.6752	-0.3741	
-0.0667	 3.03576003825494E-0004	-0.3714	-1.3843	0.5183	-1.9788	0.1248	-0.7717	-2.4039	-0.6047	-0.3714	-1.1321	0.1710	0.3581	-1.0261	0.0300	0.0983	-0.4888	0.0170	-0.1518	0.1630	0.0223	-0.7360	-0.2073	-0.0581	-0.4867	-0.8055	-0.3656	-1.3954	0.5185	-1.9711	0.1466	-0.7559	-2.4012	-0.6126	-0.3761	-1.1293	0.1818	0.3707	-1.0206	0.0090	0.0835	-0.4685	0.0331	-0.1843	0.1315	0.0413	-0.7148	-0.2334	-0.0886	-0.4750	-0.7876	-0.3688	
-0.0333	 4.67855166079427E-0004	-0.2538	-1.2868	0.6054	-1.9791	-0.1315	-0.9595	-2.4372	-0.4422	-0.2538	-1.4875	-0.1746	0.5054	-0.8568	-0.2312	-0.2238	-0.4427	0.1415	-0.1511	0.0650	-0.0621	-0.7320	0.0573	0.2584	-0.5300	-0.9233	-0.3618	-1.2986	0.6043	-1.9710	-0.1027	-0.9383	-2.4333	-0.4530	-0.2605	-1.4829	-0.1597	0.5205	-0.8510	-0.2575	-0.2414	-0.4174	0.1610	-0.1916	0.0260	-0.0382	-0.7057	0.0255	0.2209	-0.5163	-0.9014	-0.3636	
0.0000	 6.86617576614235E-0004	-0.1359	-1.1891	0.6925	-1.9798	-0.3887	-1.1484	-2.4713	-0.2795	-0.1359	-1.8427	-0.5211	0.6524	-0.6875	-0.4924	-0.5466	-0.3968	0.2657	-0.1504	-0.0322	-0.1467	-0.7284	0.3222	0.5759	-0.5732	-1.0412	-0.3584	-1.2032	0.6904	-1.9705	-0.3528	-1.1219	-2.4663	-0.2930	-0.1446	-1.8372	-0.5027	0.6705	-0.6807	-0.5243	-0.5674	-0.3661	0.2891	-0.1995	-0.0794	-0.1179	-0.6964	0.2840	0.5308	-0.5572	-1.0152	-0.3600	
0.0333	 9.80611682433534E-0004	-0.0169	-1.0928	0.7801	-1.9798	-0.6468	-1.3380	-2.5056	-0.1162	-0.0169	-2.1976	-0.8682	0.7995	-0.5178	-0.7556	-0.8706	-0.3499	0.3902	-0.1512	-0.1309	-0.2312	-0.7242	0.5867	0.8923	-0.6162	-1.1591	-0.3562	-1.1103	0.7778	-1.9683	-0.6044	-1.3069	-2.4999	-0.1325	-0.0273	-2.1913	-0.8467	0.8216	-0.5095	-0.7937	-0.8958	-0.3134	0.4183	-0.2099	-0.1870	-0.1965	-0.6859	0.5411	0.8384	-0.5965	-1.1276	-0.3587	
0.0667	 1.28698954214696E-0003	0.1026	-0.9976	0.8681	-1.9791	-0.9059	-1.5290	-2.5407	0.0473	0.1026	-2.5517	-1.2157	0.9465	-0.3476	-1.0195	-1.1946	-0.3026	0.5151	-0.1530	-0.2304	-0.3148	-0.7185	0.8504	1.2078	-0.6585	-1.2767	-0.3555	-1.0171	0.8653	-1.9658	-0.8571	-1.4934	-2.5342	0.0290	0.0906	-2.5442	-1.1907	0.9717	-0.3384	-1.0630	-1.2233	-0.2607	0.5471	-0.2204	-0.2951	-0.2754	-0.6753	0.7981	1.1460	-0.6360	-1.2402	-0.3583	
0.1000	 1.67012933462565E-0003	0.2211	-0.9047	0.9574	-1.9766	-1.1651	-1.7207	-2.5767	0.2100	0.2211	-2.9038	-1.5623	1.0940	-0.1772	-1.2824	-1.5178	-0.2544	0.6407	-0.1562	-0.3312	-0.3984	-0.7138	1.1107	1.5192	-0.6986	-1.3920	-0.3575	-0.9283	0.9544	-1.9611	-1.1103	-1.6813	-2.5694	0.1899	0.2084	-2.8952	-1.5339	1.1223	-0.1669	-1.3312	-1.5500	-0.2066	0.6766	-0.2330	-0.4046	-0.3522	-0.6635	1.0507	1.4485	-0.6728	-1.3503	-0.3609	
