Arquivo: c:\arq\medidas\BBA_1505_071958\BBA_AMP09B_H.dat
Data: 1505	 Hora:  0812
Comentário: 
NomeParametro	 ValorParametro
Nmedias	5
PausaCorretora	3000
PausaShunt	2000
PausaLeitura	500
NumCiclos	3
 NPassosCor	7
DeltaShunt	3.00
TetaIni	-0.10
TetaFim	0.10
I[mA]	  36.0
ACH05B	DeltaPos^2	AMP09B	AMP01B_0	AMP02A_0	AMP02B_0	AMP03A_0	AMP03B_0	AMP03C_0	AMP04A_0	AMP04B_0	AMP05A_0	AMP05B_0	AMP06A_0	AMP06B_0	AMP07A_0	AMP07B_0	AMP08A_0	AMP08B_0	AMP09A_0	AMP09B_0	AMP10A_0	AMP10B_0	AMU11A_0	AMU11B_0	AMP12A_0	AMP12B_0	AMP01A_0	AMP01B_1	AMP02A_1	AMP02B_1	AMP03A_1	AMP03B_1	AMP03C_1	AMP04A_1	AMP04B_1	AMP05A_1	AMP05B_1	AMP06A_1	AMP06B_1	AMP07A_1	AMP07B_1	AMP08A_1	AMP08B_1	AMP09A_1	AMP09B_1	AMP10A_1	AMP10B_1	AMU11A_1	AMU11B_1	AMP12A_1	AMP12B_1	AMP01A_1	
-0.1000	 1.25610204091580E-0003	0.5926	-0.3291	0.6520	-2.2901	-0.6420	-1.1314	-2.3491	0.0458	-0.0485	-2.7533	-1.2801	0.6722	-0.4404	-0.3027	-0.6331	-0.7160	0.1663	0.6464	0.5926	-0.6399	-1.1307	1.3526	1.6439	-0.9918	-1.5538	0.2648	-0.2735	0.6211	-2.3188	-0.5811	-1.0648	-2.3206	0.0304	-0.0764	-2.7356	-1.2458	0.6799	-0.4492	-0.3346	-0.6483	-0.6888	0.1804	0.5825	0.5365	-0.6407	-1.1130	1.3701	1.6468	-1.0177	-1.5624	0.3293	
-0.0667	 6.68560486492243E-0004	0.4204	-0.5913	0.6520	-2.2062	-0.5533	-1.1315	-2.3905	-0.0763	-0.0885	-2.4420	-1.0247	0.6473	-0.5364	-0.3292	-0.5761	-0.6351	0.1744	0.4129	0.4204	-0.4976	-1.0241	1.0390	1.3232	-0.8739	-1.4092	0.0736	-0.5507	0.6293	-2.2271	-0.5084	-1.0828	-2.3691	-0.0875	-0.1089	-2.4279	-0.9990	0.6524	-0.5431	-0.3518	-0.5860	-0.6156	0.1840	0.3664	0.3802	-0.4983	-1.0115	1.0521	1.3260	-0.8930	-1.4154	0.1203	
-0.0333	 2.72065819107125E-0004	0.2468	-0.8583	0.6524	-2.1204	-0.4648	-1.1328	-2.4325	-0.1994	-0.1285	-2.1261	-0.7667	0.6216	-0.6332	-0.3562	-0.5175	-0.5538	0.1822	0.1775	0.2468	-0.3532	-0.9163	0.7204	0.9978	-0.7541	-1.2625	-0.1218	-0.8329	0.6378	-2.1340	-0.4350	-1.1014	-2.4187	-0.2069	-0.1412	-2.1161	-0.7495	0.6247	-0.6379	-0.3698	-0.5232	-0.5416	0.1878	0.1483	0.2220	-0.3542	-0.9086	0.7290	1.0003	-0.7663	-1.2665	-0.0922	
0.0000	 5.09740900365753E-0005	0.0721	-1.1259	0.6530	-2.0347	-0.3759	-1.1345	-2.4753	-0.3230	-0.1679	-1.8076	-0.5076	0.5966	-0.7302	-0.3829	-0.4593	-0.4722	0.1901	-0.0588	0.0721	-0.2091	-0.8083	0.3996	0.6700	-0.6337	-1.1157	-0.3186	-1.1153	0.6466	-2.0405	-0.3622	-1.1206	-2.4680	-0.3263	-0.1736	-1.8021	-0.4991	0.5967	-0.7331	-0.3880	-0.4607	-0.4676	0.1914	-0.0704	0.0630	-0.2105	-0.8060	0.4045	0.6728	-0.6393	-1.1179	-0.3062	
0.0333	 1.00971209059354E-0005	-0.1038	-1.3954	0.6541	-1.9474	-0.2870	-1.1368	-2.5187	-0.4471	-0.2080	-1.4865	-0.2472	0.5711	-0.8277	-0.4108	-0.4019	-0.3900	0.1982	-0.2965	-0.1038	-0.0637	-0.6995	0.0762	0.3389	-0.5125	-0.9676	-0.5181	-1.4008	0.6559	-1.9456	-0.2889	-1.1406	-2.5183	-0.4472	-0.2058	-1.4845	-0.2471	0.5687	-0.8288	-0.4060	-0.3975	-0.3931	0.1952	-0.2909	-0.0973	-0.0652	-0.7026	0.0764	0.3410	-0.5112	-0.9674	-0.5235	
0.0667	 1.46662601036957E-0004	-0.2799	-1.6658	0.6558	-1.8599	-0.1991	-1.1400	-2.5624	-0.5714	-0.2470	-1.1649	0.0126	0.5458	-0.9251	-0.4385	-0.3437	-0.3080	0.2064	-0.5345	-0.2799	0.0814	-0.5906	-0.2478	0.0074	-0.3908	-0.8193	-0.7190	-1.6857	0.6654	-1.8502	-0.2166	-1.1611	-2.5688	-0.5673	-0.2380	-1.1670	0.0042	0.5410	-0.9241	-0.4245	-0.3349	-0.3181	0.1991	-0.5118	-0.2578	0.0799	-0.5988	-0.2521	0.0091	-0.3827	-0.8166	-0.7415	
0.1000	 4.63167393626370E-0004	-0.4565	-1.9365	0.6576	-1.7718	-0.1114	-1.1442	-2.6063	-0.6960	-0.2863	-0.8419	0.2729	0.5205	-1.0224	-0.4664	-0.2859	-0.2255	0.2146	-0.7730	-0.4565	0.2267	-0.4816	-0.5731	-0.3256	-0.2683	-0.6706	-0.9211	-1.9706	0.6751	-1.7547	-0.1446	-1.1825	-2.6197	-0.6876	-0.2698	-0.8487	0.2553	0.5132	-1.0192	-0.4428	-0.2726	-0.2431	0.2030	-0.7328	-0.4184	0.2243	-0.4952	-0.5810	-0.3233	-0.2538	-0.6661	-0.9607	
