Arquivo: c:\arq\medidas\BBA_1505_071958\BBA_AMP10A_H.dat
Data: 1505	 Hora:  0815
Comentário: 
NomeParametro	 ValorParametro
Nmedias	5
PausaCorretora	3000
PausaShunt	2000
PausaLeitura	500
NumCiclos	3
 NPassosCor	7
DeltaShunt	3.00
TetaIni	-0.10
TetaFim	0.10
I[mA]	  34.0
ACH03A	DeltaPos^2	AMP10A	AMP01B_0	AMP02A_0	AMP02B_0	AMP03A_0	AMP03B_0	AMP03C_0	AMP04A_0	AMP04B_0	AMP05A_0	AMP05B_0	AMP06A_0	AMP06B_0	AMP07A_0	AMP07B_0	AMP08A_0	AMP08B_0	AMP09A_0	AMP09B_0	AMP10A_0	AMP10B_0	AMU11A_0	AMU11B_0	AMP12A_0	AMP12B_0	AMP01A_0	AMP01B_1	AMP02A_1	AMP02B_1	AMP03A_1	AMP03B_1	AMP03C_1	AMP04A_1	AMP04B_1	AMP05A_1	AMP05B_1	AMP06A_1	AMP06B_1	AMP07A_1	AMP07B_1	AMP08A_1	AMP08B_1	AMP09A_1	AMP09B_1	AMP10A_1	AMP10B_1	AMU11A_1	AMU11B_1	AMP12A_1	AMP12B_1	AMP01A_1	
-0.1000	 1.93504722449434E-0004	-0.6559	-0.7873	0.8941	-2.0636	-1.1296	-2.0219	-2.8593	-0.2049	0.1788	-1.8029	-0.7785	0.3561	-0.7260	0.3330	0.0340	-0.9437	-0.1419	0.9756	1.0629	-0.6559	-1.3006	1.2255	1.6428	-0.7939	-1.4970	-0.2675	-0.7830	0.8784	-2.0728	-1.1043	-1.9997	-2.8529	-0.2215	0.1622	-1.7808	-0.7538	0.3440	-0.7416	0.3425	0.0492	-0.9471	-0.1517	0.9657	1.0598	-0.6513	-1.2925	1.2134	1.6247	-0.8011	-1.4966	-0.2560	
-0.0667	 6.76258990901511E-0005	-0.5095	-0.8993	0.8163	-2.0533	-0.8845	-1.7345	-2.7352	-0.2433	0.0665	-1.8030	-0.6896	0.4353	-0.7270	0.0982	-0.1281	-0.7885	-0.0324	0.6364	0.7381	-0.5095	-1.1401	0.9555	1.3256	-0.7409	-1.3719	-0.2856	-0.8982	0.8072	-2.0581	-0.8702	-1.7220	-2.7317	-0.2532	0.0566	-1.7896	-0.6752	0.4281	-0.7363	0.1039	-0.1188	-0.7902	-0.0381	0.6303	0.7364	-0.5063	-1.1349	0.9471	1.3136	-0.7443	-1.3708	-0.2801	
-0.0333	 7.62677130773920E-0006	-0.3613	-1.0144	0.7385	-2.0419	-0.6379	-1.4448	-2.6102	-0.2821	-0.0462	-1.8036	-0.6009	0.5157	-0.7277	-0.1393	-0.2924	-0.6316	0.0783	0.2943	0.4103	-0.3613	-0.9779	0.6812	1.0036	-0.6861	-1.2450	-0.3062	-1.0156	0.7362	-2.0420	-0.6342	-1.4422	-2.6095	-0.2848	-0.0488	-1.7990	-0.5963	0.5129	-0.7305	-0.1370	-0.2888	-0.6318	0.0759	0.2915	0.4094	-0.3592	-0.9754	0.6771	0.9981	-0.6863	-1.2437	-0.3063	
0.0000	 1.23625340684126E-0005	-0.2130	-1.1305	0.6614	-2.0300	-0.3927	-1.1558	-2.4851	-0.3199	-0.1585	-1.8047	-0.5127	0.5958	-0.7281	-0.3768	-0.4570	-0.4751	0.1887	-0.0482	0.0819	-0.2130	-0.8156	0.4061	0.6803	-0.6310	-1.1183	-0.3283	-1.1346	0.6655	-2.0252	-0.3994	-1.1630	-2.4876	-0.3159	-0.1543	-1.8083	-0.5178	0.5976	-0.7245	-0.3774	-0.4589	-0.4741	0.1902	-0.0474	0.0825	-0.2124	-0.8158	0.4053	0.6806	-0.6273	-1.1162	-0.3344	
0.0333	 1.00175483456465E-0004	-0.0645	-1.2476	0.5848	-2.0169	-0.1473	-0.8664	-2.3604	-0.3576	-0.2708	-1.8066	-0.4252	0.6765	-0.7279	-0.6151	-0.6221	-0.3184	0.2996	-0.3913	-0.2473	-0.0645	-0.6528	0.1290	0.3546	-0.5746	-0.9902	-0.3521	-1.2570	0.5970	-2.0055	-0.1668	-0.8865	-2.3665	-0.3459	-0.2580	-1.8188	-0.4410	0.6828	-0.7172	-0.6172	-0.6291	-0.3152	0.3051	-0.3875	-0.2455	-0.0637	-0.6549	0.1293	0.3592	-0.5656	-0.9863	-0.3670	
0.0667	 2.53159774026018E-0004	0.0843	-1.3665	0.5087	-2.0032	0.0970	-0.5776	-2.2352	-0.3949	-0.3827	-1.8094	-0.3384	0.7571	-0.7273	-0.8531	-0.7877	-0.1616	0.4106	-0.7350	-0.5768	0.0843	-0.4895	-0.1487	0.0285	-0.5179	-0.8620	-0.3771	-1.3793	0.5281	-1.9867	0.0655	-0.6094	-2.2450	-0.3766	-0.3625	-1.8297	-0.3645	0.7678	-0.7101	-0.8566	-0.7991	-0.1572	0.4192	-0.7269	-0.5722	0.0843	-0.4946	-0.1455	0.0388	-0.5046	-0.8569	-0.3997	
0.1000	 4.64653720445687E-0004	0.2337	-1.4880	0.4337	-1.9883	0.3387	-0.2914	-2.1105	-0.4314	-0.4935	-1.8126	-0.2525	0.8379	-0.7262	-1.0905	-0.9530	-0.0047	0.5211	-1.0780	-0.9055	0.2337	-0.3263	-0.4278	-0.2989	-0.4598	-0.7329	-0.4046	-1.5027	0.4596	-1.9672	0.2963	-0.3336	-2.1235	-0.4061	-0.4664	-1.8414	-0.2885	0.8529	-0.7030	-1.0958	-0.9699	0.0009	0.5335	-1.0648	-0.8983	0.2320	-0.3346	-0.4197	-0.2809	-0.4434	-0.7274	-0.4327	
