Arquivo: c:\arq\medidas\BBA_1505_071958\BBA_AMP03C_V.dat
Data: 1505	 Hora:  0737
Comentário: 
NomeParametro	 ValorParametro
Nmedias	5
PausaCorretora	3000
PausaShunt	2000
PausaLeitura	500
NumCiclos	3
 NPassosCor	7
DeltaShunt	3.00
TetaIni	-0.10
TetaFim	0.10
I[mA]	 148.4
ACV09B	DeltaPos^2	AMP03C	AMP01B_0	AMP02A_0	AMP02B_0	AMP03A_0	AMP03B_0	AMP03C_0	AMP04A_0	AMP04B_0	AMP05A_0	AMP05B_0	AMP06A_0	AMP06B_0	AMP07A_0	AMP07B_0	AMP08A_0	AMP08B_0	AMP09A_0	AMP09B_0	AMP10A_0	AMP10B_0	AMU11A_0	AMU11B_0	AMP12A_0	AMP12B_0	AMP01A_0	AMP01B_1	AMP02A_1	AMP02B_1	AMP03A_1	AMP03B_1	AMP03C_1	AMP04A_1	AMP04B_1	AMP05A_1	AMP05B_1	AMP06A_1	AMP06B_1	AMP07A_1	AMP07B_1	AMP08A_1	AMP08B_1	AMP09A_1	AMP09B_1	AMP10A_1	AMP10B_1	AMU11A_1	AMU11B_1	AMP12A_1	AMP12B_1	AMP01A_1	
-0.1000	 1.11315289377992E-0002	-1.1909	0.0761	0.4341	1.0285	1.2358	1.3582	-1.1909	-0.1162	-0.2836	1.2406	1.1610	0.9940	-1.4341	-0.9560	1.1026	1.6435	0.4036	0.3314	-0.7811	-0.0311	0.2481	0.8531	2.0781	1.2690	0.2851	-0.5800	-0.0478	0.3272	0.9480	1.1678	1.4780	-0.9367	-0.0080	-0.2204	1.2747	1.0408	0.9404	-1.3765	-0.8272	1.0570	1.5770	0.2978	0.2028	-0.6223	0.0718	0.2647	0.8125	2.0182	1.2666	0.3802	-0.4291	
-0.0667	 4.48324921086381E-0003	-0.6579	-0.0542	0.2797	0.8368	1.0141	1.5996	-0.6579	0.0704	-0.2932	1.1142	1.0925	1.0279	-1.2339	-0.6449	0.8481	1.4375	0.2598	0.2282	-0.5160	0.1625	0.3616	0.8804	1.8973	1.1791	0.3995	-0.3462	-0.1325	0.2123	0.7861	0.9708	1.6755	-0.4962	0.1389	-0.2534	1.1359	1.0166	0.9937	-1.1972	-0.5629	0.8194	1.3951	0.1929	0.1466	-0.4153	0.2281	0.3725	0.8545	1.8589	1.1774	0.4599	-0.2504	
-0.0333	 7.43647388572074E-0004	-0.1141	-0.1871	0.1228	0.6417	0.7874	1.8451	-0.1141	0.2604	-0.3033	0.9863	1.0228	1.0616	-1.0300	-0.3276	0.5894	1.2279	0.1134	0.1227	-0.2465	0.3601	0.4772	0.9080	1.7131	1.0874	0.5163	-0.1080	-0.2186	0.0956	0.6211	0.7696	1.8748	-0.0480	0.2887	-0.2867	0.9956	0.9918	1.0479	-1.0152	-0.2947	0.5776	1.2110	0.0860	0.0890	-0.2054	0.3869	0.4818	0.8973	1.6968	1.0864	0.5407	-0.0689	
0.0000	 1.69428469858993E-0004	0.4336	-0.3217	-0.0365	0.4450	0.5585	2.0915	0.4336	0.4525	-0.3126	0.8577	0.9516	1.0953	-0.8243	-0.0080	0.3288	1.0161	-0.0350	0.0149	0.0253	0.5592	0.5936	0.9357	1.5268	0.9954	0.6341	0.1321	-0.3059	-0.0229	0.4556	0.5671	2.0750	0.4027	0.4390	-0.3202	0.8541	0.9669	1.1018	-0.8316	-0.0240	0.3344	1.0248	-0.0220	0.0303	0.0063	0.5469	0.5918	0.9400	1.5331	0.9953	0.6224	0.1140	
0.0333	 2.85234784091159E-0003	0.9843	-0.4579	-0.1964	0.2465	0.3277	2.3389	0.9843	0.6457	-0.3217	0.7289	0.8797	1.1287	-0.6173	0.3129	0.0661	0.8031	-0.1843	-0.0928	0.2997	0.7599	0.7108	0.9635	1.3382	0.9025	0.7525	0.3744	-0.3941	-0.1417	0.2882	0.3626	2.2769	0.8561	0.5910	-0.3532	0.7123	0.9415	1.1560	-0.6466	0.2476	0.0896	0.8374	-0.1306	-0.0284	0.2203	0.7082	0.7026	0.9828	1.3678	0.9032	0.7045	0.2988	
0.0667	 8.80648108485788E-0003	1.5341	-0.5943	-0.3570	0.0467	0.0962	2.5853	1.5341	0.8395	-0.3304	0.6004	0.8067	1.1618	-0.4099	0.6345	-0.1966	0.5892	-0.3340	-0.2013	0.5745	0.9610	0.8283	0.9910	1.1495	0.8089	0.8713	0.6176	-0.4830	-0.2611	0.1202	0.1573	2.4782	1.3099	0.7431	-0.3865	0.5703	0.9154	1.2100	-0.4614	0.5196	-0.1554	0.6493	-0.2395	-0.0875	0.4341	0.8696	0.8133	1.0253	1.2022	0.8109	0.7869	0.4843	
0.1000	 1.80176808380915E-0002	2.0809	-0.7305	-0.5172	-0.1528	-0.1364	2.8314	2.0809	1.0335	-0.3381	0.4725	0.7330	1.1944	-0.2026	0.9554	-0.4594	0.3755	-0.4835	-0.3103	0.8490	1.1618	0.9464	1.0192	0.9596	0.7157	0.9902	0.8606	-0.5715	-0.3800	-0.0483	-0.0481	2.6782	1.7612	0.8955	-0.4187	0.4290	0.8886	1.2634	-0.2763	0.7908	-0.4009	0.4620	-0.3482	-0.1469	0.6484	1.0311	0.9249	1.0683	1.0357	0.7186	0.8694	0.6695	
