Arquivo: c:\arq\medidas\BBA_1505_071958\BBA_AMP07A_H.dat
Data: 1505	 Hora:  0757
Comentário: 
NomeParametro	 ValorParametro
Nmedias	5
PausaCorretora	3000
PausaShunt	2000
PausaLeitura	500
NumCiclos	3
 NPassosCor	7
DeltaShunt	3.00
TetaIni	-0.10
TetaFim	0.10
I[mA]	  89.4
ACH01B	DeltaPos^2	AMP07A	AMP01B_0	AMP02A_0	AMP02B_0	AMP03A_0	AMP03B_0	AMP03C_0	AMP04A_0	AMP04B_0	AMP05A_0	AMP05B_0	AMP06A_0	AMP06B_0	AMP07A_0	AMP07B_0	AMP08A_0	AMP08B_0	AMP09A_0	AMP09B_0	AMP10A_0	AMP10B_0	AMU11A_0	AMU11B_0	AMP12A_0	AMP12B_0	AMP01A_0	AMP01B_1	AMP02A_1	AMP02B_1	AMP03A_1	AMP03B_1	AMP03C_1	AMP04A_1	AMP04B_1	AMP05A_1	AMP05B_1	AMP06A_1	AMP06B_1	AMP07A_1	AMP07B_1	AMP08A_1	AMP08B_1	AMP09A_1	AMP09B_1	AMP10A_1	AMP10B_1	AMU11A_1	AMU11B_1	AMP12A_1	AMP12B_1	AMP01A_1	
-0.1000	 6.82837279094315E-0003	0.8370	-2.0488	0.6814	-1.7150	-0.0947	-1.1509	-2.6130	-0.6958	-0.2761	-0.7958	0.3051	0.0273	-1.2018	0.8370	0.7844	-0.9063	-0.3700	0.6423	1.0286	-0.2259	-1.1248	0.1620	0.6887	-0.2116	-0.9771	-1.3831	-1.8938	0.6228	-1.7859	0.0029	-1.0245	-2.5554	-0.7024	-0.3217	-0.8242	0.3212	0.0780	-1.1893	0.6962	0.6245	-0.8712	-0.3041	0.6089	0.9522	-0.2519	-1.1088	0.2528	0.7511	-0.2824	-1.0204	-1.2230	
-0.0667	 3.28207079058331E-0003	0.4223	-1.7669	0.6762	-1.8080	-0.1775	-1.1398	-2.5660	-0.5714	-0.2391	-1.1234	0.0474	0.2216	-1.0468	0.4223	0.3700	-0.7503	-0.1747	0.3942	0.6971	-0.2052	-1.0062	0.2166	0.6580	-0.3351	-1.0050	-1.0483	-1.6592	0.6352	-1.8573	-0.1099	-1.0524	-2.5264	-0.5765	-0.2717	-1.1426	0.0592	0.2561	-1.0386	0.3257	0.2591	-0.7266	-0.1298	0.3710	0.6439	-0.2234	-0.9956	0.2796	0.7011	-0.3843	-1.0355	-0.9367	
-0.0333	 1.01704560387643E-0003	0.0049	-1.4837	0.6711	-1.9012	-0.2626	-1.1310	-2.5197	-0.4459	-0.2022	-1.4532	-0.2131	0.4169	-0.8900	0.0049	-0.0481	-0.5935	0.0210	0.1428	0.3618	-0.1838	-0.8862	0.2702	0.6252	-0.4593	-1.0328	-0.7107	-1.4233	0.6478	-1.9289	-0.2250	-1.0824	-2.4976	-0.4488	-0.2204	-1.4638	-0.2069	0.4358	-0.8856	-0.0483	-0.1099	-0.5807	0.0457	0.1297	0.3322	-0.1944	-0.8808	0.3050	0.6490	-0.4872	-1.0500	-0.6485	
0.0000	 3.67621955830616E-0005	-0.4159	-1.1980	0.6661	-1.9953	-0.3495	-1.1232	-2.4735	-0.3193	-0.1644	-1.7855	-0.4769	0.6132	-0.7323	-0.4159	-0.4700	-0.4358	0.2179	-0.1114	0.0232	-0.1616	-0.7658	0.3227	0.5911	-0.5845	-1.0608	-0.3715	-1.1860	0.6613	-2.0012	-0.3417	-1.1138	-2.4694	-0.3204	-0.1685	-1.7863	-0.4750	0.6160	-0.7321	-0.4249	-0.4809	-0.4342	0.2217	-0.1134	0.0181	-0.1643	-0.7654	0.3295	0.5957	-0.5904	-1.0648	-0.3592	
0.0333	 4.32532187975120E-0004	-0.8380	-0.9131	0.6627	-2.0886	-0.4378	-1.1167	-2.4274	-0.1918	-0.1259	-2.1175	-0.7413	0.8095	-0.5738	-0.8380	-0.8935	-0.2766	0.4154	-0.3673	-0.3170	-0.1389	-0.6437	0.3734	0.5548	-0.7089	-1.0876	-0.0328	-0.9527	0.6776	-2.0703	-0.4618	-1.1485	-2.4421	-0.1900	-0.1142	-2.1094	-0.7446	0.7974	-0.5762	-0.8035	-0.8541	-0.2849	0.3999	-0.3600	-0.2989	-0.1317	-0.6472	0.3493	0.5376	-0.6904	-1.0758	-0.0736	
0.0667	 2.21363963877456E-0003	-1.2599	-0.6320	0.6620	-2.1783	-0.5300	-1.1143	-2.3828	-0.0622	-0.0843	-2.4492	-1.0070	1.0068	-0.4129	-1.2599	-1.3162	-0.1160	0.6146	-0.6253	-0.6586	-0.1132	-0.5193	0.4203	0.5151	-0.8302	-1.1109	0.3009	-0.7212	0.6953	-2.1374	-0.5842	-1.1857	-2.4158	-0.0587	-0.0583	-2.4311	-1.0145	0.9784	-0.4196	-1.1800	-1.2261	-0.1351	0.5780	-0.6070	-0.6159	-0.0978	-0.5278	0.3671	0.4780	-0.7892	-1.0855	0.2094	
0.1000	 5.60697316425237E-0003	-1.6814	-0.3519	0.6621	-2.2674	-0.6234	-1.1133	-2.3384	0.0675	-0.0420	-2.7803	-1.2734	1.2037	-0.2521	-1.6814	-1.7384	0.0451	0.8127	-0.8846	-1.0011	-0.0870	-0.3943	0.4659	0.4740	-0.9508	-1.1337	0.6343	-0.4937	0.7149	-2.2023	-0.7078	-1.2258	-2.3906	0.0734	-0.0009	-2.7497	-1.2836	1.1592	-0.2627	-1.5529	-1.5955	0.0150	0.7556	-0.8549	-0.9323	-0.0623	-0.4073	0.3806	0.4146	-0.8857	-1.0932	0.4878	
