Arquivo: c:\arq\medidas\BBA_1505_071958\BBA_AMP09A_V.dat
Data: 1505	 Hora:  0811
Comentário: 
NomeParametro	 ValorParametro
Nmedias	5
PausaCorretora	3000
PausaShunt	2000
PausaLeitura	500
NumCiclos	3
 NPassosCor	7
DeltaShunt	3.00
TetaIni	-0.10
TetaFim	0.10
I[mA]	  39.1
ACV07A	DeltaPos^2	AMP09A	AMP01B_0	AMP02A_0	AMP02B_0	AMP03A_0	AMP03B_0	AMP03C_0	AMP04A_0	AMP04B_0	AMP05A_0	AMP05B_0	AMP06A_0	AMP06B_0	AMP07A_0	AMP07B_0	AMP08A_0	AMP08B_0	AMP09A_0	AMP09B_0	AMP10A_0	AMP10B_0	AMU11A_0	AMU11B_0	AMP12A_0	AMP12B_0	AMP01A_0	AMP01B_1	AMP02A_1	AMP02B_1	AMP03A_1	AMP03B_1	AMP03C_1	AMP04A_1	AMP04B_1	AMP05A_1	AMP05B_1	AMP06A_1	AMP06B_1	AMP07A_1	AMP07B_1	AMP08A_1	AMP08B_1	AMP09A_1	AMP09B_1	AMP10A_1	AMP10B_1	AMU11A_1	AMU11B_1	AMP12A_1	AMP12B_1	AMP01A_1	
-0.1000	 1.26241198043123E-0003	0.7092	0.7019	0.7453	0.8422	0.7286	1.3928	-0.8904	0.1323	0.2148	1.8874	0.5016	0.5098	-1.6335	-1.0485	0.9874	1.6614	0.6409	0.7092	-1.0482	-0.0585	0.7001	1.4369	1.7106	0.7985	-0.1069	-0.9088	0.6938	0.7534	0.8780	0.7835	1.3581	-0.9795	0.0948	0.1935	1.8784	0.5431	0.5282	-1.6530	-1.0934	1.0031	1.6839	0.6781	0.7585	-1.0713	-0.0857	0.6635	1.4096	1.7560	0.8334	-0.1054	-0.9284	
-0.0667	 3.82346984796158E-0004	0.4836	0.3755	0.4969	0.7126	0.6669	1.6224	-0.4558	0.2386	0.0502	1.5664	0.6460	0.6984	-1.3738	-0.7101	0.7829	1.4578	0.4231	0.4836	-0.6989	0.1433	0.6687	1.2805	1.6480	0.8612	0.1311	-0.5732	0.3704	0.5006	0.7321	0.6979	1.6045	-0.5036	0.2184	0.0375	1.5608	0.6696	0.7095	-1.3838	-0.7340	0.7912	1.4695	0.4436	0.5113	-0.7122	0.1285	0.6483	1.2662	1.6746	0.8810	0.1325	-0.5835	
-0.0333	 1.04804023876793E-0005	0.2541	0.0446	0.2440	0.5804	0.6040	1.8552	-0.0129	0.3472	-0.1165	1.2399	0.7915	0.8895	-1.1096	-0.3655	0.5744	1.2514	0.2016	0.2541	-0.3432	0.3483	0.6372	1.1212	1.5839	0.9246	0.3723	-0.2322	0.0427	0.2436	0.5832	0.6095	1.8547	-0.0187	0.3444	-0.1195	1.2389	0.7964	0.8922	-1.1101	-0.3678	0.5752	1.2525	0.2049	0.2594	-0.3458	0.3456	0.6338	1.1206	1.5907	0.9286	0.3736	-0.2331	
0.0000	 1.95093090757209E-0004	0.0216	-0.2899	-0.0117	0.4472	0.5397	2.0897	0.4334	0.4568	-0.2847	0.9103	0.9367	1.0815	-0.8428	-0.0180	0.3649	1.0424	-0.0226	0.0216	0.0153	0.5548	0.6060	0.9607	1.5188	0.9879	0.6157	0.1108	-0.2887	-0.0164	0.4328	0.5193	2.1067	0.4702	0.4720	-0.2777	0.9131	0.9230	1.0764	-0.8334	0.0018	0.3576	1.0321	-0.0367	0.0041	0.0235	0.5652	0.6196	0.9740	1.5056	0.9758	0.6169	0.1200	
0.0333	 9.68276533478805E-0004	-0.2119	-0.6270	-0.2685	0.3129	0.4745	2.3250	0.8820	0.5676	-0.4528	0.5800	1.0826	1.2737	-0.5745	0.3304	0.1547	0.8328	-0.2480	-0.2119	0.3767	0.7636	0.5758	0.8000	1.4522	1.0512	0.8594	0.4566	-0.6225	-0.2776	0.2811	0.4279	2.3593	0.9625	0.6011	-0.4363	0.5870	1.0497	1.2601	-0.5554	0.3730	0.1394	0.8112	-0.2801	-0.2529	0.3959	0.7867	0.6067	0.8273	1.4182	1.0226	0.8605	0.4756	
0.0667	 2.30136951460536E-0003	-0.4471	-0.9631	-0.5248	0.1783	0.4092	2.5593	1.3293	0.6785	-0.6202	0.2499	1.2275	1.4642	-0.3068	0.6787	-0.0546	0.6235	-0.4731	-0.4471	0.7373	0.9726	0.5463	0.6401	1.3848	1.1128	1.1025	0.8020	-0.9553	-0.5382	0.1294	0.3363	2.6105	1.4524	0.7297	-0.5935	0.2609	1.1754	1.4424	-0.2779	0.7427	-0.0781	0.5906	-0.5229	-0.5109	0.7676	1.0083	0.5947	0.6815	1.3305	1.0682	1.1030	0.8311	
0.1000	 4.21096907823424E-0003	-0.6812	-1.2964	-0.7796	0.0437	0.3440	2.7907	1.7726	0.7888	-0.7864	-0.0788	1.3708	1.6535	-0.0407	1.0236	-0.2616	0.4158	-0.6976	-0.6812	1.0963	1.1805	0.5175	0.4816	1.3172	1.1738	1.3436	1.1455	-1.2855	-0.7973	-0.0224	0.2452	2.8593	1.9377	0.8581	-0.7496	-0.0635	1.3001	1.6234	-0.0022	1.1103	-0.2930	0.3718	-0.7650	-0.7684	1.1375	1.2294	0.5834	0.5370	1.2419	1.1129	1.3445	1.1847	
