Arquivo: c:\arq\medidas\BBA_1505_071958\BBA_AMP07B_H.dat
Data: 1505	 Hora:  0800
Comentário: 
NomeParametro	 ValorParametro
Nmedias	5
PausaCorretora	3000
PausaShunt	2000
PausaLeitura	500
NumCiclos	3
 NPassosCor	7
DeltaShunt	3.00
TetaIni	-0.10
TetaFim	0.10
I[mA]	  58.4
ACH03B	DeltaPos^2	AMP07B	AMP01B_0	AMP02A_0	AMP02B_0	AMP03A_0	AMP03B_0	AMP03C_0	AMP04A_0	AMP04B_0	AMP05A_0	AMP05B_0	AMP06A_0	AMP06B_0	AMP07A_0	AMP07B_0	AMP08A_0	AMP08B_0	AMP09A_0	AMP09B_0	AMP10A_0	AMP10B_0	AMU11A_0	AMU11B_0	AMP12A_0	AMP12B_0	AMP01A_0	AMP01B_1	AMP02A_1	AMP02B_1	AMP03A_1	AMP03B_1	AMP03C_1	AMP04A_1	AMP04B_1	AMP05A_1	AMP05B_1	AMP06A_1	AMP06B_1	AMP07A_1	AMP07B_1	AMP08A_1	AMP08B_1	AMP09A_1	AMP09B_1	AMP10A_1	AMP10B_1	AMU11A_1	AMU11B_1	AMP12A_1	AMP12B_1	AMP01A_1	
-0.1000	 9.71819940095461E-0004	0.3166	-1.1783	1.0480	-1.8751	-1.3712	-1.9794	-2.8645	-0.3087	0.1244	-1.5360	-0.5363	0.2345	-0.8509	0.5830	0.3166	-1.0100	-0.2547	1.0654	1.2393	-0.5799	-1.3249	0.9990	1.4840	-0.6047	-1.3722	-0.6626	-1.1181	1.0312	-1.9006	-1.3466	-1.9419	-2.8451	-0.3033	0.1134	-1.5624	-0.5452	0.2606	-0.8384	0.5194	0.2619	-1.0035	-0.2343	1.0676	1.2245	-0.5954	-1.3257	1.0425	1.5194	-0.6317	-1.3927	-0.6046	
-0.0667	 2.75194723603885E-0004	0.0605	-1.1750	0.9245	-1.9184	-1.0479	-1.7064	-2.7397	-0.3113	0.0319	-1.6216	-0.5227	0.3569	-0.8117	0.2606	0.0605	-0.8272	-0.1034	0.6909	0.8509	-0.4499	-1.1487	0.7898	1.2056	-0.6041	-1.2776	-0.5607	-1.1433	0.9156	-1.9315	-1.0350	-1.6866	-2.7294	-0.3083	0.0259	-1.6358	-0.5278	0.3710	-0.8046	0.2258	0.0307	-0.8239	-0.0924	0.6913	0.8425	-0.4575	-1.1486	0.8125	1.2238	-0.6181	-1.2881	-0.5301	
-0.0333	 3.85551558312763E-0006	-0.1993	-1.1736	0.7998	-1.9609	-0.7207	-1.4308	-2.6136	-0.3137	-0.0613	-1.7088	-0.5099	0.4811	-0.7715	-0.0662	-0.1993	-0.6421	0.0497	0.3096	0.4560	-0.3177	-0.9692	0.5763	0.9211	-0.6025	-1.1809	-0.4591	-1.1703	0.7994	-1.9618	-0.7194	-1.4289	-2.6125	-0.3128	-0.0616	-1.7108	-0.5108	0.4830	-0.7701	-0.0714	-0.2040	-0.6414	0.0515	0.3091	0.4546	-0.3183	-0.9690	0.5778	0.9221	-0.6034	-1.1816	-0.4565	
0.0000	 1.67341528476529E-0004	-0.4519	-1.1729	0.6796	-2.0018	-0.4049	-1.1650	-2.4915	-0.3153	-0.1510	-1.7941	-0.4992	0.6009	-0.7322	-0.3828	-0.4519	-0.4631	0.1980	-0.0590	0.0737	-0.1900	-0.7962	0.3690	0.6448	-0.6004	-1.0877	-0.3620	-1.1986	0.6875	-1.9903	-0.4153	-1.1810	-2.4996	-0.3165	-0.1458	-1.7842	-0.4960	0.5915	-0.7361	-0.3591	-0.4318	-0.4651	0.1906	-0.0614	0.0785	-0.1832	-0.7953	0.3490	0.6284	-0.5880	-1.0780	-0.3874	
0.0333	 7.81312430774926E-0004	-0.7072	-1.1744	0.5582	-2.0424	-0.0856	-0.8963	-2.3687	-0.3168	-0.2413	-1.8811	-0.4887	0.7224	-0.6921	-0.7037	-0.7072	-0.2817	0.3480	-0.4330	-0.3136	-0.0603	-0.6208	0.1572	0.3632	-0.5978	-0.9917	-0.2655	-1.2293	0.5747	-2.0181	-0.1084	-0.9319	-2.3862	-0.3200	-0.2303	-1.8589	-0.4820	0.7013	-0.7012	-0.6497	-0.6626	-0.2866	0.3314	-0.4361	-0.3021	-0.0462	-0.6194	0.1159	0.3293	-0.5716	-0.9721	-0.3192	
0.0667	 1.88011987471319E-0003	-0.9642	-1.1771	0.4366	-2.0827	0.2340	-0.6277	-2.2449	-0.3177	-0.3316	-1.9689	-0.4795	0.8441	-0.6512	-1.0240	-0.9642	-0.1002	0.4980	-0.8082	-0.7017	0.0694	-0.4447	-0.0554	0.0801	-0.5941	-0.8956	-0.1700	-1.2615	0.4621	-2.0453	0.1977	-0.6834	-2.2728	-0.3226	-0.3147	-1.9344	-0.4691	0.8110	-0.6657	-0.9398	-0.8934	-0.1083	0.4721	-0.8107	-0.6817	0.0917	-0.4430	-0.1186	0.0291	-0.5546	-0.8655	-0.2532	
0.1000	 3.55004798142698E-0003	-1.2212	-1.1809	0.3156	-2.1224	0.5526	-0.3603	-2.1218	-0.3182	-0.4212	-2.0577	-0.4718	0.9657	-0.6101	-1.3443	-1.2212	0.0813	0.6479	-1.1827	-1.0901	0.2000	-0.2691	-0.2694	-0.2035	-0.5906	-0.7992	-0.0756	-1.2964	0.3507	-2.0711	0.5009	-0.4374	-2.1597	-0.3246	-0.3975	-2.0108	-0.4579	0.9209	-0.6295	-1.2284	-1.1236	0.0702	0.6128	-1.1850	-1.0608	0.2300	-0.2665	-0.3553	-0.2727	-0.5358	-0.7579	-0.1903	
