Arquivo: c:\arq\medidas\BBA_1505_071958\BBA_AMP04A_H.dat
Data: 1505	 Hora:  0738
Comentário: 
NomeParametro	 ValorParametro
Nmedias	5
PausaCorretora	3000
PausaShunt	2000
PausaLeitura	500
NumCiclos	3
 NPassosCor	7
DeltaShunt	3.00
TetaIni	-0.10
TetaFim	0.10
I[mA]	 148.2
ACH09A	DeltaPos^2	AMP04A	AMP01B_0	AMP02A_0	AMP02B_0	AMP03A_0	AMP03B_0	AMP03C_0	AMP04A_0	AMP04B_0	AMP05A_0	AMP05B_0	AMP06A_0	AMP06B_0	AMP07A_0	AMP07B_0	AMP08A_0	AMP08B_0	AMP09A_0	AMP09B_0	AMP10A_0	AMP10B_0	AMU11A_0	AMU11B_0	AMP12A_0	AMP12B_0	AMP01A_0	AMP01B_1	AMP02A_1	AMP02B_1	AMP03A_1	AMP03B_1	AMP03C_1	AMP04A_1	AMP04B_1	AMP05A_1	AMP05B_1	AMP06A_1	AMP06B_1	AMP07A_1	AMP07B_1	AMP08A_1	AMP08B_1	AMP09A_1	AMP09B_1	AMP10A_1	AMP10B_1	AMU11A_1	AMU11B_1	AMP12A_1	AMP12B_1	AMP01A_1	
-0.1000	 2.18097780761058E-0003	-0.6416	-0.4290	0.1594	-2.4114	0.7165	0.0020	-2.0471	-0.6416	-0.6526	-1.3072	0.2679	0.6670	-0.9473	-0.8117	-0.5652	-0.0197	0.4040	-1.1296	-1.2471	-0.0109	-0.2797	0.3385	0.3152	-0.9189	-1.0680	0.6170	-0.3649	0.1499	-2.4430	0.6804	-0.0093	-2.0393	-0.6182	-0.6231	-1.3605	0.1952	0.6567	-0.9358	-0.7973	-0.5762	-0.0614	0.3832	-1.0576	-1.1910	-0.0663	-0.3270	0.4239	0.4050	-0.9628	-1.1216	0.6590	
-0.0667	 1.68699502172106E-0003	-0.5144	-0.6702	0.3377	-2.2724	0.3405	-0.3851	-2.1879	-0.5144	-0.4772	-1.4994	-0.0081	0.6670	-0.8553	-0.7158	-0.5718	-0.1446	0.3615	-0.8033	-0.8498	-0.0632	-0.4301	0.3515	0.4219	-0.8107	-1.0687	0.2999	-0.6129	0.3289	-2.3010	0.3094	-0.3944	-2.1807	-0.4947	-0.4521	-1.5458	-0.0714	0.6575	-0.8456	-0.7029	-0.5812	-0.1811	0.3435	-0.7403	-0.8000	-0.1122	-0.4720	0.4266	0.5008	-0.8497	-1.1160	0.3371	
-0.0333	 1.27542978750214E-0003	-0.3860	-0.9149	0.5175	-2.1312	-0.0396	-0.7759	-2.3299	-0.3860	-0.3005	-1.6933	-0.2862	0.6676	-0.7627	-0.6205	-0.5791	-0.2690	0.3200	-0.4770	-0.4499	-0.1146	-0.5803	0.3622	0.5271	-0.7004	-1.0681	-0.0211	-0.8650	0.5100	-2.1559	-0.0668	-0.7838	-2.3234	-0.3686	-0.2787	-1.7338	-0.3413	0.6594	-0.7539	-0.6099	-0.5879	-0.3006	0.3045	-0.4221	-0.4071	-0.1571	-0.6164	0.4275	0.5957	-0.7343	-1.1092	0.0119	
0.0000	 9.00217985342729E-0004	-0.2566	-1.1596	0.6977	-1.9896	-0.4210	-1.1673	-2.4712	-0.2566	-0.1237	-1.8889	-0.5661	0.6689	-0.6687	-0.5272	-0.5888	-0.3934	0.2792	-0.1509	-0.0505	-0.1660	-0.7306	0.3727	0.6319	-0.5901	-1.0673	-0.3429	-1.1176	0.6913	-2.0108	-0.4432	-1.1729	-2.4658	-0.2422	-0.1053	-1.9231	-0.6125	0.6623	-0.6614	-0.5182	-0.5961	-0.4199	0.2661	-0.1049	-0.0149	-0.2021	-0.7607	0.4276	0.6897	-0.6188	-1.1017	-0.3154	
0.0333	 5.86564783536234E-0004	-0.1278	-1.4046	0.8774	-1.8478	-0.8016	-1.5570	-2.6127	-0.1278	0.0524	-2.0846	-0.8459	0.6704	-0.5752	-0.4350	-0.5992	-0.5170	0.2385	0.1742	0.3480	-0.2168	-0.8799	0.3815	0.7352	-0.4795	-1.0659	-0.6657	-1.3709	0.8729	-1.8648	-0.8199	-1.5619	-2.6082	-0.1156	0.0679	-2.1122	-0.8836	0.6652	-0.5687	-0.4276	-0.6060	-0.5387	0.2283	0.2111	0.3765	-0.2456	-0.9044	0.4258	0.7816	-0.5024	-1.0939	-0.6437	
0.0667	 3.70772956688568E-0004	0.0021	-1.6511	1.0577	-1.7050	-1.1829	-1.9469	-2.7542	0.0021	0.2294	-2.2819	-1.1266	0.6734	-0.4800	-0.3445	-0.6126	-0.6397	0.1995	0.4969	0.7444	-0.2658	-1.0285	0.3888	0.8364	-0.3678	-1.0633	-0.9896	-1.6236	1.0534	-1.7190	-1.1965	-1.9497	-2.7503	0.0114	0.2414	-2.3026	-1.1554	0.6690	-0.4754	-0.3385	-0.6171	-0.6570	0.1910	0.5265	0.7672	-0.2893	-1.0481	0.4242	0.8734	-0.3866	-1.0857	-0.9714	
0.1000	 1.76581773982485E-0004	0.1319	-1.8960	1.2367	-1.5629	-1.5619	-2.3334	-2.8946	0.1319	0.4050	-2.4790	-1.4064	0.6771	-0.3847	-0.2565	-0.6270	-0.7616	0.1611	0.8180	1.1386	-0.3154	-1.1766	0.3956	0.9369	-0.2564	-1.0604	-1.3113	-1.8764	1.2341	-1.5725	-1.5715	-2.3355	-2.8918	0.1388	0.4144	-2.4932	-1.4262	0.6742	-0.3812	-0.2522	-0.6304	-0.7737	0.1554	0.8381	1.1536	-0.3314	-1.1893	0.4198	0.9621	-0.2697	-1.0763	-1.2987	
