Arquivo: c:\arq\medidas\BBA_1505_071958\BBA_AMP10A_V.dat
Data: 1505	 Hora:  0817
Comentário: 
NomeParametro	 ValorParametro
Nmedias	5
PausaCorretora	3000
PausaShunt	2000
PausaLeitura	500
NumCiclos	3
 NPassosCor	7
DeltaShunt	3.00
TetaIni	-0.10
TetaFim	0.10
I[mA]	  33.7
ACV11A	DeltaPos^2	AMP10A	AMP01B_0	AMP02A_0	AMP02B_0	AMP03A_0	AMP03B_0	AMP03C_0	AMP04A_0	AMP04B_0	AMP05A_0	AMP05B_0	AMP06A_0	AMP06B_0	AMP07A_0	AMP07B_0	AMP08A_0	AMP08B_0	AMP09A_0	AMP09B_0	AMP10A_0	AMP10B_0	AMU11A_0	AMU11B_0	AMP12A_0	AMP12B_0	AMP01A_0	AMP01B_1	AMP02A_1	AMP02B_1	AMP03A_1	AMP03B_1	AMP03C_1	AMP04A_1	AMP04B_1	AMP05A_1	AMP05B_1	AMP06A_1	AMP06B_1	AMP07A_1	AMP07B_1	AMP08A_1	AMP08B_1	AMP09A_1	AMP09B_1	AMP10A_1	AMP10B_1	AMU11A_1	AMU11B_1	AMP12A_1	AMP12B_1	AMP01A_1	
-0.1000	 2.41195555359947E-0004	0.1941	-1.4371	-0.6917	0.4934	1.0369	2.3544	0.6618	0.3137	-1.0699	-0.2438	1.9050	1.8987	-0.2709	0.4279	-0.6620	0.5408	0.2637	0.7948	-0.0974	0.1941	-0.1698	0.0833	1.8604	1.6173	1.3784	0.9291	-1.4380	-0.6858	0.5089	1.0590	2.3384	0.6225	0.2977	-1.0760	-0.2449	1.9200	1.9039	-0.2813	0.4075	-0.6523	0.5527	0.2789	0.8123	-0.1210	0.1799	-0.1831	0.0747	1.8785	1.6299	1.3764	0.9182	
-0.0667	 1.28773540253969E-0004	0.3215	-1.0785	-0.4821	0.4695	0.8671	2.2818	0.6154	0.3682	-0.8197	0.1196	1.5919	1.6398	-0.4431	0.3024	-0.3436	0.6908	0.1608	0.5356	-0.0432	0.3215	0.0834	0.3643	1.7437	1.4137	1.1414	0.6792	-1.0794	-0.4779	0.4810	0.8832	2.2702	0.5866	0.3572	-0.8247	0.1185	1.6034	1.6439	-0.4506	0.2883	-0.3366	0.6993	0.1721	0.5485	-0.0604	0.3110	0.0733	0.3579	1.7574	1.4229	1.1402	0.6716	
-0.0333	 4.94507023921742E-0005	0.4508	-0.7115	-0.2679	0.4457	0.6945	2.2072	0.5665	0.4237	-0.5645	0.4898	1.2727	1.3757	-0.6198	0.1734	-0.0180	0.8451	0.0567	0.2719	0.0103	0.4508	0.3415	0.6512	1.6245	1.2058	0.8989	0.4243	-0.7124	-0.2655	0.4527	0.7048	2.2005	0.5491	0.4166	-0.5676	0.4888	1.2804	1.3784	-0.6240	0.1651	-0.0139	0.8497	0.0638	0.2803	-0.0004	0.4441	0.3351	0.6475	1.6336	1.2116	0.8986	0.4203	
0.0000	 8.56693703729741E-0006	0.5802	-0.3405	-0.0518	0.4220	0.5199	2.1315	0.5170	0.4796	-0.3071	0.8619	0.9500	1.1083	-0.7982	0.0424	0.3108	1.0004	-0.0479	0.0061	0.0635	0.5802	0.6022	0.9407	1.5034	0.9947	0.6536	0.1674	-0.3418	-0.0514	0.4247	0.5247	2.1293	0.5104	0.4767	-0.3087	0.8608	0.9541	1.1105	-0.7993	0.0398	0.3118	1.0017	-0.0449	0.0098	0.0591	0.5775	0.5995	0.9396	1.5081	0.9974	0.6541	0.1662	
0.0333	 3.05623706816046E-0006	0.7106	0.0320	0.1662	0.3981	0.3446	2.0544	0.4664	0.5355	-0.0479	1.2366	0.6263	0.8392	-0.9777	-0.0894	0.6415	1.1569	-0.1528	-0.2603	0.1168	0.7106	0.8643	1.2308	1.3810	0.7817	0.4067	-0.0907	0.0303	0.1647	0.3967	0.3435	2.0570	0.4704	0.5372	-0.0480	1.2353	0.6267	0.8401	-0.9756	-0.0861	0.6396	1.1552	-0.1540	-0.2613	0.1188	0.7117	0.8650	1.2324	1.3814	0.7812	0.4082	-0.0887	
0.0667	 3.27142390480664E-0005	0.8406	0.4037	0.3839	0.3747	0.1698	1.9769	0.4142	0.5907	0.2111	1.6102	0.3013	0.5696	-1.1572	-0.2223	0.9728	1.3137	-0.2574	-0.5265	0.1690	0.8406	1.1263	1.5209	1.2596	0.5688	0.1594	-0.3499	0.4020	0.3803	0.3692	0.1631	1.9844	0.4294	0.5963	0.2118	1.6093	0.2983	0.5696	-1.1521	-0.2134	0.9683	1.3085	-0.2625	-0.5322	0.1772	0.8453	1.1305	1.5256	1.2556	0.5654	0.1619	-0.3449	
0.1000	 9.90783282234594E-0005	0.9698	0.7743	0.5998	0.3518	-0.0036	1.8989	0.3618	0.6454	0.4677	1.9806	-0.0219	0.3019	-1.3359	-0.3546	1.3013	1.4695	-0.3611	-0.7916	0.2207	0.9698	1.3862	1.8096	1.1388	0.3569	-0.0868	-0.6087	0.7724	0.5946	0.3424	-0.0164	1.9112	0.3879	0.6553	0.4704	1.9799	-0.0289	0.3007	-1.3274	-0.3397	1.2943	1.4609	-0.3702	-0.8020	0.2354	0.9784	1.3935	1.8170	1.1303	0.3502	-0.0836	-0.6007	
