Arquivo: c:\arq\medidas\BBA_1505_071958\BBA_AMP04A_V.dat
Data: 1505	 Hora:  0740
Comentário: 
NomeParametro	 ValorParametro
Nmedias	5
PausaCorretora	3000
PausaShunt	2000
PausaLeitura	500
NumCiclos	3
 NPassosCor	7
DeltaShunt	3.00
TetaIni	-0.10
TetaFim	0.10
I[mA]	 148.1
ACV11A	DeltaPos^2	AMP04A	AMP01B_0	AMP02A_0	AMP02B_0	AMP03A_0	AMP03B_0	AMP03C_0	AMP04A_0	AMP04B_0	AMP05A_0	AMP05B_0	AMP06A_0	AMP06B_0	AMP07A_0	AMP07B_0	AMP08A_0	AMP08B_0	AMP09A_0	AMP09B_0	AMP10A_0	AMP10B_0	AMU11A_0	AMU11B_0	AMP12A_0	AMP12B_0	AMP01A_0	AMP01B_1	AMP02A_1	AMP02B_1	AMP03A_1	AMP03B_1	AMP03C_1	AMP04A_1	AMP04B_1	AMP05A_1	AMP05B_1	AMP06A_1	AMP06B_1	AMP07A_1	AMP07B_1	AMP08A_1	AMP08B_1	AMP09A_1	AMP09B_1	AMP10A_1	AMP10B_1	AMU11A_1	AMU11B_1	AMP12A_1	AMP12B_1	AMP01A_1	
-0.1000	 9.86862716499117E-0006	0.3563	-1.3484	-0.6618	0.4549	0.9603	2.3626	0.7174	0.3563	-0.9996	-0.1613	1.8049	1.8134	-0.3367	0.3528	-0.5698	0.5935	0.2673	0.7602	-0.1540	0.1895	-0.0988	0.1702	1.7978	1.5360	1.3242	0.8860	-1.3448	-0.6589	0.4574	0.9626	2.3593	0.7101	0.3539	-1.0017	-0.1644	1.8101	1.8154	-0.3367	0.3520	-0.5713	0.5939	0.2699	0.7637	-0.1573	0.1866	-0.1015	0.1687	1.8019	1.5391	1.3230	0.8816	
-0.0667	 2.78552369784194E-0006	0.3931	-1.0214	-0.4642	0.4458	0.8238	2.2825	0.6412	0.3931	-0.7762	0.1681	1.5255	1.5806	-0.4896	0.2443	-0.2842	0.7253	0.1644	0.5145	-0.0874	0.3148	0.1281	0.4181	1.7054	1.3594	1.1051	0.6494	-1.0191	-0.4629	0.4469	0.8244	2.2812	0.6382	0.3919	-0.7770	0.1664	1.5286	1.5817	-0.4893	0.2444	-0.2853	0.7247	0.1658	0.5158	-0.0888	0.3134	0.1263	0.4168	1.7084	1.3615	1.1047	0.6465	
-0.0333	 1.14603887063252E-0006	0.4297	-0.6875	-0.2635	0.4372	0.6858	2.2002	0.5635	0.4297	-0.5491	0.5025	1.2413	1.3437	-0.6459	0.1323	0.0068	0.8596	0.0607	0.2651	-0.0212	0.4419	0.3587	0.6703	1.6111	1.1795	0.8818	0.4083	-0.6862	-0.2633	0.4364	0.6839	2.2009	0.5654	0.4305	-0.5481	0.5028	1.2412	1.3432	-0.6453	0.1347	0.0060	0.8589	0.0600	0.2636	-0.0200	0.4429	0.3585	0.6696	1.6123	1.1808	0.8822	0.4075	
0.0000	 4.95370583134620E-0006	0.4672	-0.3503	-0.0607	0.4285	0.5456	2.1169	0.4849	0.4672	-0.3196	0.8388	0.9537	1.1045	-0.8035	0.0200	0.3002	0.9959	-0.0440	0.0130	0.0453	0.5698	0.5921	0.9247	1.5154	0.9972	0.6560	0.1652	-0.3498	-0.0617	0.4263	0.5420	2.1196	0.4903	0.4692	-0.3173	0.8409	0.9509	1.1023	-0.8030	0.0224	0.3006	0.9947	-0.0459	0.0094	0.0481	0.5722	0.5930	0.9245	1.5150	0.9976	0.6571	0.1664	
0.0333	 1.56101889030984E-0005	0.5044	-0.0123	0.1434	0.4200	0.4055	2.0330	0.4048	0.5044	-0.0895	1.1772	0.6654	0.8633	-0.9624	-0.0941	0.5957	1.1326	-0.1489	-0.2387	0.1116	0.6984	0.8264	1.1799	1.4190	0.8133	0.4288	-0.0786	-0.0126	0.1413	0.4163	0.3999	2.0376	0.4150	0.5081	-0.0859	1.1809	0.6602	0.8603	-0.9615	-0.0900	0.5962	1.1314	-0.1528	-0.2452	0.1170	0.7027	0.8283	1.1800	1.4170	0.8128	0.4305	-0.0758	
0.0667	 3.10934652246228E-0005	0.5417	0.3253	0.3476	0.4116	0.2651	1.9487	0.3247	0.5417	0.1412	1.5147	0.3762	0.6221	-1.1213	-0.2083	0.8906	1.2695	-0.2536	-0.4914	0.1775	0.8267	1.0610	1.4352	1.3228	0.6292	0.2012	-0.3235	0.3241	0.3442	0.4062	0.2578	1.9547	0.3389	0.5465	0.1463	1.5206	0.3680	0.6173	-1.1202	-0.2035	0.8923	1.2681	-0.2591	-0.5000	0.1848	0.8325	1.0640	1.4356	1.3193	0.6276	0.2034	-0.3189	
0.1000	 5.43081327883974E-0005	0.5786	0.6638	0.5513	0.4035	0.1251	1.8639	0.2430	0.5786	0.3714	1.8517	0.0865	0.3808	-1.2800	-0.3228	1.1862	1.4063	-0.3580	-0.7439	0.2430	0.9552	1.2951	1.6907	1.2271	0.4447	-0.0268	-0.5692	0.6618	0.5470	0.3966	0.1156	1.8719	0.2619	0.5853	0.3782	1.8591	0.0755	0.3743	-1.2786	-0.3166	1.1883	1.4047	-0.3650	-0.7551	0.2524	0.9629	1.2996	1.6916	1.2220	0.4424	-0.0239	-0.5631	
