Arquivo: c:\arq\medidas\BBA_1505_071958\BBA_AMP05A_V.dat
Data: 1505	 Hora:  0746
Comentário: 
NomeParametro	 ValorParametro
Nmedias	5
PausaCorretora	3000
PausaShunt	2000
PausaLeitura	500
NumCiclos	3
 NPassosCor	7
DeltaShunt	3.00
TetaIni	-0.10
TetaFim	0.10
I[mA]	 147.4
ACV11B	DeltaPos^2	AMP05A	AMP01B_0	AMP02A_0	AMP02B_0	AMP03A_0	AMP03B_0	AMP03C_0	AMP04A_0	AMP04B_0	AMP05A_0	AMP05B_0	AMP06A_0	AMP06B_0	AMP07A_0	AMP07B_0	AMP08A_0	AMP08B_0	AMP09A_0	AMP09B_0	AMP10A_0	AMP10B_0	AMU11A_0	AMU11B_0	AMP12A_0	AMP12B_0	AMP01A_0	AMP01B_1	AMP02A_1	AMP02B_1	AMP03A_1	AMP03B_1	AMP03C_1	AMP04A_1	AMP04B_1	AMP05A_1	AMP05B_1	AMP06A_1	AMP06B_1	AMP07A_1	AMP07B_1	AMP08A_1	AMP08B_1	AMP09A_1	AMP09B_1	AMP10A_1	AMP10B_1	AMU11A_1	AMU11B_1	AMP12A_1	AMP12B_1	AMP01A_1	
-0.1000	 2.98003963606590E-0003	1.7163	0.5043	0.3211	0.0591	-0.3019	2.2753	1.1732	0.9197	0.4089	1.7163	-0.0633	0.3933	-1.0045	0.1275	0.8507	1.1183	-0.5912	-0.9398	0.6506	1.1632	1.1843	1.3147	0.7596	0.2466	0.1287	-0.2047	0.5809	0.3582	0.0334	-0.3679	2.2815	1.2158	0.9528	0.4713	1.7969	-0.0990	0.3461	-1.0699	0.0487	0.9493	1.1811	-0.5809	-0.9620	0.6111	1.1609	1.2431	1.3886	0.7102	0.1844	0.0801	-0.2432	
-0.0667	 1.33729569061001E-0003	1.4562	0.2482	0.2075	0.1708	-0.0469	2.2280	0.9647	0.7834	0.1909	1.4562	0.2488	0.6075	-0.9530	0.0808	0.6952	1.0906	-0.4188	-0.6462	0.4550	0.9779	1.0100	1.2069	0.9897	0.4720	0.2863	-0.0945	0.2996	0.2325	0.1539	-0.0906	2.2316	0.9929	0.8053	0.2325	1.5101	0.2248	0.5759	-0.9967	0.0282	0.7618	1.1331	-0.4117	-0.6605	0.4285	0.9761	1.0494	1.2566	0.9566	0.4304	0.2536	-0.1203	
-0.0333	 3.19430824938159E-0004	1.1906	-0.0118	0.0919	0.2842	0.2132	2.1789	0.7520	0.6449	-0.0315	1.1906	0.5666	0.8260	-0.9006	0.0330	0.5371	1.0627	-0.2427	-0.3465	0.2553	0.7889	0.8323	1.0969	1.2241	0.7018	0.4468	0.0172	0.0131	0.1042	0.2762	0.1925	2.1804	0.7649	0.6549	-0.0112	1.2174	0.5547	0.8105	-0.9221	0.0075	0.5698	1.0835	-0.2391	-0.3532	0.2423	0.7880	0.8518	1.1214	1.2076	0.6813	0.4306	0.0046	
0.0000	 1.30565288081219E-0006	0.9230	-0.2739	-0.0251	0.3980	0.4746	2.1299	0.5387	0.5051	-0.2547	0.9230	0.8847	1.0455	-0.8475	-0.0144	0.3775	1.0340	-0.0661	-0.0457	0.0545	0.5994	0.6537	0.9870	1.4592	0.9329	0.6084	0.1298	-0.2756	-0.0255	0.3991	0.4769	2.1295	0.5361	0.5036	-0.2560	0.9217	0.8852	1.0464	-0.8466	-0.0129	0.3764	1.0335	-0.0654	-0.0442	0.0548	0.5991	0.6527	0.9861	1.4595	0.9332	0.6087	0.1302	
0.0333	 3.97804232523949E-0004	0.6550	-0.5376	-0.1419	0.5122	0.7365	2.0810	0.3241	0.3652	-0.4789	0.6550	1.2048	1.2657	-0.7943	-0.0624	0.2177	1.0053	0.1113	0.2567	-0.1470	0.4087	0.4742	0.8765	1.6949	1.1643	0.7704	0.2428	-0.5662	-0.1551	0.5225	0.7621	2.0777	0.3060	0.3522	-0.5020	0.6256	1.2178	1.2830	-0.7710	-0.0338	0.1821	0.9831	0.1086	0.2663	-0.1330	0.4094	0.4533	0.8501	1.7122	1.1862	0.7875	0.2567	
0.0667	 1.51543038777705E-0003	0.3851	-0.8025	-0.2597	0.6265	0.9986	2.0323	0.1098	0.2250	-0.7033	0.3851	1.5250	1.4859	-0.7408	-0.1101	0.0570	0.9765	0.2894	0.5592	-0.3490	0.2178	0.2950	0.7656	1.9302	1.3955	0.9330	0.3569	-0.8581	-0.2856	0.6457	1.0475	2.0262	0.0757	0.2002	-0.7479	0.3271	1.5505	1.5195	-0.6949	-0.0545	-0.0126	0.9332	0.2834	0.5772	-0.3223	0.2184	0.2533	0.7134	1.9648	1.4388	0.9669	0.3841	
0.1000	 3.35429868283488E-0003	0.1119	-1.0697	-0.3786	0.7416	1.2624	1.9827	-0.1061	0.0837	-0.9298	0.1119	1.8471	1.7081	-0.6869	-0.1585	-0.1048	0.9479	0.4684	0.8649	-0.5538	0.0245	0.1143	0.6540	2.1671	1.6284	1.0971	0.4723	-1.1519	-0.4177	0.7702	1.3342	1.9745	-0.1558	0.0468	-0.9962	0.0256	1.8846	1.7579	-0.6181	-0.0760	-0.2086	0.8824	0.4595	0.8912	-0.5134	0.0259	0.0520	0.5760	2.2181	1.6929	1.1480	0.5129	
