# U18 KICKMAP 
# Author: Ximenes R. Resende @ LNLS, Date: 02-May-2013 14:47:10
# ID Length [m]
1.9980
# Number of Horizontal Points
81 
# Number of Vertical Points
17 
# Horizontal KickTable in T2m2
START
            -0.03000000 -0.02925000 -0.02850000 -0.02775000 -0.02700000 -0.02625000 -0.02550000 -0.02475000 -0.02400000 -0.02325000 -0.02250000 -0.02175000 -0.02100000 -0.02025000 -0.01950000 -0.01875000 -0.01800000 -0.01725000 -0.01650000 -0.01575000 -0.01500000 -0.01425000 -0.01350000 -0.01275000 -0.01200000 -0.01125000 -0.01050000 -0.00975000 -0.00900000 -0.00825000 -0.00750000 -0.00675000 -0.00600000 -0.00525000 -0.00450000 -0.00375000 -0.00300000 -0.00225000 -0.00150000 -0.00075000 +0.00000000 +0.00075000 +0.00150000 +0.00225000 +0.00300000 +0.00375000 +0.00450000 +0.00525000 +0.00600000 +0.00675000 +0.00750000 +0.00825000 +0.00900000 +0.00975000 +0.01050000 +0.01125000 +0.01200000 +0.01275000 +0.01350000 +0.01425000 +0.01500000 +0.01575000 +0.01650000 +0.01725000 +0.01800000 +0.01875000 +0.01950000 +0.02025000 +0.02100000 +0.02175000 +0.02250000 +0.02325000 +0.02400000 +0.02475000 +0.02550000 +0.02625000 +0.02700000 +0.02775000 +0.02850000 +0.02925000 +0.03000000 
+0.00205000 -1.423E-05 -1.965E-04 -6.958E-04 -6.471E-04 -5.305E-04 -4.153E-04 -3.174E-04 -2.393E-04 -1.792E-04 -1.337E-04 -9.958E-05 -7.415E-05 -5.523E-05 -4.118E-05 -3.073E-05 -2.295E-05 -1.717E-05 -1.285E-05 -9.634E-06 -7.229E-06 -5.430E-06 -4.081E-06 -3.070E-06 -2.310E-06 -1.738E-06 -1.307E-06 -9.813E-07 -7.336E-07 -5.440E-07 -3.970E-07 -2.807E-07 -1.854E-07 -1.028E-07 -1.018E-08 +1.850E-08 +1.194E-07 +2.212E-07 +3.652E-07 +6.296E-07 +2.119E-05 +0.000E+00 -2.119E-05 -6.296E-07 -3.652E-07 -2.212E-07 -1.194E-07 -1.850E-08 +1.018E-08 +1.028E-07 +1.854E-07 +2.807E-07 +3.970E-07 +5.440E-07 +7.336E-07 +9.813E-07 +1.307E-06 +1.738E-06 +2.310E-06 +3.070E-06 +4.081E-06 +5.430E-06 +7.229E-06 +9.634E-06 +1.285E-05 +1.717E-05 +2.295E-05 +3.073E-05 +4.118E-05 +5.523E-05 +7.415E-05 +9.958E-05 +1.337E-04 +1.792E-04 +2.393E-04 +3.174E-04 +4.153E-04 +5.305E-04 +6.471E-04 +6.958E-04 +1.965E-04 +1.423E-05 
+0.00179375 -3.159E-03 -1.519E-03 -8.830E-04 -7.186E-04 -5.605E-04 -4.269E-04 -3.207E-04 -2.390E-04 -1.774E-04 -1.315E-04 -9.743E-05 -7.225E-05 -5.364E-05 -3.988E-05 -2.969E-05 -2.214E-05 -1.653E-05 -1.236E-05 -9.252E-06 -6.935E-06 -5.204E-06 -3.908E-06 -2.937E-06 -2.209E-06 -1.661E-06 -1.248E-06 -9.364E-07 -6.995E-07 -5.182E-07 -3.775E-07 -2.659E-07 -1.738E-07 -9.194E-08 -7.445E-09 +3.360E-08 +1.366E-07 +2.557E-07 +4.501E-07 +9.668E-07 +5.115E-06 +0.000E+00 -5.115E-06 -9.668E-07 -4.501E-07 -2.557E-07 -1.366E-07 -3.360E-08 +7.445E-09 +9.194E-08 +1.738E-07 +2.659E-07 +3.775E-07 +5.182E-07 +6.995E-07 +9.364E-07 +1.248E-06 +1.661E-06 +2.209E-06 +2.937E-06 +3.908E-06 +5.204E-06 +6.935E-06 +9.252E-06 +1.236E-05 +1.653E-05 +2.214E-05 +2.969E-05 +3.988E-05 +5.364E-05 +7.225E-05 +9.743E-05 +1.315E-04 +1.774E-04 +2.390E-04 +3.207E-04 +4.269E-04 +5.605E-04 +7.186E-04 +8.830E-04 +1.519E-03 +3.159E-03 
+0.00153750 -2.776E-03 -1.675E-03 -1.051E-03 -7.811E-04 -5.879E-04 -4.385E-04 -3.247E-04 -2.395E-04 -1.764E-04 -1.300E-04 -9.590E-05 -7.086E-05 -5.245E-05 -3.890E-05 -2.890E-05 -2.151E-05 -1.604E-05 -1.198E-05 -8.958E-06 -6.708E-06 -5.029E-06 -3.775E-06 -2.835E-06 -2.131E-06 -1.601E-06 -1.203E-06 -9.018E-07 -6.732E-07 -4.982E-07 -3.623E-07 -2.542E-07 -1.647E-07 -8.303E-08 -5.080E-09 +4.549E-08 +1.514E-07 +2.834E-07 +5.097E-07 +1.115E-06 +3.166E-06 +0.000E+00 -3.166E-06 -1.115E-06 -5.097E-07 -2.834E-07 -1.514E-07 -4.549E-08 +5.080E-09 +8.303E-08 +1.647E-07 +2.542E-07 +3.623E-07 +4.982E-07 +6.732E-07 +9.018E-07 +1.203E-06 +1.601E-06 +2.131E-06 +2.835E-06 +3.775E-06 +5.029E-06 +6.708E-06 +8.958E-06 +1.198E-05 +1.604E-05 +2.151E-05 +2.890E-05 +3.890E-05 +5.245E-05 +7.086E-05 +9.590E-05 +1.300E-04 +1.764E-04 +2.395E-04 +3.247E-04 +4.385E-04 +5.879E-04 +7.811E-04 +1.051E-03 +1.675E-03 +2.776E-03 
+0.00128125 -2.253E-03 -1.634E-03 -1.138E-03 -8.268E-04 -6.095E-04 -4.476E-04 -3.277E-04 -2.397E-04 -1.755E-04 -1.286E-04 -9.454E-05 -6.964E-05 -5.142E-05 -3.806E-05 -2.823E-05 -2.098E-05 -1.562E-05 -1.165E-05 -8.708E-06 -6.515E-06 -4.881E-06 -3.661E-06 -2.748E-06 -2.064E-06 -1.551E-06 -1.164E-06 -8.725E-07 -6.509E-07 -4.813E-07 -3.495E-07 -2.445E-07 -1.570E-07 -7.555E-08 -3.097E-09 +5.484E-08 +1.630E-07 +3.030E-07 +5.399E-07 +1.092E-06 +2.008E-06 +0.000E+00 -2.008E-06 -1.092E-06 -5.399E-07 -3.030E-07 -1.630E-07 -5.484E-08 +3.097E-09 +7.555E-08 +1.570E-07 +2.445E-07 +3.495E-07 +4.813E-07 +6.509E-07 +8.725E-07 +1.164E-06 +1.551E-06 +2.064E-06 +2.748E-06 +3.661E-06 +4.881E-06 +6.515E-06 +8.708E-06 +1.165E-05 +1.562E-05 +2.098E-05 +2.823E-05 +3.806E-05 +5.142E-05 +6.964E-05 +9.454E-05 +1.286E-04 +1.755E-04 +2.397E-04 +3.277E-04 +4.476E-04 +6.095E-04 +8.268E-04 +1.138E-03 +1.634E-03 +2.253E-03 
+0.00102500 -1.857E-03 -1.532E-03 -1.171E-03 -8.568E-04 -6.254E-04 -4.546E-04 -3.300E-04 -2.397E-04 -1.746E-04 -1.275E-04 -9.337E-05 -6.860E-05 -5.055E-05 -3.735E-05 -2.766E-05 -2.054E-05 -1.528E-05 -1.139E-05 -8.501E-06 -6.357E-06 -4.759E-06 -3.568E-06 -2.677E-06 -2.010E-06 -1.509E-06 -1.133E-06 -8.485E-07 -6.327E-07 -4.675E-07 -3.391E-07 -2.366E-07 -1.509E-07 -6.949E-08 -1.507E-09 +6.203E-08 +1.716E-07 +3.153E-07 +5.465E-07 +9.840E-07 +1.304E-06 +0.000E+00 -1.304E-06 -9.840E-07 -5.465E-07 -3.153E-07 -1.716E-07 -6.203E-08 +1.507E-09 +6.949E-08 +1.509E-07 +2.366E-07 +3.391E-07 +4.675E-07 +6.327E-07 +8.485E-07 +1.133E-06 +1.509E-06 +2.010E-06 +2.677E-06 +3.568E-06 +4.759E-06 +6.357E-06 +8.501E-06 +1.139E-05 +1.528E-05 +2.054E-05 +2.766E-05 +3.735E-05 +5.055E-05 +6.860E-05 +9.337E-05 +1.275E-04 +1.746E-04 +2.397E-04 +3.300E-04 +4.546E-04 +6.254E-04 +8.568E-04 +1.171E-03 +1.532E-03 +1.857E-03 
+0.00076875 -1.589E-03 -1.431E-03 -1.174E-03 -8.743E-04 -6.364E-04 -4.596E-04 -3.316E-04 -2.397E-04 -1.738E-04 -1.265E-04 -9.244E-05 -6.778E-05 -4.986E-05 -3.679E-05 -2.722E-05 -2.019E-05 -1.501E-05 -1.118E-05 -8.340E-06 -6.232E-06 -4.664E-06 -3.495E-06 -2.622E-06 -1.968E-06 -1.477E-06 -1.108E-06 -8.299E-07 -6.186E-07 -4.569E-07 -3.310E-07 -2.304E-07 -1.461E-07 -6.481E-08 -2.987E-10 +6.733E-08 +1.776E-07 +3.221E-07 +5.388E-07 +8.626E-07 +8.940E-07 +0.000E+00 -8.940E-07 -8.626E-07 -5.388E-07 -3.221E-07 -1.776E-07 -6.733E-08 +2.987E-10 +6.481E-08 +1.461E-07 +2.304E-07 +3.310E-07 +4.569E-07 +6.186E-07 +8.299E-07 +1.108E-06 +1.477E-06 +1.968E-06 +2.622E-06 +3.495E-06 +4.664E-06 +6.232E-06 +8.340E-06 +1.118E-05 +1.501E-05 +2.019E-05 +2.722E-05 +3.679E-05 +4.986E-05 +6.778E-05 +9.244E-05 +1.265E-04 +1.738E-04 +2.397E-04 +3.316E-04 +4.596E-04 +6.364E-04 +8.743E-04 +1.174E-03 +1.431E-03 +1.589E-03 
+0.00051250 -1.420E-03 -1.352E-03 -1.165E-03 -8.834E-04 -6.435E-04 -4.630E-04 -3.326E-04 -2.395E-04 -1.732E-04 -1.258E-04 -9.175E-05 -6.718E-05 -4.936E-05 -3.639E-05 -2.690E-05 -1.994E-05 -1.481E-05 -1.103E-05 -8.224E-06 -6.144E-06 -4.596E-06 -3.443E-06 -2.582E-06 -1.937E-06 -1.454E-06 -1.091E-06 -8.166E-07 -6.085E-07 -4.492E-07 -3.253E-07 -2.261E-07 -1.427E-07 -6.148E-08 +5.465E-10 +7.094E-08 +1.815E-07 +3.251E-07 +5.262E-07 +7.639E-07 +6.647E-07 +0.000E+00 -6.647E-07 -7.639E-07 -5.262E-07 -3.251E-07 -1.815E-07 -7.094E-08 -5.465E-10 +6.148E-08 +1.427E-07 +2.261E-07 +3.253E-07 +4.492E-07 +6.085E-07 +8.166E-07 +1.091E-06 +1.454E-06 +1.937E-06 +2.582E-06 +3.443E-06 +4.596E-06 +6.144E-06 +8.224E-06 +1.103E-05 +1.481E-05 +1.994E-05 +2.690E-05 +3.639E-05 +4.936E-05 +6.718E-05 +9.175E-05 +1.258E-04 +1.732E-04 +2.395E-04 +3.326E-04 +4.630E-04 +6.435E-04 +8.834E-04 +1.165E-03 +1.352E-03 +1.420E-03 
+0.00025625 -1.327E-03 -1.304E-03 -1.156E-03 -8.874E-04 -6.473E-04 -4.649E-04 -3.332E-04 -2.394E-04 -1.728E-04 -1.254E-04 -9.133E-05 -6.681E-05 -4.906E-05 -3.614E-05 -2.671E-05 -1.979E-05 -1.469E-05 -1.094E-05 -8.154E-06 -6.090E-06 -4.555E-06 -3.412E-06 -2.558E-06 -1.919E-06 -1.440E-06 -1.080E-06 -8.086E-07 -6.025E-07 -4.447E-07 -3.218E-07 -2.235E-07 -1.407E-07 -5.949E-08 +1.046E-09 +7.305E-08 +1.837E-07 +3.262E-07 +5.158E-07 +7.020E-07 +5.490E-07 +0.000E+00 -5.490E-07 -7.020E-07 -5.158E-07 -3.262E-07 -1.837E-07 -7.305E-08 -1.046E-09 +5.949E-08 +1.407E-07 +2.235E-07 +3.218E-07 +4.447E-07 +6.025E-07 +8.086E-07 +1.080E-06 +1.440E-06 +1.919E-06 +2.558E-06 +3.412E-06 +4.555E-06 +6.090E-06 +8.154E-06 +1.094E-05 +1.469E-05 +1.979E-05 +2.671E-05 +3.614E-05 +4.906E-05 +6.681E-05 +9.133E-05 +1.254E-04 +1.728E-04 +2.394E-04 +3.332E-04 +4.649E-04 +6.473E-04 +8.874E-04 +1.156E-03 +1.304E-03 +1.327E-03 
+0.00000000 -1.297E-03 -1.287E-03 -1.152E-03 -8.885E-04 -6.485E-04 -4.655E-04 -3.333E-04 -2.394E-04 -1.727E-04 -1.252E-04 -9.119E-05 -6.669E-05 -4.896E-05 -3.606E-05 -2.664E-05 -1.974E-05 -1.465E-05 -1.091E-05 -8.130E-06 -6.072E-06 -4.542E-06 -3.401E-06 -2.550E-06 -1.913E-06 -1.436E-06 -1.077E-06 -8.060E-07 -6.005E-07 -4.432E-07 -3.207E-07 -2.226E-07 -1.400E-07 -5.883E-08 +1.211E-09 +7.373E-08 +1.844E-07 +3.264E-07 +5.119E-07 +6.811E-07 +5.136E-07 +0.000E+00 -5.136E-07 -6.811E-07 -5.119E-07 -3.264E-07 -1.844E-07 -7.373E-08 -1.211E-09 +5.883E-08 +1.400E-07 +2.226E-07 +3.207E-07 +4.432E-07 +6.005E-07 +8.060E-07 +1.077E-06 +1.436E-06 +1.913E-06 +2.550E-06 +3.401E-06 +4.542E-06 +6.072E-06 +8.130E-06 +1.091E-05 +1.465E-05 +1.974E-05 +2.664E-05 +3.606E-05 +4.896E-05 +6.669E-05 +9.119E-05 +1.252E-04 +1.727E-04 +2.394E-04 +3.333E-04 +4.655E-04 +6.485E-04 +8.885E-04 +1.152E-03 +1.287E-03 +1.297E-03 
-0.00025625 -1.327E-03 -1.304E-03 -1.156E-03 -8.874E-04 -6.473E-04 -4.649E-04 -3.332E-04 -2.394E-04 -1.728E-04 -1.254E-04 -9.133E-05 -6.681E-05 -4.906E-05 -3.614E-05 -2.671E-05 -1.979E-05 -1.469E-05 -1.094E-05 -8.154E-06 -6.090E-06 -4.555E-06 -3.412E-06 -2.558E-06 -1.919E-06 -1.440E-06 -1.080E-06 -8.086E-07 -6.025E-07 -4.447E-07 -3.218E-07 -2.235E-07 -1.407E-07 -5.949E-08 +1.046E-09 +7.305E-08 +1.837E-07 +3.262E-07 +5.158E-07 +7.020E-07 +5.490E-07 +0.000E+00 -5.490E-07 -7.020E-07 -5.158E-07 -3.262E-07 -1.837E-07 -7.305E-08 -1.046E-09 +5.949E-08 +1.407E-07 +2.235E-07 +3.218E-07 +4.447E-07 +6.025E-07 +8.086E-07 +1.080E-06 +1.440E-06 +1.919E-06 +2.558E-06 +3.412E-06 +4.555E-06 +6.090E-06 +8.154E-06 +1.094E-05 +1.469E-05 +1.979E-05 +2.671E-05 +3.614E-05 +4.906E-05 +6.681E-05 +9.133E-05 +1.254E-04 +1.728E-04 +2.394E-04 +3.332E-04 +4.649E-04 +6.473E-04 +8.874E-04 +1.156E-03 +1.304E-03 +1.327E-03 
-0.00051250 -1.420E-03 -1.352E-03 -1.165E-03 -8.834E-04 -6.435E-04 -4.630E-04 -3.326E-04 -2.395E-04 -1.732E-04 -1.258E-04 -9.175E-05 -6.718E-05 -4.936E-05 -3.639E-05 -2.690E-05 -1.994E-05 -1.481E-05 -1.103E-05 -8.224E-06 -6.144E-06 -4.596E-06 -3.443E-06 -2.582E-06 -1.937E-06 -1.454E-06 -1.091E-06 -8.166E-07 -6.085E-07 -4.492E-07 -3.253E-07 -2.261E-07 -1.427E-07 -6.148E-08 +5.465E-10 +7.094E-08 +1.815E-07 +3.251E-07 +5.262E-07 +7.639E-07 +6.647E-07 +0.000E+00 -6.647E-07 -7.639E-07 -5.262E-07 -3.251E-07 -1.815E-07 -7.094E-08 -5.465E-10 +6.148E-08 +1.427E-07 +2.261E-07 +3.253E-07 +4.492E-07 +6.085E-07 +8.166E-07 +1.091E-06 +1.454E-06 +1.937E-06 +2.582E-06 +3.443E-06 +4.596E-06 +6.144E-06 +8.224E-06 +1.103E-05 +1.481E-05 +1.994E-05 +2.690E-05 +3.639E-05 +4.936E-05 +6.718E-05 +9.175E-05 +1.258E-04 +1.732E-04 +2.395E-04 +3.326E-04 +4.630E-04 +6.435E-04 +8.834E-04 +1.165E-03 +1.352E-03 +1.420E-03 
-0.00076875 -1.589E-03 -1.431E-03 -1.174E-03 -8.743E-04 -6.364E-04 -4.596E-04 -3.316E-04 -2.397E-04 -1.738E-04 -1.265E-04 -9.244E-05 -6.778E-05 -4.986E-05 -3.679E-05 -2.722E-05 -2.019E-05 -1.501E-05 -1.118E-05 -8.340E-06 -6.232E-06 -4.664E-06 -3.495E-06 -2.622E-06 -1.968E-06 -1.477E-06 -1.108E-06 -8.299E-07 -6.186E-07 -4.569E-07 -3.310E-07 -2.304E-07 -1.461E-07 -6.481E-08 -2.987E-10 +6.733E-08 +1.776E-07 +3.221E-07 +5.388E-07 +8.626E-07 +8.940E-07 +0.000E+00 -8.940E-07 -8.626E-07 -5.388E-07 -3.221E-07 -1.776E-07 -6.733E-08 +2.987E-10 +6.481E-08 +1.461E-07 +2.304E-07 +3.310E-07 +4.569E-07 +6.186E-07 +8.299E-07 +1.108E-06 +1.477E-06 +1.968E-06 +2.622E-06 +3.495E-06 +4.664E-06 +6.232E-06 +8.340E-06 +1.118E-05 +1.501E-05 +2.019E-05 +2.722E-05 +3.679E-05 +4.986E-05 +6.778E-05 +9.244E-05 +1.265E-04 +1.738E-04 +2.397E-04 +3.316E-04 +4.596E-04 +6.364E-04 +8.743E-04 +1.174E-03 +1.431E-03 +1.589E-03 
-0.00102500 -1.857E-03 -1.532E-03 -1.171E-03 -8.568E-04 -6.254E-04 -4.546E-04 -3.300E-04 -2.397E-04 -1.746E-04 -1.275E-04 -9.337E-05 -6.860E-05 -5.055E-05 -3.735E-05 -2.766E-05 -2.054E-05 -1.528E-05 -1.139E-05 -8.501E-06 -6.357E-06 -4.759E-06 -3.568E-06 -2.677E-06 -2.010E-06 -1.509E-06 -1.133E-06 -8.485E-07 -6.327E-07 -4.675E-07 -3.391E-07 -2.366E-07 -1.509E-07 -6.949E-08 -1.507E-09 +6.203E-08 +1.716E-07 +3.153E-07 +5.465E-07 +9.840E-07 +1.304E-06 +0.000E+00 -1.304E-06 -9.840E-07 -5.465E-07 -3.153E-07 -1.716E-07 -6.203E-08 +1.507E-09 +6.949E-08 +1.509E-07 +2.366E-07 +3.391E-07 +4.675E-07 +6.327E-07 +8.485E-07 +1.133E-06 +1.509E-06 +2.010E-06 +2.677E-06 +3.568E-06 +4.759E-06 +6.357E-06 +8.501E-06 +1.139E-05 +1.528E-05 +2.054E-05 +2.766E-05 +3.735E-05 +5.055E-05 +6.860E-05 +9.337E-05 +1.275E-04 +1.746E-04 +2.397E-04 +3.300E-04 +4.546E-04 +6.254E-04 +8.568E-04 +1.171E-03 +1.532E-03 +1.857E-03 
-0.00128125 -2.253E-03 -1.634E-03 -1.138E-03 -8.268E-04 -6.095E-04 -4.476E-04 -3.277E-04 -2.397E-04 -1.755E-04 -1.286E-04 -9.454E-05 -6.964E-05 -5.142E-05 -3.806E-05 -2.823E-05 -2.098E-05 -1.562E-05 -1.165E-05 -8.708E-06 -6.515E-06 -4.881E-06 -3.661E-06 -2.748E-06 -2.064E-06 -1.551E-06 -1.164E-06 -8.725E-07 -6.509E-07 -4.813E-07 -3.495E-07 -2.445E-07 -1.570E-07 -7.555E-08 -3.097E-09 +5.484E-08 +1.630E-07 +3.030E-07 +5.399E-07 +1.092E-06 +2.008E-06 +0.000E+00 -2.008E-06 -1.092E-06 -5.399E-07 -3.030E-07 -1.630E-07 -5.484E-08 +3.097E-09 +7.555E-08 +1.570E-07 +2.445E-07 +3.495E-07 +4.813E-07 +6.509E-07 +8.725E-07 +1.164E-06 +1.551E-06 +2.064E-06 +2.748E-06 +3.661E-06 +4.881E-06 +6.515E-06 +8.708E-06 +1.165E-05 +1.562E-05 +2.098E-05 +2.823E-05 +3.806E-05 +5.142E-05 +6.964E-05 +9.454E-05 +1.286E-04 +1.755E-04 +2.397E-04 +3.277E-04 +4.476E-04 +6.095E-04 +8.268E-04 +1.138E-03 +1.634E-03 +2.253E-03 
-0.00153750 -2.776E-03 -1.675E-03 -1.051E-03 -7.811E-04 -5.879E-04 -4.385E-04 -3.247E-04 -2.395E-04 -1.764E-04 -1.300E-04 -9.590E-05 -7.086E-05 -5.245E-05 -3.890E-05 -2.890E-05 -2.151E-05 -1.604E-05 -1.198E-05 -8.958E-06 -6.708E-06 -5.029E-06 -3.775E-06 -2.835E-06 -2.131E-06 -1.601E-06 -1.203E-06 -9.018E-07 -6.732E-07 -4.982E-07 -3.623E-07 -2.542E-07 -1.647E-07 -8.303E-08 -5.080E-09 +4.549E-08 +1.514E-07 +2.834E-07 +5.097E-07 +1.115E-06 +3.166E-06 +0.000E+00 -3.166E-06 -1.115E-06 -5.097E-07 -2.834E-07 -1.514E-07 -4.549E-08 +5.080E-09 +8.303E-08 +1.647E-07 +2.542E-07 +3.623E-07 +4.982E-07 +6.732E-07 +9.018E-07 +1.203E-06 +1.601E-06 +2.131E-06 +2.835E-06 +3.775E-06 +5.029E-06 +6.708E-06 +8.958E-06 +1.198E-05 +1.604E-05 +2.151E-05 +2.890E-05 +3.890E-05 +5.245E-05 +7.086E-05 +9.590E-05 +1.300E-04 +1.764E-04 +2.395E-04 +3.247E-04 +4.385E-04 +5.879E-04 +7.811E-04 +1.051E-03 +1.675E-03 +2.776E-03 
-0.00179375 -3.159E-03 -1.519E-03 -8.830E-04 -7.186E-04 -5.605E-04 -4.269E-04 -3.207E-04 -2.390E-04 -1.774E-04 -1.315E-04 -9.743E-05 -7.225E-05 -5.364E-05 -3.988E-05 -2.969E-05 -2.214E-05 -1.653E-05 -1.236E-05 -9.252E-06 -6.935E-06 -5.204E-06 -3.908E-06 -2.937E-06 -2.209E-06 -1.661E-06 -1.248E-06 -9.364E-07 -6.995E-07 -5.182E-07 -3.775E-07 -2.659E-07 -1.738E-07 -9.194E-08 -7.445E-09 +3.360E-08 +1.366E-07 +2.557E-07 +4.501E-07 +9.668E-07 +5.115E-06 +0.000E+00 -5.115E-06 -9.668E-07 -4.501E-07 -2.557E-07 -1.366E-07 -3.360E-08 +7.445E-09 +9.194E-08 +1.738E-07 +2.659E-07 +3.775E-07 +5.182E-07 +6.995E-07 +9.364E-07 +1.248E-06 +1.661E-06 +2.209E-06 +2.937E-06 +3.908E-06 +5.204E-06 +6.935E-06 +9.252E-06 +1.236E-05 +1.653E-05 +2.214E-05 +2.969E-05 +3.988E-05 +5.364E-05 +7.225E-05 +9.743E-05 +1.315E-04 +1.774E-04 +2.390E-04 +3.207E-04 +4.269E-04 +5.605E-04 +7.186E-04 +8.830E-04 +1.519E-03 +3.159E-03 
-0.00205000 -1.423E-05 -1.965E-04 -6.958E-04 -6.471E-04 -5.305E-04 -4.153E-04 -3.174E-04 -2.393E-04 -1.792E-04 -1.337E-04 -9.958E-05 -7.415E-05 -5.523E-05 -4.118E-05 -3.073E-05 -2.295E-05 -1.717E-05 -1.285E-05 -9.634E-06 -7.229E-06 -5.430E-06 -4.081E-06 -3.070E-06 -2.310E-06 -1.738E-06 -1.307E-06 -9.813E-07 -7.336E-07 -5.440E-07 -3.970E-07 -2.807E-07 -1.854E-07 -1.028E-07 -1.018E-08 +1.850E-08 +1.194E-07 +2.212E-07 +3.652E-07 +6.296E-07 +2.119E-05 +0.000E+00 -2.119E-05 -6.296E-07 -3.652E-07 -2.212E-07 -1.194E-07 -1.850E-08 +1.018E-08 +1.028E-07 +1.854E-07 +2.807E-07 +3.970E-07 +5.440E-07 +7.336E-07 +9.813E-07 +1.307E-06 +1.738E-06 +2.310E-06 +3.070E-06 +4.081E-06 +5.430E-06 +7.229E-06 +9.634E-06 +1.285E-05 +1.717E-05 +2.295E-05 +3.073E-05 +4.118E-05 +5.523E-05 +7.415E-05 +9.958E-05 +1.337E-04 +1.792E-04 +2.393E-04 +3.174E-04 +4.153E-04 +5.305E-04 +6.471E-04 +6.958E-04 +1.965E-04 +1.423E-05 
# Vertical KickTable in T2m2
START
            -0.03000000 -0.02925000 -0.02850000 -0.02775000 -0.02700000 -0.02625000 -0.02550000 -0.02475000 -0.02400000 -0.02325000 -0.02250000 -0.02175000 -0.02100000 -0.02025000 -0.01950000 -0.01875000 -0.01800000 -0.01725000 -0.01650000 -0.01575000 -0.01500000 -0.01425000 -0.01350000 -0.01275000 -0.01200000 -0.01125000 -0.01050000 -0.00975000 -0.00900000 -0.00825000 -0.00750000 -0.00675000 -0.00600000 -0.00525000 -0.00450000 -0.00375000 -0.00300000 -0.00225000 -0.00150000 -0.00075000 +0.00000000 +0.00075000 +0.00150000 +0.00225000 +0.00300000 +0.00375000 +0.00450000 +0.00525000 +0.00600000 +0.00675000 +0.00750000 +0.00825000 +0.00900000 +0.00975000 +0.01050000 +0.01125000 +0.01200000 +0.01275000 +0.01350000 +0.01425000 +0.01500000 +0.01575000 +0.01650000 +0.01725000 +0.01800000 +0.01875000 +0.01950000 +0.02025000 +0.02100000 +0.02175000 +0.02250000 +0.02325000 +0.02400000 +0.02475000 +0.02550000 +0.02625000 +0.02700000 +0.02775000 +0.02850000 +0.02925000 +0.03000000 
+0.00205000 -1.746E-02 -6.807E-03 -5.413E-03 -5.027E-03 -4.880E-03 -4.822E-03 -4.803E-03 -4.800E-03 -4.805E-03 -4.812E-03 -4.819E-03 -4.826E-03 -4.832E-03 -4.836E-03 -4.840E-03 -4.843E-03 -4.845E-03 -4.847E-03 -4.849E-03 -4.850E-03 -4.850E-03 -4.851E-03 -4.852E-03 -4.852E-03 -4.852E-03 -4.852E-03 -4.853E-03 -4.853E-03 -4.853E-03 -4.853E-03 -4.853E-03 -4.853E-03 -4.853E-03 -4.853E-03 -4.853E-03 -4.853E-03 -4.853E-03 -4.853E-03 -4.854E-03 -4.857E-03 -4.594E-03 -4.857E-03 -4.854E-03 -4.853E-03 -4.853E-03 -4.853E-03 -4.853E-03 -4.853E-03 -4.853E-03 -4.853E-03 -4.853E-03 -4.853E-03 -4.853E-03 -4.853E-03 -4.853E-03 -4.852E-03 -4.852E-03 -4.852E-03 -4.852E-03 -4.851E-03 -4.850E-03 -4.850E-03 -4.849E-03 -4.847E-03 -4.845E-03 -4.843E-03 -4.840E-03 -4.836E-03 -4.832E-03 -4.826E-03 -4.819E-03 -4.812E-03 -4.805E-03 -4.800E-03 -4.803E-03 -4.822E-03 -4.880E-03 -5.027E-03 -5.413E-03 -6.807E-03 -1.746E-02 
+0.00179375 -6.612E-03 -5.147E-03 -4.217E-03 -3.898E-03 -3.765E-03 -3.708E-03 -3.687E-03 -3.682E-03 -3.684E-03 -3.688E-03 -3.694E-03 -3.699E-03 -3.703E-03 -3.707E-03 -3.710E-03 -3.712E-03 -3.714E-03 -3.715E-03 -3.716E-03 -3.717E-03 -3.718E-03 -3.719E-03 -3.719E-03 -3.719E-03 -3.719E-03 -3.720E-03 -3.720E-03 -3.720E-03 -3.720E-03 -3.720E-03 -3.720E-03 -3.720E-03 -3.720E-03 -3.720E-03 -3.720E-03 -3.720E-03 -3.720E-03 -3.720E-03 -3.721E-03 -3.722E-03 -3.638E-03 -3.722E-03 -3.721E-03 -3.720E-03 -3.720E-03 -3.720E-03 -3.720E-03 -3.720E-03 -3.720E-03 -3.720E-03 -3.720E-03 -3.720E-03 -3.720E-03 -3.720E-03 -3.720E-03 -3.720E-03 -3.719E-03 -3.719E-03 -3.719E-03 -3.719E-03 -3.718E-03 -3.717E-03 -3.716E-03 -3.715E-03 -3.714E-03 -3.712E-03 -3.710E-03 -3.707E-03 -3.703E-03 -3.699E-03 -3.694E-03 -3.688E-03 -3.684E-03 -3.682E-03 -3.687E-03 -3.708E-03 -3.765E-03 -3.898E-03 -4.217E-03 -5.147E-03 -6.612E-03 
+0.00153750 -2.723E-03 -3.690E-03 -3.231E-03 -2.999E-03 -2.891E-03 -2.842E-03 -2.823E-03 -2.818E-03 -2.819E-03 -2.823E-03 -2.827E-03 -2.831E-03 -2.835E-03 -2.837E-03 -2.840E-03 -2.842E-03 -2.843E-03 -2.844E-03 -2.845E-03 -2.846E-03 -2.847E-03 -2.847E-03 -2.847E-03 -2.848E-03 -2.848E-03 -2.848E-03 -2.848E-03 -2.848E-03 -2.848E-03 -2.848E-03 -2.848E-03 -2.848E-03 -2.848E-03 -2.848E-03 -2.848E-03 -2.848E-03 -2.848E-03 -2.848E-03 -2.849E-03 -2.848E-03 -2.841E-03 -2.848E-03 -2.849E-03 -2.848E-03 -2.848E-03 -2.848E-03 -2.848E-03 -2.848E-03 -2.848E-03 -2.848E-03 -2.848E-03 -2.848E-03 -2.848E-03 -2.848E-03 -2.848E-03 -2.848E-03 -2.848E-03 -2.848E-03 -2.847E-03 -2.847E-03 -2.847E-03 -2.846E-03 -2.845E-03 -2.844E-03 -2.843E-03 -2.842E-03 -2.840E-03 -2.837E-03 -2.835E-03 -2.831E-03 -2.827E-03 -2.823E-03 -2.819E-03 -2.818E-03 -2.823E-03 -2.842E-03 -2.891E-03 -2.999E-03 -3.231E-03 -3.690E-03 -2.723E-03 
+0.00128125 -1.694E-03 -2.609E-03 -2.499E-03 -2.358E-03 -2.279E-03 -2.241E-03 -2.227E-03 -2.223E-03 -2.225E-03 -2.228E-03 -2.232E-03 -2.235E-03 -2.238E-03 -2.241E-03 -2.243E-03 -2.244E-03 -2.246E-03 -2.247E-03 -2.247E-03 -2.248E-03 -2.249E-03 -2.249E-03 -2.249E-03 -2.249E-03 -2.250E-03 -2.250E-03 -2.250E-03 -2.250E-03 -2.250E-03 -2.250E-03 -2.250E-03 -2.250E-03 -2.250E-03 -2.250E-03 -2.250E-03 -2.250E-03 -2.250E-03 -2.250E-03 -2.250E-03 -2.249E-03 -2.245E-03 -2.249E-03 -2.250E-03 -2.250E-03 -2.250E-03 -2.250E-03 -2.250E-03 -2.250E-03 -2.250E-03 -2.250E-03 -2.250E-03 -2.250E-03 -2.250E-03 -2.250E-03 -2.250E-03 -2.250E-03 -2.250E-03 -2.249E-03 -2.249E-03 -2.249E-03 -2.249E-03 -2.248E-03 -2.247E-03 -2.247E-03 -2.246E-03 -2.244E-03 -2.243E-03 -2.241E-03 -2.238E-03 -2.235E-03 -2.232E-03 -2.228E-03 -2.225E-03 -2.223E-03 -2.227E-03 -2.241E-03 -2.279E-03 -2.358E-03 -2.499E-03 -2.609E-03 -1.694E-03 
+0.00102500 -1.114E-03 -1.801E-03 -1.857E-03 -1.786E-03 -1.732E-03 -1.705E-03 -1.694E-03 -1.692E-03 -1.693E-03 -1.696E-03 -1.699E-03 -1.702E-03 -1.704E-03 -1.706E-03 -1.708E-03 -1.709E-03 -1.710E-03 -1.711E-03 -1.712E-03 -1.712E-03 -1.713E-03 -1.713E-03 -1.713E-03 -1.713E-03 -1.713E-03 -1.714E-03 -1.714E-03 -1.714E-03 -1.714E-03 -1.714E-03 -1.714E-03 -1.714E-03 -1.714E-03 -1.714E-03 -1.714E-03 -1.714E-03 -1.714E-03 -1.714E-03 -1.714E-03 -1.713E-03 -1.711E-03 -1.713E-03 -1.714E-03 -1.714E-03 -1.714E-03 -1.714E-03 -1.714E-03 -1.714E-03 -1.714E-03 -1.714E-03 -1.714E-03 -1.714E-03 -1.714E-03 -1.714E-03 -1.714E-03 -1.714E-03 -1.713E-03 -1.713E-03 -1.713E-03 -1.713E-03 -1.713E-03 -1.712E-03 -1.712E-03 -1.711E-03 -1.710E-03 -1.709E-03 -1.708E-03 -1.706E-03 -1.704E-03 -1.702E-03 -1.699E-03 -1.696E-03 -1.693E-03 -1.692E-03 -1.694E-03 -1.705E-03 -1.732E-03 -1.786E-03 -1.857E-03 -1.801E-03 -1.114E-03 
+0.00076875 -7.294E-04 -1.199E-03 -1.304E-03 -1.276E-03 -1.243E-03 -1.224E-03 -1.217E-03 -1.215E-03 -1.217E-03 -1.219E-03 -1.221E-03 -1.223E-03 -1.225E-03 -1.227E-03 -1.228E-03 -1.229E-03 -1.230E-03 -1.230E-03 -1.231E-03 -1.231E-03 -1.232E-03 -1.232E-03 -1.232E-03 -1.232E-03 -1.232E-03 -1.232E-03 -1.232E-03 -1.232E-03 -1.232E-03 -1.232E-03 -1.232E-03 -1.232E-03 -1.232E-03 -1.232E-03 -1.232E-03 -1.232E-03 -1.232E-03 -1.232E-03 -1.232E-03 -1.232E-03 -1.231E-03 -1.232E-03 -1.232E-03 -1.232E-03 -1.232E-03 -1.232E-03 -1.232E-03 -1.232E-03 -1.232E-03 -1.232E-03 -1.232E-03 -1.232E-03 -1.232E-03 -1.232E-03 -1.232E-03 -1.232E-03 -1.232E-03 -1.232E-03 -1.232E-03 -1.232E-03 -1.232E-03 -1.231E-03 -1.231E-03 -1.230E-03 -1.230E-03 -1.229E-03 -1.228E-03 -1.227E-03 -1.225E-03 -1.223E-03 -1.221E-03 -1.219E-03 -1.217E-03 -1.215E-03 -1.217E-03 -1.224E-03 -1.243E-03 -1.276E-03 -1.304E-03 -1.199E-03 -7.294E-04 
+0.00051250 -4.402E-04 -7.268E-04 -8.191E-04 -8.127E-04 -7.940E-04 -7.827E-04 -7.781E-04 -7.773E-04 -7.783E-04 -7.798E-04 -7.815E-04 -7.830E-04 -7.842E-04 -7.853E-04 -7.861E-04 -7.868E-04 -7.873E-04 -7.877E-04 -7.880E-04 -7.882E-04 -7.884E-04 -7.885E-04 -7.886E-04 -7.887E-04 -7.887E-04 -7.888E-04 -7.888E-04 -7.889E-04 -7.889E-04 -7.889E-04 -7.889E-04 -7.889E-04 -7.889E-04 -7.889E-04 -7.889E-04 -7.889E-04 -7.889E-04 -7.889E-04 -7.888E-04 -7.884E-04 -7.880E-04 -7.884E-04 -7.888E-04 -7.889E-04 -7.889E-04 -7.889E-04 -7.889E-04 -7.889E-04 -7.889E-04 -7.889E-04 -7.889E-04 -7.889E-04 -7.889E-04 -7.889E-04 -7.888E-04 -7.888E-04 -7.887E-04 -7.887E-04 -7.886E-04 -7.885E-04 -7.884E-04 -7.882E-04 -7.880E-04 -7.877E-04 -7.873E-04 -7.868E-04 -7.861E-04 -7.853E-04 -7.842E-04 -7.830E-04 -7.815E-04 -7.798E-04 -7.783E-04 -7.773E-04 -7.781E-04 -7.827E-04 -7.940E-04 -8.127E-04 -8.191E-04 -7.268E-04 -4.402E-04 
+0.00025625 -1.833E-04 -3.028E-04 -3.478E-04 -3.481E-04 -3.409E-04 -3.362E-04 -3.343E-04 -3.340E-04 -3.344E-04 -3.351E-04 -3.359E-04 -3.365E-04 -3.371E-04 -3.375E-04 -3.379E-04 -3.382E-04 -3.384E-04 -3.386E-04 -3.387E-04 -3.388E-04 -3.389E-04 -3.389E-04 -3.390E-04 -3.390E-04 -3.391E-04 -3.391E-04 -3.391E-04 -3.391E-04 -3.391E-04 -3.391E-04 -3.391E-04 -3.391E-04 -3.391E-04 -3.391E-04 -3.391E-04 -3.391E-04 -3.391E-04 -3.391E-04 -3.391E-04 -3.389E-04 -3.388E-04 -3.389E-04 -3.391E-04 -3.391E-04 -3.391E-04 -3.391E-04 -3.391E-04 -3.391E-04 -3.391E-04 -3.391E-04 -3.391E-04 -3.391E-04 -3.391E-04 -3.391E-04 -3.391E-04 -3.391E-04 -3.391E-04 -3.390E-04 -3.390E-04 -3.389E-04 -3.389E-04 -3.388E-04 -3.387E-04 -3.386E-04 -3.384E-04 -3.382E-04 -3.379E-04 -3.375E-04 -3.371E-04 -3.365E-04 -3.359E-04 -3.351E-04 -3.344E-04 -3.340E-04 -3.343E-04 -3.362E-04 -3.409E-04 -3.481E-04 -3.478E-04 -3.028E-04 -1.833E-04 
+0.00000000 +0.000E+00 +0.000E+00 +0.000E+00 +0.000E+00 +0.000E+00 +0.000E+00 +0.000E+00 +0.000E+00 +0.000E+00 +0.000E+00 +0.000E+00 +0.000E+00 +0.000E+00 +0.000E+00 +0.000E+00 +0.000E+00 +0.000E+00 +0.000E+00 +8.873E-18 +0.000E+00 +0.000E+00 +0.000E+00 +0.000E+00 +0.000E+00 +0.000E+00 +0.000E+00 +0.000E+00 +0.000E+00 +0.000E+00 +0.000E+00 +0.000E+00 +0.000E+00 +0.000E+00 +0.000E+00 +0.000E+00 +0.000E+00 +0.000E+00 +0.000E+00 +0.000E+00 +0.000E+00 +0.000E+00 +0.000E+00 +0.000E+00 +0.000E+00 +0.000E+00 +0.000E+00 +0.000E+00 +0.000E+00 +0.000E+00 +0.000E+00 +0.000E+00 +0.000E+00 +0.000E+00 +0.000E+00 +0.000E+00 +0.000E+00 +0.000E+00 +0.000E+00 +0.000E+00 +0.000E+00 +0.000E+00 +0.000E+00 +8.873E-18 +0.000E+00 +0.000E+00 +0.000E+00 +0.000E+00 +0.000E+00 +0.000E+00 +0.000E+00 +0.000E+00 +0.000E+00 +0.000E+00 +0.000E+00 +0.000E+00 +0.000E+00 +0.000E+00 +0.000E+00 +0.000E+00 +0.000E+00 +0.000E+00 
-0.00025625 +1.833E-04 +3.028E-04 +3.478E-04 +3.481E-04 +3.409E-04 +3.362E-04 +3.343E-04 +3.340E-04 +3.344E-04 +3.351E-04 +3.359E-04 +3.365E-04 +3.371E-04 +3.375E-04 +3.379E-04 +3.382E-04 +3.384E-04 +3.386E-04 +3.387E-04 +3.388E-04 +3.389E-04 +3.389E-04 +3.390E-04 +3.390E-04 +3.391E-04 +3.391E-04 +3.391E-04 +3.391E-04 +3.391E-04 +3.391E-04 +3.391E-04 +3.391E-04 +3.391E-04 +3.391E-04 +3.391E-04 +3.391E-04 +3.391E-04 +3.391E-04 +3.391E-04 +3.389E-04 +3.388E-04 +3.389E-04 +3.391E-04 +3.391E-04 +3.391E-04 +3.391E-04 +3.391E-04 +3.391E-04 +3.391E-04 +3.391E-04 +3.391E-04 +3.391E-04 +3.391E-04 +3.391E-04 +3.391E-04 +3.391E-04 +3.391E-04 +3.390E-04 +3.390E-04 +3.389E-04 +3.389E-04 +3.388E-04 +3.387E-04 +3.386E-04 +3.384E-04 +3.382E-04 +3.379E-04 +3.375E-04 +3.371E-04 +3.365E-04 +3.359E-04 +3.351E-04 +3.344E-04 +3.340E-04 +3.343E-04 +3.362E-04 +3.409E-04 +3.481E-04 +3.478E-04 +3.028E-04 +1.833E-04 
-0.00051250 +4.402E-04 +7.268E-04 +8.191E-04 +8.127E-04 +7.940E-04 +7.827E-04 +7.781E-04 +7.773E-04 +7.783E-04 +7.798E-04 +7.815E-04 +7.830E-04 +7.842E-04 +7.853E-04 +7.861E-04 +7.868E-04 +7.873E-04 +7.877E-04 +7.880E-04 +7.882E-04 +7.884E-04 +7.885E-04 +7.886E-04 +7.887E-04 +7.887E-04 +7.888E-04 +7.888E-04 +7.889E-04 +7.889E-04 +7.889E-04 +7.889E-04 +7.889E-04 +7.889E-04 +7.889E-04 +7.889E-04 +7.889E-04 +7.889E-04 +7.889E-04 +7.888E-04 +7.884E-04 +7.880E-04 +7.884E-04 +7.888E-04 +7.889E-04 +7.889E-04 +7.889E-04 +7.889E-04 +7.889E-04 +7.889E-04 +7.889E-04 +7.889E-04 +7.889E-04 +7.889E-04 +7.889E-04 +7.888E-04 +7.888E-04 +7.887E-04 +7.887E-04 +7.886E-04 +7.885E-04 +7.884E-04 +7.882E-04 +7.880E-04 +7.877E-04 +7.873E-04 +7.868E-04 +7.861E-04 +7.853E-04 +7.842E-04 +7.830E-04 +7.815E-04 +7.798E-04 +7.783E-04 +7.773E-04 +7.781E-04 +7.827E-04 +7.940E-04 +8.127E-04 +8.191E-04 +7.268E-04 +4.402E-04 
-0.00076875 +7.294E-04 +1.199E-03 +1.304E-03 +1.276E-03 +1.243E-03 +1.224E-03 +1.217E-03 +1.215E-03 +1.217E-03 +1.219E-03 +1.221E-03 +1.223E-03 +1.225E-03 +1.227E-03 +1.228E-03 +1.229E-03 +1.230E-03 +1.230E-03 +1.231E-03 +1.231E-03 +1.232E-03 +1.232E-03 +1.232E-03 +1.232E-03 +1.232E-03 +1.232E-03 +1.232E-03 +1.232E-03 +1.232E-03 +1.232E-03 +1.232E-03 +1.232E-03 +1.232E-03 +1.232E-03 +1.232E-03 +1.232E-03 +1.232E-03 +1.232E-03 +1.232E-03 +1.232E-03 +1.231E-03 +1.232E-03 +1.232E-03 +1.232E-03 +1.232E-03 +1.232E-03 +1.232E-03 +1.232E-03 +1.232E-03 +1.232E-03 +1.232E-03 +1.232E-03 +1.232E-03 +1.232E-03 +1.232E-03 +1.232E-03 +1.232E-03 +1.232E-03 +1.232E-03 +1.232E-03 +1.232E-03 +1.231E-03 +1.231E-03 +1.230E-03 +1.230E-03 +1.229E-03 +1.228E-03 +1.227E-03 +1.225E-03 +1.223E-03 +1.221E-03 +1.219E-03 +1.217E-03 +1.215E-03 +1.217E-03 +1.224E-03 +1.243E-03 +1.276E-03 +1.304E-03 +1.199E-03 +7.294E-04 
-0.00102500 +1.114E-03 +1.801E-03 +1.857E-03 +1.786E-03 +1.732E-03 +1.705E-03 +1.694E-03 +1.692E-03 +1.693E-03 +1.696E-03 +1.699E-03 +1.702E-03 +1.704E-03 +1.706E-03 +1.708E-03 +1.709E-03 +1.710E-03 +1.711E-03 +1.712E-03 +1.712E-03 +1.713E-03 +1.713E-03 +1.713E-03 +1.713E-03 +1.713E-03 +1.714E-03 +1.714E-03 +1.714E-03 +1.714E-03 +1.714E-03 +1.714E-03 +1.714E-03 +1.714E-03 +1.714E-03 +1.714E-03 +1.714E-03 +1.714E-03 +1.714E-03 +1.714E-03 +1.713E-03 +1.711E-03 +1.713E-03 +1.714E-03 +1.714E-03 +1.714E-03 +1.714E-03 +1.714E-03 +1.714E-03 +1.714E-03 +1.714E-03 +1.714E-03 +1.714E-03 +1.714E-03 +1.714E-03 +1.714E-03 +1.714E-03 +1.713E-03 +1.713E-03 +1.713E-03 +1.713E-03 +1.713E-03 +1.712E-03 +1.712E-03 +1.711E-03 +1.710E-03 +1.709E-03 +1.708E-03 +1.706E-03 +1.704E-03 +1.702E-03 +1.699E-03 +1.696E-03 +1.693E-03 +1.692E-03 +1.694E-03 +1.705E-03 +1.732E-03 +1.786E-03 +1.857E-03 +1.801E-03 +1.114E-03 
-0.00128125 +1.694E-03 +2.609E-03 +2.499E-03 +2.358E-03 +2.279E-03 +2.241E-03 +2.227E-03 +2.223E-03 +2.225E-03 +2.228E-03 +2.232E-03 +2.235E-03 +2.238E-03 +2.241E-03 +2.243E-03 +2.244E-03 +2.246E-03 +2.247E-03 +2.247E-03 +2.248E-03 +2.249E-03 +2.249E-03 +2.249E-03 +2.249E-03 +2.250E-03 +2.250E-03 +2.250E-03 +2.250E-03 +2.250E-03 +2.250E-03 +2.250E-03 +2.250E-03 +2.250E-03 +2.250E-03 +2.250E-03 +2.250E-03 +2.250E-03 +2.250E-03 +2.250E-03 +2.249E-03 +2.245E-03 +2.249E-03 +2.250E-03 +2.250E-03 +2.250E-03 +2.250E-03 +2.250E-03 +2.250E-03 +2.250E-03 +2.250E-03 +2.250E-03 +2.250E-03 +2.250E-03 +2.250E-03 +2.250E-03 +2.250E-03 +2.250E-03 +2.249E-03 +2.249E-03 +2.249E-03 +2.249E-03 +2.248E-03 +2.247E-03 +2.247E-03 +2.246E-03 +2.244E-03 +2.243E-03 +2.241E-03 +2.238E-03 +2.235E-03 +2.232E-03 +2.228E-03 +2.225E-03 +2.223E-03 +2.227E-03 +2.241E-03 +2.279E-03 +2.358E-03 +2.499E-03 +2.609E-03 +1.694E-03 
-0.00153750 +2.723E-03 +3.690E-03 +3.231E-03 +2.999E-03 +2.891E-03 +2.842E-03 +2.823E-03 +2.818E-03 +2.819E-03 +2.823E-03 +2.827E-03 +2.831E-03 +2.835E-03 +2.837E-03 +2.840E-03 +2.842E-03 +2.843E-03 +2.844E-03 +2.845E-03 +2.846E-03 +2.847E-03 +2.847E-03 +2.847E-03 +2.848E-03 +2.848E-03 +2.848E-03 +2.848E-03 +2.848E-03 +2.848E-03 +2.848E-03 +2.848E-03 +2.848E-03 +2.848E-03 +2.848E-03 +2.848E-03 +2.848E-03 +2.848E-03 +2.848E-03 +2.849E-03 +2.848E-03 +2.841E-03 +2.848E-03 +2.849E-03 +2.848E-03 +2.848E-03 +2.848E-03 +2.848E-03 +2.848E-03 +2.848E-03 +2.848E-03 +2.848E-03 +2.848E-03 +2.848E-03 +2.848E-03 +2.848E-03 +2.848E-03 +2.848E-03 +2.848E-03 +2.847E-03 +2.847E-03 +2.847E-03 +2.846E-03 +2.845E-03 +2.844E-03 +2.843E-03 +2.842E-03 +2.840E-03 +2.837E-03 +2.835E-03 +2.831E-03 +2.827E-03 +2.823E-03 +2.819E-03 +2.818E-03 +2.823E-03 +2.842E-03 +2.891E-03 +2.999E-03 +3.231E-03 +3.690E-03 +2.723E-03 
-0.00179375 +6.612E-03 +5.147E-03 +4.217E-03 +3.898E-03 +3.765E-03 +3.708E-03 +3.687E-03 +3.682E-03 +3.684E-03 +3.688E-03 +3.694E-03 +3.699E-03 +3.703E-03 +3.707E-03 +3.710E-03 +3.712E-03 +3.714E-03 +3.715E-03 +3.716E-03 +3.717E-03 +3.718E-03 +3.719E-03 +3.719E-03 +3.719E-03 +3.719E-03 +3.720E-03 +3.720E-03 +3.720E-03 +3.720E-03 +3.720E-03 +3.720E-03 +3.720E-03 +3.720E-03 +3.720E-03 +3.720E-03 +3.720E-03 +3.720E-03 +3.720E-03 +3.721E-03 +3.722E-03 +3.638E-03 +3.722E-03 +3.721E-03 +3.720E-03 +3.720E-03 +3.720E-03 +3.720E-03 +3.720E-03 +3.720E-03 +3.720E-03 +3.720E-03 +3.720E-03 +3.720E-03 +3.720E-03 +3.720E-03 +3.720E-03 +3.719E-03 +3.719E-03 +3.719E-03 +3.719E-03 +3.718E-03 +3.717E-03 +3.716E-03 +3.715E-03 +3.714E-03 +3.712E-03 +3.710E-03 +3.707E-03 +3.703E-03 +3.699E-03 +3.694E-03 +3.688E-03 +3.684E-03 +3.682E-03 +3.687E-03 +3.708E-03 +3.765E-03 +3.898E-03 +4.217E-03 +5.147E-03 +6.612E-03 
-0.00205000 +1.746E-02 +6.807E-03 +5.413E-03 +5.027E-03 +4.880E-03 +4.822E-03 +4.803E-03 +4.800E-03 +4.805E-03 +4.812E-03 +4.819E-03 +4.826E-03 +4.832E-03 +4.836E-03 +4.840E-03 +4.843E-03 +4.845E-03 +4.847E-03 +4.849E-03 +4.850E-03 +4.850E-03 +4.851E-03 +4.852E-03 +4.852E-03 +4.852E-03 +4.852E-03 +4.853E-03 +4.853E-03 +4.853E-03 +4.853E-03 +4.853E-03 +4.853E-03 +4.853E-03 +4.853E-03 +4.853E-03 +4.853E-03 +4.853E-03 +4.853E-03 +4.854E-03 +4.857E-03 +4.594E-03 +4.857E-03 +4.854E-03 +4.853E-03 +4.853E-03 +4.853E-03 +4.853E-03 +4.853E-03 +4.853E-03 +4.853E-03 +4.853E-03 +4.853E-03 +4.853E-03 +4.853E-03 +4.853E-03 +4.852E-03 +4.852E-03 +4.852E-03 +4.852E-03 +4.851E-03 +4.850E-03 +4.850E-03 +4.849E-03 +4.847E-03 +4.845E-03 +4.843E-03 +4.840E-03 +4.836E-03 +4.832E-03 +4.826E-03 +4.819E-03 +4.812E-03 +4.805E-03 +4.800E-03 +4.803E-03 +4.822E-03 +4.880E-03 +5.027E-03 +5.413E-03 +6.807E-03 +1.746E-02 
