# multipoles are divided by excitation current and units are [T], [m] and [A]
# harmonics (dipole n=0): 00 01 02 03 04 05 06 07 08 09 10 11 12 13 14 
# MAG_LABEL   CURRENT[A]   <NORMAL_MULTIPOLES/CURRENT>[T/m^(n-1)/A]   <SKEW_MULTIPOLES/CURRENT>[T/m^(n-1)/A]
Q20-006   +1.575590e+02   +1.537547e-07 -5.780186e-02 -1.248808e-03 -9.914096e-02 -7.155326e-01 +2.460257e+03 +2.245059e+01 +1.520969e+05 +1.043360e+07 -2.272197e+11 +5.008680e+10 -6.291963e+11 -3.094471e+14 +4.601472e+18 -6.072224e+17   +2.169042e-07 -8.779080e-06 -5.735314e-04 +2.365219e-02 -6.478354e-02 -1.733348e+02 +1.388585e+03 +9.407752e+04 +9.791139e+06 +3.167047e+09 -1.317797e+10 -1.013304e+13 -2.594721e+14 -1.227033e+16 -6.481121e+16   
Q20-018   +1.575582e+02   +2.345002e-07 -5.774417e-02 -9.642773e-04 -6.897483e-02 +1.281671e-01 +2.432513e+03 -7.333087e+02 +1.735760e+05 +1.762408e+07 -2.271601e+11 -3.115692e+10 -7.589329e+12 -6.543633e+14 +4.605671e+18 +3.573679e+18   -7.441936e-07 -2.033914e-05 +1.599835e-03 +1.400544e-02 -8.156167e-01 -2.753237e+02 -3.872173e+03 -5.268579e+03 -1.147021e+07 +5.298090e+09 +4.079524e+10 +5.795825e+10 +1.131271e+14 -1.663856e+17 +4.263313e+17   
Q20-031   +1.575597e+02   +9.632051e-07 -5.773629e-02 -8.985375e-05 -6.636113e-02 -3.418381e-01 +2.431444e+03 -3.389536e+03 +2.316927e+05 +2.447594e+07 -2.258345e+11 +1.667455e+10 -9.418976e+12 -7.999850e+14 +4.610187e+18 -2.438433e+18   +7.321168e-07 -1.434958e-05 -1.116226e-03 +1.378559e-02 +5.684885e-01 -2.368262e+02 -9.041608e+01 +1.905822e+05 +2.013960e+07 +3.690154e+09 +2.909568e+10 -9.132119e+12 -4.480438e+14 -7.589777e+16 -1.080463e+17   
Q20-042   +1.575589e+02   +6.756794e-07 -5.772071e-02 +1.079116e-03 -6.741263e-02 +1.278775e+00 +2.377967e+03 -5.252889e+03 -6.298535e+04 +1.048174e+07 -2.248626e+11 +9.339377e+10 +4.756061e+12 -6.501232e+14 +4.634248e+18 -1.090396e+18   -2.778043e-07 -1.188469e-05 +1.212420e-03 +9.693581e-03 -2.693492e-01 -2.130827e+02 -2.764616e+03 +1.483804e+05 -5.497520e+06 +3.004113e+09 -1.474360e+10 -8.032177e+12 +3.190029e+14 -9.123744e+16 +1.039987e+18   
Q20-052   +1.575586e+02   +3.039045e-07 -5.759307e-02 -6.802498e-04 -4.849620e-02 -4.930658e-01 +2.405075e+03 -1.936075e+03 +7.071934e+04 +1.118585e+07 -2.234018e+11 +4.659890e+10 -1.062914e+12 -6.882328e+13 +4.530418e+18 -4.024013e+17   +9.829517e-08 -7.182997e-06 -6.522818e-04 +7.405549e-03 +6.080154e-01 -1.564884e+02 +7.557994e+02 +6.468311e+04 +7.468929e+06 +2.552854e+09 -8.076576e+09 -6.837856e+12 -2.223269e+14 +5.064530e+16 +6.822535e+17   
Q20-054   +1.575591e+02   +2.124762e-07 -5.759377e-02 -8.331052e-04 -4.160203e-02 -1.633859e-01 +2.374013e+03 -1.842347e+03 +7.025713e+04 +5.178044e+06 -2.225959e+11 +1.051813e+11 -6.602932e+12 +6.975014e+12 +4.504486e+18 -2.574271e+18   +1.573476e-07 -7.237056e-06 -7.627893e-04 +1.825930e-02 +1.303586e+00 -2.032752e+02 +3.710016e+03 +1.784819e+05 -1.950690e+07 +5.851454e+09 -1.481666e+11 -1.098630e+13 +8.358121e+14 -5.394207e+16 +9.059718e+18   
Q20-084   +1.575579e+02   +5.673809e-07 -5.762588e-02 -5.603852e-04 -3.320618e-02 -4.162177e-01 +2.436517e+03 -3.895686e+03 -2.554670e+04 +3.429473e+07 -2.252830e+11 +1.094273e+11 -1.585503e+12 -9.351350e+14 +4.596332e+18 -3.631929e+18   +4.888328e-07 +9.228519e-06 -1.382647e-03 +2.044719e-02 +1.502436e+00 -2.190749e+02 -1.716833e+03 -3.045716e+04 +7.905449e+06 +6.023191e+09 +6.629918e+10 -7.899179e+12 -5.091123e+14 -1.190020e+17 -5.644962e+18   
Q20-085   +1.575557e+02   +1.205350e-07 -5.761089e-02 -6.910115e-04 -3.562025e-02 +7.382887e-01 +2.346829e+03 +9.151957e+02 -3.260314e+04 -1.161549e+07 -2.245806e+11 +8.926253e+09 +3.974476e+12 -2.145749e+14 +4.595624e+18 +1.339652e+18   -4.535368e-07 -1.286140e-05 +5.978976e-04 +6.205737e-03 +4.054989e-01 -1.826777e+02 -7.756444e+02 +1.142416e+05 -8.120893e+06 +2.431743e+09 -5.278935e+10 -4.423186e+12 +8.303095e+13 +9.706694e+16 -1.779521e+18   
Q20-089   +1.575575e+02   +5.653168e-07 -5.765815e-02 -5.555997e-04 -7.334351e-02 -5.665866e-01 +2.323854e+03 -1.116139e+03 +1.402164e+05 +1.953760e+07 -2.229443e+11 -1.053255e+10 -2.881606e+12 -5.706613e+14 +4.484601e+18 +1.659793e+18   +2.277504e-07 -3.000238e-06 -1.341218e-03 +1.600548e-02 +1.821798e+00 -2.084699e+02 +3.324205e+03 +1.265311e+05 -6.065517e+06 +3.230629e+09 -6.149168e+10 -5.226771e+12 +3.185718e+14 -7.167136e+16 -1.197708e+17   
Q20-093   +1.575561e+02   +2.143930e-07 -5.766016e-02 -1.649311e-03 -3.212211e-02 -6.720870e-01 +2.294682e+03 +1.951825e+03 +1.521891e+05 +2.340651e+07 -2.226006e+11 -5.294614e+10 -3.152108e+12 -1.008054e+15 +4.596579e+18 +4.006747e+18   +2.399780e-07 -3.957124e-06 -1.012686e-03 +9.616467e-03 +1.249107e+00 -1.526460e+02 +2.504208e+02 +1.082100e+05 +1.030227e+06 +2.158988e+09 +2.342336e+09 -3.405448e+12 -1.080058e+14 +3.970339e+16 +1.254886e+17   
Q20-099   +1.575574e+02   +5.260123e-07 -5.833135e-02 -2.648477e-04 -6.119039e-02 +4.204817e-01 +2.368920e+03 -4.357628e+03 +3.022389e+05 -5.845974e+06 -2.262558e+11 +2.354821e+11 -1.580533e+13 +7.504592e+14 +4.647299e+18 -8.905688e+18   +4.545781e-07 -1.398134e-05 -1.153477e-03 +1.641990e-02 +9.654805e-01 -1.699024e+02 +1.767882e+03 +3.207244e+04 -2.040847e+07 +5.110566e+09 -1.330040e+11 -6.631881e+11 +1.414208e+15 -1.618622e+17 +7.696719e+18   
Q20-100   +1.575593e+02   +6.749103e-07 -5.765979e-02 -9.527251e-04 -4.498874e-02 -2.062406e-01 +2.319680e+03 +4.745461e+02 -4.252671e+04 +2.035373e+07 -2.242518e+11 -5.998386e+10 +1.327132e+12 -4.869636e+14 +4.602021e+18 +7.009336e+18   -1.212152e-07 -9.716589e-06 -4.824594e-04 +1.210087e-02 +1.060465e+00 -1.322017e+02 +2.931178e+03 +3.161641e+05 -5.772402e+06 +3.542774e+09 -1.444300e+11 -1.636081e+13 -1.664611e+14 -7.359680e+16 +4.518364e+18   
Q20-105   +1.575620e+02   +2.689598e-07 -5.769090e-02 -6.296700e-05 -3.550407e-02 +1.335875e+00 +2.284166e+03 +1.481434e+03 +2.198250e+03 +6.641855e+06 -2.227453e+11 +8.725492e+10 -5.380731e+12 +1.126901e+14 +4.470275e+18 +1.696094e+17   +6.907294e-08 -4.867049e-06 -1.031211e-03 +1.143215e-02 +8.129092e-01 -2.135886e+02 +3.115568e+03 +2.967015e+05 +9.536430e+06 +3.341614e+09 -2.487414e+10 -1.488978e+13 -1.961766e+14 +1.424748e+16 +1.835735e+18   
Q20-110   +1.575577e+02   +3.303666e-07 -5.774043e-02 -1.875197e-04 -7.900921e-02 -2.546246e-01 +2.389629e+03 -5.219919e+03 +2.793290e+05 -7.787706e+06 -2.258440e+11 +9.984272e+10 -5.837936e+12 +5.217606e+14 +4.634334e+18 -1.372901e+18   -2.967704e-08 +1.162412e-05 -8.168290e-04 +9.818606e-03 +6.801007e-02 -2.325266e+02 +4.172225e+03 +1.291307e+05 -4.384778e+06 +8.092248e+09 -1.234242e+11 -4.206325e+12 -6.043783e+13 -2.339106e+17 +4.969162e+18   
Q20-114   +1.575579e+02   +4.138699e-07 -5.777328e-02 +4.693401e-05 -2.945524e-02 +1.977081e-01 +2.386791e+03 -5.798323e+03 -5.960493e+03 +2.232704e+06 -2.252842e+11 +1.951962e+10 -4.215279e+10 +1.420822e+14 +4.607445e+18 +3.597969e+18   -1.335927e-07 -1.418918e-06 -1.711188e-03 +2.491560e-02 +2.159826e+00 -1.921357e+02 +2.133908e+03 +9.831357e+04 -2.086786e+07 +4.980917e+09 -2.313728e+10 -7.501960e+12 +3.586128e+14 -7.203060e+16 -5.607540e+17   
Q20-117   +1.575581e+02   +3.742777e-07 -5.769064e-02 -1.242057e-03 -2.493674e-02 -9.213116e-01 +2.427078e+03 +7.717287e+02 +2.606745e+04 +1.187345e+07 -2.249670e+11 -3.907389e+09 +6.377819e+11 -4.004945e+14 +4.593306e+18 +8.533677e+17   -9.220256e-08 -1.074452e-05 -6.814248e-04 +1.251748e-02 +1.297343e+00 -1.580508e+02 -1.267577e+02 +1.711219e+05 -1.584711e+07 +3.286339e+09 -7.193930e+10 -4.977630e+12 +6.410949e+13 -1.825233e+16 +2.486172e+18   
Q20-122   +1.575574e+02   +2.585760e-07 -5.768281e-02 -1.372193e-03 -2.646394e-02 -8.679516e-01 +2.410205e+03 -1.755240e+02 +8.125807e+04 +1.109356e+07 -2.230552e+11 +3.570587e+10 -3.966201e+12 -1.405719e+13 +4.495310e+18 +5.105704e+16   +2.078293e-07 +2.807815e-06 -6.132130e-04 +2.212550e-02 +1.824414e-01 -1.514467e+02 +1.893042e+03 +4.021288e+04 +4.389603e+06 +2.629391e+09 -4.675824e+10 -5.576397e+12 -3.207189e+14 -1.905441e+16 +9.790413e+17   
Q20-124   +1.575568e+02   +5.696359e-08 -5.769688e-02 -7.759316e-04 -4.040378e-02 +2.101143e-01 +2.459914e+03 -5.982993e+02 +3.233252e+05 +5.544792e+06 -2.218955e+11 -8.979892e+09 -1.227375e+13 -3.350501e+14 +4.441007e+18 +2.968919e+18   +2.164666e-07 -1.493367e-05 -2.032435e-03 +1.678239e-02 +1.324162e+00 -2.237825e+02 +4.692803e+03 -5.358135e+04 -4.462168e+06 +6.393688e+09 -5.490249e+10 +2.466693e+12 -8.651407e+13 -1.118585e+17 -1.808696e+18   
Q20-126   +1.575564e+02   +2.696532e-07 -5.770682e-02 -5.613530e-04 -2.142440e-02 +3.655678e-01 +2.423366e+03 -6.521360e+02 -3.013561e+05 +1.498201e+07 -2.227569e+11 +1.728568e+10 +1.166357e+13 -5.464738e+14 +4.514882e+18 +2.006419e+17   +1.086029e-07 +6.960441e-06 -2.083773e-04 -1.858031e-03 +6.668666e-01 -1.817080e+02 -6.138144e+02 +8.646117e+04 -2.289625e+06 +4.229822e+09 +1.281755e+09 -2.817404e+12 +2.692339e+14 +6.068345e+15 +8.236098e+17   
Q20-128   +1.575566e+02   +6.679879e-07 -5.770595e-02 -5.144631e-04 -2.887064e-02 +1.695914e-01 +2.374691e+03 -1.120036e+03 +2.865193e+04 +7.207080e+06 -2.230456e+11 +2.489712e+10 +2.932677e+11 -2.236150e+14 +4.567786e+18 +3.607988e+17   +2.075485e-07 -1.431713e-05 -1.417352e-03 +2.888609e-02 +6.198863e-01 -2.027136e+02 +4.056762e+03 -1.075444e+05 +2.617324e+06 +4.007977e+09 -6.556368e+10 -7.295067e+12 -2.857087e+14 +1.500292e+16 +1.578477e+18   
Q20-138   +1.575575e+02   +6.007053e-07 -5.770371e-02 +6.023836e-05 -1.059988e-02 -5.158710e-01 +2.508938e+03 -3.647264e+03 -8.471142e+04 +2.202461e+07 -2.255832e+11 +6.598575e+10 +4.619334e+12 -7.980553e+14 +4.621772e+18 +6.515393e+17   +4.938053e-07 +8.907789e-06 -1.282345e-03 +1.976707e-02 +1.647091e+00 -1.930817e+02 +3.303194e+03 +1.138599e+05 -3.104225e+06 +6.490646e+09 -9.518462e+10 -7.325973e+12 +6.403979e+13 -1.459161e+17 +4.921203e+18   
Q20-143   +1.575591e+02   +4.252807e-07 -5.765009e-02 -1.510613e-03 -2.917970e-02 -6.121478e-01 +2.382041e+03 +3.712540e+03 -7.410914e+04 +2.584790e+07 -2.271199e+11 -3.821760e+10 +7.476921e+12 -9.282841e+14 +4.674035e+18 -1.184020e+18   +5.010926e-07 +9.258221e-06 -9.471233e-04 -1.146614e-02 +5.374444e-01 -3.135844e+02 -9.202230e+02 +2.681226e+05 +6.130545e+06 +2.359381e+09 +5.415614e+10 -1.201443e+13 -3.062355e+14 +1.399480e+17 +1.895891e+18   
Q20-144   +1.575555e+02   +5.538089e-07 -5.765493e-02 -1.678742e-03 -2.379970e-02 -2.351301e+00 +2.371298e+03 +5.849118e+02 -8.764385e+04 +2.296544e+07 -2.237282e+11 -4.825291e+10 +2.604307e+12 -2.453784e+14 +4.596198e+18 +1.531981e+18   +3.592823e-07 -1.331617e-05 -1.128423e-03 +1.069511e-02 +3.133406e-01 -2.296600e+02 +4.005790e+03 +7.494737e+04 -6.280587e+06 +4.563462e+09 -4.908625e+10 -2.765269e+11 -2.225432e+13 -6.676631e+16 +1.991731e+18   
Q20-150   +1.575595e+02   +7.891190e-07 -5.768578e-02 -6.267757e-04 -1.347519e-02 -5.774298e-01 +2.267268e+03 -5.255989e+03 -2.336321e+05 +3.289515e+07 -2.226123e+11 +1.666205e+11 +3.605465e+12 -1.367711e+15 +4.425523e+18 -6.933406e+18   +2.184709e-07 +6.931877e-06 -7.256878e-04 +3.201699e-03 +1.204516e+00 -3.198703e+02 +1.615908e+03 +3.391945e+05 +2.211466e+07 +7.509481e+09 -8.109692e+10 -2.366794e+13 -1.357419e+15 -1.891143e+17 +2.093724e+18   
Q20-154   +1.575590e+02   +9.079900e-07 -5.768233e-02 -3.327118e-04 -4.188669e-02 +5.328528e-01 +2.359882e+03 -2.644764e+03 +4.764112e+04 +1.553275e+07 -2.258567e+11 +5.958906e+10 +6.871058e+12 -8.050362e+14 +4.549527e+18 +1.977879e+18   +1.337837e-07 -1.220399e-05 -1.026202e-03 +1.421146e-02 +2.435640e+00 -3.245789e+02 +7.095590e+01 +1.341593e+04 -8.145393e+06 +3.167117e+09 -7.437151e+10 -7.226594e+12 +4.520390e+12 +2.620605e+16 +5.146173e+18   
Q20-156   +1.575592e+02   +3.688354e-07 -5.765990e-02 -8.736545e-04 -2.568837e-02 +4.984982e-01 +2.309599e+03 -2.106700e+03 -9.094499e+04 +2.068379e+07 -2.233979e+11 +9.526527e+10 +2.845398e+12 -1.221892e+15 +4.525832e+18 -6.236056e+17   +2.891328e-07 -1.054102e-05 -6.208022e-04 +2.024840e-02 -1.061832e-01 -1.499765e+02 +1.158993e+03 +1.786738e+05 +1.063314e+07 +3.412039e+09 -4.031240e+10 -1.443732e+13 -3.682589e+14 -7.398698e+15 +2.003846e+18   
Q20-157   +1.575589e+02   +8.691664e-07 -5.764154e-02 -6.518832e-04 -3.503473e-02 +4.997530e-01 +2.295811e+03 -2.031025e+03 -1.008501e+05 +1.390037e+07 -2.236843e+11 +8.816538e+10 +5.005745e+12 -4.550826e+14 +4.549535e+18 -1.072546e+18   +5.738676e-07 -1.139456e-06 -3.601013e-04 +1.926390e-02 +1.139549e+00 -1.896320e+02 +4.491317e+02 +9.625321e+04 +1.207897e+07 +5.057337e+09 -6.445393e+10 -1.101255e+13 -1.433093e+14 -6.454970e+16 +2.764461e+18   
Q20-158   +1.575573e+02   +4.495743e-07 -5.768902e-02 -9.653694e-04 -5.561956e-02 -6.970093e-01 +2.331785e+03 -9.010773e+02 +1.579523e+05 +2.185611e+07 -2.246689e+11 +2.937149e+10 -4.573589e+12 -9.480208e+14 +4.573323e+18 +2.342283e+18   +3.555055e-07 +1.190920e-05 -6.362733e-04 -9.855151e-04 +1.648465e-01 -2.188884e+02 +2.855811e+03 +1.071824e+05 +1.296233e+07 +4.857023e+09 -4.954824e+10 -7.809013e+12 -2.567142e+14 -2.712061e+16 +3.308390e+18   
Q20-159   +1.575582e+02   +8.404126e-08 -5.773708e-02 -1.182548e-03 -3.932203e-02 -8.339204e-02 +2.291713e+03 -3.190773e+01 +4.769190e+04 -8.248476e+06 -2.225245e+11 +5.833917e+10 +6.297990e+11 +4.831156e+14 +4.500163e+18 -1.603672e+18   +5.696260e-07 +5.516032e-06 -9.276312e-04 +2.125186e-02 +6.701524e-01 -3.166407e+02 +1.229935e+03 -1.316814e+05 +6.924203e+06 +9.586540e+09 -5.244440e+09 +1.441286e+12 -2.835800e+14 -1.739757e+17 +1.832220e+18   
Q20-160   +1.575591e+02   +2.486052e-07 -5.764598e-02 -8.511892e-04 -1.234097e-02 -5.299293e-01 +2.301246e+03 -1.561421e+03 -5.600577e+04 +1.180282e+07 -2.262140e+11 -1.520655e+10 +6.952985e+12 -1.380215e+14 +4.616258e+18 +2.525751e+18   +4.770115e-07 -9.733097e-06 -6.373399e-04 +8.521139e-03 +7.995413e-01 -3.324765e+02 -4.942733e+02 +1.766533e+05 +1.217609e+07 +4.486525e+09 -2.552884e+10 -7.176323e+12 -2.937790e+14 +1.301901e+16 -8.770017e+17   
Q20-161   +1.575582e+02   +4.962329e-07 -5.769379e-02 -1.003831e-03 -5.556271e-02 -4.605207e-01 +2.275819e+03 -1.372365e+03 -5.876500e+04 +1.103503e+07 -2.223490e+11 +1.291377e+11 +6.585509e+12 -3.337874e+14 +4.474960e+18 -5.642999e+18   +3.641319e-07 +6.500290e-06 -9.163896e-04 +2.646991e-03 +4.420421e-01 -3.574997e+02 -8.546512e+02 +1.432135e+05 +2.303719e+07 +1.083886e+10 +1.083339e+11 -1.064624e+13 -7.600239e+14 -1.946076e+17 -3.607009e+18   
Q20-163   +1.575589e+02   +3.827232e-07 -5.765777e-02 -1.171340e-03 -5.391512e-02 -3.325631e-01 +2.280263e+03 +1.162393e+03 +3.715007e+04 +2.445683e+07 -2.222192e+11 -1.652220e+10 +4.419175e+12 -9.915524e+14 +4.513776e+18 +2.734450e+18   +4.432987e-07 -8.342353e-06 -1.426046e-03 +1.156068e-02 +1.149065e+00 -2.115810e+02 +4.297262e+03 +4.333842e+04 -1.186940e+05 +3.489252e+09 -8.116711e+10 -3.109697e+12 -1.240730e+14 +3.983868e+16 +2.035764e+18   
Q20-164   +1.575576e+02   +3.797115e-07 -5.770198e-02 -3.393028e-04 -4.828513e-02 +3.532945e-01 +2.292666e+03 -2.720359e+03 +2.423260e+05 +1.476460e+07 -2.237790e+11 +7.469821e+10 -4.805568e+12 -6.628465e+14 +4.534010e+18 -3.890738e+17   +4.967725e-07 +1.238780e-05 -5.957167e-04 +2.579655e-02 +5.534058e-01 -3.020684e+02 -1.174328e+03 +1.074178e+04 +1.231609e+07 +8.593308e+09 +1.839452e+10 -7.929843e+12 -2.165956e+14 -1.749909e+17 +2.166018e+18   
Q20-165   +1.575579e+02   +4.420677e-07 -5.770027e-02 -8.105820e-04 -1.740320e-02 -8.538588e-02 +2.269135e+03 +2.192247e+02 -2.338549e+04 +1.224799e+07 -2.221328e+11 +7.129582e+09 +4.792046e+12 -3.159999e+14 +4.480828e+18 +5.354758e+17   +1.996994e-08 +9.394864e-06 +7.008896e-04 +5.161384e-03 -5.761696e-01 -2.985735e+02 -3.167790e+03 +1.586714e+05 +6.607114e+06 +7.666007e+09 +8.874109e+10 -8.555109e+12 -2.916502e+14 -1.368458e+17 -1.229101e+18   
Q20-166   +1.575577e+02   +5.278181e-07 -5.765190e-02 -1.205605e-03 -5.324638e-02 -1.603970e-01 +2.215117e+03 +1.733272e+02 +4.017257e+04 +1.114572e+07 -2.178900e+11 +7.123638e+10 -1.839576e+12 -2.823219e+14 +4.274131e+18 -3.702288e+18   +1.362884e-07 -5.361716e-07 -8.534930e-04 +9.362710e-03 +1.276037e+00 -3.104505e+02 -2.831666e+02 +1.120228e+05 +1.416781e+06 +7.070946e+09 +3.882651e+10 -9.643235e+12 -2.308124e+14 -6.738192e+16 +4.793304e+17   
Q20-167   +1.575584e+02   +6.059415e-07 -5.771188e-02 -1.130227e-04 -1.718949e-02 +3.777351e-01 +2.301609e+03 -2.039870e+03 -5.219849e+04 +1.610908e+07 -2.244990e+11 +8.535844e+10 +2.293536e+12 -7.020064e+14 +4.566679e+18 -6.488096e+17   +5.061275e-07 -1.284208e-05 -1.526707e-03 +1.518120e-02 +6.351804e-01 -1.107742e+02 +2.386707e+03 +1.837675e+05 +1.466728e+07 +9.237292e+08 +1.553364e+10 -5.098194e+12 -4.201346e+14 +2.866496e+16 -5.172700e+17   
Q20-170   +1.575548e+02   +4.924047e-07 -5.767384e-02 -3.641589e-04 -2.190833e-02 -3.233034e-01 +2.301775e+03 -1.868307e+03 +1.882907e+04 +2.094669e+07 -2.225830e+11 -5.694476e+09 -2.914912e+12 -9.571133e+14 +4.484243e+18 +1.435235e+18   +6.686372e-07 +3.650922e-06 -1.047276e-03 +3.822157e-03 +3.014931e-01 -1.818195e+02 +2.059989e+03 +1.299581e+05 +2.879538e+07 +4.304331e+09 -3.064820e+09 -7.478274e+12 -8.983985e+14 +1.125731e+16 +1.220915e+18   
Q20-171   +1.575582e+02   +7.914847e-07 -5.765732e-02 -4.086837e-04 -7.562310e-02 +2.285540e-01 +2.265956e+03 -2.934838e+03 +1.463007e+05 +2.240816e+07 -2.237071e+11 +1.093834e+11 -7.464696e+12 -6.818027e+14 +4.554926e+18 -3.170408e+18   +1.164693e-07 -1.708289e-05 -4.581075e-04 +2.297625e-02 -2.330233e-02 -2.072161e+02 +1.719647e+02 -1.478324e+04 -2.162648e+06 +5.247915e+09 -5.968075e+09 -6.850237e+12 +5.791698e+13 -1.165974e+17 +9.447176e+17   
Q20-178   +1.575597e+02   +1.542575e-07 -5.769133e-02 -1.493568e-03 -4.603655e-02 -3.392960e-02 +2.319636e+03 +1.197653e+03 +4.243294e+05 -2.434774e+06 -2.223750e+11 +6.264625e+10 -1.774352e+13 -1.688345e+14 +4.415506e+18 -1.540721e+18   -1.769155e-07 +4.475794e-07 +5.584753e-04 +7.333753e-03 -3.372542e-01 -2.551456e+02 -1.095530e+03 +1.775059e+04 -1.650085e+06 +5.252422e+09 -1.035116e+11 +3.484387e+12 -3.387081e+14 -9.606663e+16 +5.695741e+18   
Q20-005   +1.574380e+02   -4.107281e-07 -5.784284e-02 -2.695795e-04 -6.817033e-02 -1.869589e-01 +2.251336e+03 -1.345835e+03 +2.391994e+05 -2.974432e+07 -2.272105e+11 -4.672249e+09 -5.164727e+12 +7.802367e+14 +4.610740e+18 +4.683196e+17   +8.235985e-09 -1.154684e-05 -1.366305e-04 +1.242962e-02 -3.185808e-01 -1.418598e+02 +1.894298e+03 -5.648613e+04 +4.072626e+06 +1.899742e+09 -5.636132e+10 -5.023320e+12 -2.014874e+14 -4.593185e+16 +2.409780e+18   
Q20-007   +1.574387e+02   +3.981158e-07 -5.786716e-02 -1.248708e-03 -7.977708e-02 -7.829994e-01 +2.463024e+03 -1.535519e+01 +1.479329e+05 +1.804421e+07 -2.259692e+11 -8.416711e+09 -5.428684e+11 -1.879479e+14 +4.547513e+18 +9.173532e+17   +2.254986e-07 -6.653828e-06 -4.433102e-04 +1.943372e-02 -4.415960e-01 -2.014941e+02 +7.936568e+02 +1.545992e+03 +2.663911e+06 +3.952487e+09 +1.135976e+10 -4.600322e+12 -9.160600e+13 -4.604348e+16 +2.423672e+18   
Q20-009   +1.574382e+02   +1.705623e-07 -5.780584e-02 -8.193316e-04 -1.033570e-01 -6.155251e-01 +2.456004e+03 -8.115889e+02 +2.641804e+05 +1.186905e+07 -2.275124e+11 -2.769166e+10 -8.617597e+12 -1.602929e+14 +4.606498e+18 +2.105956e+18   -1.152278e-07 -1.058763e-05 +6.218979e-04 +1.186977e-02 -2.155366e-01 -2.209981e+02 -3.694629e+03 +4.455240e+04 +2.027109e+06 +3.861753e+09 +3.927159e+10 -6.593387e+12 +1.816012e+13 -8.403907e+16 -2.756241e+17   
Q20-010   +1.574372e+02   +6.744473e-07 -5.781588e-02 +8.664286e-05 -9.554718e-02 -2.244083e-01 +2.436239e+03 -5.317292e+03 +1.234181e+05 +1.609975e+07 -2.275504e+11 +1.020421e+11 -3.670525e+12 -3.491250e+14 +4.614587e+18 -4.047131e+18   -3.240632e-07 -3.745498e-06 +2.069626e-04 +1.596158e-02 +8.945421e-01 -2.549690e+02 -1.754334e+03 +8.824179e+04 -3.336207e+06 +4.519812e+09 -5.752290e+10 -1.666504e+12 +2.642416e+13 -1.260164e+17 +8.896119e+17   
Q20-011   +1.574380e+02   +1.117381e-07 -5.778365e-02 -5.939104e-04 -7.260979e-02 -4.916809e-01 +2.500474e+03 -3.672368e+03 +1.150360e+05 -1.870707e+06 -2.271990e+11 +7.893234e+10 +8.431529e+10 -4.647360e+13 +4.597637e+18 -1.986494e+18   +4.144607e-07 -3.330109e-06 -1.142661e-03 -6.924434e-03 +1.182671e+00 -2.037588e+02 +2.124940e+03 +6.937506e+04 +9.335796e+06 +3.650208e+09 -1.037412e+10 -3.128790e+12 -3.796434e+14 -9.632027e+16 +7.478620e+17   
Q20-012   +1.574381e+02   +2.218332e-07 -5.785162e-02 -1.330814e-03 -1.080115e-01 -8.044400e-01 +2.426420e+03 -3.273494e+02 +2.639951e+05 +1.944037e+07 -2.268384e+11 +4.758374e+10 -5.137841e+12 -4.811272e+14 +4.563346e+18 -2.434594e+18   +2.870642e-08 -2.704747e-05 -1.763989e-04 +2.062942e-03 +8.185636e-01 -2.532036e+02 -1.302039e+03 +3.508518e+04 +4.724765e+06 +5.031266e+09 -3.472867e+09 -7.062318e+12 -3.440869e+14 -1.256930e+17 -6.705708e+17   
Q20-013   +1.574373e+02   +2.350133e-07 -5.782616e-02 -1.054340e-03 -6.760005e-02 -8.172612e-02 +2.420433e+03 -1.430932e+02 -3.131581e+04 +3.348120e+06 -2.282205e+11 +1.860449e+09 +5.741038e+12 -1.203637e+14 +4.607227e+18 -5.669877e+16   +4.499922e-07 -1.828655e-05 -1.157769e-03 +3.147961e-02 +4.081250e-01 -3.631432e+02 +6.544320e+02 -3.779660e+04 -4.351480e+06 +7.169343e+09 +3.092193e+10 -8.674583e+12 -3.672398e+13 -2.106461e+17 -2.489818e+18   
Q20-014   +1.574374e+02   +5.582316e-07 -5.782136e-02 +8.408028e-04 -6.609357e-02 +1.197359e+00 +2.406332e+03 -7.795905e+03 +1.771095e+05 +7.222572e+06 -2.284918e+11 +9.217537e+10 -3.953848e+12 -1.095941e+14 +4.585047e+18 +1.825212e+18   +6.126580e-08 -2.544091e-05 -3.624136e-04 +4.201615e-02 -5.285940e-01 -2.592475e+02 +8.759158e+01 +4.268335e+04 -5.380757e+05 +3.871799e+09 +2.336408e+10 -7.265440e+12 -2.576477e+14 -1.220247e+17 -1.536985e+17   
Q20-015   +1.574377e+02   +1.908728e-07 -5.779654e-02 -1.534915e-03 -9.200350e-02 -4.660750e-01 +2.442994e+03 +1.920939e+03 +2.013181e+05 +9.480232e+06 -2.294003e+11 +8.422023e+10 -7.238927e+12 -1.668947e+13 +4.648931e+18 -3.935115e+18   +2.264697e-07 -3.492837e-06 -1.122340e-03 +7.446177e-03 +5.310242e-01 -3.811745e+02 +1.661693e+03 -2.067631e+04 +3.109523e+06 +6.502388e+09 +9.687915e+09 +1.601356e+12 -2.803050e+14 -1.638240e+17 -4.338921e+17   
Q20-016   +1.574399e+02   -2.045138e-07 -5.779812e-02 -2.239777e-03 -5.850310e-02 -5.135060e-01 +2.452268e+03 +7.295679e+02 +2.745736e+05 -1.260697e+07 -2.282319e+11 +3.236914e+09 -7.840674e+12 +5.800432e+14 +4.665294e+18 -3.520989e+17   +5.576749e-07 -1.728046e-05 -1.368191e-03 +1.136523e-02 +9.308619e-01 -3.573552e+02 +2.705364e+03 +2.336587e+05 -1.380494e+06 +6.613819e+09 -8.478969e+10 -7.221924e+12 +6.303462e+13 -1.654332e+17 +4.277031e+18   
Q20-021   +1.574403e+02   +9.283938e-07 -5.777589e-02 -2.825275e-04 -8.761772e-02 -4.594939e-01 +2.397492e+03 -1.232997e+03 +3.349099e+05 +4.470535e+07 -2.279776e+11 +2.414462e+09 -7.915324e+12 -1.241522e+15 +4.625085e+18 +7.745101e+17   +8.396192e-07 +3.042502e-06 -2.341059e-03 +2.941025e-02 +2.024631e+00 -3.404631e+02 +5.047911e+03 -1.072948e+05 +1.253669e+07 +6.688332e+09 -9.923615e+10 -6.035561e+12 -5.549022e+14 -1.938852e+17 +2.497665e+18   
Q20-022   +1.574373e+02   +3.062403e-07 -5.772346e-02 -4.616927e-04 -8.533048e-02 +3.239375e-01 +2.301837e+03 -1.299023e+03 -9.336765e+04 -2.910275e+06 -2.238383e+11 +1.980137e+10 +3.530255e+12 +8.285438e+12 +4.508263e+18 +1.708309e+18   +4.888591e-08 -9.753800e-06 +2.719916e-05 +2.205260e-03 +3.811338e-01 -3.348189e+02 +3.153370e+03 +1.947323e+05 +1.811091e+06 +5.680743e+09 -7.097848e+10 -1.114282e+13 -4.312866e+14 -6.732261e+16 -3.636155e+16   
Q20-023   +1.574380e+02   +3.945821e-08 -5.777155e-02 -1.723369e-03 -4.914109e-02 -1.379725e-01 +2.455184e+03 +2.567691e+02 -3.603714e+04 +2.204796e+06 -2.280305e+11 +3.135126e+10 -1.187585e+12 -2.570425e+14 +4.690396e+18 -4.581190e+17   +4.263175e-07 -9.744814e-06 -1.001954e-03 +3.024586e-02 +1.518596e+00 -3.373289e+02 +1.542365e+02 -6.496430e+03 -6.032892e+05 +5.069206e+09 -3.555393e+10 -1.193061e+12 -2.545830e+14 -4.080369e+16 +3.197435e+18   
Q20-026   +1.574383e+02   -6.180293e-09 -5.775988e-02 -2.790144e-03 -3.432670e-02 -2.414367e+00 +2.432470e+03 +2.351408e+03 +1.297993e+05 +3.210425e+07 -2.271665e+11 -1.546232e+09 -2.039859e+12 -8.610472e+14 +4.566734e+18 +8.089690e+17   +4.468428e-07 -1.937587e-05 -6.511586e-04 +6.914658e-03 -6.975120e-05 -1.893389e+02 +1.593759e+03 -3.326834e+04 +2.253013e+07 +2.836721e+09 +1.743816e+10 -3.125795e+11 -8.115382e+14 -2.032543e+16 -1.202380e+18   
Q20-027   +1.574393e+02   +5.557407e-07 -5.780960e-02 -7.953294e-04 -6.855359e-02 -2.599599e-01 +2.412857e+03 -2.638477e+03 +9.566608e+04 +1.776565e+07 -2.266939e+11 +3.744843e+10 -1.706987e+12 -2.851244e+14 +4.624058e+18 -5.973734e+17   -5.368781e-08 -1.848895e-05 +4.567843e-04 +1.309682e-02 -1.974891e-01 -2.137897e+02 -4.396054e+02 +1.321699e+05 +8.865938e+06 +5.236835e+09 -5.313385e+10 -8.169269e+12 -3.725577e+14 -1.742201e+17 +4.875421e+17   
Q20-028   +1.574385e+02   -1.646759e-07 -5.777711e-02 -2.041910e-03 -7.628033e-02 -1.246301e+00 +2.406652e+03 +7.698574e+02 -4.244619e+04 +2.191972e+07 -2.257851e+11 +4.089326e+10 +2.430890e+12 -6.925009e+14 +4.546379e+18 -7.690171e+16   +2.580058e-07 -1.557075e-05 -4.980604e-04 +2.050859e-02 +3.978639e-01 -2.214109e+02 -4.034596e+02 +1.907730e+05 +1.523610e+07 +2.420600e+09 +6.586102e+10 -1.757470e+12 -1.496898e+12 -3.023809e+16 -1.117977e+18   
Q20-033   +1.574380e+02   +4.645427e-07 -5.776800e-02 -1.317609e-03 -7.048044e-02 -1.145676e+00 +2.446498e+03 -1.277510e+03 +4.913175e+04 +2.252225e+07 -2.268476e+11 +7.957952e+10 -3.132349e+11 -1.860087e+14 +4.643416e+18 -1.553540e+18   +3.054067e-07 -1.418806e-05 -5.779896e-04 +2.252790e-02 +1.001033e+00 -1.905560e+02 -1.387836e+03 -9.738786e+04 +8.794624e+06 +3.625209e+09 +4.367670e+10 -9.486274e+12 -6.147560e+14 -6.728490e+16 -1.592264e+18   
Q20-034   +1.574377e+02   +3.787233e-07 -5.771061e-02 -3.564444e-04 -7.742923e-02 -6.611174e-01 +2.421872e+03 -4.711352e+03 +1.701714e+05 +7.406949e+06 -2.274552e+11 +5.669492e+10 -1.233050e+11 -1.029098e+14 +4.552179e+18 -6.120771e+17   +1.123859e-06 -1.936429e-05 -5.242706e-03 +1.314306e-02 +4.187476e+00 -2.790236e+02 +1.382786e+04 +7.286184e+03 -1.269228e+07 +8.433806e+08 -1.812502e+11 -2.211777e+12 -2.890007e+14 -2.766167e+15 +1.961322e+18   
Q20-035   +1.574381e+02   +4.389279e-09 -5.780196e-02 -2.901564e-03 -6.129521e-02 -1.819125e+00 +2.386519e+03 +3.145060e+03 +1.879663e+05 +2.087958e+07 -2.261262e+11 +6.978336e+10 -8.999226e+12 -2.684569e+14 +4.649065e+18 -2.053965e+18   -4.572658e-08 -1.798955e-05 +4.776661e-04 +2.334996e-02 -2.266693e-01 -1.991485e+02 -1.077229e+03 +2.109108e+05 -2.743842e+06 +5.148643e+09 -7.911865e+10 -1.079735e+13 +1.129881e+14 -9.309868e+16 +4.355720e+18   
Q20-036   +1.574383e+02   +3.019488e-07 -5.786869e-02 -1.206509e-03 -7.468507e-02 -4.316504e-01 +2.334760e+03 -9.958606e+02 +2.443473e+05 -2.832461e+07 -2.236831e+11 -6.046136e+10 -3.752734e+12 +1.303735e+15 +4.482306e+18 +9.702950e+18   +6.334546e-07 -2.060612e-05 -1.192851e-03 +2.788038e-02 +1.331069e-01 -2.552122e+02 +5.075517e+03 -1.052653e+05 +2.004497e+07 +7.270150e+09 -1.200007e+11 +2.228133e+12 -1.521325e+15 -1.238742e+17 +2.969516e+18   
Q20-038   +1.574374e+02   +6.523329e-07 -5.786246e-02 -8.173623e-04 -8.015306e-02 -3.648609e-01 +2.434177e+03 -3.289192e+03 -8.018451e+04 +1.167637e+07 -2.286885e+11 -4.530802e+10 -4.104530e+12 -4.011669e+14 +4.641182e+18 +4.984900e+18   +1.854754e-07 -2.094609e-05 +3.223006e-05 +3.056599e-02 -2.777019e-01 -3.108512e+02 -1.888156e+02 +6.045922e+04 +8.796779e+06 +2.366946e+09 -8.427534e+09 -2.431587e+12 -2.286180e+14 +3.949629e+15 +5.318454e+18   
Q20-039   +1.574372e+02   +8.918801e-07 -5.780216e-02 -5.550667e-04 -4.208423e-02 +1.833540e-01 +2.420869e+03 -3.392915e+03 -1.612454e+05 +2.543206e+07 -2.276926e+11 +2.236710e+10 +2.788690e+12 -1.143631e+15 +4.631542e+18 +9.343967e+17   +1.233202e-07 -6.831600e-06 -3.729394e-04 +2.857666e-02 +4.083358e-01 -2.403527e+02 +1.610797e+03 +1.256274e+05 +1.736460e+07 +2.494576e+09 -7.805627e+10 -1.340661e+13 -6.497187e+14 +3.182208e+16 +2.716997e+18   
Q20-041   +1.574384e+02   +5.276030e-07 -5.778891e-02 -1.302758e-03 -5.988003e-02 -4.095281e-01 +2.349436e+03 +1.237136e+03 +2.080485e+05 +3.970273e+07 -2.248794e+11 +3.825343e+10 -5.224463e+12 -1.352739e+15 +4.568599e+18 +1.423798e+17   +4.406294e-07 -1.127297e-06 -8.363296e-04 +1.313105e-02 +1.093400e+00 -2.781425e+02 +1.300453e+03 +1.448612e+04 +1.731033e+07 +6.412603e+09 +3.844612e+10 -5.161573e+12 -3.816309e+14 -1.562626e+17 -7.403594e+17   
Q20-044   +1.574377e+02   +4.597616e-07 -5.774312e-02 -2.044600e-03 -9.353116e-02 -1.495818e+00 +2.474894e+03 +1.492757e+03 +3.311733e+05 +2.142211e+07 -2.291687e+11 +8.319964e+09 -8.471376e+12 -4.473168e+14 +4.658649e+18 +1.944583e+18   +9.538205e-07 -1.467349e-05 -3.312304e-03 +1.993500e-03 +2.756371e+00 -3.000523e+02 +8.706847e+03 +8.302249e+04 +2.138246e+06 +4.694881e+09 -1.672246e+11 -5.020411e+12 -7.027847e+14 -8.552215e+16 +2.854556e+18   
Q20-045   +1.574380e+02   +7.560932e-07 -5.771202e-02 -9.554949e-04 -5.400929e-02 -6.741937e-01 +2.446787e+03 -1.259655e+03 -1.090924e+04 +3.299376e+07 -2.267750e+11 +1.449082e+11 +4.503631e+11 -1.085605e+15 +4.677546e+18 -3.430439e+18   +4.149083e-07 -7.596940e-06 -1.154585e-03 +3.297723e-02 +1.151681e+00 -2.587408e+02 +2.933514e+03 +3.406712e+05 -1.795138e+05 +6.501855e+09 -4.827375e+10 -2.179056e+13 -1.165914e+14 -1.199379e+17 +1.753753e+18   
Q20-048   +1.574379e+02   +6.657806e-07 -5.765986e-02 +8.877106e-04 -2.318928e-02 +1.566982e+00 +2.391747e+03 -3.274137e+03 -2.761862e+04 -3.611278e+05 -2.240361e+11 +9.948780e+09 +1.840882e+12 -1.422403e+14 +4.532987e+18 +3.525318e+18   -1.770297e-07 -9.227105e-06 +1.393767e-03 +3.406451e-03 -1.708914e+00 -1.072087e+02 -1.030747e+03 +8.940738e+03 +2.171647e+07 +3.382634e+08 -2.938484e+10 -2.476038e+12 -5.629249e+14 +5.515215e+16 +1.171440e+18   
Q20-049   +1.574377e+02   +3.122657e-07 -5.766817e-02 -1.227788e-03 -7.206260e-02 +5.496664e-01 +2.406820e+03 +6.749914e+02 +1.204579e+05 +9.124746e+06 -2.241795e+11 +6.127578e+10 +3.048705e+12 +3.190747e+14 +4.514525e+18 -3.168907e+18   +9.523697e-07 -1.680156e-05 -3.400693e-03 +1.105789e-02 +2.433903e+00 -1.479102e+02 +6.643009e+03 +4.480530e+04 +1.805244e+06 +3.397297e+09 -4.294988e+10 +1.594024e+12 -1.003082e+14 -4.805082e+16 +3.484949e+16   
Q20-051   +1.574385e+02   +5.133630e-07 -5.758151e-02 -9.417436e-04 -3.949267e-02 +3.975750e-01 +2.435949e+03 +2.030157e+03 +4.706240e+04 +1.750729e+07 -2.233140e+11 -2.609745e+10 +2.253624e+11 -4.348567e+14 +4.518590e+18 +2.315259e+18   +4.337278e-07 -1.717108e-05 -8.632730e-04 +6.751214e-03 +9.304160e-01 -1.695884e+02 +1.105244e+03 +1.322779e+05 +6.408610e+06 +3.457297e+09 -3.449447e+10 -7.920369e+12 -4.892993e+14 -1.406233e+16 +1.584019e+18   
Q20-053   +1.574410e+02   +4.884173e-07 -5.765051e-02 -2.096914e-03 -8.640449e-02 -1.511043e-01 +2.389674e+03 +1.952933e+03 +2.375057e+05 +2.382852e+07 -2.234241e+11 -2.334208e+10 -9.596452e+11 -6.134396e+14 +4.526931e+18 +1.128727e+18   -2.920572e-07 -2.049022e-05 +4.592553e-04 +1.387632e-02 +1.110194e+00 -1.619650e+02 -4.554568e+02 +1.696604e+05 -8.286107e+05 +4.155428e+09 -2.151905e+10 -1.042361e+13 +1.141821e+14 -7.411703e+16 -3.447054e+17   
Q20-055   +1.574381e+02   +4.628040e-07 -5.760460e-02 -1.248371e-03 -2.502801e-02 -6.968796e-01 +2.401705e+03 +8.693340e+02 -8.742433e+04 +3.397506e+07 -2.241638e+11 +1.966746e+10 +6.336135e+12 -1.057247e+15 +4.569289e+18 -1.041391e+18   -6.867524e-09 -1.287514e-05 +4.389132e-04 -2.015315e-03 -6.108694e-02 -1.692694e+02 -3.064977e+03 +5.513131e+04 +6.357635e+05 +4.306184e+09 +5.667039e+10 -3.104770e+12 -1.113443e+14 -3.064405e+16 -1.375666e+18   
Q20-057   +1.574392e+02   +4.889353e-07 -5.760790e-02 -1.398371e-03 -5.944523e-02 -1.159749e+00 +2.410484e+03 -1.230880e+02 +1.028570e+05 +2.689518e+07 -2.240199e+11 -2.759689e+10 -1.987418e+11 -6.118659e+14 +4.547330e+18 +2.898504e+18   +5.020663e-07 -9.464676e-06 -7.853870e-04 +7.992228e-03 +1.372306e+00 -1.095796e+02 -6.942572e+01 +2.197658e+05 +4.229215e+06 +6.387101e+08 -1.057160e+09 -1.071080e+13 -3.940483e+14 +7.315059e+16 +1.035952e+17   
Q20-061   +1.574371e+02   +4.857082e-07 -5.772254e-02 +1.224540e-04 -5.365867e-02 +8.319729e-01 +2.428586e+03 -2.710186e+03 -9.355355e+04 +6.403999e+06 -2.255900e+11 +1.005481e+10 +3.919810e+12 -3.469300e+14 +4.595213e+18 +2.387634e+18   +3.778839e-07 +1.521240e-05 -1.572985e-03 +6.992488e-04 +5.659610e-01 -2.861243e+02 +2.131594e+03 +6.087225e+04 +8.428496e+06 +8.231929e+09 -9.335423e+10 -1.064141e+13 -5.043384e+14 -1.450363e+17 +5.790045e+18   
Q20-063   +1.574379e+02   +7.397158e-08 -5.767576e-02 -5.333139e-04 -5.634507e-02 +3.241331e-01 +2.361042e+03 -1.711306e+03 -8.598660e+03 -5.652333e+06 -2.217035e+11 +8.357067e+10 +3.298557e+12 -2.449626e+13 +4.519174e+18 -1.299211e+18   +2.682736e-07 -9.527509e-06 -1.150456e-03 +5.205945e-03 +1.310866e+00 -2.059173e+02 +1.778233e+03 +2.165116e+05 +1.077787e+07 +2.692368e+09 -2.486700e+10 -1.102104e+13 -6.336826e+14 +7.642931e+16 +2.018132e+18   
Q20-065   +1.574379e+02   +2.907372e-07 -5.767234e-02 -1.920285e-03 -4.282039e-02 -1.280612e+00 +2.413768e+03 +1.632650e+03 -4.296328e+02 +7.302581e+06 -2.224029e+11 -4.287737e+10 +9.459158e+11 -2.118448e+14 +4.516942e+18 +3.357852e+18   +1.647222e-07 -1.730368e-05 -2.593206e-04 +1.292971e-02 +7.788201e-02 -1.929474e+02 +2.643503e+02 +1.259479e+04 +1.736876e+07 +2.742746e+09 -7.108193e+09 -4.038845e+12 -5.605956e+14 +5.207226e+16 -5.235420e+17   
Q20-066   +1.574365e+02   +9.567394e-07 -5.771524e-02 -4.835427e-05 -2.190551e-02 +2.326032e-01 +2.374878e+03 +4.850237e+02 -3.138559e+03 +2.588795e+07 -2.239064e+11 +5.646079e+10 -1.076858e+12 -8.444954e+14 +4.553351e+18 -2.835464e+18   -1.537093e-07 -1.172878e-05 +1.728923e-03 +1.816823e-02 -8.930159e-01 -2.077166e+02 -7.477942e+03 +2.377681e+05 +8.901614e+05 +4.395894e+09 +1.341764e+11 -6.840974e+12 -5.632076e+13 -1.170813e+16 -8.896025e+17   
Q20-068   +1.574380e+02   +4.758446e-07 -5.770163e-02 -1.322362e-03 -4.042986e-02 +5.437063e-01 +2.431139e+03 +1.920827e+02 +2.868563e+04 +1.705232e+07 -2.234670e+11 +4.249378e+10 +3.644691e+12 -3.698878e+14 +4.525435e+18 -1.149531e+18   +2.402529e-07 -1.718011e-05 -3.741889e-04 +5.524082e-03 +3.302296e-02 -3.008128e+02 +3.154578e+02 +2.103046e+05 +1.229868e+07 +7.915040e+09 -3.536765e+10 -1.388087e+13 -4.794629e+14 -1.355884e+17 +2.689417e+18   
Q20-069   +1.574364e+02   -2.460930e-07 -5.766981e-02 -6.867770e-04 -8.752906e-02 -1.442839e-03 +2.404069e+03 +4.803592e+03 +3.714525e+05 -6.215462e+06 -2.244424e+11 -9.726213e+10 -1.264878e+13 -2.316973e+14 +4.568203e+18 +2.596532e+18   +3.371565e-07 +2.052856e-05 -6.013595e-04 +1.907639e-02 -1.019945e-01 -1.864533e+02 -7.215237e+02 +1.119942e+05 +1.022070e+07 +4.245802e+09 +7.230177e+10 -5.794450e+12 -5.035463e+14 -5.480754e+16 -1.898988e+18   
Q20-071   +1.574368e+02   +6.809107e-07 -5.771515e-02 +1.944757e-04 -7.710770e-02 +3.597262e-01 +2.423387e+03 -2.812550e+03 +1.651005e+05 +1.916354e+07 -2.249837e+11 +6.157811e+10 -4.387629e+12 -8.282847e+14 +4.550451e+18 -2.770301e+16   +2.461636e-07 +5.634347e-06 +1.094789e-03 +9.041876e-03 -2.106003e+00 -1.818158e+02 -3.179736e+03 +4.439621e+04 +1.631906e+07 +3.243848e+09 +1.428728e+11 -7.323269e+12 -1.301245e+14 -1.045180e+16 -3.234448e+18   
Q20-073   +1.574372e+02   +8.294977e-07 -5.769112e-02 -6.346579e-04 -7.015286e-02 +2.832140e-01 +2.449368e+03 -3.941866e+02 +1.711711e+05 +1.976760e+07 -2.273336e+11 -5.790957e+10 -2.951037e+12 -3.282607e+14 +4.694816e+18 +5.013898e+18   +3.866234e-07 +2.621852e-05 -4.676337e-04 +1.411048e-02 -6.461910e-01 -1.911830e+02 +3.192054e+03 -7.584650e+04 +2.292164e+07 +5.517627e+09 -1.215232e+10 -1.960466e+12 -6.983889e+14 -1.085754e+17 +1.870938e+18   
Q20-074   +1.574376e+02   +3.722161e-07 -5.768261e-02 -1.727823e-03 -5.731979e-02 -2.760751e-01 +2.405002e+03 +2.057245e+02 +2.259644e+05 +2.492780e+07 -2.260057e+11 +1.508587e+10 -4.634981e+12 -2.109560e+14 +4.613675e+18 +1.751535e+18   +3.505027e-07 +2.690232e-06 -3.391478e-04 +1.586089e-02 +1.377292e-02 -2.174186e+02 +4.550670e+03 +2.976304e+03 +1.411896e+07 +5.318944e+09 -1.304181e+11 +8.967432e+10 -1.763335e+14 -1.146084e+17 +2.960945e+18   
Q20-076   +1.574369e+02   +6.590939e-07 -5.768895e-02 -1.026718e-03 -3.043835e-02 -1.953127e-01 +2.341784e+03 -9.005265e+02 +1.348267e+05 +2.548073e+07 -2.264314e+11 +2.406195e+10 -3.995331e+12 -5.541851e+14 +4.670517e+18 +1.915916e+18   +3.096681e-08 +2.033531e-05 -8.338382e-04 +3.232279e-02 +3.389654e-01 -2.550291e+02 +9.372758e+02 +4.128288e+05 -6.186157e+06 +7.768109e+09 -9.596759e+10 -1.559380e+13 -4.959745e+13 -2.305210e+17 +4.067022e+18   
Q20-077   +1.574378e+02   +1.148410e-07 -5.764996e-02 -7.318414e-04 -4.621788e-02 -1.117939e+00 +2.388741e+03 -1.987992e+03 +1.072554e+04 +3.752045e+06 -2.268241e+11 +5.474255e+10 -3.018992e+12 -5.080899e+13 +4.593895e+18 +5.826367e+17   +2.677154e-07 -1.079851e-05 -8.528568e-04 +2.018844e-02 +1.123127e+00 -2.403294e+02 +8.823091e+02 -1.849401e+04 +5.199042e+06 +2.462522e+09 -1.232717e+10 -8.926452e+10 -3.507296e+14 +1.694465e+16 +9.921486e+17   
Q20-078   +1.574377e+02   +6.666402e-07 -5.765688e-02 -5.452751e-04 -6.553291e-02 +6.664649e-01 +2.387166e+03 +6.449211e+02 -1.108024e+05 +2.922144e+07 -2.223737e+11 -7.866528e+10 +2.555822e+12 -6.870978e+14 +4.484576e+18 +3.718425e+18   +3.739086e-07 -1.001587e-05 -5.259149e-04 +2.259872e-02 -6.062930e-02 -2.631019e+02 +3.848570e+03 +3.184585e+04 +3.436597e+06 +5.391327e+09 -6.371822e+10 -1.026333e+13 +6.154417e+14 -1.595571e+17 -2.087792e+18   
Q20-080   +1.574374e+02   +7.676918e-07 -5.766920e-02 -7.620959e-06 -7.030915e-02 -1.745602e-02 +2.439307e+03 -7.089186e+02 +1.966476e+05 +8.550554e+06 -2.267603e+11 +3.464268e+10 -4.785240e+12 -6.526276e+14 +4.634177e+18 -9.582145e+17   +9.414453e-09 +9.501859e-06 -8.723283e-04 +8.371550e-03 +1.027734e+00 -1.666069e+02 +1.764387e+02 +1.404297e+05 -2.237228e+06 +4.338197e+09 +1.066088e+10 -9.384206e+12 +9.555976e+13 -6.388330e+16 -1.243396e+18   
Q20-081   +1.574374e+02   +3.498784e-07 -5.768208e-02 -9.683817e-04 -5.308085e-02 -4.885879e-01 +2.362153e+03 -1.281870e+03 +9.699677e+04 +3.242856e+07 -2.260130e+11 +2.175173e+10 -4.897336e+12 -6.870718e+14 +4.648720e+18 +3.384360e+18   +4.954673e-07 +5.252170e-06 -2.294285e-03 +1.903247e-02 +1.622729e+00 -2.308902e+02 +3.391167e+03 +3.148497e+04 -1.434115e+07 +6.894277e+09 -1.139191e+11 -5.518450e+12 +6.075617e+14 -1.931789e+17 +6.753795e+18   
Q20-082   +1.574376e+02   -2.394720e-08 -5.768038e-02 -9.358114e-04 -5.658341e-02 -3.919505e-02 +2.320577e+03 +6.440780e+02 +2.561838e+05 +2.928199e+06 -2.273209e+11 +4.085097e+10 -8.909555e+12 +3.475792e+14 +4.655871e+18 -6.006436e+18   +7.154847e-08 +4.910516e-06 -1.504655e-03 +1.761901e-02 +1.256160e+00 -1.639684e+02 +5.640067e+03 +6.346128e+04 -2.281568e+07 +5.238442e+09 -6.272798e+10 -7.227568e+12 +4.638769e+14 -1.432321e+17 +3.833770e+18   
Q20-083   +1.574361e+02   -4.630070e-08 -5.766639e-02 -1.113798e-03 -7.121658e-02 -5.474751e-01 +2.329639e+03 -1.263510e+03 +1.718180e+05 +1.400085e+07 -2.239449e+11 +6.681212e+10 -2.508413e+12 -2.598989e+14 +4.611339e+18 -2.606234e+17   +1.626090e-07 -2.077328e-05 -6.298065e-04 +2.257217e-02 +5.876778e-01 -2.012107e+02 +6.246744e+02 -8.591181e+04 -1.123881e+07 +3.609816e+09 -6.157266e+10 -2.551216e+12 +3.230868e+14 +4.563113e+15 +2.830880e+18   
Q20-086   +1.574383e+02   +7.252498e-07 -5.771319e-02 +3.597234e-04 -4.352560e-02 +4.130570e-01 +2.355262e+03 -3.401281e+03 +3.019016e+04 +1.760248e+07 -2.255291e+11 +1.699761e+10 +2.118995e+12 -3.501596e+14 +4.679297e+18 +1.329816e+18   +4.055370e-07 -5.445004e-06 -1.331022e-03 +4.170387e-03 +8.964369e-01 -1.849596e+02 +2.863661e+03 +1.409182e+05 +9.622970e+06 +3.461980e+09 -6.230995e+09 -4.720750e+12 -3.021091e+14 -9.658692e+15 -8.091176e+17   
Q20-087   +1.574378e+02   +6.652081e-07 -5.771061e-02 -4.604501e-04 -6.696861e-02 -1.821634e-01 +2.341197e+03 -3.436520e+03 +6.815923e+04 +1.408722e+07 -2.235274e+11 +1.185728e+11 +7.182589e+11 -9.133188e+14 +4.525047e+18 -2.384802e+18   +9.823060e-08 -1.957974e-05 -1.065586e-03 +1.245659e-02 +1.754934e+00 -1.690880e+02 +5.614370e+02 +2.142901e+05 -6.358333e+06 +2.104537e+08 -4.920724e+10 -1.333172e+13 -1.998041e+14 +5.034973e+16 +1.452999e+18   
Q20-088   +1.574374e+02   +9.871657e-07 -5.761536e-02 +9.464810e-05 -3.953378e-02 -1.503267e-01 +2.379026e+03 -2.663602e+03 +8.159910e+04 +2.479081e+07 -2.230775e+11 -1.323134e+10 -4.023210e+12 -6.924625e+14 +4.500721e+18 +1.864015e+18   +4.371664e-07 -2.082104e-05 -1.585147e-03 +3.268619e-02 +1.530267e+00 -2.267002e+02 +3.139701e+03 -1.542850e+05 +9.932672e+05 +4.784207e+09 -8.332429e+10 -3.263011e+12 -3.646752e+14 -5.723805e+16 +2.901167e+18   
Q20-090   +1.574374e+02   +7.214804e-07 -5.770633e-02 +1.338536e-04 -9.722379e-03 +4.877525e-01 +2.352382e+03 -2.772762e+03 -2.686017e+04 +1.022791e+07 -2.248528e+11 +1.029590e+11 +4.728503e+12 -4.697067e+14 +4.619740e+18 -3.698446e+18   -4.200820e-09 -1.095400e-05 -4.836277e-05 +1.291127e-02 +4.842531e-01 -1.243640e+02 -3.007384e+03 +3.739080e+04 +3.825743e+06 +2.295945e+09 +7.218723e+10 -1.056257e+13 -3.056253e+14 -1.924197e+16 -1.677399e+18   
Q20-091   +1.574357e+02   -3.901839e-07 -5.767741e-02 -1.144831e-03 -4.319759e-02 +5.644770e-02 +2.306772e+03 +1.715606e+03 +1.741604e+05 -6.666944e+06 -2.200240e+11 -2.451755e+10 +1.400713e+11 +4.358569e+14 +4.397595e+18 -3.134506e+17   -1.540224e-07 -4.300418e-06 +7.910487e-06 +7.766136e-03 -1.552912e-01 -2.160175e+02 +6.622672e+02 -1.402052e+05 -9.916525e+06 +4.183891e+09 +5.925753e+10 +2.217322e+12 +7.081691e+14 +5.405732e+16 -4.201907e+18   
Q20-092   +1.574376e+02   -1.425916e-07 -5.771052e-02 -2.031110e-03 -5.720897e-02 -7.621045e-01 +2.373608e+03 +4.929403e+03 +2.196841e+04 +1.233078e+07 -2.247048e+11 -1.104869e+11 -2.911867e+12 -7.526214e+14 +4.539407e+18 +3.632682e+18   +1.435529e-07 -1.941986e-05 -9.007492e-04 +1.429159e-02 +1.329268e+00 -1.345003e+02 +3.925261e+03 +9.873848e+04 +1.553260e+07 +5.537741e+08 -1.644956e+10 -7.302436e+12 -2.034985e+14 +3.345769e+16 -8.227545e+17   
Q20-094   +1.574363e+02   -8.683201e-08 -5.770578e-02 -3.621233e-03 -4.875374e-02 -1.017458e+00 +2.371277e+03 +5.745912e+03 -8.413238e+04 +1.711467e+07 -2.231147e+11 -3.123435e+10 +7.710611e+12 -2.956722e+12 +4.511493e+18 +8.777696e+17   +7.405008e-07 -8.801026e-06 -2.506327e-03 +2.216490e-02 +2.155110e+00 -2.006053e+02 +5.951988e+03 +2.147016e+05 +1.221754e+07 +5.475916e+09 -8.264504e+10 -9.463758e+12 -5.706202e+14 -9.052938e+16 -8.370541e+17   
Q20-098   +1.574403e+02   +6.742448e-07 -5.769229e-02 +5.072930e-05 -4.978183e-02 -2.527166e-01 +2.344621e+03 -3.150380e+03 +3.487791e+04 +3.633509e+07 -2.231966e+11 +8.420131e+10 +5.471193e+12 -1.075615e+15 +4.541886e+18 -3.598575e+18   -1.322730e-07 -1.004501e-05 +4.138031e-04 +1.153973e-02 -2.480170e-01 -1.302287e+02 -2.476080e+03 +1.965536e+04 -5.690829e+06 +2.859053e+09 +1.112062e+11 +1.124548e+11 +8.205364e+14 -2.243173e+16 -4.668979e+18   
Q20-102   +1.574370e+02   +5.645315e-07 -5.771064e-02 +2.984416e-05 -3.658007e-02 +7.700217e-02 +2.253859e+03 -3.305215e+03 -2.611338e+04 +1.066342e+07 -2.224143e+11 +6.878752e+10 +7.606770e+11 -2.523975e+14 +4.586369e+18 -2.052861e+18   +2.471087e-07 +2.128552e-05 -9.424589e-04 +1.395138e-02 +5.345186e-01 -3.421047e+02 +3.145482e+03 +2.426284e+05 -2.036701e+06 +1.054662e+10 -1.228758e+11 -5.694566e+12 +2.714259e+14 -2.454614e+17 +2.140668e+18   
Q20-106   +1.574395e+02   +3.481780e-07 -5.769497e-02 +3.072971e-05 -2.836939e-02 -2.501070e-02 +2.387653e+03 -4.221845e+03 +1.024501e+05 +1.569988e+06 -2.237493e+11 +4.216121e+10 -4.247465e+12 +6.533272e+14 +4.550167e+18 +1.911014e+18   +1.049902e-07 -9.605912e-06 -4.746599e-04 +1.320840e-02 +6.505674e-02 -2.457935e+02 +3.000455e+03 +1.517186e+05 +4.175619e+06 +6.073532e+09 -6.693841e+10 -4.442878e+12 -2.135495e+13 -8.708615e+16 +1.023795e+18   
Q20-115   +1.574372e+02   +2.142205e-07 -5.769430e-02 -1.547184e-03 -3.118606e-02 +5.335290e-01 +2.362510e+03 +7.731299e+02 -2.304611e+05 -2.220886e+07 -2.235451e+11 +1.459798e+11 +1.171077e+13 +7.604105e+14 +4.515369e+18 -8.282585e+18   +6.247931e-07 -1.578713e-05 -1.483559e-03 +4.868217e-03 +1.847601e+00 -1.730546e+02 -9.230411e+02 +1.946475e+05 +1.444545e+07 +5.955326e+09 +1.379939e+11 -8.464848e+12 -9.068168e+14 -2.025089e+17 -6.676091e+18   
Q20-118   +1.574370e+02   +5.570166e-07 -5.771288e-02 -6.580607e-04 -3.206890e-02 -2.711572e-01 +2.443263e+03 -1.217559e+03 +8.943184e+04 +1.666916e+07 -2.238908e+11 +1.680841e+10 +8.720974e+11 -2.539262e+14 +4.549192e+18 +9.446407e+17   +4.887012e-07 -2.060570e-05 -1.762468e-03 +2.231854e-02 +1.940304e+00 -1.238868e+02 +2.696016e+03 -5.706295e+04 -5.502564e+06 +1.476527e+09 -5.834137e+10 -2.370230e+12 +1.769399e+14 +3.349424e+16 +1.087538e+18   
Q20-120   +1.574360e+02   -2.651798e-08 -5.771762e-02 -1.543059e-03 -7.374152e-03 -1.279310e+00 +2.367631e+03 +3.225317e+03 -1.729906e+05 +3.029822e+07 -2.213989e+11 -1.581873e+11 +1.256526e+13 -1.303968e+15 +4.495730e+18 +6.792760e+18   +2.902208e-07 -1.681964e-05 -1.551324e-03 +4.720109e-03 +1.622078e+00 -2.145715e+02 +3.238809e+03 +5.352108e+04 +3.741511e+06 +3.623624e+09 -1.176556e+11 -6.690852e+12 -1.490979e+14 +3.452290e+16 +3.256582e+18   
Q20-121   +1.574369e+02   -5.013813e-07 -5.773774e-02 -2.390640e-03 -5.195806e-02 -1.787768e+00 +2.382706e+03 +6.119542e+03 +2.358978e+05 +3.159510e+06 -2.246741e+11 -4.634220e+10 -8.373723e+12 +2.826872e+14 +4.570106e+18 +2.458293e+18   +1.690612e-07 -1.899529e-05 +4.965746e-04 +7.535749e-03 +9.037862e-01 -2.664066e+02 -5.103908e+02 +4.967604e+04 -6.924361e+06 +7.603122e+09 +1.340374e+09 -4.603553e+12 +5.219710e+14 -1.831762e+17 -2.368567e+18   
Q20-123   +1.574378e+02   +3.913932e-07 -5.762953e-02 -1.520966e-03 -1.731611e-02 -7.872303e-01 +2.434034e+03 +1.686186e+03 -1.242152e+05 +1.521690e+07 -2.227374e+11 -4.700425e+10 +5.221787e+12 -3.174985e+13 +4.511399e+18 +2.984179e+18   +2.531367e-07 -1.412434e-05 -1.197716e-03 +9.593236e-03 +1.779529e+00 -1.710780e+02 +2.485589e+03 +4.084715e+05 -2.555616e+07 +4.307669e+09 -4.909783e+10 -2.372397e+13 +1.145514e+15 -5.200969e+16 -4.423007e+18   
Q20-129   +1.574377e+02   +5.256232e-07 -5.773393e-02 -2.710317e-04 -7.163996e-02 +6.859113e-02 +2.449689e+03 -2.100426e+03 +1.642070e+05 +1.116517e+07 -2.251646e+11 +2.928433e+10 -5.238959e+12 -3.816476e+14 +4.608160e+18 -4.876317e+17   +6.029721e-08 +1.297852e-05 -1.357417e-03 +1.475784e-02 +9.448919e-01 -1.746890e+02 +2.816701e+03 +1.015790e+05 -7.076355e+06 +5.115232e+09 -6.882399e+10 -7.491490e+12 -1.470754e+14 -7.140031e+16 +1.020033e+18   
Q20-131   +1.574372e+02   +4.070156e-07 -5.771482e-02 -7.954689e-04 -1.912872e-02 -4.995396e-01 +2.397306e+03 -2.224207e+02 -1.739747e+05 +1.408715e+07 -2.220622e+11 +1.584609e+10 +7.309943e+12 -2.873911e+13 +4.494118e+18 +8.466716e+17   +1.791192e-07 +2.305438e-05 -8.175698e-04 +1.569151e-02 +1.085537e+00 -2.655116e+02 +5.916254e+02 -9.391383e+03 -2.617037e+06 +7.897917e+09 -4.647845e+10 -3.543040e+12 +2.046753e+14 -1.476779e+17 +1.554064e+18   
Q20-132   +1.574362e+02   +1.453374e-07 -5.773360e-02 +3.142664e-05 -5.061119e-02 +1.007738e-02 +2.408502e+03 -2.517878e+03 +1.004593e+05 +1.706263e+07 -2.255138e+11 -1.475310e+10 -2.345245e+12 -4.232875e+14 +4.631963e+18 +3.711345e+18   -8.106274e-08 -3.063999e-06 -1.761295e-04 -2.087459e-03 +1.058399e+00 -1.963265e+02 -4.738956e+03 +2.459885e+04 -4.218128e+06 +4.576778e+09 +5.636261e+10 -5.061967e+12 -1.209068e+14 -1.137127e+17 -4.863485e+17   
Q20-133   +1.574376e+02   +8.182435e-07 -5.774336e-02 -4.836393e-05 -1.442915e-02 +8.789108e-02 +2.445952e+03 -3.881444e+03 -3.508983e+04 +2.306278e+07 -2.239572e+11 +6.177143e+10 -7.226380e+11 -7.347559e+14 +4.531481e+18 -1.427749e+18   -2.260296e-07 +5.890764e-06 +8.200722e-04 +3.211698e-02 -1.920818e-03 -1.821554e+02 -2.772813e+03 +7.806725e+04 -3.759561e+06 +4.346646e+09 +1.052357e+10 -5.704102e+12 +2.055041e+14 -6.370988e+16 +4.513015e+17   
Q20-137   +1.574387e+02   +7.208050e-07 -5.769547e-02 -6.985424e-04 -3.618305e-02 -4.009009e-02 +2.470109e+03 +7.975593e+02 +4.334324e+04 +2.151531e+07 -2.239833e+11 -1.138307e+11 +2.150667e+12 -9.989621e+14 +4.521508e+18 +6.021667e+18   -1.372307e-07 +6.190989e-06 -5.095683e-04 +2.296029e-02 +1.275000e+00 -2.090573e+02 +1.263299e+03 +6.345970e+04 -1.406769e+07 +4.724687e+09 -6.225703e+10 -5.162281e+12 +7.973021e+14 -8.800073e+16 +4.495171e+18   
Q20-141   +1.574367e+02   -2.358520e-07 -5.777645e-02 -2.331539e-03 -1.407844e-02 -3.267493e+00 +2.397857e+03 +1.652096e+03 +1.955670e+05 +1.663858e+07 -2.237737e+11 -2.154766e+10 -1.149645e+13 -3.336394e+14 +4.569886e+18 -7.627434e+17   +2.381574e-07 +2.198104e-05 -7.886478e-04 +1.908242e-02 +5.755540e-01 -2.833121e+02 +1.007445e+03 +1.457209e+05 -1.335660e+06 +9.455095e+09 +1.396739e+10 -1.055020e+13 +4.631797e+12 -2.495645e+17 -2.195397e+18   
Q20-145   +1.574358e+02   +4.527891e-07 -5.771522e-02 -9.429729e-04 -7.895402e-02 +1.597519e-01 +2.340593e+03 -1.578368e+03 +1.374954e+05 +1.173262e+07 -2.235143e+11 +4.944642e+10 -1.255662e+12 -1.669916e+13 +4.537874e+18 -8.713742e+17   +1.804332e-07 -1.494271e-05 -1.343870e-03 +1.144941e-02 +1.154692e+00 -2.478455e+02 +1.941952e+03 +1.120331e+05 +2.103147e+06 +6.270752e+09 +3.969940e+09 -7.166489e+12 -3.716028e+14 -1.222535e+17 -8.958363e+17   
Q20-146   +1.574387e+02   +4.733642e-07 -5.773118e-02 -1.280903e-03 -5.863962e-02 -1.533571e+00 +2.375771e+03 +4.148298e+02 +3.218444e+04 +2.532838e+07 -2.252916e+11 -1.083521e+10 -3.417838e+12 -6.939158e+14 +4.505707e+18 +3.878455e+17   -2.456441e-08 -1.873008e-05 -1.058305e-03 +4.828323e-02 +1.321357e+00 -1.828400e+02 +4.832347e+02 +6.119990e+04 -8.525064e+06 +6.157000e+08 -2.745202e+10 -1.432366e+13 -6.521408e+13 +2.444433e+16 +4.345228e+17   
Q20-147   +1.574384e+02   +7.589711e-07 -5.771755e-02 -7.344098e-04 -1.040133e-01 +3.547781e-01 +2.435168e+03 -3.494689e+03 +7.017602e+04 +9.070411e+06 -2.233171e+11 +1.571972e+11 +1.755557e+12 -5.912210e+14 +4.546792e+18 -4.456610e+18   +1.270657e-07 -1.202798e-05 -1.292356e-03 +2.719564e-02 +1.730810e+00 -2.099248e+02 +8.237507e+02 -1.076953e+05 -2.264533e+06 +4.262576e+09 -1.913802e+10 -5.837751e+12 -9.542824e+13 +2.240088e+16 +2.624472e+17   
Q20-152   +1.574388e+02   +4.303656e-07 -5.770454e-02 -1.259136e-03 -1.023377e-01 -1.104911e+00 +2.424604e+03 -7.373672e+02 +2.567380e+05 +1.907915e+07 -2.255231e+11 +1.483669e+09 -9.608521e+11 -5.263509e+14 +4.548665e+18 +1.558827e+18   -4.918615e-07 -4.009363e-06 +2.286923e-05 +2.318373e-02 +4.462053e-01 -1.801969e+02 -4.184207e+02 +8.168368e+03 +2.267181e+06 +1.457927e+09 -4.886376e+10 -4.420994e+12 -2.933333e+14 -6.958475e+15 +3.235149e+18   
Q20-155   +1.574385e+02   +5.665904e-07 -5.768505e-02 -1.796264e-03 +1.021655e-03 -1.535327e+00 +2.353577e+03 +1.631018e+03 -5.949558e+04 +3.068192e+07 -2.273572e+11 -4.738151e+10 +3.335451e+11 -6.961810e+14 +4.612383e+18 +2.733390e+18   +3.426976e-07 +8.586032e-06 -6.709610e-04 +1.144556e-02 +3.758126e-01 -2.844481e+02 +1.635807e+03 +4.785796e+04 +9.560419e+06 +2.483122e+09 -2.074037e+10 -4.667753e+12 -3.713092e+14 +7.849891e+16 -3.928445e+18   
Q20-168   +1.574374e+02   +5.089978e-07 -5.764920e-02 -1.037544e-03 -5.403109e-02 -5.441266e-01 +2.264586e+03 -1.610745e+03 +6.916609e+04 +1.370014e+07 -2.203227e+11 +7.367697e+10 +3.478355e+11 -3.630909e+14 +4.427980e+18 -2.167218e+18   +2.545737e-07 -1.864777e-05 -3.570530e-04 -3.373942e-03 -5.189542e-01 -1.991487e+02 +1.455424e+03 +1.265495e+05 +1.163121e+07 +3.241519e+09 -3.582068e+10 -9.709586e+11 -3.311226e+14 +1.167742e+16 +2.234233e+18   
Q20-169   +1.574375e+02   +5.324550e-07 -5.765211e-02 -1.354519e-03 -2.863972e-02 -9.812923e-01 +2.274644e+03 -4.308983e+02 -8.328245e+04 +1.327623e+07 -2.210827e+11 -7.685647e+09 +4.915837e+12 -2.692570e+14 +4.471291e+18 +9.292081e+17   -1.408166e-07 -9.418823e-06 -6.031318e-04 +2.842849e-02 +1.204402e+00 -1.959757e+02 +8.648562e+02 +1.370161e+05 -5.325776e+06 +3.232311e+09 -3.275998e+10 -1.493353e+13 -1.642555e+14 +2.326773e+16 +1.485694e+18   
Q20-172   +1.574342e+02   -1.329377e-08 -5.766961e-02 -1.738529e-03 -9.044382e-03 -1.790867e+00 +2.339041e+03 -1.454217e+02 -5.247505e+04 +9.411087e+06 -2.227429e+11 -1.368855e+10 +8.949942e+11 +1.588718e+13 +4.516952e+18 +7.864060e+17   -5.000447e-07 -2.073496e-05 +1.729698e-04 +2.684474e-02 -1.809870e-01 -1.409960e+02 +6.566604e+01 +3.957077e+04 -1.447760e+07 +1.428801e+09 +6.963385e+08 -1.063341e+13 +4.605201e+14 +8.611757e+16 -4.592126e+17   
Q20-173   +1.574400e+02   +5.697360e-07 -5.763070e-02 -9.250038e-04 -5.114459e-02 -7.563796e-01 +2.311070e+03 +1.305887e+03 +1.099705e+05 +1.838420e+07 -2.230360e+11 -1.569252e+11 -3.257435e+12 -2.278659e+14 +4.348754e+18 +6.889151e+18   -1.207029e-07 -1.255370e-05 -7.203214e-04 -4.500018e-03 +5.867319e-01 -2.531851e+02 +1.707140e+03 +2.441068e+05 -1.064898e+07 +4.076784e+09 +5.545061e+10 -8.900337e+12 +1.009964e+14 -4.005372e+16 -7.009451e+18   
Q20-174   +1.574355e+02   -1.294183e-07 -5.769357e-02 -3.207303e-04 -2.517516e-02 +3.334722e-01 +2.328594e+03 -2.157502e+03 +1.604704e+04 -8.872351e+06 -2.223958e+11 +5.812843e+10 -1.277103e+11 +1.273316e+14 +4.450347e+18 -2.535804e+18   +7.618174e-08 -1.141578e-05 +2.273954e-04 +2.228462e-02 -6.461789e-01 -1.434283e+02 -1.533255e+03 +7.662471e+04 +9.735600e+06 +2.586643e+09 +4.407784e+10 -1.025622e+13 -3.653239e+14 +1.170148e+16 -1.041228e+18   
Q20-175   +1.574377e+02   -7.351289e-09 -5.769623e-02 -1.815668e-03 -2.060183e-02 -1.279744e+00 +2.316996e+03 +1.436650e+03 -9.191814e+04 +2.721322e+06 -2.236758e+11 -2.881366e+10 +2.462052e+12 +1.621782e+13 +4.540946e+18 +1.387929e+18   -5.184815e-07 +4.414601e-06 +1.223743e-03 +1.181951e-02 -1.584946e+00 -1.135560e+02 -3.753612e+03 -2.303445e+04 +2.232441e+06 +1.653767e+09 +6.579326e+10 -4.744963e+12 +6.171416e+13 +2.456996e+16 -2.270813e+17   
Q20-177   +1.574401e+02   -2.019923e-08 -5.767853e-02 -1.230450e-03 -8.204155e-02 -1.353402e+00 +2.364093e+03 -1.262977e+03 +3.066360e+05 +1.864068e+07 -2.265025e+11 -7.873826e+10 -6.535470e+12 -5.030319e+14 +4.534761e+18 +4.582340e+18   +3.763224e-07 +3.762490e-06 -1.485102e-03 +2.283439e-02 +7.140487e-01 -1.978644e+02 +5.832447e+03 -9.537094e+04 -1.900605e+06 +1.299257e+09 -1.559193e+11 +1.220740e+13 +6.511143e+14 +5.134101e+16 +4.292015e+18   
Q20-179   +1.574400e+02   +5.475432e-07 -5.773226e-02 -1.115518e-03 +1.414711e-02 -9.116952e-01 +2.267015e+03 +1.108767e+03 -9.296843e+04 +3.595279e+07 -2.246638e+11 -1.680950e+10 +1.486768e+12 -1.413491e+15 +4.523976e+18 +2.200534e+17   +1.897306e-08 -9.774968e-06 -8.043153e-04 +1.027823e-02 +4.633468e-01 -2.184795e+02 +5.496389e+02 +2.257053e+05 -7.671253e+06 +4.688333e+09 +7.556980e+10 -9.460906e+12 +3.351344e+14 -1.210381e+17 -3.426923e+18   
Q20-029   +1.573592e+02   +4.369309e-07 -5.781007e-02 -1.895117e-03 -1.612105e-02 -1.154737e+00 +2.387022e+03 -3.212080e+02 +7.044240e+04 +3.181251e+07 -2.247450e+11 +9.218425e+09 -3.866441e+12 -6.946591e+14 +4.551447e+18 +1.685486e+18   -5.770425e-08 -6.338380e-06 +2.593619e-04 +1.992492e-02 +1.115459e-01 -2.516138e+02 -3.227718e+02 +6.384419e+04 +8.665302e+06 +5.485072e+09 +2.565954e+10 -9.917018e+12 -3.238067e+14 -1.370723e+17 -2.414633e+18   
Q20-030   +1.573590e+02   +6.552342e-07 -5.787506e-02 -9.552310e-04 -2.659740e-02 -2.167294e-01 +2.381745e+03 -1.759509e+03 -1.648060e+05 +1.954576e+07 -2.268665e+11 +5.073741e+10 +6.015883e+12 -7.224925e+14 +4.718328e+18 +1.327454e+18   -1.612260e-07 -1.406057e-05 +9.770601e-04 +2.218864e-02 -7.213327e-01 -2.530146e+02 -6.766057e+02 -5.671095e+04 +6.497620e+06 +8.680234e+09 -1.065378e+11 -7.909011e+12 -1.209813e+14 -2.488639e+17 +4.642290e+18   
Q20-032   +1.573599e+02   +2.241704e-07 -5.789458e-02 -6.612930e-04 -4.150074e-02 -1.942738e-01 +2.355476e+03 -9.724542e+02 -2.254898e+04 -1.609925e+06 -2.268300e+11 +8.880185e+09 +2.725480e+12 +7.186278e+13 +4.690283e+18 +5.835864e+17   -3.342967e-07 -1.369217e-05 +6.146095e-04 +1.224314e-02 -2.955599e-01 -2.485746e+02 -3.622792e+03 +1.182405e+05 +2.625728e+06 +4.884128e+09 +3.051947e+10 -7.618936e+12 +1.519575e+14 -1.270315e+17 -1.664758e+18   
Q20-037   +1.573579e+02   -4.048766e-07 -5.784821e-02 -2.256471e-03 -8.410267e-02 -9.660710e-01 +2.389703e+03 +2.018513e+03 +1.000914e+05 +4.389330e+06 -2.282707e+11 -2.387471e+09 +3.707368e+12 -7.625000e+14 +4.594051e+18 -7.783804e+17   -4.557950e-07 -9.011788e-06 +7.229977e-04 +9.784091e-03 -3.709876e-02 -3.356187e+02 -2.572518e+03 +1.801636e+05 +1.826884e+06 +3.948161e+09 +7.539838e+10 -1.238271e+13 -6.420828e+13 -5.762888e+16 -2.028826e+18   
Q20-040   +1.573575e+02   +8.983264e-07 -5.786889e-02 +1.497914e-04 -6.751842e-02 +1.187346e+00 +2.439565e+03 -4.967921e+03 -1.074417e+05 +1.635590e+07 -2.284893e+11 +1.342606e+11 +1.140514e+12 -2.599410e+14 +4.603125e+18 -4.196698e+18   -1.525332e-07 -5.571752e-06 +3.329356e-04 +8.985374e-03 +1.191762e+00 -3.414218e+02 +3.118799e+02 +2.598149e+05 -1.094027e+07 +4.813382e+09 -5.985668e+10 -1.950003e+13 +5.050319e+14 -1.839705e+17 +1.231770e+18   
Q20-043   +1.573577e+02   +1.981677e-08 -5.765626e-02 -2.699056e-03 -8.172120e-02 -1.695660e+00 +2.466279e+03 +3.737435e+03 +6.743229e+04 +2.634106e+07 -2.280387e+11 -7.718485e+10 -2.365433e+12 -5.011225e+14 +4.656664e+18 +2.066766e+18   +7.450840e-07 -1.775018e-05 -2.658235e-03 +1.620683e-02 +2.605278e+00 -3.557745e+02 +3.191245e+03 +9.798605e+04 -7.897999e+06 +5.673916e+09 +4.854279e+10 -5.677407e+12 +5.625348e+14 -1.205872e+17 -6.738596e+17   
Q20-046   +1.573592e+02   +6.351073e-07 -5.770308e-02 -5.938074e-04 -8.842356e-02 -4.238676e-01 +2.409855e+03 -2.044697e+03 +2.300428e+05 +3.040242e+07 -2.251146e+11 +1.106590e+11 -3.175530e+12 -6.905252e+14 +4.577729e+18 -3.767698e+18   -9.763376e-08 -1.259499e-05 +2.365866e-03 +2.864424e-02 -1.389365e+00 -2.605210e+02 -9.873697e+03 -3.575395e+04 +5.418205e+06 +5.939239e+09 +1.603046e+11 -1.483494e+12 -7.947238e+14 -1.250545e+17 -1.723688e+18   
Q20-047   +1.573573e+02   +1.263717e-06 -5.764029e-02 +5.255014e-04 -6.047478e-02 +6.818266e-01 +2.402893e+03 -9.075467e+02 +1.102738e+05 +3.069643e+07 -2.259952e+11 -1.200225e+10 -1.719396e+12 -9.736733e+14 +4.589369e+18 +3.359637e+18   +3.281083e-07 -6.034853e-06 -8.058323e-04 +1.319570e-02 -3.377166e-01 -2.536274e+02 +4.205070e+03 +1.417840e+05 +9.089162e+06 +4.793917e+09 -9.415477e+10 -7.208493e+12 -3.372419e+14 -1.499914e+17 +3.305083e+18   
Q20-050   +1.573606e+02   +1.129218e-06 -5.772159e-02 -5.372869e-05 -7.680322e-02 -1.341516e+00 +2.465167e+03 -2.592781e+03 +2.055419e+05 +4.828350e+07 -2.263439e+11 -3.580247e+09 -5.215049e+12 -1.379045e+15 +4.648889e+18 +7.430100e+17   +2.446976e-07 -8.527490e-06 -5.751170e-04 +2.495749e-02 +1.256777e+00 -2.285596e+02 +5.331193e+01 -3.357305e+04 +2.529694e+06 +7.197450e+09 -1.098986e+11 -5.026705e+12 -2.327022e+14 -1.738581e+17 +2.872283e+18   
Q20-056   +1.573594e+02   +7.666425e-07 -5.769135e-02 -5.371572e-04 -7.364727e-02 -3.898002e-01 +2.361659e+03 -1.970687e+03 +1.496092e+05 +2.675139e+07 -2.241694e+11 +8.787000e+09 -4.211977e+12 -7.729008e+14 +4.526507e+18 +1.239350e+18   +4.767953e-07 -1.408479e-05 -1.358820e-03 +1.125159e-02 +1.854896e+00 -1.258836e+02 +1.390480e+03 +7.594367e+04 +3.946836e+06 +1.495932e+09 -6.831832e+10 -5.756121e+12 -3.349613e+14 +3.907185e+16 +2.771718e+18   
Q20-058   +1.573585e+02   +1.078678e-06 -5.763680e-02 -6.073357e-05 -7.582380e-02 -9.147882e-02 +2.382886e+03 -1.150977e+03 -3.193940e+04 +3.657155e+07 -2.236902e+11 -2.365761e+10 +2.124868e+12 -1.328183e+15 +4.545775e+18 +1.846752e+18   +3.506009e-07 -6.863315e-06 +1.002479e-05 +1.633180e-02 +7.235535e-01 -2.067625e+02 -2.960948e+03 +1.252118e+05 -5.914869e+06 +4.996283e+09 +8.951140e+10 -1.047215e+13 +3.727511e+14 -3.448363e+16 -1.190244e+18   
Q20-059   +1.573578e+02   +5.134544e-07 -5.768382e-02 -9.319417e-04 -1.162455e-01 -5.370085e-01 +2.394289e+03 +6.432201e+02 +2.323950e+05 +2.429376e+07 -2.223749e+11 -2.399343e+10 -2.980672e+12 -6.419726e+14 +4.504065e+18 +2.773693e+18   +2.057060e-07 -1.938918e-05 +1.992464e-04 +1.387080e-02 -2.480464e-01 -2.637022e+02 -1.104039e+03 +3.838628e+04 -7.267635e+06 +4.509680e+09 +2.001467e+10 -6.648250e+12 +3.222278e+14 +9.330335e+15 +7.967772e+17   
Q20-060   +1.573590e+02   -1.107602e-07 -5.766234e-02 -2.482111e-03 -6.457870e-02 -7.001760e-01 +2.488511e+03 +3.848959e+03 +8.811825e+01 +2.471764e+07 -2.258367e+11 -2.974870e+10 +3.022913e+12 -6.787289e+14 +4.618690e+18 -2.491304e+17   +3.179070e-07 -1.332348e-05 -8.564372e-04 +4.080998e-03 +1.356418e-01 -1.523130e+02 +2.570017e+03 +7.377983e+04 +6.624762e+06 +3.566537e+09 -1.705344e+10 -6.318946e+12 -1.978336e+14 +1.405910e+15 +7.704987e+17   
Q20-062   +1.573586e+02   +5.236526e-07 -5.768591e-02 -1.528342e-03 -8.770375e-02 -3.651608e-01 +2.364092e+03 +4.264106e+03 +1.599458e+05 +2.729091e+07 -2.215918e+11 -1.474139e+11 -2.377249e+12 -8.696589e+14 +4.493803e+18 +5.087221e+18   +2.789947e-07 -1.473543e-05 -6.479309e-04 +2.481407e-02 +1.146099e+00 -2.245980e+02 +5.569455e+02 +7.427564e+04 +4.102226e+06 +3.667529e+09 +1.197646e+10 -8.832501e+12 -5.543729e+13 +2.851709e+16 -1.965989e+18   
Q20-064   +1.573578e+02   +3.890159e-07 -5.773055e-02 -2.514175e-03 -5.306629e-02 -1.696912e+00 +2.404359e+03 +3.647777e+03 -4.335754e+04 +2.889524e+07 -2.235171e+11 -2.458512e+10 +5.593636e+12 -8.739707e+14 +4.507037e+18 -2.277198e+18   +3.134497e-07 -1.262596e-05 -2.071096e-04 +1.853590e-02 -1.614617e-01 -2.777862e+02 +4.101877e+02 +3.168513e+05 +1.122528e+07 +7.332989e+09 -1.438989e+10 -2.464234e+13 -3.046770e+14 -1.238892e+17 -4.329329e+17   
Q20-067   +1.573582e+02   +1.347645e-06 -5.780217e-02 +2.798368e-03 -8.560132e-02 +2.334556e+00 +2.447729e+03 -1.296167e+04 +2.643869e+05 +9.996479e+06 -2.265024e+11 +2.252334e+11 -1.218485e+12 -6.066465e+14 +4.602355e+18 -4.092839e+18   +9.250150e-08 -3.018288e-05 -5.387470e-04 +1.207533e-02 +5.083683e-01 -1.976266e+02 +1.057127e+03 +1.291356e+05 +1.300713e+06 +4.667762e+09 -1.138975e+11 -7.439682e+12 -1.581594e+14 -9.071621e+16 +3.906689e+18   
Q20-070   +1.573568e+02   +6.247846e-07 -5.772058e-02 -1.710203e-03 -1.249854e-02 -2.067797e+00 +2.443345e+03 +1.116266e+03 +7.125405e+04 +2.730791e+07 -2.239216e+11 +1.112418e+10 -2.538974e+12 -7.521480e+14 +4.483813e+18 -7.290330e+17   +1.065808e-06 +5.199299e-06 -2.891565e-03 +1.705942e-02 +1.157707e+00 -2.281612e+02 +7.758737e+03 +9.937708e+04 +7.974908e+06 +5.472607e+09 -8.691769e+10 -7.223482e+12 -7.770608e+14 -7.855460e+16 +3.132353e+18   
Q20-072   +1.573580e+02   +3.327125e-07 -5.770005e-02 -1.004297e-03 -1.048324e-01 -1.022887e+00 +2.460929e+03 +4.367770e+02 +3.444048e+05 +2.568161e+06 -2.266025e+11 +4.683219e+10 -8.086217e+12 -3.618652e+13 +4.606099e+18 -2.665175e+18   +9.194200e-07 +2.167067e-05 -1.337024e-03 +6.047952e-04 +1.523806e-01 -2.179868e+02 +4.849737e+03 +8.973760e+04 +1.006237e+07 +5.990198e+09 -3.614158e+10 -8.087997e+12 -1.735587e+14 -1.137125e+17 +5.949932e+17   
Q20-075   +1.573574e+02   +1.862523e-07 -5.771953e-02 -2.138799e-03 -3.135003e-02 -4.012627e-01 +2.434090e+03 +4.810712e+03 -1.518342e+05 +9.428638e+06 -2.267151e+11 -5.088268e+10 -1.697119e+12 -1.544852e+13 +4.632310e+18 +2.215996e+18   +9.353218e-07 -8.239288e-06 -2.303299e-03 +2.508411e-02 +1.443045e+00 -1.845109e+02 +6.649049e+03 +3.195799e+04 +2.508175e+07 +2.302110e+09 -3.354639e+10 -1.344516e+13 -9.571898e+14 -3.131424e+16 -1.660627e+18   
Q20-079   +1.573571e+02   +6.417931e-07 -5.768659e-02 -7.984660e-04 -5.579690e-02 +2.610135e-01 +2.459405e+03 -6.442436e+02 +7.056676e+04 +2.790476e+07 -2.249159e+11 +5.430331e+10 +2.714960e+11 -9.717763e+14 +4.500996e+18 -1.031228e+18   +9.538616e-07 -3.242515e-06 -2.583807e-03 +1.966849e-02 +1.296549e+00 -2.785285e+02 +6.268138e+03 +8.549541e+04 +9.186303e+06 +5.178144e+09 -1.072180e+11 -6.516090e+12 -2.052925e+14 -1.254376e+17 +6.883375e+17   
Q20-095   +1.573581e+02   +9.232070e-08 -5.768743e-02 -1.798631e-03 -5.818217e-02 -1.592261e+00 +2.293836e+03 +3.925889e+03 +1.064533e+05 +9.980541e+06 -2.205845e+11 -2.830948e+10 -3.075605e+12 -5.503225e+14 +4.465060e+18 -1.318083e+18   +1.376169e-07 -1.652563e-05 -7.471519e-04 +9.358012e-03 +1.597660e+00 -2.848082e+02 -1.500291e+03 +1.487819e+05 -1.406128e+07 +4.697726e+09 +1.091430e+10 -9.850424e+12 +4.323352e+14 +7.235325e+16 +1.587229e+18   
Q20-107   +1.573571e+02   +2.805151e-07 -5.772336e-02 -1.549428e-03 -1.944318e-02 -9.554122e-01 +2.298202e+03 -9.722523e+01 -8.427824e+04 +3.687497e+07 -2.244276e+11 +1.558056e+10 +3.142471e+11 -1.268178e+15 +4.657300e+18 +3.098339e+17   +6.581228e-07 -1.905482e-05 -2.354445e-03 +1.444096e-02 +2.256398e+00 -2.594699e+02 +5.717415e+03 +2.586425e+05 -7.379877e+06 +5.703171e+09 -9.261876e+10 -9.498262e+12 +7.537289e+13 -3.609643e+16 +2.173368e+18   
Q20-108   +1.573574e+02   +5.092587e-07 -5.778021e-02 -2.247299e-03 +4.941914e-03 -1.683034e+00 +2.366413e+03 +4.435357e+03 -3.124274e+05 +5.536067e+07 -2.242331e+11 -9.700071e+10 +1.159537e+13 -1.674991e+15 +4.554006e+18 +3.941712e+18   +2.389016e-07 -2.154039e-05 -6.209959e-04 +7.567467e-03 +1.866975e-01 -1.718272e+02 +5.361199e+03 +9.132459e+04 +5.662163e+05 +4.663373e+09 -1.923693e+11 -9.195424e+12 +2.977604e+14 -1.080645e+17 +5.901126e+18   
Q20-109   +1.573612e+02   +5.242433e-07 -5.780782e-02 -6.392732e-04 -1.624908e-02 -7.624300e-01 +2.450248e+03 -5.896490e+03 -1.193952e+05 +7.494287e+06 -2.260588e+11 +1.806587e+11 +7.540201e+12 -1.704630e+14 +4.618761e+18 -5.489385e+18   +2.417933e-07 -2.350597e-05 -1.463708e-03 +9.279537e-03 +4.719386e-01 -2.102717e+02 +4.412787e+03 +1.983459e+05 +7.833519e+06 +3.808185e+09 -8.324377e+10 -1.128925e+13 -4.621116e+14 -2.422472e+15 +5.801678e+17   
Q20-111   +1.573605e+02   +1.266268e-08 -5.778491e-02 -1.189022e-03 -7.956673e-02 +4.335702e-01 +2.373495e+03 +3.958532e+02 +9.465215e+04 +6.488642e+06 -2.250121e+11 +2.650994e+10 -6.076601e+12 -4.177137e+14 +4.674956e+18 +1.438526e+18   +2.998218e-07 -1.950442e-05 -7.393755e-04 +1.863957e-02 +1.309285e+00 -1.561198e+02 -6.593453e+02 -1.073817e+05 +2.930331e+06 +1.286282e+09 -2.074845e+10 -2.605161e+12 -2.957714e+14 +7.507049e+16 +5.132971e+18   
Q20-112   +1.573572e+02   +3.565027e-07 -5.774016e-02 -8.154727e-04 -5.936976e-02 -8.893664e-02 +2.339359e+03 +8.120760e+02 +9.667813e+04 +1.303212e+07 -2.238027e+11 -4.902749e+10 -1.672078e+12 +5.884765e+13 +4.568494e+18 +3.282752e+18   +3.449231e-07 +1.157650e-05 -1.123675e-03 +2.591923e-02 +1.269787e+00 -2.603989e+02 +1.192357e+03 -4.231162e+03 -5.852726e+06 +8.459359e+09 -3.393741e+10 -1.016885e+13 +8.306210e+13 -1.858333e+17 +3.875767e+16   
Q20-113   +1.573579e+02   +5.638648e-07 -5.775005e-02 -4.053446e-04 -4.068765e-02 +8.178337e-01 +2.335998e+03 +1.287766e+03 -5.927217e+04 -7.478843e+05 -2.244757e+11 -6.396304e+10 +9.402204e+12 +2.732977e+14 +4.607409e+18 +6.799729e+18   +4.481671e-07 -1.097337e-05 -1.890113e-03 +1.821846e-02 +9.221545e-01 -1.603228e+02 +4.491047e+03 +9.762478e+03 +4.945410e+06 +4.074680e+09 -1.150073e+11 -1.192736e+13 -7.685010e+14 -8.165361e+16 +5.215861e+18   
Q20-116   +1.573581e+02   +2.113887e-07 -5.763308e-02 -1.595722e-03 -4.050799e-02 -6.808420e-01 +2.421286e+03 +6.500250e+02 -5.526401e+04 +1.376492e+07 -2.232844e+11 +1.206921e+10 +4.455375e+12 -4.724916e+14 +4.542970e+18 +2.790955e+17   -1.595091e-07 -8.513969e-06 -3.594593e-04 +2.022875e-02 +1.150465e+00 -1.717567e+02 -1.096306e+03 +2.321363e+04 -5.998431e+06 +3.938612e+09 -1.525862e+10 -6.122402e+12 +5.745730e+12 -2.382773e+16 +1.638934e+18   
Q20-119   +1.573586e+02   +4.284820e-07 -5.775035e-02 +1.788935e-04 -1.078259e-02 +1.128787e+00 +2.512783e+03 -5.241264e+03 -4.151460e+05 -2.289045e+07 -2.271456e+11 +1.137841e+11 +2.161412e+13 +1.027659e+15 +4.689678e+18 -2.628470e+18   +4.252296e-07 -1.035515e-06 -1.317388e-03 +6.509463e-03 +1.101041e+00 -9.743408e+01 +3.696866e+03 +3.889533e+05 -1.077677e+07 +9.766444e+08 -1.451225e+11 -1.653668e+13 +1.680197e+14 +9.455308e+16 +7.832225e+18   
Q20-125   +1.573574e+02   +7.783447e-07 -5.772855e-02 +4.497794e-04 -2.137745e-02 +2.479828e-01 +2.451054e+03 -4.350599e+03 -5.295591e+03 +1.809626e+07 -2.244491e+11 +1.008926e+11 -1.088356e+12 -5.483079e+14 +4.543702e+18 -2.836922e+18   +7.790012e-07 +1.456687e-05 -2.677478e-03 +2.365472e-02 +1.763648e+00 -1.591505e+02 +6.129236e+03 -7.253310e+03 +3.346223e+06 +3.072947e+09 -1.023757e+11 -7.873154e+12 -1.672561e+14 -1.228548e+16 +1.698077e+18   
Q20-127   +1.573571e+02   +5.558476e-07 -5.770656e-02 +1.201323e-03 -1.012643e-02 +4.047811e-01 +2.464690e+03 -7.459435e+03 -5.113941e+04 +4.968237e+06 -2.238338e+11 +1.506512e+11 -3.985970e+11 -2.812158e+14 +4.543450e+18 -1.925549e+18   +3.510706e-07 +4.752551e-06 -1.462603e-03 +1.273246e-02 +1.024263e+00 -1.618538e+02 +1.112686e+03 +8.562308e+04 +3.888678e+06 +3.376870e+09 -1.407618e+10 -9.077550e+12 +1.310392e+13 -4.064192e+16 +7.249104e+16   
Q20-130   +1.573576e+02   +7.984000e-08 -5.770684e-02 +3.134651e-05 -4.547190e-02 +2.181212e-01 +2.471507e+03 -1.696705e+03 +1.869911e+05 +4.792874e+06 -2.235896e+11 +7.838713e+09 -5.531389e+12 -2.565254e+14 +4.560497e+18 -1.223498e+16   +5.720779e-07 +2.900297e-06 -2.381840e-04 -6.096239e-03 -5.856608e-01 -2.320016e+02 -1.925634e+03 +2.697600e+05 +2.956439e+07 +6.645589e+09 +9.381682e+10 -1.088967e+13 -1.046683e+15 -1.373245e+17 -2.316418e+18   
Q20-136   +1.573587e+02   +2.207226e-07 -5.770352e-02 +8.126700e-05 -8.581667e-02 -4.227864e-01 +2.460027e+03 -4.721775e+03 +1.275036e+05 +5.480530e+05 -2.245960e+11 +6.493222e+10 -1.626289e+12 +1.136005e+14 +4.577619e+18 -6.448134e+17   +1.678243e-07 -1.249168e-05 +1.143386e-04 +2.029463e-02 -2.096377e-01 -1.255191e+02 -2.890099e+03 +2.457194e+04 +9.553472e+06 +1.381730e+09 +5.157644e+10 -4.412784e+12 -3.896985e+14 +4.815197e+16 -1.355500e+18   
Q20-139   +1.573588e+02   +8.479697e-08 -5.777158e-02 -1.198967e-03 -4.402182e-02 +1.116978e-01 +2.412871e+03 -6.263462e+02 +2.764915e+05 +1.177025e+07 -2.231097e+11 +7.068070e+10 -1.798143e+13 -2.379836e+14 +4.584731e+18 -4.528732e+18   +2.423830e-08 -4.714637e-06 -3.166511e-04 +1.035924e-02 -1.209020e+00 -2.983243e+02 +3.156509e+03 +2.490597e+05 +1.412398e+07 +7.706433e+09 -1.704696e+11 -1.650396e+13 +3.980180e+14 -1.250383e+17 +1.110491e+19   
Q20-140   +1.573593e+02   +2.751248e-07 -5.770106e-02 -5.732059e-04 -3.533970e-02 +2.423385e-01 +2.427374e+03 -1.628866e+02 -3.630291e+03 -5.062015e+06 -2.221973e+11 -3.559365e+10 +2.159734e+12 +4.729193e+13 +4.500866e+18 +2.729100e+18   +1.352735e-07 -1.820555e-05 -3.587313e-04 +2.077213e-02 +7.322046e-01 -2.484881e+02 -1.295054e+03 +2.507556e+04 -3.377560e+05 +5.726676e+09 -2.078562e+09 -7.614370e+12 -2.164193e+14 -4.742173e+16 -1.105109e+18   
Q20-142   +1.573586e+02   +6.240598e-07 -5.772434e-02 -3.466066e-04 -8.713118e-02 +2.174928e-01 +2.338996e+03 +1.865399e+02 +2.470897e+05 +2.385596e+07 -2.241656e+11 -4.221253e+10 -6.294452e+12 -5.164324e+14 +4.577355e+18 +2.139689e+18   -1.780211e-10 -3.894273e-06 +1.061664e-03 -1.170145e-02 -1.752390e+00 -2.051847e+02 -2.931875e+03 +3.304393e+05 +2.146336e+07 +4.250830e+09 +1.035508e+11 -8.958735e+12 -4.965434e+14 -2.326008e+16 -1.412243e+18   
Q20-149   +1.573591e+02   +5.227361e-07 -5.775105e-02 -4.631756e-04 -4.189083e-02 +4.555280e-01 +2.379344e+03 +4.016025e+02 -3.189011e+04 +1.083625e+07 -2.253613e+11 -1.408009e+10 +3.179304e+12 -2.995096e+14 +4.617063e+18 +5.221406e+17   +1.755232e-07 -7.279471e-06 -3.307766e-04 +1.039078e-02 +7.288902e-01 -2.259820e+02 -9.087527e+02 -3.644821e+03 -1.082706e+07 +6.019597e+09 +1.747145e+10 -8.486703e+12 +2.135622e+14 -7.470677e+16 +5.617251e+17   
Q20-153   +1.573591e+02   +3.982340e-07 -5.775540e-02 -6.380775e-04 -5.595476e-02 -7.320689e-01 +2.317572e+03 -3.115637e+03 -1.577838e+04 +2.009025e+07 -2.233495e+11 +6.587048e+09 +5.005146e+12 -7.522565e+14 +4.556654e+18 +4.148697e+17   +1.301805e-07 -7.108550e-06 +4.380869e-04 +2.098277e-02 -2.709398e-01 -1.771255e+02 -2.007356e+03 +1.370885e+05 +1.360572e+07 +3.379421e+09 +2.468622e+10 -8.242370e+12 -5.792403e+14 +3.359081e+16 -1.977154e+18   
Q20-162   +1.573591e+02   +4.699639e-07 -5.768332e-02 -2.593907e-04 -7.298504e-02 -7.213577e-01 +2.397858e+03 -2.044230e+03 +7.185279e+04 +1.571461e+07 -2.236885e+11 -1.504375e+10 +3.415440e+12 -4.448347e+14 +4.551098e+18 +1.067785e+18   +5.971930e-07 -1.753956e-05 -3.192120e-03 +3.050635e-02 +2.227030e+00 -1.146487e+02 +7.544451e+03 +6.473137e+04 -5.571976e+06 +1.440658e+09 -1.232266e+11 -5.544026e+12 -1.834385e+14 +3.733617e+15 +3.283421e+18   
Q20-176   +1.573559e+02   +4.500494e-07 -5.765365e-02 -4.598200e-04 -5.788797e-02 +2.021906e-01 +2.335732e+03 -1.072115e+03 +1.504973e+05 +1.909382e+07 -2.220384e+11 +4.812946e+10 -4.534686e+12 -5.942978e+14 +4.471274e+18 -1.450278e+18   +4.644426e-08 -9.702070e-06 -9.566359e-05 +1.039447e-02 -1.795253e-01 -1.764853e+02 -1.856068e+03 +4.249096e+04 -6.711137e+06 +3.618898e+09 +1.161470e+11 -6.457311e+12 +3.107221e+14 +2.848687e+16 -3.976423e+18   
Q20-004   +1.575187e+02   -5.086947e-07 -5.774289e-02 -1.214589e-03 -6.182010e-02 -3.943019e-01 +2.363149e+03 +6.330888e+02 +3.893721e+04 -1.095953e+07 -2.262291e+11 +1.886446e+10 +1.557647e+12 +4.030368e+14 +4.552279e+18 -1.076816e+18   +5.079686e-08 -4.461163e-06 +9.126739e-04 +2.433311e-02 -6.962354e-01 -1.379381e+02 -2.357789e+03 +8.904054e+04 +1.377179e+07 +2.339738e+09 +3.176048e+10 -1.127052e+13 -3.429469e+14 -2.362238e+16 -9.376106e+17   
Q20-008   +1.575202e+02   -6.550011e-08 -5.784551e-02 -1.326390e-03 -7.032184e-02 -1.325754e+00 +2.457438e+03 -2.618194e+03 +5.974404e+04 -1.024384e+06 -2.251438e+11 +6.532369e+10 +4.475947e+12 +1.132713e+14 +4.528387e+18 -2.062667e+17   +4.228642e-07 -2.425084e-05 -1.062313e-03 +2.800356e-02 +7.052892e-01 -2.437329e+02 +2.653350e+03 +4.150536e+04 +2.365648e+07 +5.681639e+09 -6.031176e+10 -4.455373e+12 -9.956158e+14 -9.049595e+16 +2.421779e+18   
Q20-017   +1.575185e+02   +1.517884e-08 -5.779304e-02 -1.183383e-03 -6.033752e-02 +1.173768e-01 +2.447637e+03 -1.045990e+03 +7.951060e+04 +3.935276e+05 -2.306241e+11 +5.472242e+10 +3.754254e+12 +9.303428e+13 +4.643476e+18 -2.698848e+18   +4.439156e-07 -6.153960e-06 -1.135074e-03 +9.638893e-03 +1.091813e+00 -3.366258e+02 +4.570504e+03 +2.477155e+05 -6.632872e+06 +3.508594e+09 -4.483028e+10 -1.496069e+13 -1.307260e+14 -4.557122e+16 +3.266675e+17   
Q20-019   +1.575199e+02   +2.357008e-08 -5.773484e-02 -2.605779e-03 -6.461349e-02 -1.933923e+00 +2.370336e+03 +2.584515e+03 +1.117725e+05 +2.111630e+07 -2.243619e+11 -2.135551e+10 -8.924409e+11 -1.293339e+14 +4.562180e+18 +1.262814e+17   +7.315717e-08 +1.035007e-05 +5.783584e-04 +2.774253e-03 -1.123311e+00 -2.802954e+02 -1.466309e+02 +8.399745e+04 +7.144659e+06 +7.012479e+09 +3.903268e+10 -5.231609e+12 +6.523950e+13 -1.874260e+17 -8.713769e+17   
Q20-020   +1.575173e+02   +7.767515e-07 -5.781977e-02 +9.086996e-05 -1.057526e-02 -2.687416e-02 +2.482935e+03 -2.795354e+03 +2.521757e+05 +1.979515e+07 -2.279025e+11 +7.055701e+10 -2.307541e+12 -5.057753e+14 +4.558414e+18 +2.605956e+18   +5.855898e-07 -1.579307e-05 -1.240290e-03 +7.971759e-03 +3.763229e-01 -4.237885e+02 +2.508651e+03 +2.459991e+05 +1.792797e+07 +3.826768e+09 -2.064795e+10 -1.940582e+13 -3.647400e+14 +7.040795e+16 +2.062336e+18   
Q20-024   +1.575194e+02   +8.387449e-07 -5.775091e-02 +1.023556e-04 -6.919694e-02 -8.611035e-01 +2.443714e+03 -6.427792e+02 +2.435078e+05 +2.263535e+07 -2.263445e+11 -8.378003e+10 -8.521084e+12 -2.296527e+14 +4.565240e+18 +1.587488e+18   +3.624734e-07 -1.270874e-05 -2.547882e-04 +5.339546e-03 +1.337009e-01 -2.707106e+02 -1.026443e+03 +5.568831e+04 +9.995455e+06 +5.461301e+09 +2.563237e+10 -1.388713e+12 -3.804812e+14 -1.303988e+17 +3.507819e+17   
Q20-025   +1.575181e+02   +6.010915e-07 -5.775064e-02 +5.094996e-05 -8.875221e-02 -1.399069e-01 +2.446978e+03 -3.557192e+03 +2.725073e+05 +9.181497e+06 -2.267114e+11 +3.436481e+10 -9.228209e+12 -2.291861e+14 +4.597988e+18 +2.697242e+17   +2.715267e-07 -1.908830e-05 -8.603164e-04 +2.344643e-03 +1.225054e+00 -2.184084e+02 +1.081387e+03 +5.968480e+04 +7.307878e+06 +3.557410e+09 -1.165917e+11 -3.917745e+12 -2.013447e+14 -6.275017e+16 +1.624881e+18   
Q20-096   +1.575173e+02   +6.845724e-07 -5.770148e-02 -5.264581e-04 -1.878060e-02 +1.682882e-01 +2.260160e+03 -1.194389e+03 +1.407706e+05 +5.723495e+06 -2.211149e+11 +2.369856e+10 -9.871830e+12 +1.459413e+13 +4.410044e+18 +3.167408e+18   +3.536976e-07 -1.913691e-05 -3.886732e-04 +1.071333e-02 -1.296346e-01 -2.216406e+02 +1.480472e+03 +1.553945e+02 +1.690110e+07 +4.357441e+09 -6.065030e+10 +4.753520e+12 -8.215167e+14 -5.227332e+16 +3.905588e+18   
Q20-097   +1.575177e+02   +8.072160e-07 -5.768942e-02 -3.844566e-04 -7.809522e-02 -5.531715e-02 +2.340175e+03 -4.206335e+02 +3.327546e+05 +2.387428e+07 -2.252623e+11 -1.080776e+09 -5.887869e+12 -4.026483e+14 +4.638236e+18 +2.571122e+18   -1.968495e-08 +1.552411e-05 +5.093479e-05 +1.864236e-02 +5.259980e-01 -2.341113e+02 -1.130296e+03 +9.289128e+04 -6.319556e+06 +7.227975e+09 +3.536942e+10 -5.773744e+12 -3.776322e+14 -1.850809e+17 +1.152159e+18   
Q20-101   +1.575173e+02   +5.862441e-07 -5.770462e-02 -9.755608e-04 -6.103032e-02 -1.456118e+00 +2.266730e+03 +2.074668e+03 +3.000076e+05 +3.883808e+07 -2.221313e+11 -1.020275e+11 -1.140661e+13 -1.366070e+15 +4.504809e+18 +2.976015e+18   +2.514688e-07 -2.124683e-05 -1.112484e-03 +1.149971e-02 +9.829212e-01 -1.965135e+02 +3.664502e+02 -3.021912e+04 +1.346928e+06 +4.886173e+09 +7.423127e+10 +2.460874e+12 -1.383291e+14 -4.484671e+16 -4.251743e+18   
Q20-103   +1.575179e+02   -2.822623e-08 -5.767953e-02 -7.093289e-04 -2.704258e-02 +5.659697e-01 +2.315633e+03 -1.748675e+03 +1.155539e+05 +8.710699e+06 -2.255794e+11 +1.770460e+10 -1.877091e+12 -5.960958e+13 +4.628427e+18 +1.723001e+18   +1.285502e-07 -7.701601e-06 -4.857553e-04 +5.787408e-03 +2.086236e-01 -2.117288e+02 +2.647305e+03 +6.059806e+04 +1.493619e+07 +4.012592e+09 -6.860623e+10 +2.341400e+12 -4.847767e+14 -1.033168e+17 +3.490579e+18   
Q20-104   +1.575209e+02   +4.194171e-07 -5.768852e-02 -9.286063e-04 -5.064006e-02 +1.618040e-01 +2.362278e+03 -3.433112e+03 +5.181757e+04 +1.723740e+07 -2.242353e+11 +6.006415e+10 -6.000643e+11 -2.929726e+14 +4.608072e+18 -2.029814e+17   +3.176121e-07 -2.062262e-05 -8.740008e-04 +2.736059e-02 +9.064746e-01 -1.528089e+02 +8.072561e+02 +1.728445e+05 -2.484693e+06 +2.322988e+09 -2.855329e+10 -7.961801e+12 +3.119110e+13 +1.131264e+16 +2.244352e+18   
Q20-134   +1.575173e+02   +1.036023e-07 -5.770244e-02 -8.463058e-04 -4.308195e-02 -3.396606e-01 +2.480029e+03 +2.313642e+02 +1.012616e+05 +6.562517e+06 -2.259764e+11 +3.343956e+09 +6.890875e+11 -6.486284e+13 +4.619053e+18 +3.076604e+17   +5.781764e-07 +8.904273e-06 -1.528367e-03 +9.439884e-03 +1.131911e+00 -1.547194e+02 +2.011815e+03 +5.568675e+04 +8.013482e+06 +4.472785e+09 +5.394160e+10 -2.806541e+12 -3.102017e+14 -4.993955e+16 -2.540354e+18   
Q20-135   +1.575192e+02   +6.253330e-07 -5.769450e-02 -4.952071e-04 -6.957615e-02 +3.650877e-02 +2.450887e+03 -1.827899e+03 +1.298203e+05 +1.395040e+07 -2.240417e+11 +3.564359e+10 -1.524786e+12 -4.748323e+14 +4.544030e+18 +3.402323e+17   +1.141480e-07 -1.161983e-05 -3.969067e-04 +2.361884e-02 -8.404575e-01 -6.670146e+01 +1.536905e+03 +3.460957e+04 +4.621797e+06 -1.711615e+08 +8.552018e+09 -9.468770e+12 -2.038033e+14 +8.643905e+16 +4.777086e+17   
Q20-148   +1.575189e+02   +5.530256e-07 -5.770667e-02 -5.618897e-04 -4.868751e-02 +6.909336e-01 +2.437250e+03 -1.009224e+03 +1.030739e+05 +1.547696e+07 -2.244447e+11 +5.431690e+10 +2.385013e+12 -3.438551e+14 +4.599390e+18 -1.385920e+18   +6.534625e-07 -1.419454e-05 -2.065112e-03 +1.585520e-02 +1.047495e+00 -1.697747e+02 +4.065928e+03 +4.626567e+04 -2.942163e+06 +2.790853e+09 -5.843824e+10 -4.101145e+12 -1.855318e+14 +4.925842e+16 +9.071838e+17   
