# multipoles are divided by excitation current and units are [T], [m] and [A]
# harmonics (dipole n=0): 00 01 02 03 04 05 06 07 08 09 10 11 12 13 14 
# MAG_LABEL   CURRENT[A]   <NORMAL_MULTIPOLES/CURRENT>[T/m^(n-1)/A]   <SKEW_MULTIPOLES/CURRENT>[T/m^(n-1)/A]
Q20-005   +3.997950e+00   +7.341207e-07 -6.561763e-02 -4.506547e-04 -6.437529e-02 -2.067823e+00 +1.862643e+03 -1.335007e+03 +2.239159e+05 -2.591085e+07 -2.588664e+11 +3.249675e+10 +3.843100e+12 +4.057254e+14 +5.101737e+18 +5.658650e+18   +7.720459e-07 -1.962857e-05 -8.488493e-04 +2.192006e-05 +7.549179e-01 -2.897552e+01 +2.197798e+03 +3.154126e+05 -2.100974e+07 +1.387571e+09 -6.863493e+10 -3.190270e+13 -3.245556e+15 -3.320544e+16 +8.306482e+17   
Q20-007   +3.997950e+00   -4.275126e-07 -6.634505e-02 -8.909969e-03 -8.151678e-02 -5.496414e+00 +2.065171e+03 +7.677405e+03 -2.494474e+05 -2.274706e+06 -2.652384e+11 -1.109794e+12 -1.551357e+13 +1.920287e+13 +4.989552e+18 -2.736252e+19   -8.269065e-07 -5.129241e-06 +5.360462e-03 +2.224692e-02 -2.061317e+00 -2.519571e+02 -1.708147e+04 -3.841446e+05 +3.036491e+07 +6.537338e+09 -1.087900e+11 -1.899647e+13 +4.937798e+14 +6.990165e+17 -2.394596e+19   
Q20-009   +3.998100e+00   +1.694051e-06 -6.545892e-02 -2.718231e-04 -1.124117e-01 -1.275959e-02 +2.093323e+03 -1.586476e+03 -1.040438e+05 +3.035637e+07 -2.561919e+11 -1.451354e+11 -1.855291e+13 -9.537773e+14 +5.216978e+18 -5.815240e+18   +3.703742e-06 -8.876056e-06 -9.437505e-03 +2.962337e-03 +7.079963e+00 -1.587203e+02 +1.768254e+04 +2.884890e+05 +4.515497e+06 +3.391966e+09 -5.039331e+10 -6.821740e+12 +1.494097e+15 +1.176712e+17 +8.802981e+18   
Q20-010   +3.997650e+00   +2.238811e-07 -6.535132e-02 -5.663490e-03 -9.032639e-02 -4.379921e+00 +2.031182e+03 +6.399450e+03 -4.516729e+04 +5.390787e+06 -2.503886e+11 -1.857319e+11 +3.346426e+12 -1.054115e+15 +5.296189e+18 +2.771356e+18   +1.223740e-06 -7.543084e-06 -2.763403e-03 +3.050372e-02 +4.866289e+00 -1.546823e+02 -2.851203e+03 +6.809908e+04 +6.271082e+06 +3.043018e+09 -3.282924e+11 -5.497750e+12 -8.262832e+14 -1.818213e+17 -3.057361e+18   
Q20-011   +3.997650e+00   +7.429750e-07 -6.542651e-02 -2.368180e-03 -7.758388e-02 -2.730227e+00 +2.076424e+03 -2.772972e+03 -4.412505e+05 -2.483192e+06 -2.510597e+11 -2.058888e+11 -4.931465e+12 -1.205038e+15 +5.302840e+18 -6.118972e+18   +1.710764e-07 +6.671202e-07 +2.191670e-03 -1.989848e-02 -3.124331e-01 -2.170087e+02 -7.725304e+03 +6.169767e+05 +3.072305e+07 +2.941593e+09 +3.717409e+11 -4.016009e+13 -3.517827e+13 +9.276230e+15 +1.768446e+16   
Q20-012   +3.997600e+00   +2.882505e-06 -6.542445e-02 +3.875095e-03 -1.075887e-01 +6.086167e-01 +2.155424e+03 -2.584981e+04 +5.439671e+05 +3.960897e+07 -2.570817e+11 +3.163100e+11 +2.794247e+12 -2.260369e+15 +5.115915e+18 +4.315975e+18   +1.982875e-06 -2.132227e-05 -4.645592e-03 -5.794714e-03 +5.824167e+00 -2.265915e+02 +9.562297e+02 +6.098834e+05 +1.947653e+07 +4.497956e+09 -1.485242e+10 +8.862317e+12 -5.491487e+14 +1.327240e+17 -5.117988e+18   
Q20-013   +3.997600e+00   +2.799645e-06 -6.540857e-02 +3.758400e-03 -3.478825e-02 +1.514535e+00 +2.099798e+03 -1.239366e+04 +2.431538e+05 +2.133909e+07 -2.559000e+11 -1.341420e+11 +2.136516e+13 -2.788366e+14 +5.271195e+18 +9.609281e+18   +3.037485e-07 -1.618713e-05 +1.881285e-03 +5.363488e-02 +3.906274e-01 -2.012109e+02 -1.868693e+04 +2.095594e+05 +2.307292e+07 +1.059787e+10 +2.255240e+11 +1.079771e+13 +3.625075e+14 -6.762290e+16 -4.436362e+18   
Q20-014   +3.997850e+00   +1.476715e-08 -6.557087e-02 -4.376157e-03 -8.755731e-02 -3.650962e+00 +2.041317e+03 +6.330953e+03 -7.231717e+03 +3.282074e+07 -2.555689e+11 +8.996518e+10 +2.171764e+12 +3.308416e+14 +5.315304e+18 +9.898213e+18   +4.661040e-07 -2.826694e-05 +2.391659e-04 +6.250179e-02 +1.061344e+00 -1.807062e+02 +4.696164e+03 +1.970533e+05 +2.488229e+07 +7.366572e+09 +2.936088e+11 +7.791255e+12 +7.220348e+13 +6.571410e+16 +1.280504e+18   
Q20-015   +3.997850e+00   +1.162496e-06 -6.550048e-02 -3.372040e-03 -1.058379e-01 -3.327884e-01 +1.928852e+03 +1.290086e+04 -5.090616e+04 +2.665410e+07 -2.530330e+11 -6.192368e+10 +1.434975e+13 -2.170931e+15 +5.306880e+18 +8.460020e+18   -7.784527e-09 -4.212162e-06 +1.232936e-03 +1.503442e-02 +2.724557e-01 -1.741283e+02 -1.330333e+04 +4.711790e+05 +9.555371e+06 +6.460925e+09 -6.626247e+10 -2.647300e+13 -6.893138e+14 +6.287372e+16 +1.476349e+18   
Q20-016   +3.998200e+00   +9.217048e-08 -6.542317e-02 -5.776727e-03 -6.087289e-02 -3.938452e+00 +1.923697e+03 +1.542063e+04 -2.120859e+05 -9.169014e+06 -2.494770e+11 -5.854650e+11 -3.800243e+12 +1.751593e+15 +5.162446e+18 -2.541481e+18   +6.457126e-08 -1.648196e-05 +2.369983e-03 -1.216160e-03 -4.608401e-01 -2.573168e+02 -5.633638e+03 +7.298394e+05 -2.421507e+07 +7.698009e+09 +2.500062e+11 -1.601665e+13 -1.371353e+14 -1.707122e+17 +3.514639e+18   
Q20-021   +3.997850e+00   +3.167880e-06 -6.562672e-02 +3.732276e-03 -4.392559e-02 +8.355599e-01 +1.979476e+03 -1.421619e+04 -1.320562e+05 +6.624973e+07 -2.536376e+11 +4.145593e+10 -9.714969e+12 -1.188729e+15 +5.347207e+18 -1.306367e+19   +4.386223e-07 +6.300922e-07 +1.290149e-03 +2.818347e-02 +5.847698e-01 -2.462608e+02 -7.989687e+03 -1.659771e+05 +1.629032e+07 +8.265128e+09 -3.096602e+10 -1.733052e+13 -3.891297e+14 -2.315760e+17 -2.493545e+18   
Q20-022   +3.997800e+00   +3.824051e-06 -6.561844e-02 +7.870134e-03 -8.248714e-02 +3.922020e+00 +1.944586e+03 -2.203275e+04 -2.552929e+05 +5.146025e+07 -2.551466e+11 +8.301876e+10 -4.296581e+12 -1.841318e+15 +5.227740e+18 -3.628901e+18   -7.987143e-07 -1.059527e-05 +4.757317e-03 +9.261191e-03 -1.592663e+00 -2.204834e+02 -1.555902e+04 +3.559345e+05 +2.493888e+07 +3.163502e+09 -1.432250e+10 +5.141598e+12 +6.424008e+14 +6.336357e+16 +6.335485e+18   
Q20-023   +3.997750e+00   +5.732274e-07 -6.544491e-02 -4.553589e-03 -4.067733e-02 -2.474245e+00 +2.236259e+03 +4.692707e+03 -1.962867e+05 +2.980657e+07 -2.542055e+11 -3.028466e+11 +5.383671e+12 -6.436205e+14 +5.283572e+18 -2.733292e+18   +9.196290e-07 -9.856149e-06 -2.756433e-04 +1.528340e-02 +3.724442e+00 -2.314716e+02 -4.987165e+03 +1.247578e+05 -2.373879e+06 +6.902555e+09 -1.266894e+11 -1.897001e+13 -1.736896e+15 -4.501720e+16 -4.889498e+17   
Q20-026   +3.998300e+00   +2.619458e-06 -6.546920e-02 +2.395043e-03 -3.770025e-02 +1.582516e+00 +1.984349e+03 -1.109424e+04 +2.980867e+05 +1.372663e+07 -2.552537e+11 -3.903149e+11 -2.187480e+12 -1.286704e+15 +5.171968e+18 -1.042209e+19   +1.697679e-06 -1.264295e-05 -2.440498e-03 -1.094732e-02 -4.973874e-01 -1.816851e+02 +7.798399e+03 +6.465520e+05 +4.398252e+06 +1.027669e+09 -2.154946e+11 +2.205268e+13 -2.459875e+15 -5.495426e+16 -1.050936e+19   
Q20-027   +3.998450e+00   +3.594530e-06 -6.547875e-02 +5.443232e-03 -6.592047e-02 +1.837418e+00 +1.931745e+03 -2.118533e+04 -3.554807e+05 +5.810324e+07 -2.532701e+11 -1.152641e+11 -4.260884e+12 -5.641654e+14 +5.290608e+18 -8.371249e+17   +1.751362e-06 -2.260910e-05 -3.681527e-03 -8.049869e-03 +3.748077e+00 -1.725145e+02 +4.873981e+03 +6.314184e+05 +1.688258e+07 +5.974430e+09 +1.251328e+11 -1.210218e+13 +2.332930e+14 -1.629557e+17 +6.795348e+18   
Q20-028   +3.997800e+00   +6.772355e-07 -6.572510e-02 -2.705255e-03 -3.141420e-02 -2.904640e+00 +2.009701e+03 -2.259838e+03 +2.793274e+06 -2.476114e+07 -2.910116e+11 -1.372649e+12 -2.962274e+13 -5.495775e+15 +4.307282e+18 -9.865996e+19   +1.611762e-06 -2.240249e-05 -2.929329e-03 -1.452572e-02 +5.648407e+00 -2.095054e+02 +2.132574e+04 -6.827140e+05 -5.241055e+07 -5.271860e+09 +5.955025e+11 -8.624266e+13 -2.810641e+15 -4.951961e+17 +7.180147e+18   
Q20-033   +3.997950e+00   +3.184727e-06 -6.561580e-02 +3.780518e-03 -8.263675e-02 +2.096267e-01 +1.972239e+03 -1.790284e+04 -5.583176e+04 +1.468709e+07 -2.544041e+11 +1.246530e+11 +4.597016e+13 +6.736387e+13 +5.503621e+18 -6.957511e+18   +1.383107e-06 -1.441386e-05 -2.807676e-03 +1.399825e-02 +2.017627e+00 -3.250916e+01 +9.842517e+03 -2.764679e+05 +4.228952e+07 +6.692833e+09 +5.498691e+11 -1.644907e+13 -2.075817e+15 -1.319552e+17 -1.566803e+18   
Q20-034   +3.998000e+00   -3.505643e-07 -6.567064e-02 -6.851381e-03 -9.229455e-02 -4.137696e+00 +1.967684e+03 +1.215867e+04 +1.758866e+05 +2.483530e+07 -2.542459e+11 -3.724405e+11 +1.100141e+13 +4.254037e+13 +5.165103e+18 +7.367449e+17   -4.059137e-06 -2.384979e-05 +1.450577e-02 +2.002979e-02 -6.421328e+00 -1.526656e+02 -4.304982e+04 +4.004722e+05 +1.147779e+07 +2.689462e+09 +1.599872e+11 +4.230403e+12 +4.876011e+14 +5.456953e+16 +4.147151e+18   
Q20-035   +3.998050e+00   +4.287925e-06 -6.578099e-02 +6.839429e-03 -2.335199e-02 +2.499273e+00 +2.077049e+03 -1.485300e+04 -7.269304e+05 +2.240217e+07 -2.588127e+11 +5.541649e+10 +6.113991e+12 -1.258369e+15 +5.104914e+18 +2.775270e+18   +3.643033e-06 -1.969195e-05 -1.022921e-02 +3.940594e-02 +5.464214e+00 -1.504974e+02 +2.281044e+04 -1.015938e+05 +1.664807e+07 +7.661000e+09 -2.792874e+11 -2.320427e+13 -1.656434e+15 -3.413314e+16 +3.772442e+18   
Q20-036   +3.998100e+00   +2.205929e-06 -6.551920e-02 +1.249763e-03 -5.186676e-02 -5.985488e-01 +1.890792e+03 -5.522100e+03 +3.838883e+05 +5.454268e+07 -2.567992e+11 +4.873883e+10 +2.543191e+13 +2.132355e+15 +5.114937e+18 +4.321803e+18   +6.840382e-07 -3.007424e-05 +9.731182e-04 +6.012696e-02 +7.362435e-01 -5.407549e+01 -9.555694e+03 +5.411586e+05 +3.214107e+07 +9.250944e+09 +2.052006e+11 +2.773130e+12 -6.925577e+14 +4.075398e+16 +7.326260e+18   
Q20-038   +3.997800e+00   +2.124373e-06 -6.533323e-02 -1.333139e-04 -1.402464e-01 +6.292293e-01 +2.114658e+03 -9.463600e+03 -4.163620e+05 +8.668285e+07 -2.504402e+11 +5.788756e+10 +8.058555e+12 +9.705243e+14 +5.300438e+18 -8.890352e+18   +3.248069e-06 -2.725071e-05 -8.456253e-03 +3.002369e-02 +5.886035e+00 -1.391534e+02 +1.587587e+04 +1.736307e+05 +1.661134e+07 -4.431067e+09 -3.249220e+11 -1.761951e+13 -2.162570e+15 -5.736393e+17 -1.016187e+19   
Q20-039   +3.997800e+00   +2.032781e-06 -6.556158e-02 -1.616952e-03 -2.882305e-02 -1.044145e-01 +1.879081e+03 -6.482513e+03 -1.549260e+05 +6.560969e+07 -2.493181e+11 +5.018675e+10 +1.646689e+13 -2.797796e+15 +5.522345e+18 +7.174328e+18   +9.108327e-07 -7.759488e-06 -7.231027e-04 +4.555461e-02 +1.458412e+00 -7.314633e+01 -4.978793e+02 +1.851928e+05 -5.621457e+07 +4.171114e+09 -3.453990e+11 -1.475486e+13 -3.410736e+15 +7.653534e+16 -2.144255e+19   
Q20-044   +3.997800e+00   +3.027062e-06 -6.566041e-02 +2.370520e-03 -7.194970e-02 +2.148529e-01 +1.970732e+03 -6.967942e+03 +2.619723e+05 +7.100883e+07 -2.543754e+11 -3.344352e+10 -4.096533e+12 +4.049430e+13 +5.133866e+18 -9.077190e+18   -1.116755e-06 -1.789838e-05 +5.427703e-03 -1.259693e-03 -1.517612e+00 -2.061379e+02 -1.817026e+04 +2.605888e+05 -3.059323e+06 +4.458432e+09 +1.549134e+11 -1.733726e+13 -7.153860e+14 -8.717807e+16 +5.378706e+18   
Q20-045   +3.997900e+00   +1.826737e-06 -6.580517e-02 -1.820408e-03 -2.633395e-02 -1.945511e+00 +2.019971e+03 +3.217914e+03 +1.397542e+04 +6.768971e+07 -2.534433e+11 -1.717088e+11 +1.363792e+13 -1.813216e+15 +5.258171e+18 -2.544596e+18   +1.359929e-09 -2.849881e-06 +2.147921e-03 +6.568659e-02 -1.333751e+00 -2.423525e+02 -1.199882e+04 +1.648824e+05 -2.543118e+07 -8.365252e+08 -9.893729e+10 -2.734938e+13 -2.195014e+15 -2.427272e+17 -1.574662e+17   
Q20-048   +3.998000e+00   -9.290158e-08 -6.617391e-02 -5.507524e-03 -1.985023e-02 -1.811634e+00 +1.941015e+03 +1.184530e+04 -2.486001e+05 +4.987269e+07 -2.547024e+11 -1.871793e+11 +2.809650e+12 -2.150074e+14 +5.169590e+18 -8.851496e+17   +2.294758e-06 -2.567346e-06 -4.755360e-03 +4.848127e-03 +2.208052e+00 -1.093951e+02 +8.498309e+03 +8.459532e+05 +2.723059e+07 -1.436971e+09 -5.346618e+10 -1.171713e+13 -9.942359e+14 +4.451416e+16 -5.403099e+18   
Q20-049   +3.997950e+00   +6.018409e-07 -6.592176e-02 -4.968584e-03 -6.687082e-02 -2.071520e+00 +1.998310e+03 +1.243917e+04 +1.534287e+05 +7.183024e+07 -2.518781e+11 -1.019344e+10 +8.402721e+12 -1.632250e+15 +5.077802e+18 -1.172511e+19   -6.146337e-07 -1.301008e-05 +4.152055e-03 +3.157606e-03 -1.739210e+00 -2.618647e+02 -1.923389e+04 +6.552203e+05 -4.033210e+07 -1.010099e+09 +4.459473e+10 +3.066559e+13 -2.212943e+15 -2.217674e+17 -4.851329e+18   
Q20-051   +3.998150e+00   +2.398559e-06 -6.602148e-02 +1.536934e-03 -2.333008e-02 +6.443600e-01 +2.072792e+03 -1.093911e+04 +9.183112e+04 +3.786324e+07 -2.511286e+11 -1.481767e+11 +1.542527e+13 -1.423006e+15 +5.213169e+18 -5.478101e+18   +8.162528e-07 -1.706729e-05 +8.830459e-04 +6.769338e-03 +7.605330e-01 -1.462917e+02 -9.162498e+03 +5.473794e+05 +7.464985e+07 -1.176298e+09 -2.273534e+10 -2.745415e+13 -6.212398e+14 -1.362619e+16 -3.353171e+18   
Q20-053   +3.998250e+00   +3.499051e-06 -6.587715e-02 +3.888589e-03 -1.025618e-01 +2.155740e+00 +1.902122e+03 -1.668111e+04 +5.521633e+05 +1.868431e+07 -2.498932e+11 -2.620266e+11 +4.699774e+13 -3.097965e+15 +5.357131e+18 -2.298158e+19   +5.250249e-07 -2.276609e-05 -1.160088e-03 +8.344958e-03 +2.924334e+00 -7.471856e+01 +6.951849e+03 +4.770009e+05 -1.378471e+06 +2.146017e+09 +1.150051e+11 -6.102560e+13 +8.400615e+14 -7.411718e+16 +1.022171e+19   
Q20-057   +3.998000e+00   +3.945560e-07 -6.604827e-02 -5.993007e-03 -5.338314e-02 -4.298827e+00 +1.958651e+03 +7.376048e+03 +1.417082e+05 +1.227923e+07 -2.542051e+11 -7.054680e+10 +9.362179e+12 -3.517129e+14 +5.179145e+18 +1.184903e+19   +2.571953e-06 -1.127015e-05 -5.421111e-03 +6.885848e-03 +5.591143e+00 -6.460543e+01 +1.650550e+04 +4.277881e+05 +2.690545e+07 -1.791837e+09 +4.639452e+11 -7.301866e+12 +9.071768e+14 +3.141351e+16 +1.445883e+19   
Q20-061   +3.997500e+00   +2.859625e-06 -6.625433e-02 +4.024943e-03 -2.512633e-02 +2.163438e+00 +2.044749e+03 -1.570546e+04 -3.206146e+05 +1.706470e+07 -2.556843e+11 -1.587476e+09 +2.969661e+13 -2.472696e+14 +5.049896e+18 -5.138091e+17   +1.665130e-06 +2.038697e-05 -3.257578e-03 +3.953969e-03 +1.858171e+00 -3.229041e+02 +3.131902e+03 +4.372115e+05 -3.902134e+06 +9.626582e+09 -1.089180e+11 -1.050298e+13 -3.126579e+15 -2.065809e+17 +1.130693e+19   
Q20-063   +3.997850e+00   +2.506850e-06 -6.655117e-02 +4.360414e-03 -7.300226e-02 +3.790965e+00 +2.125200e+03 -1.794671e+04 +2.198194e+04 +2.894376e+07 -2.521010e+11 +2.335900e+11 -7.878077e+12 +8.344885e+14 +5.252683e+18 -4.189342e+18   +2.276740e-06 -1.700686e-05 -4.653809e-03 -3.254547e-02 +4.540023e+00 -1.243168e+02 +4.018890e+03 +9.990005e+05 +3.566397e+07 -1.040609e+09 -1.568716e+11 -3.646485e+12 -4.746066e+14 +1.088083e+17 -9.231097e+18   
Q20-065   +3.998050e+00   +1.638662e-06 -6.605668e-02 -1.796521e-03 -5.613236e-02 -2.484315e+00 +1.985086e+03 -2.030215e+03 +2.493838e+05 -4.165065e+06 -2.538538e+11 -1.719078e+10 -7.730851e+12 -1.260860e+15 +5.045910e+18 +5.326154e+18   +2.370370e-06 -1.945788e-05 -5.391979e-03 +2.952332e-02 +4.234112e+00 -1.686315e+02 +1.016851e+04 +3.735011e+05 +1.009887e+07 +4.173750e+09 +3.318608e+11 -1.276131e+13 -1.140086e+15 +2.261415e+17 +7.367064e+18   
Q20-066   +3.996300e+00   +5.718264e-07 -6.580222e-02 -5.119385e-03 +2.514566e-02 -2.626312e+00 +1.912000e+03 +2.307875e+04 -5.552921e+05 +3.610682e+07 -2.510750e+11 -1.792403e+11 -5.868961e+12 -1.345269e+15 +5.230358e+18 -7.090987e+18   +2.648875e-06 -1.069518e-05 -6.571163e-03 +1.693324e-02 +4.049408e+00 -1.962322e+02 +9.000318e+03 +4.659755e+05 +5.992108e+06 +6.511651e+09 +8.017093e+10 -8.099827e+12 -3.051938e+14 +2.167724e+16 -4.784248e+18   
Q20-068   +3.998250e+00   +5.325220e-07 -6.690842e-02 -5.814979e-03 -3.933949e-02 -1.498680e+00 +2.242624e+03 +1.386534e+04 -2.923411e+05 +4.043562e+07 -2.560305e+11 -3.676436e+10 +1.256813e+13 +4.692390e+14 +5.289672e+18 -7.450199e+18   -4.699894e-07 -1.152438e-05 +3.574932e-03 +2.804092e-03 -2.034540e+00 -2.668520e+02 -1.145983e+04 -2.090426e+05 +1.529936e+07 +7.303365e+09 -9.081401e+09 +1.147111e+13 -1.693201e+15 -5.479425e+16 -2.965940e+18   
Q20-069   +3.997650e+00   -1.250170e-07 -6.615387e-02 -3.745751e-03 -1.271407e-01 -2.565792e+00 +2.165862e+03 +1.605476e+04 +9.241835e+05 -3.088847e+07 -2.538686e+11 -2.754979e+11 -2.930637e+13 -2.918059e+15 +5.513967e+18 -1.095330e+18   +1.068479e-06 +3.380751e-05 -2.192722e-03 +2.521296e-02 +1.489928e+00 -2.160258e+02 -3.676285e+03 -7.590519e+04 -1.296009e+07 +7.775498e+09 -2.421192e+10 -5.038005e+13 -2.499520e+14 +2.107422e+17 -1.551820e+19   
Q20-071   +3.997750e+00   +6.455836e-07 -6.623926e-02 -4.606239e-03 -8.051992e-02 -2.212660e+00 +2.164841e+03 +1.327247e+04 +1.344879e+05 +5.254205e+07 -2.545162e+11 -1.039258e+11 +1.133127e+13 -1.213839e+15 +5.277048e+18 +7.512914e+17   +9.526314e-07 +1.435693e-05 +7.127124e-04 +9.871318e-03 -7.033356e-01 -1.948130e+02 -4.432536e+03 +3.229026e+05 +5.557056e+07 +4.298038e+09 +2.511730e+11 -9.698708e+12 -1.334707e+15 +3.211742e+16 -1.050557e+19   
Q20-073   +3.997500e+00   +2.364675e-06 -6.609756e-02 +6.680906e-05 -1.044710e-01 -9.460703e-01 +2.149442e+03 +5.022074e+03 -3.759967e+05 +4.578266e+07 -2.580093e+11 -5.930847e+10 -1.290233e+13 -3.630657e+14 +5.387667e+18 +9.641621e+18   +1.516918e-06 +3.617501e-05 -2.142756e-03 +4.113766e-02 +5.438552e-01 -1.746628e+02 +1.904684e+04 +2.275282e+05 +1.157427e+08 +4.534004e+09 +4.443690e+10 +1.187282e+12 -1.955482e+15 -2.038440e+17 +5.298051e+16   
Q20-074   +3.997800e+00   +1.701762e-06 -6.619473e-02 -1.741555e-03 -6.006739e-02 -7.738411e-01 +2.045416e+03 +1.347933e+03 +3.981560e+05 +3.516151e+07 -2.557587e+11 +2.147223e+10 +2.532778e+13 -1.320260e+15 +5.193301e+18 +5.938624e+18   +1.746005e-06 +1.018835e-05 -2.070332e-03 +1.045775e-02 +1.517570e+00 -2.273983e+02 +1.042528e+04 +7.990802e+04 +4.229831e+07 +1.897663e+09 -1.208204e+11 +1.074581e+13 -1.142345e+15 -1.665189e+17 +1.864318e+19   
Q20-076   +3.997700e+00   +1.893255e-06 -6.619206e-02 -1.498023e-03 -2.880496e-02 -1.526999e+00 +1.994586e+03 -1.942680e+03 -1.435040e+05 +5.852145e+07 -2.507174e+11 -4.907044e+11 +2.206402e+13 -7.857298e+14 +5.229264e+18 -1.075356e+19   +1.673671e-07 +2.007983e-05 -7.796028e-05 +3.804267e-02 +1.024922e+00 -2.060638e+02 -2.953148e+03 +5.907837e+05 -7.239478e+07 +5.646117e+09 +1.848233e+11 -4.506469e+13 -1.016146e+15 -2.697046e+17 +7.187453e+18   
Q20-077   +3.998000e+00   +1.285194e-06 -6.599592e-02 -5.649215e-04 -5.623324e-02 -2.177153e+00 +1.969283e+03 -3.228169e+03 +4.315233e+04 +5.012954e+07 -2.575858e+11 +1.208864e+11 -6.732799e+12 -6.058974e+14 +5.290240e+18 +4.204990e+18   +1.213961e-06 -8.156681e-06 -1.791075e-03 +3.347589e-02 +1.893905e+00 -1.701572e+02 +5.616331e+03 +3.033742e+05 +2.197205e+07 +1.939992e+09 +3.589785e+10 +2.491099e+12 +5.448399e+13 -2.585605e+16 +2.228303e+18   
Q20-078   +3.997800e+00   +3.384717e-06 -6.625376e-02 +4.592884e-03 -6.991188e-02 +2.182952e+00 +2.018663e+03 -1.314645e+04 -2.718353e+05 +3.224408e+07 -2.547664e+11 -1.671774e+11 +1.198732e+13 +6.852514e+14 +5.186833e+18 +6.153517e+18   +1.858688e-06 -8.937711e-06 -3.182690e-03 +2.910038e-02 +1.638738e+00 -3.861714e+02 +1.217006e+04 +4.868177e+04 +1.700514e+07 +5.776710e+09 -1.835654e+10 -2.364214e+13 +1.348859e+14 -2.998919e+16 -2.866822e+18   
Q20-080   +3.997750e+00   +2.846636e-06 -6.599477e-02 +3.381917e-03 -6.576597e-02 +8.770226e-01 +2.100488e+03 -6.317318e+03 -1.264509e+05 +1.412801e+06 -2.563087e+11 +1.120089e+11 -5.253935e+12 -2.643349e+15 +5.291562e+18 +2.103417e+18   +1.709029e-06 +1.329537e-05 -4.389229e-03 +4.677551e-03 +3.816985e+00 -2.043432e+02 +9.401383e+03 +3.532662e+05 +1.383677e+07 +4.254391e+09 -1.449131e+10 +3.396876e+12 +4.152128e+14 -6.807732e+16 +3.918014e+18   
Q20-081   +3.997500e+00   +2.304388e-06 -6.593311e-02 +1.491473e-03 -5.342404e-02 -8.742144e-01 +2.055910e+03 +3.140948e+03 +1.468317e+05 +5.359009e+07 -2.542234e+11 -1.761145e+11 +8.739905e+12 -1.420403e+15 +5.216128e+18 +1.804457e+19   +2.032861e-06 +7.299405e-06 -5.092783e-03 +2.201225e-02 +3.751657e+00 -3.151144e+02 +9.511877e+03 +5.157799e+05 -2.691760e+07 +8.516488e+09 -1.977857e+10 +2.434206e+12 -1.301968e+14 -1.548994e+17 +9.416991e+17   
Q20-082   +3.997700e+00   +1.184370e-06 -6.611119e-02 -8.112807e-04 -5.790159e-02 -8.354776e-01 +1.932072e+03 +2.164593e+03 -1.070831e+05 -5.240468e+07 -2.554321e+11 -1.038950e+11 -3.321657e+13 -1.554649e+15 +5.342204e+18 -1.029447e+19   +7.978405e-07 +6.022375e-06 -1.875254e-03 +2.200789e-02 +1.504736e+00 -1.981138e+02 +5.099472e+03 +4.379603e+05 +1.358195e+07 +5.220034e+09 -7.105075e+10 -1.337088e+13 +6.827576e+14 -3.361500e+17 -2.183121e+17   
Q20-083   +3.995650e+00   +2.212739e-06 -6.627998e-02 +2.886814e-03 -3.874466e-02 +1.157674e+00 +1.998864e+03 -1.259772e+04 -2.027430e+05 +3.227960e+07 -2.528502e+11 -1.635454e+11 +6.027930e+12 -1.410783e+15 +5.190597e+18 +1.025499e+18   +1.335835e-06 -1.552739e-05 -2.411219e-03 +3.056316e-02 +3.805696e+00 -1.670741e+02 +4.891177e+03 +1.851666e+05 +7.201334e+07 -2.612293e+09 -3.065411e+11 +8.926242e+12 -8.671090e+14 -3.067306e+17 +1.134915e+19   
Q20-086   +3.998350e+00   +1.142059e-06 -6.641505e-02 -2.261772e-03 -6.605460e-02 -4.388345e-01 +2.017041e+03 +5.245226e+03 +1.415230e+05 +3.196756e+07 -2.590681e+11 +8.063969e+08 -1.202462e+13 -6.140323e+14 +5.366304e+18 +2.029178e+18   -3.513667e-07 -4.588308e-06 +2.567752e-03 +3.027794e-02 -1.727555e+00 -5.079263e+01 -7.409824e+03 +6.453622e+05 -3.642728e+07 +4.349207e+09 +1.405873e+11 -1.388866e+13 -5.778664e+14 -1.336101e+17 +3.667283e+18   
Q20-087   +3.997950e+00   +9.427609e-07 -6.571085e-02 -3.657747e-03 -6.508018e-02 -1.242180e+00 +1.706427e+03 -2.799897e+03 -1.001619e+05 +1.676184e+07 -2.539419e+11 +1.645749e+11 +3.090852e+12 -9.252932e+14 +5.267865e+18 +6.112720e+18   +1.289526e-06 -1.881912e-05 -2.893000e-03 -7.142518e-03 +5.643545e+00 -2.355969e+02 -2.897407e+02 +4.324624e+05 +1.030577e+08 -9.612336e+08 +3.250283e+11 +1.092555e+13 +5.972316e+15 +2.238391e+17 +4.103861e+18   
Q20-090   +3.996200e+00   +1.099665e-06 -6.607550e-02 -2.989332e-03 +4.499540e-02 -2.260392e+00 +2.006692e+03 +4.894102e+03 -7.078274e+05 +6.304061e+07 -2.523978e+11 +1.483721e+10 +4.563385e+12 -2.610748e+14 +5.173447e+18 -1.225716e+19   -5.794687e-08 -7.662980e-06 +1.183669e-03 +1.111901e-02 +1.016691e+00 -1.854438e+02 -1.078670e+04 +9.490103e+04 +1.717980e+07 +1.652498e+09 +1.029089e+11 -1.604522e+13 +3.707277e+14 -1.385265e+16 +1.153082e+18   
Q20-091   +3.995950e+00   +9.941243e-07 -6.626482e-02 +9.479013e-05 -3.401647e-02 +7.389967e-01 +2.017293e+03 +1.152718e+03 +1.793587e+05 -1.260395e+05 -2.488491e+11 -1.659000e+11 +1.955321e+13 +6.704588e+14 +5.189805e+18 -1.043001e+18   +1.516739e-06 -4.029327e-07 -4.055701e-03 +9.713755e-04 +2.580155e+00 -2.352600e+02 +1.518609e+04 +5.838479e+05 +3.862598e+07 +3.052235e+09 -1.396254e+11 -1.572160e+13 +1.872286e+15 +2.780555e+16 -2.081735e+18   
Q20-092   +3.998000e+00   +2.920250e-06 -6.596098e-02 +4.292431e-03 -7.041238e-02 +1.625070e+00 +2.082843e+03 -7.577761e+03 -8.807021e+04 +5.967604e+07 -2.532126e+11 +9.049617e+10 -2.269508e+12 -4.575385e+14 +5.151881e+18 +8.568454e+18   +1.258119e-06 -1.532973e-05 -2.280328e-03 +1.640553e-03 +2.605998e+00 -1.147863e+02 +2.703312e+03 +5.999545e+05 +9.920358e+06 -1.671200e+09 +4.977619e+10 -6.781821e+12 -4.186993e+14 -5.730998e+14 -1.046307e+19   
Q20-094   +3.995900e+00   +4.831042e-06 -6.596824e-02 +8.469379e-03 -3.256776e-02 +4.685778e+00 +2.061638e+03 -2.625751e+04 -2.422174e+05 +4.153582e+07 -2.492657e+11 +1.488960e+11 +2.637759e+13 -1.532624e+14 +5.268453e+18 -4.755930e+18   +2.056627e-07 -9.368533e-06 +1.604609e-03 +1.953423e-02 +3.596416e-01 -1.947151e+02 -1.003470e+04 +1.757972e+05 +1.710700e+07 +3.653497e+09 -3.678373e+10 -2.394812e+11 -8.480505e+14 -5.684264e+16 -8.671884e+18   
Q20-098   +3.998100e+00   +6.215230e-07 -6.576751e-02 -3.796866e-03 -3.579503e-02 -2.949539e+00 +2.021604e+03 +7.543548e+03 +1.263111e+05 +3.462002e+06 -2.534186e+11 -1.039834e+11 +2.189464e+12 -1.037865e+15 +5.264271e+18 -6.266524e+18   +1.501195e-06 -1.361762e-05 -3.110490e-03 -1.589604e-02 +1.117804e+00 -1.192186e+02 +1.851940e+03 +1.348481e+05 -2.914945e+07 -1.515429e+09 -6.973660e+10 -4.462567e+11 -8.296431e+14 -2.783650e+16 -7.489072e+18   
Q20-102   +3.997850e+00   +1.222842e-06 -6.570036e-02 -1.690777e-03 -5.315112e-02 -2.795720e+00 +1.792433e+03 +1.511640e+03 +3.327361e+05 +2.288574e+07 -2.541148e+11 +3.020879e+11 -1.437153e+13 -1.282114e+15 +5.319569e+18 -4.644884e+18   +3.097890e-07 +2.783824e-05 +1.030728e-03 +3.253841e-02 +4.669873e-02 -3.642400e+02 -7.725202e+02 -1.121882e+06 +3.558360e+07 +7.174494e+09 +4.786605e+10 +1.140519e+13 +4.984727e+14 -5.598254e+16 -1.676821e+17   
Q20-106   +3.998600e+00   +2.660874e-06 -6.673761e-02 +4.037256e-03 -6.718832e-02 +1.463686e+00 +2.158322e+03 -2.507300e+04 +1.703537e+05 +3.289239e+07 -2.549205e+11 -4.953881e+10 +1.176089e+13 +3.115806e+15 +5.530043e+18 +1.420585e+19   +3.800973e-06 +1.485034e-06 -1.125993e-02 +2.630476e-02 +4.402363e+00 -3.245296e+02 +2.811281e+04 +7.623963e+05 +6.249940e+06 +3.509713e+09 -2.931516e+11 +1.831839e+13 -1.748472e+15 +1.043387e+16 +1.603724e+19   
Q20-115   +3.996450e+00   +2.512215e-06 -6.569686e-02 +2.369270e-03 -3.235769e-02 +1.231006e+00 +1.969374e+03 -4.638629e+03 -6.907631e+05 +5.336201e+07 -2.471520e+11 +6.439955e+11 -1.064889e+13 -1.374995e+15 +4.893125e+18 +3.682078e+18   +9.933446e-07 -1.878656e-05 -1.166776e-03 +9.780315e-03 +2.328565e+00 -1.986378e+02 -8.926375e+02 +2.201467e+05 +3.308301e+07 +5.154742e+09 +3.447647e+09 -1.583115e+13 +1.573677e+15 +5.280001e+15 -1.630428e+19   
Q20-118   +3.996400e+00   +9.953451e-07 -6.556226e-02 -3.309931e-03 -1.087730e-03 -1.914955e+00 +1.988737e+03 +6.834541e+03 +8.577417e+03 +1.709711e+07 -2.505295e+11 -9.362499e+10 +8.855100e+12 +2.339747e+14 +5.114300e+18 -3.206118e+18   +9.701694e-07 -2.139835e-05 -3.409819e-04 +1.058084e-02 +2.772675e+00 -1.437806e+02 -1.690707e+02 +1.740764e+05 +1.685137e+07 -4.645814e+09 +1.804909e+11 -1.719316e+12 -1.226828e+15 -1.479434e+17 +1.112762e+19   
Q20-120   +3.996050e+00   +6.844854e-07 -6.586582e-02 -3.446398e-03 +2.260269e-02 -3.611589e+00 +2.008770e+03 +7.944160e+03 -4.915176e+03 +5.988964e+07 -2.504431e+11 -2.455101e+11 +2.804227e+13 -3.728029e+14 +5.155734e+18 +9.362080e+18   +1.431021e-06 -1.216431e-05 -3.439737e-03 +3.418133e-03 +3.743727e+00 -1.841325e+02 +6.321945e+03 +2.946988e+05 +2.109247e+07 +1.675017e+09 -9.823258e+10 -5.517571e+12 -1.173093e+15 -1.211728e+16 -4.083638e+18   
Q20-121   +3.997700e+00   +1.106456e-06 -6.583683e-02 -1.186173e-03 -3.273627e-03 -1.814688e+00 +1.979061e+03 +1.367259e+02 +9.317903e+05 +7.114966e+06 -2.474776e+11 -2.558133e+11 +1.062618e+13 -8.237201e+13 +5.382530e+18 -3.868532e+18   +1.755057e-06 -9.495940e-06 -2.119463e-03 -2.464256e-02 +3.165778e+00 -3.338282e+02 +6.296958e+03 -1.351467e+06 -4.101326e+06 +1.000223e+10 +2.154154e+11 -8.166418e+13 -2.070538e+14 -1.370690e+17 +9.501148e+18   
Q20-123   +3.997850e+00   +1.983974e-06 -6.550373e-02 -2.145602e-04 -2.406723e-03 +8.753760e-03 +1.906208e+03 -8.634031e+03 +5.910432e+05 +9.422284e+07 -2.514281e+11 -1.541006e+11 +2.942104e+13 +8.400620e+14 +5.125768e+18 +1.222883e+19   -9.895716e-08 -1.046381e-05 +1.782210e-03 +2.723409e-02 +6.381778e-01 -2.274436e+02 -5.165229e+03 +1.130260e+05 -4.160211e+07 +5.486174e+08 +7.181357e+10 -4.627682e+13 +8.327068e+14 -9.855325e+16 -1.445488e+19   
Q20-129   +3.997500e+00   +1.988649e-06 -6.595247e-02 -5.348991e-04 -5.962074e-02 -2.995595e-01 +2.102330e+03 -2.416391e+03 +5.391215e+04 +1.013939e+07 -2.537078e+11 -8.773253e+10 +2.333903e+12 -8.164645e+14 +5.223702e+18 +8.291375e+16   +8.326386e-07 +1.888402e-05 -1.924422e-03 +1.294718e-02 +2.109298e+00 -2.546129e+02 +3.557068e+03 +1.889983e+05 -1.307392e+06 +4.134607e+09 +5.942354e+10 -1.045546e+13 -1.005638e+15 -8.109113e+16 +1.079178e+18   
Q20-131   +3.997450e+00   +1.480334e-06 -6.603142e-02 -5.924905e-04 -7.575267e-03 -3.046797e-01 +2.110830e+03 +4.385841e+03 -1.858374e+05 +3.363004e+07 -2.488308e+11 -1.501796e+11 -3.010444e+12 -1.368597e+15 +4.968180e+18 +1.514382e+19   +7.533130e-07 +2.465957e-05 -1.054530e-03 +1.339493e-02 +1.976181e+00 -3.517920e+02 -1.055996e+03 -7.339409e+04 +5.393136e+07 +6.951802e+09 +1.942728e+11 +8.870032e+12 +2.152394e+15 -7.697665e+16 +4.474100e+18   
Q20-132   +3.997550e+00   -3.289542e-07 -6.587222e-02 -5.171160e-03 -6.893923e-02 -2.178377e+00 +2.026790e+03 -6.850416e+03 +8.735911e+05 -2.744171e+06 -2.621786e+11 -1.382220e+11 +6.548021e+13 -7.522292e+15 +5.203995e+18 -9.496334e+18   +1.666220e-06 -5.518710e-06 -4.470683e-03 -9.372778e-03 +3.785684e+00 -9.357674e+01 +1.447875e+04 +1.352366e+06 -5.933920e+06 +5.718398e+09 +2.061437e+11 +2.043534e+13 -1.180519e+15 -1.501605e+17 +3.879204e+19   
Q20-133   +3.997400e+00   +1.078020e-06 -6.553087e-02 -2.923285e-03 -3.124421e-03 -1.304525e+00 +2.099930e+03 +7.564640e+03 -6.935733e+04 +6.901141e+07 -2.492305e+11 +1.776661e+10 +4.209379e+13 -5.079714e+13 +5.233687e+18 -4.417591e+18   +1.650906e-06 +9.641114e-06 -2.900428e-03 +4.097964e-02 +4.157072e+00 -1.298846e+02 +4.986932e+03 +1.789021e+05 +4.618294e+07 +5.278148e+09 +2.854868e+11 -9.133242e+12 +1.250259e+15 -7.157087e+16 +8.795062e+18   
Q20-137   +3.998000e+00   +2.393716e-06 -6.603064e-02 +9.191781e-04 +5.974710e-03 +4.539332e-01 +2.155996e+03 -2.364817e+03 +6.079322e+04 +3.747299e+07 -2.530858e+11 -2.071455e+11 +2.744520e+12 +4.992676e+14 +5.280308e+18 +5.231468e+18   +9.758722e-07 +1.815727e-05 -2.111251e-03 +1.579555e-02 +3.288762e+00 -2.315087e+02 +1.114639e+03 +7.194430e+05 -6.297496e+06 +4.190158e+09 -2.641246e+10 +5.208619e+12 +1.421996e+14 -1.563124e+17 +2.902521e+18   
Q20-141   +3.997700e+00   +1.383122e-06 -6.594987e-02 -1.663464e-03 -2.432692e-02 -4.110441e+00 +1.963362e+03 +5.282415e+03 -4.793191e+05 +2.564167e+07 -2.513370e+11 +3.705798e+11 -3.458744e+13 +1.236991e+14 +5.536569e+18 +4.091318e+18   +6.366208e-07 +2.233155e-05 +1.432705e-04 +8.964560e-03 +9.817077e-01 -1.810120e+02 +1.131397e+03 +6.879461e+05 -2.427446e+06 +8.390074e+09 +8.761368e+10 +8.009370e+12 -5.630438e+15 -1.948068e+17 -6.526325e+18   
Q20-145   +3.996150e+00   +1.348523e-06 -6.593912e-02 -2.482447e-03 -7.554827e-02 -5.256319e-01 +2.040023e+03 +4.532695e+02 +4.918602e+05 +4.152982e+07 -2.543841e+11 -1.389358e+11 +8.446707e+11 -1.411846e+15 +4.968835e+18 -8.036753e+18   -7.803336e-07 -1.613138e-05 +3.472245e-03 +2.154832e-02 -2.652646e-01 -2.359481e+02 -1.621570e+04 +5.028250e+05 -7.256004e+06 +1.019862e+10 +3.928681e+11 +1.706283e+13 +8.794960e+14 -9.005523e+16 +1.191440e+19   
Q20-146   +3.998300e+00   +9.865800e-07 -6.563887e-02 -3.548481e-03 -4.163469e-02 -3.341010e+00 +1.912653e+03 +5.946597e+03 -2.670050e+05 +2.460427e+07 -2.516319e+11 -3.704552e+09 +1.987552e+13 -2.615959e+15 +5.295648e+18 +1.038498e+19   +1.052943e-06 -1.886624e-05 -2.798209e-03 +4.340542e-02 +3.008444e+00 -2.752710e+02 -1.124156e+03 +4.062141e+05 +4.504499e+07 -2.464303e+09 +2.434175e+11 -1.507159e+13 +7.197669e+14 -1.073084e+17 +7.190168e+18   
Q20-147   +3.998300e+00   +5.298409e-07 -6.614576e-02 -5.865923e-03 -1.184537e-01 -2.721054e+00 +2.139768e+03 +4.894245e+03 +8.837186e+04 +2.149046e+06 -2.547002e+11 -1.614724e+11 +1.020083e+13 -2.341881e+15 +5.162111e+18 +3.073671e+18   +1.872152e-06 -9.061876e-06 -5.320854e-03 +1.744434e-02 +4.572118e+00 -2.031209e+02 +3.797329e+03 -8.236003e+04 -4.322062e+07 +2.206009e+09 +9.846965e+10 -9.632099e+12 -3.211135e+14 -2.160026e+16 +3.197882e+18   
Q20-152   +3.998350e+00   +2.018025e-06 -6.547468e-02 +5.422159e-05 -1.298322e-01 +2.085318e-01 +2.018178e+03 -1.507241e+04 +4.234452e+05 +4.648452e+07 -2.512279e+11 +1.680609e+11 +1.638318e+13 +1.769409e+15 +5.031060e+18 +7.922938e+18   -7.882026e-08 +1.860997e-06 +5.233904e-04 +2.583466e-02 +1.527537e+00 -3.007653e+02 -5.102990e+03 -8.179016e+04 -1.238671e+07 -1.338316e+08 -6.820193e+10 -3.292166e+13 +8.349199e+14 +1.241750e+17 +1.095810e+19   
Q20-155   +3.998650e+00   +1.963155e-06 -6.572303e-02 -1.213644e-03 +6.308192e-02 -1.819473e+00 +1.918105e+03 -1.656649e+03 -1.234440e+06 +5.050832e+07 -2.497477e+11 -1.658049e+11 -2.501679e+13 -3.082503e+14 +5.314119e+18 +3.566674e+18   +2.551209e-06 +1.840342e-05 -5.924039e-03 +2.191068e-02 +4.489168e+00 -2.572321e+02 -2.794296e+03 +6.244067e+05 -3.169092e+06 +1.005882e+08 -5.950706e+11 -1.642379e+13 -4.257772e+15 -8.114033e+16 -6.871114e+18   
Q20-168   +3.997800e+00   +2.223580e-06 -6.585049e-02 +1.113371e-03 -5.379919e-02 +5.192836e-01 +1.828908e+03 -5.755138e+03 -1.535606e+05 +3.600133e+07 -2.481875e+11 +3.919513e+11 +1.964387e+13 +8.376755e+14 +5.041861e+18 +4.820479e+17   +1.818037e-06 -2.143860e-05 -3.442376e-03 +7.121137e-03 +1.672950e+00 -2.131836e+02 +1.135661e+04 -2.048765e+04 +1.987315e+07 -2.858577e+08 +3.181800e+11 +1.804300e+13 +1.067024e+15 +5.041185e+15 +7.856736e+18   
Q20-169   +3.998000e+00   +3.101771e-06 -6.608137e-02 +2.159049e-03 -1.048216e-02 +5.418012e-03 +1.879636e+03 -1.117550e+04 -3.539565e+05 +1.373799e+07 -2.477089e+11 +2.603414e+10 +1.801903e+13 -1.252613e+15 +5.142016e+18 +6.954740e+17   -1.843558e-07 +2.195961e-06 +2.404510e-03 +7.752056e-02 +2.609357e+00 -1.290892e+02 -5.200878e+03 +1.023403e+06 +7.433457e+06 +5.158929e+08 +2.020423e+11 -1.779753e+13 -1.574844e+15 +8.365688e+16 -3.189867e+18   
Q20-172   +3.995350e+00   +2.699283e-06 -6.656163e-02 +3.161368e-03 +9.928607e-03 -5.923974e-01 +1.998711e+03 -3.501047e+03 -4.120500e+05 +5.416006e+07 -2.463499e+11 +1.801287e+11 -4.529623e+12 +1.511893e+15 +5.243711e+18 +1.109886e+18   -4.095278e-07 -1.624572e-05 +1.811649e-03 +2.631782e-02 -1.660903e-02 -1.677556e+02 -1.747614e+03 +2.694810e+05 +4.102739e+07 +7.167435e+09 +1.972467e+11 -3.412575e+12 +6.789956e+15 +3.265949e+17 +9.332459e+18   
Q20-173   +3.998150e+00   +1.785193e-06 -6.609519e-02 -1.035055e-03 -4.658982e-02 -1.528215e+00 +1.923785e+03 +9.385746e+01 -1.067603e+05 +4.407521e+07 -2.514450e+11 -2.948521e+11 -3.050366e+12 -1.526338e+15 +4.885792e+18 +7.726914e+18   -6.114098e-07 -1.049817e-05 +2.829356e-03 -2.112451e-02 -1.088565e+00 -2.589738e+02 -1.179736e+04 +4.542108e+05 -9.798719e+05 +4.049650e+09 +1.857744e+11 -9.897850e+12 -2.382350e+14 +5.262101e+16 -2.944219e+18   
Q20-174   +3.995850e+00   -4.864477e-07 -6.662690e-02 -4.906233e-03 -1.730253e-02 -4.024530e+00 +1.908325e+03 +1.363045e+04 -3.117862e+05 +2.186018e+06 -2.530776e+11 -1.385045e+11 +7.788513e+12 -1.881824e+14 +5.074915e+18 -5.956653e+17   +1.938429e-06 -4.039506e-06 -4.100647e-03 +4.987832e-02 +2.682148e+00 -2.226200e+02 +4.359143e+03 +3.219575e+05 +2.311241e+07 -1.996607e+09 -1.043406e+11 -1.738763e+11 -2.230961e+15 +7.091723e+16 -1.588325e+19   
Q20-175   +3.997950e+00   +1.860721e-06 -6.625453e-02 +9.477044e-04 -5.863147e-03 +2.740042e-01 +1.903302e+03 -1.525483e+02 -2.468382e+05 +3.185745e+07 -2.534999e+11 +3.098893e+10 +1.009705e+13 -3.701279e+14 +5.205513e+18 +4.491259e+17   +1.859498e-06 +9.618162e-06 -4.931993e-03 +1.599128e-02 +2.627604e+00 -6.987801e+01 +8.114088e+03 +4.819280e+05 +4.012219e+07 +1.054169e+09 -5.902500e+10 -3.702790e+12 -3.817311e+14 +1.117776e+17 -6.471417e+18   
Q20-177   +3.998100e+00   +1.089850e-06 -6.594317e-02 -2.186314e-03 -1.214460e-01 -3.571066e+00 +1.909268e+03 +5.552552e+02 +1.889971e+05 +3.069906e+07 -2.513424e+11 -3.929817e+11 -2.123115e+13 -3.534151e+15 +5.221403e+18 -1.561332e+18   -1.363342e-06 +6.381374e-06 +6.944951e-03 -2.153804e-03 -2.197920e+00 -1.028520e+02 -1.635681e+04 +2.454705e+05 +1.812413e+07 +1.371366e+09 -8.034754e+10 +7.433268e+12 +1.476481e+15 -5.249458e+15 -7.827438e+18   
Q20-179   +3.998200e+00   +1.588362e-06 -6.565645e-02 -2.031495e-03 +2.956613e-02 -2.745463e+00 +1.883325e+03 +2.307585e+03 +7.447431e+04 +4.350333e+07 -2.521535e+11 +2.853382e+10 +2.681076e+13 -1.106313e+15 +5.214467e+18 +9.002596e+18   +5.920977e-07 -1.204720e-07 -9.022710e-04 -9.794365e-04 +1.296468e+00 -2.109002e+02 +1.998940e+03 +1.667752e+05 -1.795821e+07 +3.606123e+09 +7.803409e+10 -3.999075e+12 +4.267380e+14 -3.031534e+16 +8.665610e+18   
Q20-029   +3.998550e+00   +2.791887e-06 -6.541426e-02 +1.634495e-03 -1.976554e-02 +2.713584e-01 +1.916284e+03 -8.951803e+03 -3.909947e+05 +6.546316e+07 -2.559943e+11 +1.213577e+11 -2.707249e+13 -1.492310e+15 +5.174868e+18 -3.299128e+18   +2.466720e-06 -3.478603e-06 -5.812177e-03 +1.462126e-02 +4.640360e+00 -2.005024e+02 +1.455741e+04 -8.230243e+04 +4.756897e+07 +7.042781e+09 +1.416921e+11 -3.053349e+13 +1.066028e+15 -2.155400e+17 +1.852885e+19   
Q20-030   +3.998000e+00   +8.570483e-07 -6.555263e-02 -5.279492e-03 -3.185965e-02 -3.005413e+00 +1.997170e+03 +5.419797e+03 +4.992589e+05 +4.260483e+07 -2.614600e+11 -3.264700e+11 +4.392529e+13 -1.268742e+15 +5.087951e+18 +6.770288e+18   +7.518934e-07 -2.002146e-05 -5.681956e-04 +1.985844e-02 +2.548059e+00 -2.872906e+02 -8.305405e+03 -7.480468e+04 +5.200365e+07 +3.805658e+09 +2.794065e+10 -1.243020e+13 -9.207171e+13 -3.379175e+17 +5.425465e+18   
Q20-032   +3.998150e+00   +9.134657e-07 -6.552018e-02 -2.508123e-03 +1.286063e-02 +1.698940e+00 +1.913282e+03 +3.182995e+03 -1.573472e+06 -5.985618e+07 -2.600855e+11 -3.860591e+10 -6.841014e+13 -4.936718e+14 +5.419334e+18 +2.333222e+18   +2.820755e-06 -9.739510e-06 -7.930165e-03 +2.741641e-02 +5.291812e+00 -2.741718e+02 +1.286857e+04 -6.174108e+05 -8.287833e+07 +7.794918e+09 -1.317521e+11 -1.976529e+13 +2.657281e+15 -1.205970e+17 +9.184455e+18   
Q20-037   +3.997850e+00   +1.380651e-06 -6.560324e-02 +2.840952e-05 -9.899163e-02 -2.037528e-01 +2.027660e+03 -4.339618e+03 +1.577059e+05 +1.783858e+06 -2.546301e+11 -4.665998e+10 -1.176393e+12 -9.146021e+14 +5.276163e+18 -1.067299e+18   +2.279986e-08 -7.805978e-06 +1.342158e-03 +1.580672e-02 +1.064054e+00 -2.584309e+02 -8.961759e+03 +6.338917e+05 -6.000233e+06 +4.738304e+09 +3.252661e+11 -8.452263e+12 -9.051260e+13 -7.448561e+16 +1.088034e+19   
Q20-043   +3.997950e+00   +3.694038e-06 -6.602894e-02 +5.855989e-03 -6.410736e-02 +1.180346e+00 +1.963506e+03 -1.935337e+04 -9.467637e+05 +6.055356e+07 -2.564737e+11 -1.328499e+11 +1.694751e+13 -1.974741e+15 +5.298098e+18 -1.158016e+19   +4.746220e-07 -2.697960e-05 -8.002306e-05 +2.505472e-02 +1.009982e+00 -8.102570e+01 -4.026806e+03 +2.341949e+05 -2.343174e+07 +9.203950e+09 +9.559054e+10 -1.732074e+13 -2.183307e+15 -2.828402e+17 +4.726833e+18   
Q20-046   +3.998400e+00   +1.130332e-06 -6.589173e-02 -3.359546e-03 -7.750840e-02 -3.029467e+00 +2.053752e+03 -1.591532e+03 +5.328967e+05 -1.035760e+08 -2.585167e+11 -3.403521e+11 -5.544378e+13 -2.138865e+15 +5.068195e+18 -1.415517e+19   +4.098995e-06 -1.760144e-05 -9.471616e-03 +3.350868e-02 +5.087410e+00 -2.555872e+02 +7.832743e+03 -1.154350e+05 -7.658213e+07 -1.546343e+09 -4.189978e+11 +3.777969e+13 -4.209136e+15 -6.416279e+17 +2.283395e+19   
Q20-047   +3.997900e+00   +1.296958e-06 -6.593176e-02 -3.793789e-03 -5.368331e-02 -1.144963e+00 +2.130291e+03 +4.507672e+03 +4.933643e+04 +7.256650e+07 -2.543473e+11 -9.642767e+11 +1.749777e+13 -2.285288e+15 +4.763371e+18 -3.935699e+19   -2.278822e-06 -7.360422e-06 +1.064083e-02 +4.396846e-03 -6.583934e+00 -1.809446e+02 -3.103174e+04 -1.260566e+06 +7.468243e+07 -3.047005e+09 -2.555464e+11 -6.303262e+13 +3.587298e+15 -8.140226e+16 +4.343573e+18   
Q20-050   +3.998400e+00   +1.653671e-06 -6.616619e-02 -3.032045e-03 -5.196261e-02 -3.034941e+00 +2.139601e+03 +1.125348e+04 +2.250286e+05 +8.168680e+07 -2.605722e+11 -5.184661e+11 +2.814061e+13 -4.931745e+15 +4.940504e+18 -3.785187e+19   +3.011385e-06 -2.598990e-06 -8.318255e-03 +2.866424e-02 +4.859564e+00 -3.485159e+02 +2.909094e+04 +7.695481e+05 -1.973113e+07 +1.757181e+09 -1.119609e+11 -8.333959e+12 +1.365002e+15 -4.710247e+17 +1.139420e+19   
Q20-056   +3.997950e+00   +1.845605e-06 -6.639555e-02 -1.044823e-03 -6.644715e-02 -1.776995e+00 +2.098771e+03 -2.694143e+03 +4.866387e+05 +6.717400e+07 -2.538248e+11 +2.159501e+11 -5.458918e+12 -1.629192e+15 +5.175975e+18 +1.394455e+18   +1.380872e-06 -1.490349e-05 -2.046810e-03 +2.057825e-02 +3.068408e+00 -6.866769e+01 +9.869831e+03 +3.887410e+05 +3.669406e+07 +7.002879e+07 +1.449250e+11 +1.157097e+13 -1.314789e+15 +4.760530e+14 +1.194479e+19   
Q20-058   +3.998100e+00   +2.397965e-06 -6.630267e-02 +8.223276e-04 -9.626222e-02 +3.689698e-01 +2.137941e+03 -2.127418e+03 +5.515923e+05 +5.710528e+07 -2.537438e+11 +1.470537e+11 +2.132346e+13 -2.175690e+15 +5.259631e+18 +9.772102e+18   +1.633581e-06 -5.092241e-06 -2.016710e-03 +1.928910e-02 +3.860149e+00 -2.300788e+02 -6.939549e+02 +5.975904e+05 +6.328056e+06 +2.281779e+09 +1.944021e+11 -1.377299e+13 +1.184292e+15 +5.638193e+16 -7.209327e+18   
Q20-059   +3.997900e+00   +2.335694e-06 -6.614643e-02 +6.022764e-04 -1.245145e-01 -1.131131e+00 +2.116158e+03 -5.164969e+03 +2.753351e+05 +4.193852e+07 -2.509372e+11 -1.553355e+10 -4.041967e+12 -1.078672e+15 +5.189997e+18 +1.666712e+18   -4.147160e-07 -1.872395e-05 +4.786711e-03 +1.888037e-02 -2.689094e+00 -2.303903e+02 -1.731748e+04 -5.695895e+04 +1.121309e+06 +2.372346e+09 +1.297426e+11 +2.545656e+12 +2.972380e+13 -3.521901e+15 +9.808537e+17   
Q20-060   +3.998250e+00   +1.515619e-06 -6.608849e-02 +9.624763e-06 -5.408726e-02 +1.149064e+00 +2.151696e+03 -2.555496e+03 -1.764382e+04 +5.356198e+07 -2.583800e+11 -1.221766e+11 +1.739179e+13 -1.379449e+15 +5.313675e+18 -6.165720e+18   -1.146893e-06 -1.356740e-05 +5.802426e-03 +1.959324e-02 -3.371255e+00 -7.960805e+01 -1.523051e+04 -4.708693e+04 -7.733741e+06 +1.244046e+09 +4.062377e+11 -1.444017e+13 +2.308719e+14 +1.047305e+17 +1.120105e+19   
Q20-062   +3.998100e+00   +1.836407e-06 -6.634316e-02 -7.184087e-04 -1.161943e-01 -2.360888e-02 +1.974355e+03 +1.028792e+04 +2.437800e+05 +2.016834e+07 -2.505610e+11 -2.192826e+11 -6.405060e+12 -2.398792e+15 +5.098077e+18 +2.612669e+18   -4.741477e-07 -1.851634e-05 +4.150189e-03 +2.867795e-02 -6.478968e-01 -1.851716e+02 -1.051670e+04 -9.845174e+04 +8.340692e+06 +3.308874e+09 -7.112333e+10 -6.164233e+12 -1.412760e+15 +1.606032e+17 -1.065822e+19   
Q20-064   +3.998150e+00   +4.187174e-06 -6.624829e-02 +7.654758e-03 -4.701574e-02 +1.981881e+00 +2.279981e+03 -3.060618e+04 +5.691517e+05 +2.473659e+07 -2.492717e+11 -1.422655e+10 +3.225664e+13 +8.042925e+14 +5.191764e+18 +7.408044e+18   +4.591389e-07 -1.155448e-05 +9.175038e-04 +1.477000e-03 +5.164434e-01 -3.061178e+02 -1.040625e+04 +4.439606e+05 +6.684532e+06 +9.254395e+09 +7.991128e+10 -4.322752e+13 +1.786266e+14 -5.186904e+16 -2.807478e+18   
Q20-067   +3.998100e+00   -2.198948e-06 -6.642515e-02 -1.383679e-02 -7.529487e-02 -7.890110e+00 +2.351046e+03 +3.365989e+04 +4.096506e+03 +7.969763e+07 -2.609124e+11 -1.014513e+12 -1.418926e+13 +1.847310e+15 +4.915878e+18 -3.737610e+19   +1.806125e-06 -3.286651e-05 -4.508904e-03 +1.054915e-02 +2.151254e+00 -1.938390e+02 +1.337528e+03 +1.026905e+06 +1.431086e+08 +1.520977e+10 -2.129835e+11 +2.013369e+13 +1.111288e+16 +1.353283e+17 +2.237848e+19   
Q20-070   +3.997500e+00   +5.344938e-06 -6.601093e-02 +9.959407e-03 +1.595920e-02 +3.741013e+00 +1.931099e+03 -1.584710e+04 -5.538384e+04 +1.668720e+08 -2.627802e+11 -2.612000e+11 +2.765503e+13 +6.887067e+15 +5.530952e+18 -2.592095e+19   -1.517010e-06 +7.365463e-06 +8.346632e-03 -1.584181e-02 -4.168320e+00 -4.165576e+02 -2.831412e+04 -3.006559e+04 -1.027287e+07 -8.637463e+09 +4.303275e+11 -7.851240e+13 -2.020814e+15 -9.707232e+16 +5.065316e+19   
Q20-072   +3.997750e+00   -2.751733e-07 -6.608537e-02 -7.356158e-03 -1.066764e-01 -4.737315e+00 +2.193859e+03 +1.927961e+04 +7.476653e+05 +8.934361e+06 -2.578676e+11 -1.423870e+11 +2.182910e+12 -1.559475e+15 +5.266172e+18 +5.575801e+18   +1.605946e-06 +2.558307e-05 -1.036517e-03 +6.424721e-03 +1.068626e-01 -2.360282e+02 +2.998852e+03 +1.739451e+05 +1.521732e+07 +5.889898e+09 -3.388361e+10 +1.173264e+13 -9.789882e+14 -6.387463e+16 -1.751893e+18   
Q20-075   +3.997800e+00   +3.862872e-06 -6.590295e-02 +7.252844e-03 -7.153629e-02 +3.498019e+00 +2.221895e+03 -2.157456e+04 -7.814943e+05 +9.432463e+07 -2.444909e+11 -9.045953e+11 +1.239986e+13 -1.153078e+15 +5.654055e+18 -1.994273e+19   +5.279481e-07 -1.109677e-05 +1.763581e-03 +3.666749e-02 +7.284084e-01 -1.837292e+02 -1.388138e+04 +6.188914e+05 +8.430907e+07 -5.438226e+09 -2.689902e+11 +7.664440e+12 -8.625542e+14 -3.609893e+17 +9.424458e+18   
Q20-079   +3.997800e+00   +1.984333e-06 -6.651673e-02 -5.301508e-04 -3.910688e-02 +1.653252e-01 +2.172969e+03 -4.692343e+03 +8.962337e+03 +3.942121e+07 -2.582095e+11 -7.667782e+10 +5.174406e+12 -6.270069e+14 +5.257879e+18 +2.148733e+18   +3.113960e-06 -5.649230e-06 -8.679909e-03 +1.529390e-02 +4.720116e+00 -2.441398e+02 +2.365256e+04 +2.941155e+05 +3.583198e+07 +5.724676e+09 -9.779834e+10 -6.731322e+12 -5.313870e+14 -1.378727e+17 +7.826257e+18   
Q20-095   +3.997950e+00   -5.188151e-07 -6.625546e-02 -7.876472e-03 -4.200820e-02 -4.941145e+00 +1.891912e+03 +2.326155e+04 -5.924912e+04 +3.148656e+07 -2.529654e+11 -2.198295e+11 -8.571771e+12 -9.132826e+14 +5.032514e+18 +1.870185e+18   +1.672071e-06 -1.923341e-05 -4.070634e-03 -6.197436e-03 +4.403559e+00 -2.106226e+02 +5.730614e+03 +3.445508e+05 -2.173783e+07 +2.408156e+09 +9.823815e+10 -2.921222e+13 +8.803669e+14 -4.179952e+16 -1.162334e+19   
Q20-107   +3.996100e+00   +2.727642e-06 -6.586945e-02 +1.845051e-03 -8.013716e-04 +5.443262e-01 +1.869110e+03 -4.600260e+03 -2.015897e+05 +8.435337e+07 -2.534316e+11 -4.768732e+10 +4.203896e+12 -2.709692e+15 +5.292653e+18 -2.298171e+16   +1.905367e-06 -1.796788e-05 -4.405761e-03 +2.140408e-02 +3.914970e+00 -3.113183e+02 +1.552098e+04 +4.013591e+05 +2.276631e+07 +4.185115e+09 -8.099657e+10 +1.737619e+13 -8.863569e+14 +7.215638e+16 -2.995380e+18   
Q20-108   +3.996400e+00   +1.812770e-06 -6.597490e-02 -2.331828e-03 +8.239758e-03 -4.196347e+00 +1.907297e+03 +6.771417e+03 -9.573919e+05 +3.826992e+07 -2.601061e+11 -4.685995e+11 +3.983287e+13 -4.485367e+15 +4.908961e+18 +1.809784e+19   +9.925618e-07 -1.659346e-05 -9.295031e-04 -4.618412e-03 +2.446728e+00 -3.347212e+02 +1.373638e+04 -7.498922e+05 +5.316310e+07 +9.908485e+08 -1.024328e+11 -2.249463e+13 +2.422342e+15 -1.594153e+17 +1.951072e+19   
Q20-109   +3.998250e+00   +1.177310e-06 -6.629335e-02 -1.751540e-03 +1.956384e-02 -2.708640e+00 +1.948820e+03 -2.335634e+04 +1.437450e+06 +2.726463e+06 -2.660947e+11 -3.182260e+11 +2.700306e+13 +1.091157e+16 +4.574409e+18 -4.169347e+19   +2.324384e-06 -2.348249e-05 -6.118142e-03 +6.834933e-03 +2.565933e+00 -3.091578e+02 +1.176448e+03 +2.601751e+05 +3.930194e+07 +1.658387e+10 -4.180682e+11 +1.837114e+13 +3.705244e+15 +6.262930e+17 +3.382752e+19   
Q20-111   +3.998150e+00   +2.063384e-06 -6.635556e-02 +2.527396e-03 -8.401983e-02 +1.133165e+00 +2.074889e+03 -1.629580e+04 -3.590681e+05 -2.904869e+07 -2.578312e+11 -9.601781e+10 +7.852359e+13 -6.624644e+15 +5.229411e+18 +6.845914e+18   +1.840198e-06 -2.342739e-05 -4.644308e-03 +1.909357e-03 +5.472421e+00 -1.750533e+02 +7.439221e+03 -3.145432e+05 +1.211476e+07 +3.083384e+08 -6.735178e+11 +2.103775e+13 +2.518910e+15 +3.478494e+17 -2.411090e+19   
Q20-112   +3.997600e+00   +7.422478e-07 -6.574990e-02 -3.860156e-03 -5.500793e-03 -3.995925e+00 +2.023594e+03 +1.647354e+04 +1.384298e+05 -2.483707e+07 -2.499110e+11 -1.440199e+11 +1.263980e+13 -2.495848e+15 +5.338110e+18 -1.098669e+19   +1.284322e-06 +1.204990e-05 -1.830834e-03 +2.067204e-02 +3.880884e+00 -2.173256e+02 +1.238973e+04 +7.667826e+05 +5.766935e+07 +7.661830e+09 +4.265947e+11 +2.755396e+13 -1.080849e+15 -1.462211e+17 +2.698249e+19   
Q20-113   +3.996350e+00   +1.390453e-06 -6.581403e-02 -1.596149e-03 -3.167188e-03 +2.890292e-01 +1.964025e+03 -2.981598e+03 +3.819225e+04 -8.891839e+06 -2.496074e+11 -1.783302e+11 +8.657477e+12 +6.791582e+14 +4.984621e+18 -3.104858e+18   +5.750017e-07 -1.013821e-05 -5.688463e-04 +1.403980e-02 +8.969164e-01 -2.371089e+02 -2.204188e+03 -9.764608e+04 +6.190779e+06 +1.780122e+09 -1.114950e+11 -1.897659e+13 -9.632009e+13 -1.610709e+16 +8.917237e+18   
Q20-116   +3.998300e+00   +1.933928e-06 -6.557877e-02 -6.418683e-05 -6.594535e-02 -2.663449e-01 +1.972896e+03 -6.034375e+03 +3.333889e+04 +4.014371e+07 -2.498407e+11 -1.062341e+11 +2.396443e+12 +1.697563e+14 +5.196078e+18 -1.160131e+18   +4.910214e-07 -8.838889e-06 -1.789496e-04 +1.818586e-02 +2.162924e+00 -1.284185e+02 -1.127625e+03 +2.502341e+05 +1.872088e+07 +2.896794e+09 +2.045585e+11 -7.895073e+12 +1.587622e+15 +7.316475e+16 +4.558525e+18   
Q20-119   +3.998050e+00   +1.013020e-06 -6.572271e-02 -1.982328e-03 -2.043719e-02 +1.351607e-01 +2.035464e+03 +2.573194e+03 -2.054635e+05 -3.411313e+06 -2.546651e+11 +7.281715e+10 +3.122485e+13 +1.271891e+15 +5.256825e+18 -1.512343e+19   +9.902312e-07 +7.319961e-06 -1.878017e-03 +3.369303e-02 +3.364885e+00 -1.686681e+02 +3.323953e+03 +3.754708e+05 -9.179503e+06 -7.550253e+08 -3.340874e+10 +3.337545e+12 +2.215055e+14 +9.771691e+16 +2.585363e+18   
Q20-125   +3.997750e+00   +2.193842e-06 -6.548464e-02 +6.879997e-04 -3.087564e-03 -1.004502e+00 +2.127650e+03 -1.735325e+04 +3.993211e+05 +8.709389e+07 -2.526031e+11 +1.920564e+11 -3.703401e+11 +3.660234e+15 +4.898743e+18 +7.606108e+18   +3.862610e-07 +2.321493e-05 +6.313451e-04 +2.027844e-02 +1.022578e+00 -1.750437e+02 -6.254008e+03 +4.296172e+05 +1.810268e+07 -3.891739e+09 +3.033919e+11 -4.495088e+12 -9.738060e+12 -4.105932e+17 +1.891638e+19   
Q20-127   +3.997900e+00   +2.971593e-07 -6.557575e-02 -3.364541e-03 +1.590535e-02 -2.263752e+00 +1.996035e+03 +1.044605e+04 +1.717898e+05 +3.636084e+07 -2.478220e+11 -1.232991e+11 +2.056356e+13 -1.308863e+14 +5.266848e+18 -7.090990e+18   +1.044420e-06 +1.018803e-05 -2.156354e-03 -7.153741e-04 +3.420163e+00 -1.825656e+02 +5.855294e+02 +2.314268e+05 +1.686059e+07 +1.931863e+08 +2.241480e+11 -4.206123e+12 +7.254616e+14 -7.340049e+16 +5.056702e+18   
Q20-130   +3.998050e+00   +6.762629e-07 -6.581253e-02 -1.471177e-03 -4.016160e-02 -1.672531e+00 +2.201080e+03 +4.109726e+03 +3.528673e+05 +2.268824e+06 -2.499258e+11 +5.830192e+10 -1.469744e+13 -1.593878e+15 +5.070094e+18 +7.235695e+18   +1.755399e-06 +1.473520e-06 -1.084729e-03 -2.250313e-02 -7.246843e-01 -2.022799e+02 +3.543005e+03 +5.133408e+05 -2.229248e+07 +7.064689e+09 +1.310916e+11 +9.699721e+12 -4.473303e+15 -6.424652e+16 -2.412849e+18   
Q20-136   +3.998000e+00   +9.128389e-07 -6.552929e-02 -1.612295e-03 -1.036195e-01 -2.372953e+00 +1.957096e+03 -3.631946e+02 +2.922824e+05 +1.145515e+07 -2.480685e+11 -1.539937e+11 +2.051220e+12 +7.622124e+14 +5.244885e+18 -1.037043e+18   +1.589220e-06 -1.815282e-05 -2.490746e-03 +2.412659e-02 +2.145637e+00 -1.273110e+02 +5.678937e+03 +8.638122e+04 -1.042330e+06 -2.919047e+09 -4.952209e+10 -1.759628e+13 -1.622985e+15 -7.344640e+15 -1.764412e+19   
Q20-139   +3.998300e+00   +2.162064e-06 -6.616297e-02 +1.712933e-03 -3.483353e-02 +1.836560e+00 +2.191283e+03 -8.375072e+03 +6.363384e+05 +3.338862e+07 -2.539862e+11 +1.093401e+11 +1.381667e+12 -2.120404e+15 +5.373264e+18 -1.665507e+19   +6.923800e-07 -5.121126e-06 -7.454946e-05 +3.093127e-02 -4.802814e-01 -3.229810e+02 -8.805577e+03 -2.120932e+04 +4.416610e+07 +4.727377e+09 -3.142010e+11 -3.222975e+13 +2.156253e+14 -2.977813e+17 +3.626531e+17   
Q20-140   +3.998250e+00   +2.353292e-06 -6.599392e-02 +1.617323e-03 -9.900229e-03 +1.707673e+00 +2.121351e+03 -5.324454e+03 -6.448279e+05 +8.831619e+07 -2.515521e+11 -2.346525e+11 +3.957034e+12 +3.218115e+15 +4.804034e+18 -4.179509e+18   +3.928596e-07 -1.837192e-05 +1.129468e-03 +4.391264e-02 +7.369574e-01 -2.584648e+02 -1.117363e+04 +2.812688e+05 -6.891743e+06 +4.623440e+09 +2.475426e+11 +1.028458e+13 -3.520945e+14 -2.543075e+17 +3.621074e+19   
Q20-142   +3.998200e+00   +2.339942e-06 -6.622105e-02 +1.224967e-03 -1.108802e-01 +1.657445e+00 +1.990020e+03 -3.941141e+03 +5.762951e+05 +4.067448e+07 -2.528105e+11 -1.595688e+10 -2.363174e+13 -1.538787e+15 +5.193097e+18 +4.195606e+18   +7.846751e-07 +1.065484e-06 +5.065242e-04 +4.909522e-03 -4.641654e-01 -2.277381e+02 -7.753094e+03 +2.724236e+05 +4.676124e+07 +2.262339e+09 +2.337384e+11 -5.701706e+12 -9.252694e+14 +9.096128e+16 +3.047501e+18   
Q20-149   +3.998200e+00   +6.227727e-07 -6.599600e-02 -4.122328e-03 -3.968178e-02 -2.731249e+00 +2.026397e+03 +8.753176e+03 +2.466592e+04 +5.113659e+06 -2.572995e+11 -2.371921e+11 +1.897239e+13 +2.413666e+14 +5.222233e+18 +1.477957e+19   -3.215379e-07 -9.931934e-06 +3.467145e-03 +1.205084e-02 +7.310622e-01 -2.747716e+02 -1.452528e+04 -1.951465e+04 +3.578438e+07 +3.653657e+09 +1.910431e+11 -5.052799e+12 +1.265960e+15 +7.821902e+16 +2.927780e+18   
Q20-153   +3.998450e+00   +1.856202e-06 -6.571704e-02 +9.805755e-05 -5.178359e-02 -2.716213e+00 +1.970534e+03 -2.980052e+03 -1.605782e+04 +1.319681e+06 -2.498487e+11 +1.413985e+11 +2.555373e+12 -1.400935e+15 +5.264840e+18 +7.005322e+18   +1.016377e-06 -9.149038e-06 -1.106820e-03 +4.682289e-04 +2.396847e+00 -1.222645e+02 -1.634337e+03 +9.998252e+05 +1.882128e+07 +3.542605e+09 +1.092145e+11 -2.184566e+13 -2.087642e+15 +8.080599e+16 +1.389959e+19   
Q20-162   +3.997950e+00   +2.186431e-06 -6.593352e-02 +1.749911e-03 -5.834983e-02 -4.729156e-01 +1.911918e+03 -9.279928e+03 +1.727094e+05 +9.396080e+06 -2.540252e+11 -2.750322e+10 +5.507202e+12 -2.479641e+14 +5.192178e+18 +7.600615e+18   -1.322613e-06 -2.068334e-05 +5.454916e-03 +2.547551e-02 -2.012064e+00 -6.639398e+01 -1.705984e+04 +1.345146e+05 +3.639528e+07 -1.838575e+08 -2.907120e+10 -5.520829e+12 +1.136561e+15 +2.477147e+16 +2.467827e+16   
Q20-176   +3.995950e+00   +1.587209e-06 -6.676765e-02 -8.597620e-04 -5.791617e-02 -8.782795e-01 +2.004225e+03 +3.629532e+03 +2.496997e+05 +2.814162e+07 -2.550720e+11 -2.162406e+11 -8.017087e+12 -1.468042e+15 +5.036199e+18 +1.617232e+18   +1.526079e-06 -3.364081e-06 -3.556111e-03 +9.734276e-03 +3.793096e+00 -1.323301e+02 +1.629041e+03 +2.465704e+05 +1.520930e+07 -3.178260e+08 +8.457503e+10 -6.494601e+12 -7.647383e+14 -2.155794e+16 -3.071215e+18   
Q20-004   +3.998750e+00   -6.412744e-07 -6.588464e-02 -5.930913e-03 -1.201981e-01 -8.536560e+00 +1.942682e+03 -8.178271e+03 -4.594353e+05 -9.525287e+07 -2.452594e+11 -2.090889e+11 +9.390077e+13 +5.951395e+15 +4.989467e+18 -5.015887e+18   +7.260644e-07 +2.431549e-07 +1.429905e-03 +6.695202e-02 +2.225764e+00 +6.734995e+01 -2.042508e+03 +2.029180e+06 +3.696750e+08 -1.051774e+10 -1.783017e+12 +6.078737e+13 +4.363251e+15 -1.004615e+18 -5.457741e+19   
Q20-008   +3.998900e+00   +6.011973e-07 -6.569029e-02 -3.301118e-03 -3.930801e-02 -1.918607e+00 +2.169004e+03 +2.189324e+03 -1.132371e+05 +4.146480e+06 -2.496184e+11 -1.924097e+11 -8.390015e+12 -2.400524e+15 +5.276073e+18 -1.582590e+18   +1.035659e-06 -2.201028e-05 -6.205567e-04 +5.249559e-02 +1.618362e+00 -3.028113e+02 -2.110775e+03 +1.938409e+05 +1.761529e+07 +2.583045e+08 +2.378660e+10 -6.058904e+11 -3.724567e+15 -2.815594e+17 -1.823509e+19   
Q20-017   +3.997950e+00   +6.052014e-07 -6.582358e-02 -3.636476e-03 -5.891169e-02 -2.053564e+00 +2.021272e+03 +9.428442e+03 +9.515069e+04 -1.322481e+07 -2.561768e+11 -2.425013e+11 -1.677499e+13 -2.918000e+14 +5.409652e+18 -1.238808e+18   -2.086805e-06 -3.772153e-06 +9.580535e-03 +1.779644e-02 -5.278205e+00 -2.160331e+02 -2.758106e+04 +4.298260e+05 +4.977826e+07 +3.462762e+09 +7.863833e+10 +9.250723e+12 +2.585212e+12 +8.104351e+15 -1.082488e+19   
Q20-019   +3.998150e+00   +2.353293e-06 -6.538434e-02 +9.234523e-04 -8.464495e-02 -8.578317e-01 +2.051804e+03 -8.934242e+03 +5.999492e+05 +3.040319e+07 -2.472057e+11 +1.692513e+11 +5.220004e+12 -1.216012e+15 +5.413756e+18 +1.228410e+19   +6.451329e-07 +1.680636e-05 +8.274389e-04 -9.075145e-03 -7.587999e-01 -2.884309e+02 -3.276903e+04 +6.867616e+05 +6.775921e+07 +7.978375e+09 -4.448930e+11 +2.663432e+13 +2.036879e+15 -1.058266e+17 +5.034351e+18   
Q20-020   +3.997500e+00   +1.838198e-06 -6.612123e-02 -8.896660e-04 +2.189254e-02 -1.448836e+00 +2.224002e+03 +5.567707e+03 +6.997018e+05 +9.502859e+07 -2.577236e+11 +3.840318e+10 +1.657270e+13 -1.449992e+14 +5.161956e+18 -6.744395e+18   -7.559727e-07 -2.097447e-05 +6.110136e-03 +1.384535e-02 -3.791710e+00 -2.572580e+02 -2.223304e+04 -1.237407e+05 +3.246502e+07 +1.665065e+09 +6.886892e+10 -2.334554e+13 -1.384777e+15 -2.242010e+17 -2.456823e+19   
Q20-024   +3.998050e+00   +2.521659e-06 -6.536179e-02 +1.898275e-03 -9.278491e-02 -1.481745e+00 +1.901347e+03 -9.632011e+03 -4.366391e+04 +6.299624e+07 -2.546389e+11 +9.322067e+10 +6.841298e+12 -1.198026e+15 +5.103440e+18 +9.375928e+18   -7.733360e-07 -1.482687e-05 +6.043053e-03 -2.236739e-03 -3.047661e+00 -2.483392e+02 -2.317400e+04 +6.816533e+05 +5.177004e+06 +4.853574e+09 +5.312070e+10 -6.447188e+12 +6.558998e+14 -1.191990e+17 -1.467365e+19   
Q20-025   +3.997550e+00   +2.119572e-06 -6.542905e-02 +2.210112e-03 -3.582549e-02 -1.500552e+00 +1.959607e+03 +9.021533e+03 +2.577914e+06 -4.859519e+07 -2.693262e+11 +8.929667e+11 -5.019942e+13 -5.795360e+15 +4.643251e+18 -1.713036e+19   +3.093807e-06 -2.313381e-05 -8.096859e-03 -2.361970e-02 +4.715753e+00 -2.323951e+02 +1.663650e+04 -8.527110e+05 +1.607097e+07 +9.164693e+09 -4.424275e+11 -8.277410e+13 +5.330713e+15 +1.100693e+17 -3.040920e+19   
Q20-096   +3.998000e+00   +3.360243e-06 -6.577734e-02 +3.729667e-03 -5.130353e-03 +5.219645e-01 +2.041217e+03 -2.092821e+04 +1.340304e+05 -1.241707e+08 -2.361343e+11 +6.487546e+10 -2.049153e+13 -1.443569e+15 +4.948132e+18 +3.008474e+19   -3.132086e-07 -1.312278e-05 +4.474807e-03 +6.248902e-03 -1.994283e+00 -2.635738e+02 -1.985132e+04 -9.679020e+04 +8.927926e+07 -7.260110e+08 -3.216368e+11 -2.247775e+13 -1.910052e+15 -2.546778e+17 +1.655947e+19   
Q20-097   +3.997750e+00   +1.992225e-06 -6.602169e-02 -1.190075e-03 -8.803572e-02 -1.684572e+00 +1.871159e+03 +4.504596e+03 +6.320996e+05 +8.676408e+07 -2.581815e+11 +3.726221e+11 +5.842004e+12 -3.768267e+14 +5.030089e+18 +4.851231e+18   -3.285330e-07 +1.954442e-05 +3.183008e-03 -7.212740e-03 +2.501915e-01 -2.396113e+02 -8.484005e+03 +2.852184e+05 +2.417919e+07 +6.491126e+09 +2.483194e+11 +2.927277e+13 -4.953616e+14 -2.749447e+17 -1.523182e+19   
Q20-101   +3.996000e+00   +2.139808e-06 -6.593734e-02 +4.289177e-04 -5.355148e-02 -1.607641e+00 +1.928849e+03 -2.362245e+03 +3.381454e+05 +2.316403e+07 -2.486455e+11 +3.638614e+10 -1.624306e+13 -1.906737e+15 +5.327895e+18 +8.586371e+18   +1.334271e-06 -1.759506e-05 -2.493533e-03 +1.279363e-02 +2.655996e+00 -2.000545e+02 +3.872975e+03 +1.420700e+05 +1.494504e+07 +4.797307e+09 +1.398202e+11 -2.210761e+13 -9.900803e+14 -7.950443e+15 -1.103189e+19   
Q20-103   +3.997800e+00   +1.597629e-06 -6.577425e-02 +1.223860e-03 -1.766251e-02 +7.929239e-01 +1.921728e+03 -6.104375e+03 +3.548254e+05 +7.370296e+06 -2.480835e+11 -2.114039e+09 +1.777200e+13 +2.517892e+15 +5.324456e+18 +6.730677e+18   +1.827455e-06 -6.724866e-06 -4.819218e-03 +1.370453e-02 +3.355080e+00 -1.967995e+02 +1.854833e+04 +2.287266e+05 +3.028346e+07 +3.499637e+09 -3.077730e+11 -1.287391e+13 -5.905951e+14 +1.146684e+17 +7.732073e+18   
Q20-104   +3.999100e+00   +3.463912e-06 -6.640292e-02 +5.636923e-03 -4.560679e-02 +4.320542e+00 +2.251577e+03 -2.803883e+04 +5.835923e+05 +6.239209e+07 -2.618712e+11 -5.993624e+11 -2.759791e+13 +1.543485e+13 +4.106469e+18 +4.318592e+18   +1.189382e-06 -1.936505e-05 -2.239001e-03 +3.387567e-02 +1.376275e+00 -1.723684e+02 +6.512713e+03 +2.336505e+05 -3.365340e+07 +1.409690e+09 +8.476552e+11 +1.587867e+13 -1.238779e+15 -9.827979e+16 +7.559473e+19   
Q20-134   +3.997900e+00   +2.460968e-06 -6.573439e-02 +3.824811e-03 -7.863581e-02 +2.964844e+00 +2.095576e+03 -9.082728e+03 -6.009953e+05 +7.743563e+07 -2.561827e+11 +4.814443e+10 +2.072314e+13 +1.098373e+15 +5.213194e+18 -2.444663e+19   +6.665975e-07 +1.267734e-05 +1.406125e-04 +1.018804e-02 +4.265995e+00 -1.219825e+02 -1.360442e+04 +5.591408e+05 +8.310068e+07 +4.102799e+09 +4.654981e+11 -2.325364e+13 -7.072055e+13 +7.532392e+15 +8.961195e+18   
Q20-135   +3.997900e+00   +1.322493e-06 -6.542272e-02 -2.765972e-03 -1.294994e-01 -1.772472e+00 +2.045031e+03 +7.271950e+03 +1.519495e+05 +5.948781e+07 -2.499445e+11 +1.894316e+10 +1.893925e+13 +1.240964e+15 +5.241782e+18 +4.852888e+18   -3.185270e-07 -8.484447e-06 +2.833305e-03 +4.470805e-02 -8.480777e-01 -2.309025e+01 -1.182097e+04 +2.607672e+04 +1.128532e+07 -3.111346e+09 +4.256182e+10 -7.383114e+12 -6.674126e+14 +1.635234e+17 -8.368098e+18   
Q20-148   +3.998550e+00   -4.361751e-07 -6.597374e-02 -7.530845e-03 -3.681382e-02 -2.745345e+00 +2.116476e+03 +1.862499e+04 -4.229343e+04 +1.262634e+07 -2.517493e+11 -2.748671e+11 -1.472237e+13 -1.733483e+14 +5.347363e+18 -4.943860e+18   +1.387531e-06 -1.831975e-05 -2.174851e-03 +2.135228e-02 +1.033999e+00 -1.396057e+02 +3.901644e+03 +8.581706e+04 +3.321004e+07 -1.691483e+09 +7.232902e+10 -1.724482e+13 -3.031326e+14 -1.836359e+17 +1.824314e+19   
