# multipoles are divided by excitation current and units are [T], [m] and [A]
# harmonics (dipole n=0): 00 01 02 03 04 05 06 07 08 09 10 11 12 13 14 
# MAG_LABEL   CURRENT[A]   <NORMAL_MULTIPOLES/CURRENT>[T/m^(n-1)/A]   <SKEW_MULTIPOLES/CURRENT>[T/m^(n-1)/A]
Q20-006   +2.999660e+01   +1.571422e-07 -5.916811e-02 -1.740710e-03 -1.096599e-01 -1.090737e+00 +2.448832e+03 +1.318371e+03 +2.032507e+05 +1.022430e+07 -2.337073e+11 -8.471497e+09 -4.270464e+12 -2.715253e+14 +4.739324e+18 -7.370949e+17   +3.510171e-07 -9.444214e-06 -5.957765e-04 +2.065246e-02 +1.820569e-01 -1.404439e+02 +4.023899e+02 +5.419834e+04 +5.574275e+06 +2.424288e+09 -3.251545e+10 -6.361614e+12 -3.826097e+14 -1.177760e+16 -1.566633e+18   
Q20-018   +2.999600e+01   +2.454694e-07 -5.912832e-02 -1.504310e-03 -8.465492e-02 -5.505051e-01 +2.404126e+03 +1.214747e+03 +7.521953e+04 +8.526357e+06 -2.335287e+11 -7.468853e+10 -1.913914e+12 -3.881324e+14 +4.729484e+18 -1.736030e+18   -6.430247e-07 -2.355230e-05 +1.500674e-03 +8.208698e-03 -7.509618e-01 -1.551631e+02 -2.891155e+03 +4.436608e+04 +1.368590e+06 +6.680857e+09 +4.138362e+10 +3.578914e+12 +1.030683e+15 -6.625463e+16 +4.650383e+16   
Q20-031   +2.999640e+01   +1.078374e-06 -5.911059e-02 -1.411738e-04 -6.984388e-02 -3.564864e-01 +2.431060e+03 -2.012314e+03 +1.996801e+05 +3.391357e+07 -2.329552e+11 -6.143147e+10 -2.590533e+12 -8.165983e+14 +4.747330e+18 +2.902865e+18   +9.713106e-07 -1.640976e-05 -1.648333e-03 +1.635319e-02 +1.093515e+00 -1.724323e+02 +1.591878e+03 +1.503608e+05 +1.989031e+07 +5.047096e+09 +6.306300e+09 -8.279257e+12 -8.812954e+14 -1.002023e+17 -1.397652e+18   
Q20-042   +2.999640e+01   +5.842314e-07 -5.909086e-02 +2.862608e-04 -8.991852e-02 +8.193643e-01 +2.409486e+03 -4.085497e+03 +3.795359e+04 +7.123101e+06 -2.318743e+11 +5.011365e+10 +7.981534e+12 -5.585207e+14 +4.690323e+18 +1.084127e+18   -3.551263e-09 -1.407240e-05 +5.510535e-04 +1.225666e-02 +7.418897e-02 -1.566404e+02 -1.480794e+03 +1.136508e+05 -3.911576e+06 +4.787805e+09 +3.412223e+09 -1.545596e+12 +3.530847e+13 -1.128311e+17 +9.083077e+17   
Q20-052   +2.999600e+01   +7.709618e-08 -5.902877e-02 -1.948977e-03 -3.751564e-02 -1.591617e+00 +2.394171e+03 +1.331624e+03 +1.526056e+05 +1.416409e+07 -2.298444e+11 +2.827579e+08 +9.154907e+10 -5.190352e+14 +4.631761e+18 -1.152407e+18   +3.878847e-07 -7.241609e-06 -1.179819e-03 +3.070186e-03 +9.525847e-01 -1.501275e+02 +1.970045e+02 -1.763453e+04 +1.474936e+07 +2.778571e+09 -7.707928e+10 -8.843406e+12 -7.053740e+14 +5.727014e+16 -1.646555e+17   
Q20-054   +2.999670e+01   +2.410753e-07 -5.903619e-02 -1.217986e-03 -4.283715e-02 -3.047656e-01 +2.356319e+03 -2.720779e+03 +6.477579e+04 -8.804478e+06 -2.281923e+11 +1.570500e+11 -4.099144e+12 +6.697547e+14 +4.582767e+18 -2.763019e+18   +3.805465e-07 -7.325389e-06 -1.241994e-03 +1.820997e-02 +1.495705e+00 -2.143307e+02 +4.523968e+03 +1.513579e+05 -1.045376e+07 +6.721619e+09 -2.863495e+11 -1.023437e+13 +2.743677e+14 -1.454774e+17 +1.292665e+19   
Q20-084   +2.999585e+01   +8.221571e-07 -5.906084e-02 -1.865284e-04 -2.734932e-02 -1.296533e-01 +2.390678e+03 -2.471143e+03 +1.379535e+05 +5.175999e+07 -2.323395e+11 +1.100671e+11 -3.282672e+12 +1.453068e+13 +4.747240e+18 +3.166358e+18   +4.496992e-07 +9.443913e-06 -9.055059e-04 +2.355054e-02 +1.421459e+00 -2.005991e+02 -4.066809e+03 +6.776234e+04 +3.280757e+05 +5.226386e+09 +1.460297e+11 -8.161459e+12 -6.582527e+14 -1.574486e+17 -5.504398e+18   
Q20-085   +2.999400e+01   +5.797349e-07 -5.904731e-02 +3.954584e-04 -3.969074e-02 +1.137297e+00 +2.309608e+03 -2.558152e+03 -1.962127e+03 -3.453861e+05 -2.299132e+11 +2.934786e+10 +6.227779e+12 -8.679906e+14 +4.642689e+18 -4.285660e+17   -2.020013e-07 -1.334851e-05 -1.248185e-04 +8.064693e-03 +6.561022e-01 -1.998799e+02 -1.561530e+03 +6.839205e+03 +1.857690e+06 +4.467507e+09 +5.188468e+10 -2.783434e+12 -7.039835e+14 +1.182694e+15 -6.037584e+18   
Q20-089   +2.999585e+01   +6.670749e-07 -5.903137e-02 -7.371516e-04 -8.156322e-02 -6.628327e-01 +2.252085e+03 -5.532069e+02 +2.081652e+05 +1.323054e+07 -2.288703e+11 -2.117814e+10 -5.379081e+12 -8.812862e+14 +4.654190e+18 +6.544065e+17   +4.007694e-07 -3.382668e-06 -1.601352e-03 +1.439855e-02 +2.081785e+00 -1.643045e+02 +2.894740e+03 +1.093672e+05 -6.740326e+06 +3.210623e+09 -7.160884e+10 +3.274417e+11 +1.060697e+14 -5.100876e+16 -1.458976e+18   
Q20-093   +2.999415e+01   +3.810680e-07 -5.904535e-02 -1.783820e-03 -2.544895e-02 -9.767901e-01 +2.256181e+03 +2.015801e+03 +2.124690e+05 +3.087534e+07 -2.276999e+11 -8.967462e+10 -1.891537e+12 -1.356465e+15 +4.601881e+18 +9.213860e+17   +3.500809e-07 -4.354622e-06 -1.012739e-03 +9.576481e-03 +1.235916e+00 -1.547133e+02 -1.009744e+03 +2.297323e+04 +6.704204e+06 +3.128604e+09 +9.707810e+10 -2.341977e+12 +5.621730e+13 +2.309166e+16 -2.839362e+18   
Q20-099   +2.999420e+01   +6.655213e-07 -5.918764e-02 -3.417151e-04 -6.953934e-02 +4.291303e-01 +2.381974e+03 -7.257160e+03 +3.507118e+05 -9.512242e+06 -2.320170e+11 +2.265861e+11 -1.228009e+13 +9.225524e+14 +4.715532e+18 -1.111868e+19   +5.598116e-07 -1.406550e-05 -1.112972e-03 +1.369690e-02 +8.962083e-01 -1.675351e+02 +7.324156e+02 -1.062316e+05 -1.676732e+07 +5.917127e+09 -1.645763e+11 +3.534320e+12 +1.102380e+15 -2.260322e+17 +5.853305e+18   
Q20-100   +2.999660e+01   +9.353973e-07 -5.903452e-02 -4.992746e-04 -5.018705e-02 -4.072695e-01 +2.272888e+03 -2.128510e+03 -1.008876e+05 +1.968915e+07 -2.301673e+11 -1.463860e+11 -6.435349e+11 -1.138418e+15 +4.673970e+18 +6.076979e+18   +1.191178e-07 -9.702163e-06 -1.009449e-03 +1.100211e-02 +1.721765e+00 -1.390343e+02 +4.638536e+03 +3.485988e+05 -1.063637e+07 +2.856163e+09 -3.813922e+10 -9.337698e+12 +5.759419e+14 -6.878466e+16 +9.192759e+17   
Q20-105   +2.999605e+01   +4.715541e-07 -5.898677e-02 +4.482103e-05 -3.280820e-02 +9.024692e-01 +2.288598e+03 -2.323230e+03 -2.638220e+05 +1.408506e+06 -2.292986e+11 +6.860987e+09 +8.739334e+12 -4.169296e+14 +4.649292e+18 +5.843763e+18   +1.306825e-07 -5.570453e-06 -1.001497e-03 +1.943878e-02 +1.376579e+00 -1.746574e+02 +3.017597e+03 +1.583377e+05 +2.522468e+06 +4.255420e+09 -9.824657e+10 -1.113275e+13 -1.394663e+14 -8.874155e+16 +4.082824e+18   
Q20-110   +2.999555e+01   +5.839620e-07 -5.908763e-02 +1.335727e-04 -8.361457e-02 -2.072664e-01 +2.332906e+03 -6.122795e+03 +2.009702e+05 -1.021870e+07 -2.323167e+11 +2.336905e+11 -5.816143e+12 +2.492554e+14 +4.763997e+18 -4.051451e+18   +9.396721e-08 +1.201034e-05 -9.971522e-04 +9.453699e-03 +7.217774e-01 -2.541838e+02 +3.111266e+03 +2.149553e+05 -8.273804e+06 +9.275826e+09 -1.283887e+11 -3.488324e+12 +7.362902e+14 -2.797360e+17 -4.657111e+17   
Q20-114   +2.999605e+01   +3.227149e-07 -5.906964e-02 -7.868133e-04 -3.559985e-02 -4.550756e-01 +2.359363e+03 -3.393427e+03 +1.932862e+04 +7.720887e+06 -2.309303e+11 +3.668056e+09 -1.087509e+10 +7.398914e+13 +4.723949e+18 +5.008093e+17   -3.938309e-07 -7.015850e-07 -6.568755e-04 +2.460616e-02 +1.568511e+00 -1.867176e+02 +3.894686e+02 +1.227305e+05 -1.213895e+07 +5.409309e+09 -2.782800e+09 -6.275336e+12 +2.858015e+14 -7.318274e+16 +1.130082e+18   
Q20-117   +2.999625e+01   +5.687051e-07 -5.904478e-02 -1.134677e-03 -3.075628e-02 -9.826615e-01 +2.366156e+03 +1.055200e+03 -2.647725e+04 +1.380787e+07 -2.307363e+11 -5.570880e+10 +1.972963e+12 -1.003199e+15 +4.696667e+18 -2.988588e+18   +2.856874e-07 -1.056805e-05 -1.780423e-03 +1.181382e-02 +2.203963e+00 -1.614424e+02 +2.407008e+03 +1.674902e+05 -8.103460e+06 +3.230863e+09 -5.545423e+10 -6.753848e+12 -2.861996e+14 -1.692074e+16 +9.301856e+17   
Q20-122   +2.999565e+01   +4.949271e-07 -5.909317e-02 -1.057826e-03 -2.070140e-02 -6.797709e-01 +2.367252e+03 -9.925926e+02 +2.751619e+04 +9.746343e+06 -2.302687e+11 +5.734101e+10 -5.312777e+12 +9.793770e+13 +4.615779e+18 -6.466611e+17   +3.010351e-07 +3.345445e-06 -6.182386e-04 +2.230944e-02 +2.801671e-01 -1.444973e+02 +8.546049e+02 -3.242111e+04 +8.064883e+06 +2.714640e+09 -5.572881e+10 -4.532204e+12 -7.057053e+14 -1.797492e+16 +2.062333e+18   
Q20-124   +2.999420e+01   +2.314105e-07 -5.912746e-02 -7.058251e-04 -4.490065e-02 +2.364741e-01 +2.399536e+03 -2.766185e+03 +2.538759e+05 +3.209961e+05 -2.284738e+11 +4.297608e+10 -1.554668e+13 -6.849007e+14 +4.517920e+18 +5.126594e+18   +1.649868e-07 -1.478972e-05 -1.555557e-03 +1.484961e-02 +9.353835e-01 -2.046093e+02 +3.894003e+03 -6.907502e+04 -3.502004e+06 +5.565383e+09 -8.405215e+10 +1.696855e+12 -4.018747e+14 -7.165182e+16 +2.429285e+18   
Q20-126   +2.999405e+01   +4.679325e-07 -5.907045e-02 -3.327386e-04 -1.806604e-02 +3.930016e-01 +2.386326e+03 -9.456566e+02 -3.331626e+05 +1.712036e+07 -2.296406e+11 -1.891265e+10 +9.916567e+12 -5.167855e+14 +4.647268e+18 +8.057575e+17   +2.810702e-07 +6.511858e-06 -4.433806e-04 -3.485601e-03 +9.626096e-01 -1.517422e+02 -6.014940e+02 +2.573189e+04 -8.248996e+05 +4.312479e+09 -3.252111e+10 -1.025570e+12 +6.101754e+13 -5.757239e+15 +2.040621e+18   
Q20-128   +2.999395e+01   +8.449007e-07 -5.906364e-02 -4.174378e-04 -3.045035e-02 +2.082492e-01 +2.323644e+03 -1.856569e+03 +1.697222e+05 +1.292603e+07 -2.293038e+11 -1.018371e+10 -1.400923e+11 +3.751937e+12 +4.661153e+18 -2.457747e+17   +2.414630e-07 -1.479061e-05 -1.324008e-03 +2.811852e-02 +8.509059e-01 -1.889983e+02 +5.165692e+03 -2.347835e+05 -4.416601e+06 +3.002188e+09 -1.217241e+11 -3.408591e+12 -2.633057e+14 +1.692338e+16 +3.519513e+18   
Q20-138   +2.999595e+01   +5.973016e-07 -5.911161e-02 -4.806342e-04 -1.215525e-02 -1.043920e+00 +2.440202e+03 -1.748387e+03 -2.550186e+05 +4.041219e+07 -2.324601e+11 +2.135657e+10 -3.921573e+11 -6.655218e+13 +4.744497e+18 -6.270720e+18   +5.139884e-07 +1.010080e-05 -1.056644e-03 +1.674337e-02 +1.801547e+00 -1.773807e+02 +1.815229e+03 +1.285465e+05 +2.535517e+06 +5.613841e+09 -5.766482e+10 -1.231858e+13 +5.689151e+14 -1.746194e+17 +3.415184e+18   
Q20-143   +2.999695e+01   +4.799128e-07 -5.906240e-02 -1.910100e-03 -3.688988e-02 -7.605567e-01 +2.341813e+03 +1.965573e+03 -3.383177e+04 +2.265616e+07 -2.317531e+11 -4.559714e+10 +5.199395e+12 -5.746648e+14 +4.745002e+18 +5.836570e+15   +5.520891e-07 +6.931271e-06 -8.028443e-04 -1.286977e-02 +6.760254e-01 -1.816405e+02 -7.110526e+02 +2.082225e+05 +9.936557e+06 +3.056195e+09 +7.294032e+09 -3.653851e+12 -6.997241e+14 +2.560678e+15 +2.407438e+18   
Q20-144   +2.999380e+01   +6.386780e-07 -5.905811e-02 -1.910486e-03 -1.215544e-02 -2.554831e+00 +2.341915e+03 +3.703185e+02 -9.515370e+04 +1.993975e+07 -2.290291e+11 -6.163460e+10 +2.649591e+12 -2.141502e+14 +4.656959e+18 +2.115458e+18   +3.495826e-07 -1.348789e-05 -7.350256e-04 +1.099760e-02 -1.071529e-01 -2.203848e+02 +3.078509e+03 +6.371117e+04 +4.237776e+05 +4.054758e+09 -4.337500e+10 +1.027427e+12 -4.674539e+14 +3.413405e+16 -5.795544e+17   
Q20-150   +2.999640e+01   +8.640387e-07 -5.905162e-02 -8.388303e-04 -7.474480e-03 -9.837017e-01 +2.185485e+03 -4.851849e+03 -3.286275e+05 +3.449807e+07 -2.280429e+11 +9.630922e+10 +8.521383e+12 -1.765065e+15 +4.559540e+18 -6.666083e+18   +3.513508e-07 +6.159266e-06 -8.208672e-04 +9.602909e-04 +1.132514e+00 -2.602216e+02 +9.370328e+00 +4.462909e+05 +2.857385e+07 +7.783194e+09 -5.187729e+10 -2.245092e+13 -1.570242e+15 -1.356920e+17 +2.421568e+17   
Q20-154   +2.999655e+01   +9.518201e-07 -5.908486e-02 -5.767823e-04 -4.539032e-02 +3.812942e-02 +2.332166e+03 -1.674182e+03 +3.428751e+04 +1.514038e+07 -2.320079e+11 +3.118134e+10 +1.824524e+12 -5.070520e+14 +4.726714e+18 +1.446422e+18   +3.739143e-07 -1.493514e-05 -1.581312e-03 +1.220874e-02 +3.314173e+00 -2.072317e+02 +2.243055e+03 +5.186843e+04 -7.976154e+06 +4.869077e+09 -7.067759e+10 -4.574646e+12 +8.885182e+13 -8.184098e+16 +3.105190e+18   
Q20-156   +2.999635e+01   +4.471041e-07 -5.907652e-02 -9.202036e-04 -3.378758e-02 +6.206762e-01 +2.281123e+03 -1.946513e+03 -4.055713e+04 +1.880253e+07 -2.311098e+11 +8.245013e+10 +4.379056e+12 -6.439123e+14 +4.680779e+18 -2.765468e+18   +5.161901e-07 -1.030059e-05 -1.175698e-03 +2.185096e-02 +4.386454e-01 -1.258188e+02 +3.139327e+03 +1.563363e+05 +7.467609e+06 +2.961695e+09 -1.150323e+10 -1.003087e+13 -5.902835e+13 +2.242957e+16 +3.830676e+18   
Q20-157   +2.999635e+01   +9.932325e-07 -5.905128e-02 -6.563549e-04 -5.585593e-02 +3.297323e-01 +2.266861e+03 -2.691111e+03 -8.248407e+04 +2.535656e+07 -2.298857e+11 +1.142674e+10 +1.567672e+12 -6.933810e+14 +4.665174e+18 -1.760158e+18   +7.676564e-07 -1.239659e-06 -6.851977e-04 +2.036514e-02 +1.351182e+00 -1.643368e+02 +7.041520e+02 -9.471996e+03 +1.144417e+07 +3.923811e+09 -6.747081e+10 -1.023434e+13 -7.925554e+14 -5.340760e+16 +1.575636e+18   
Q20-158   +2.999555e+01   +5.316895e-07 -5.910047e-02 -1.295221e-03 -6.642432e-02 -1.198973e+00 +2.267759e+03 +1.277014e+03 +1.141518e+05 +3.498029e+07 -2.313474e+11 +2.001676e+11 -2.113688e+12 -1.529829e+15 +4.664345e+18 +2.597336e+18   +4.747077e-07 +1.184515e-05 -7.343483e-04 -3.390683e-03 +3.091797e-01 -2.241534e+02 +3.283845e+02 -1.579256e+04 +1.255328e+07 +5.804231e+09 -1.411515e+11 -7.030923e+12 -8.715076e+13 +1.566732e+15 +5.253603e+18   
Q20-159   +2.999605e+01   +3.641106e-07 -5.913795e-02 -7.909161e-04 -5.383215e-02 +3.387449e-03 +2.226135e+03 +4.039875e+02 +1.352700e+05 +4.970861e+05 -2.289686e+11 +6.215175e+10 -3.963012e+12 +7.696553e+14 +4.637331e+18 -4.008074e+18   +6.362748e-07 +5.865992e-06 -8.400586e-04 +1.544006e-02 +5.363533e-01 -3.018141e+02 +9.676337e+02 +2.033646e+04 +7.922480e+06 +9.769136e+09 -8.958916e+10 +6.742704e+11 -3.135906e+14 -1.771817e+17 +4.193495e+18   
Q20-160   +2.999650e+01   +3.924171e-07 -5.906319e-02 -9.069595e-04 -1.452894e-02 -7.550554e-01 +2.282359e+03 -1.310437e+03 -1.496077e+05 +1.771031e+07 -2.317512e+11 -7.321101e+09 +5.344844e+12 -2.120755e+14 +4.733732e+18 -1.878785e+18   +4.357328e-07 -1.255990e-05 -2.065153e-04 +1.039490e-02 +6.266564e-01 -1.929772e+02 -1.873326e+03 +6.510693e+04 +1.811462e+07 +5.384288e+09 +9.569513e+10 -8.629087e+11 -7.971157e+14 -6.825030e+16 -2.539287e+18   
Q20-161   +2.999600e+01   +6.454054e-07 -5.912928e-02 -1.010193e-03 -7.106251e-02 -7.303114e-01 +2.246693e+03 +2.213989e+01 -2.383990e+05 +3.050179e+07 -2.282359e+11 +1.275741e+11 -1.460918e+12 -1.347816e+15 +4.567549e+18 -2.361082e+18   +5.749123e-07 +6.710685e-06 -1.303794e-03 +1.926739e-03 +8.849340e-01 -3.694589e+02 -1.478886e+02 +7.191502e+04 +2.641775e+07 +1.156567e+10 +3.372753e+10 -1.026680e+13 -7.379107e+14 -1.858050e+17 -2.482408e+18   
Q20-163   +2.999600e+01   +6.930551e-07 -5.906298e-02 -6.583291e-04 -5.699393e-02 -1.964954e-01 +2.238055e+03 +3.014629e+02 +2.208808e+04 +2.814178e+07 -2.278020e+11 -7.808518e+10 +4.995986e+12 -7.347426e+14 +4.618753e+18 +4.103397e+18   +5.077564e-07 -8.933151e-06 -1.317965e-03 +1.029154e-02 +1.216204e+00 -1.984616e+02 +3.817866e+03 +1.568285e+05 +1.514572e+07 +3.453954e+09 -1.268199e+11 -8.195809e+12 -1.213148e+14 +3.156542e+16 +3.392856e+18   
Q20-164   +2.999590e+01   +4.709484e-07 -5.914958e-02 -5.093223e-04 -5.681163e-02 +2.138482e-02 +2.244798e+03 -1.948731e+03 -1.563903e+04 +1.980975e+07 -2.308470e+11 +1.357040e+11 -1.085304e+13 -2.448560e+14 +4.674122e+18 +1.524252e+18   +6.383662e-07 +1.298049e-05 -6.614377e-04 +2.290647e-02 +8.087042e-01 -2.732002e+02 -1.170978e+03 -1.214424e+05 +2.037956e+07 +9.747069e+09 -7.747425e+10 -1.153726e+13 -2.728196e+14 -1.950409e+17 -6.129048e+18   
Q20-165   +2.999585e+01   +5.695478e-07 -5.914585e-02 -8.525713e-04 -1.431280e-02 -2.817295e-01 +2.231976e+03 +2.027406e+03 -1.841597e+05 +1.822282e+07 -2.292413e+11 +4.522139e+10 +1.083747e+12 -2.176727e+14 +4.528490e+18 +1.484689e+18   +2.478068e-07 +9.735190e-06 +2.578600e-04 +2.352644e-03 -5.119912e-01 -3.225803e+02 -1.271015e+03 +3.123160e+05 +1.156820e+07 +7.915532e+09 +1.649960e+11 -7.566850e+12 -6.146607e+14 -1.521794e+17 +1.718220e+18   
Q20-166   +2.999590e+01   +6.886081e-07 -5.906781e-02 -1.082159e-03 -5.905964e-02 -3.418901e-01 +2.144617e+03 +3.059070e+02 +2.130696e+05 +1.738045e+07 -2.236584e+11 +3.700142e+10 -3.856314e+12 +1.756623e+13 +4.423428e+18 -6.573048e+18   -4.627132e-08 -8.352708e-07 +6.342307e-05 +9.133345e-03 +8.086525e-01 -2.972827e+02 -2.812254e+03 +7.165576e+04 -1.094849e+06 +6.392140e+09 +3.417840e+10 -4.454305e+12 +1.525360e+14 -2.580484e+16 +5.655980e+18   
Q20-167   +2.999615e+01   +7.107355e-07 -5.909272e-02 -1.359712e-04 -2.297661e-02 +2.855672e-01 +2.265817e+03 -2.157526e+03 -1.359968e+05 +6.418047e+06 -2.309937e+11 +1.061907e+11 -1.306317e+12 -6.239401e+13 +4.670656e+18 -2.152375e+18   +4.073583e-07 -1.329004e-05 -7.903418e-04 +1.450158e-02 +4.641382e-01 -7.323306e+01 +2.069863e+03 +2.530398e+04 +5.177361e+06 +5.962288e+08 -4.980359e+10 -4.803903e+12 -6.910710e+14 +2.492162e+15 +3.420576e+18   
Q20-170   +2.999350e+01   +4.565666e-07 -5.912774e-02 -9.068008e-04 -1.771403e-02 -7.344275e-01 +2.236796e+03 +4.650181e+02 +5.553117e+04 +3.393945e+07 -2.284415e+11 -3.731822e+10 +8.732195e+11 -1.023209e+15 +4.592128e+18 +1.177016e+18   +5.614010e-07 +2.983382e-06 -4.815767e-04 +4.635768e-03 +6.071352e-02 -1.744563e+02 +1.623108e+02 +2.140062e+04 +2.316076e+07 +3.154122e+09 -3.800480e+10 -4.896144e+12 -7.041902e+14 -7.103336e+15 -1.424365e+17   
Q20-171   +2.999605e+01   +9.522344e-07 -5.906854e-02 -3.640083e-04 -9.120151e-02 +1.186160e-01 +2.202574e+03 -3.007417e+03 +1.962545e+05 +2.833100e+07 -2.296686e+11 +1.357240e+10 -1.197350e+13 -1.234968e+15 +4.649272e+18 +3.599831e+18   +3.703934e-07 -1.737358e-05 -1.009275e-03 +1.884099e-02 +2.525337e-01 -1.954084e+02 +1.126241e+03 +2.637395e+04 +5.851024e+06 +5.092747e+09 +6.814391e+09 +1.452374e+12 -6.333337e+14 -1.383789e+17 -3.257232e+18   
Q20-178   +2.999665e+01   +4.587376e-07 -5.906330e-02 -9.310830e-04 -4.560379e-02 +7.621301e-02 +2.292489e+03 -1.234735e+03 +4.528052e+05 +1.483283e+07 -2.290443e+11 -2.316543e+10 -1.488626e+13 -7.726349e+14 +4.556796e+18 +3.635349e+18   +1.129540e-08 -9.251666e-07 +2.014927e-04 +4.930501e-03 +2.703619e-02 -2.159289e+02 +2.838946e+02 -6.821148e+03 -2.584115e+06 +6.349732e+09 -1.845537e+11 +4.194125e+12 -3.633536e+14 -7.790857e+16 +8.118767e+18   
Q20-005   +2.999595e+01   -4.052990e-07 -5.916165e-02 -5.615858e-04 -6.952839e-02 -7.338527e-01 +2.213601e+03 -5.690335e+02 +1.004647e+04 -3.937252e+07 -2.334824e+11 +5.980907e+10 +1.022995e+12 +8.251554e+14 +4.716003e+18 +7.928784e+17   -1.890820e-07 -1.298176e-05 +8.753575e-04 +9.721876e-03 -8.176130e-01 -1.154181e+02 -4.482805e+02 +1.816930e+04 +1.616291e+07 +2.936976e+09 -6.823481e+09 -7.594939e+12 -4.601605e+14 -3.460237e+16 -1.053641e+18   
Q20-007   +2.999670e+01   +5.913914e-07 -5.919928e-02 -1.053427e-03 -7.969380e-02 -6.540533e-01 +2.443001e+03 -1.156420e+03 +1.349916e+05 +2.172830e+07 -2.317813e+11 +3.454550e+10 +1.548807e+12 -6.597132e+14 +4.685845e+18 +1.089499e+18   +3.896555e-07 -6.732861e-06 -5.802162e-04 +1.598129e-02 -1.429277e-01 -1.498345e+02 +1.767516e+03 +1.171177e+05 +1.249951e+07 +4.974667e+09 -7.012048e+10 -1.334066e+13 +2.097917e+14 -2.953376e+16 +1.708000e+18   
Q20-009   +2.999615e+01   +2.555170e-07 -5.917486e-02 -1.034253e-03 -1.209912e-01 -7.930761e-01 +2.393904e+03 -8.249502e+02 +2.482326e+05 +1.060316e+07 -2.339385e+11 -3.047841e+10 -5.228334e+12 -4.730884e+14 +4.733474e+18 -2.390794e+18   +2.349909e-07 -1.218241e-05 -3.100086e-04 +1.115371e-02 +4.642879e-01 -1.402035e+02 +1.085990e+02 +6.484539e+04 +2.328070e+06 +4.793098e+09 +1.651523e+10 -5.114316e+12 -3.089206e+14 -5.047421e+16 +2.817384e+18   
Q20-010   +2.999585e+01   +7.355014e-07 -5.917282e-02 -3.571707e-04 -1.013049e-01 -4.660351e-01 +2.377954e+03 -2.585337e+03 +1.657858e+05 +1.744441e+07 -2.326805e+11 +8.705644e+10 -3.724952e+12 -1.260586e+14 +4.696333e+18 -1.162062e+18   +2.143337e-08 -6.822734e-06 -6.962717e-04 +2.056244e-02 +1.453020e+00 -1.665857e+02 -6.601287e+02 -5.024228e+04 -7.981654e+06 +5.864975e+09 -9.396437e+10 -3.639280e+12 +1.426128e+14 -1.250522e+17 +1.082267e+18   
Q20-011   +2.999595e+01   +4.232028e-08 -5.916029e-02 -1.316500e-03 -8.347384e-02 -9.252439e-01 +2.460538e+03 -1.644768e+03 +1.638744e+05 +3.034942e+05 -2.338298e+11 +8.093186e+10 -1.638296e+12 +5.655607e+14 +4.718240e+18 +1.522780e+18   +5.159917e-07 -4.922745e-06 -1.160702e-03 -8.032621e-03 +1.329806e+00 -1.722809e+02 +1.075758e+03 +5.960951e+04 +4.816030e+06 +4.883119e+09 -3.816842e+10 -6.310919e+12 -9.248149e+14 -8.956132e+16 -1.443989e+18   
Q20-012   +2.999595e+01   +3.016129e-07 -5.917229e-02 -1.654045e-03 -1.299534e-01 -1.192865e+00 +2.429083e+03 +7.269375e+02 +3.142435e+05 +2.733721e+07 -2.345829e+11 -8.608122e+10 -7.953487e+12 -1.653015e+14 +4.764993e+18 +2.781681e+17   +4.311229e-07 -2.867796e-05 -1.227560e-03 +3.292585e-03 +1.521849e+00 -1.832024e+02 +1.065077e+02 +2.129803e+04 +7.860885e+05 +4.589476e+09 -7.493605e+09 -7.497709e+12 -9.936725e+13 -1.033069e+17 -3.302001e+18   
Q20-013   +2.999585e+01   +5.240552e-07 -5.914885e-02 -6.914690e-04 -8.212413e-02 +1.074594e-01 +2.410102e+03 -6.636905e+02 -2.282124e+04 +2.274285e+07 -2.328228e+11 -6.133812e+09 +5.735360e+12 +2.478063e+14 +4.735442e+18 -1.469916e+18   +4.859609e-07 -2.157805e-05 -9.794058e-04 +2.871178e-02 +2.385324e-01 -1.970990e+02 +6.799381e+00 -1.664934e+05 +1.472709e+07 +6.792583e+09 -2.046788e+09 -6.493578e+12 -2.709112e+14 -1.699375e+17 +7.953247e+17   
Q20-014   +2.999590e+01   +5.280262e-07 -5.916719e-02 +3.276782e-04 -6.766538e-02 +9.551812e-01 +2.358336e+03 -3.704393e+03 +1.670079e+05 +5.178398e+06 -2.347324e+11 +1.697723e+11 -4.651392e+12 -1.447779e+14 +4.749259e+18 +3.869929e+18   +1.210016e-07 -2.799527e-05 -1.989347e-04 +3.791962e-02 -2.594569e-01 -1.593618e+02 +2.282879e+03 -1.707621e+05 -6.426675e+06 +4.272074e+09 +1.733841e+11 -9.111075e+12 -1.119490e+14 -2.310327e+16 +2.107958e+18   
Q20-015   +2.999595e+01   +4.620280e-07 -5.917012e-02 -1.250997e-03 -1.036765e-01 -3.465625e-01 +2.393321e+03 +1.686369e+03 +7.081876e+04 +1.777474e+07 -2.330674e+11 -3.033512e+10 +1.603522e+12 -8.041849e+13 +4.719510e+18 +1.702745e+18   +3.727797e-07 -7.986975e-06 -1.289114e-03 +9.257406e-03 +5.672699e-01 -1.828471e+02 +2.167225e+03 -5.729083e+04 -5.940792e+05 +6.052457e+09 +3.116081e+10 -4.944261e+12 -2.516296e+14 -1.458712e+17 +2.073568e+17   
Q20-016   +2.999660e+01   +4.307048e-08 -5.916264e-02 -1.962981e-03 -5.580236e-02 -7.569658e-01 +2.420737e+03 +3.212795e+03 -3.496980e+04 -1.620022e+05 -2.335080e+11 -5.024189e+10 +6.416547e+11 +3.074710e+14 +4.675040e+18 +4.465796e+18   +6.407456e-07 -2.156627e-05 -1.309907e-03 +1.184910e-02 +9.946174e-01 -2.432421e+02 +1.376617e+03 +1.829543e+05 +7.608322e+06 +7.851953e+09 +5.110062e+10 -8.226986e+12 -3.566984e+14 -2.235594e+17 -4.430035e+18   
Q20-021   +2.999625e+01   +9.201960e-07 -5.913773e-02 -6.968388e-04 -9.140683e-02 -8.557626e-01 +2.340660e+03 -2.497707e+03 +2.831660e+05 +3.748662e+07 -2.321655e+11 +4.619261e+10 -9.808473e+12 -1.752177e+15 +4.709042e+18 -1.014606e+18   +8.259192e-07 +8.183446e-08 -2.030367e-03 +2.736920e-02 +2.006077e+00 -2.308984e+02 +3.780663e+03 +4.084237e+04 +1.803384e+07 +8.210760e+09 -6.626172e+10 -4.568414e+12 -5.004826e+14 -2.203629e+17 +5.005136e+18   
Q20-022   +2.999585e+01   +2.831700e-07 -5.909791e-02 -9.354424e-04 -9.887504e-02 -2.326109e-01 +2.346636e+03 +3.568887e+02 +2.779383e+04 +1.030489e+07 -2.324948e+11 -4.099584e+09 +8.436894e+12 -8.983263e+14 +4.664219e+18 +2.231681e+17   +1.320292e-07 -1.244872e-05 +1.383661e-04 +3.686537e-03 +2.207055e-01 -1.709686e+02 +7.534212e+02 +4.127888e+04 +9.405174e+06 +4.740869e+09 -6.044259e+10 -9.144212e+12 +4.582297e+14 -5.347256e+16 +4.318234e+18   
Q20-023   +2.999595e+01   +3.327946e-07 -5.913098e-02 -1.239353e-03 -6.102004e-02 -9.317698e-02 +2.457886e+03 -1.897449e+03 -1.541537e+05 +1.259938e+07 -2.342556e+11 -6.800085e+09 -8.430865e+11 -3.154216e+14 +4.800155e+18 -1.156915e+17   +5.937562e-07 -1.320551e-05 -1.200814e-03 +2.688283e-02 +1.751771e+00 -2.182847e+02 +2.767633e+02 -9.164424e+04 +6.932396e+05 +5.346545e+09 -5.581957e+10 -3.732184e+12 +6.426888e+13 -7.959285e+16 -8.210085e+17   
Q20-026   +2.999640e+01   +3.444027e-07 -5.914896e-02 -2.092956e-03 -3.199001e-02 -1.795603e+00 +2.392578e+03 +2.764534e+03 +3.888787e+04 +1.671304e+07 -2.334018e+11 -1.223714e+11 +5.170350e+12 -1.309758e+14 +4.746886e+18 +5.565421e+18   +4.117814e-07 -1.971813e-05 -1.491858e-04 +6.564881e-03 -2.897140e-01 -1.670641e+02 +1.457294e+02 +1.643382e+04 +9.665256e+06 +4.669650e+09 +5.237368e+10 +6.835174e+12 -1.901691e+14 -8.527500e+16 -5.212469e+18   
Q20-027   +2.999635e+01   +5.702187e-07 -5.915890e-02 -1.407320e-03 -8.338144e-02 -6.547513e-01 +2.394525e+03 -9.506570e+02 +1.152104e+05 +2.025987e+07 -2.330395e+11 +1.469483e+10 -4.018092e+12 -5.561680e+14 +4.754552e+18 +1.007936e+18   +1.830797e-07 -2.100061e-05 -7.712418e-05 +1.526362e-02 +3.505146e-01 -1.815103e+02 -1.105313e+03 +4.573693e+04 +9.402677e+06 +5.931938e+09 -2.711644e+10 -6.445101e+12 -4.017345e+14 -1.307433e+17 +2.445986e+16   
Q20-028   +2.999600e+01   +2.510611e-07 -5.915002e-02 -1.073902e-03 -7.748900e-02 -5.412082e-01 +2.363787e+03 -2.760929e+03 -3.256165e+04 +2.989626e+07 -2.324923e+11 +4.506768e+10 +1.525703e+12 -7.376610e+14 +4.744866e+18 +3.304819e+18   +3.091746e-07 -1.709110e-05 -3.365952e-04 +2.117029e-02 +2.284512e-01 -1.563319e+02 -9.438142e+02 +1.987980e+05 +2.192475e+07 +3.684151e+09 +7.101033e+10 -9.075260e+12 -2.916749e+14 -3.597793e+16 +2.604467e+18   
Q20-033   +2.999600e+01   +6.811928e-07 -5.913495e-02 -1.117419e-03 -8.532448e-02 -8.836928e-01 +2.399630e+03 -5.456084e+02 +7.556227e+04 +2.983721e+07 -2.342629e+11 +1.985420e+10 -4.364715e+11 -6.534948e+14 +4.751310e+18 -1.991410e+18   +4.737958e-07 -1.477241e-05 -9.226023e-04 +1.949279e-02 +1.164521e+00 -1.181070e+02 -2.255247e+02 -6.677267e+04 +2.534953e+07 +4.384708e+09 +2.317480e+10 -7.448777e+12 -8.079324e+14 -7.078147e+16 -7.790922e+17   
Q20-034   +2.999600e+01   +4.187922e-07 -5.910108e-02 -7.141876e-04 -8.598200e-02 -9.077997e-01 +2.390784e+03 -1.909620e+03 +1.061872e+05 +9.078527e+06 -2.315323e+11 +3.483918e+10 -6.080051e+11 -1.252793e+14 +4.634785e+18 -1.387846e+18   +8.829641e-07 -2.327973e-05 -3.906581e-03 +1.220104e-02 +3.387142e+00 -1.680096e+02 +8.023903e+03 +5.843793e+04 -5.863862e+06 +3.094227e+09 -8.057228e+10 -4.079487e+12 +5.615089e+13 +9.789925e+15 +1.457438e+18   
Q20-035   +2.999590e+01   +4.762261e-07 -5.911528e-02 -1.959615e-03 -5.565241e-02 -1.304030e+00 +2.413833e+03 +1.118809e+03 +4.205191e+04 +2.777715e+07 -2.334243e+11 -1.893766e+10 -4.989002e+10 -6.888388e+14 +4.698142e+18 +3.205052e+18   +1.465422e-07 -1.985568e-05 +1.742556e-04 +2.665560e-02 -1.464325e-01 -1.190140e+02 -1.440388e+03 +9.751683e+04 +1.193047e+07 +5.052307e+09 +2.505857e+09 -8.697262e+12 -1.640534e+14 -1.216615e+17 +1.045786e+18   
Q20-036   +2.999610e+01   +6.104624e-07 -5.917973e-02 -6.596087e-04 -7.596964e-02 -7.088912e-01 +2.380226e+03 -1.610459e+03 +1.851507e+05 +9.875517e+06 -2.332929e+11 +5.133047e+10 -9.280606e+12 +2.790857e+14 +4.680442e+18 +3.579889e+18   +8.970463e-07 -2.265007e-05 -1.692357e-03 +2.536039e-02 +4.047600e-01 -1.515863e+02 +3.144640e+03 -9.842496e+04 +1.154592e+06 +6.015335e+09 -6.746194e+10 -2.206336e+12 -8.655979e+14 -1.434340e+17 +3.506179e+18   
Q20-038   +2.999590e+01   +6.742178e-07 -5.915919e-02 -1.414595e-03 -1.053115e-01 -1.214670e+00 +2.436022e+03 -6.493851e+02 +1.634257e+05 +3.253907e+07 -2.320225e+11 -1.780015e+10 -5.579009e+12 -1.080458e+15 +4.676569e+18 -6.211752e+17   +3.213456e-07 -2.565106e-05 +7.411566e-07 +3.147583e-02 -2.675129e-01 -1.611151e+02 +1.465878e+02 +5.249117e+04 +1.121292e+07 +3.310300e+09 -1.718317e+10 -9.698969e+12 -5.255322e+14 -3.774856e+16 +7.142583e+18   
Q20-039   +2.999590e+01   +1.073594e-06 -5.914885e-02 -5.211819e-04 -5.327431e-02 +1.588564e-01 +2.379208e+03 -4.054958e+03 +3.574922e+04 +1.895841e+07 -2.323466e+11 +5.425151e+10 -3.571238e+12 -6.754500e+13 +4.698272e+18 +2.046986e+18   +1.358356e-07 -9.008898e-06 -1.390529e-04 +3.193928e-02 +7.799709e-01 -1.567075e+02 +2.107543e+03 +5.397161e+04 +1.345820e+07 +3.302789e+09 -9.935395e+10 -6.339623e+12 +4.444607e+13 -5.121430e+16 +6.387220e+18   
Q20-041   +2.999640e+01   +7.653398e-07 -5.910953e-02 -1.165174e-03 -6.983215e-02 -5.351802e-01 +2.368414e+03 +9.052693e+01 +2.867225e+05 +3.877479e+07 -2.319672e+11 +3.513532e+10 -4.537258e+12 -1.540057e+15 +4.687449e+18 -2.986727e+18   +6.162963e-07 -3.322531e-06 -1.116469e-03 +1.165948e-02 +1.490435e+00 -2.040798e+02 -8.647438e+02 +1.632454e+05 +2.277914e+07 +6.907549e+09 -3.268087e+10 -5.934432e+12 -1.490159e+14 -1.619224e+17 -2.881511e+18   
Q20-044   +2.999570e+01   +7.548475e-07 -5.911884e-02 -1.640206e-03 -9.373967e-02 -1.505276e+00 +2.421918e+03 +8.525672e+02 +1.570711e+05 +2.444389e+07 -2.328281e+11 -4.115260e+10 -3.261146e+12 -5.515024e+14 +4.735212e+18 +2.615588e+17   +7.424668e-07 -1.846133e-05 -2.209490e-03 +2.511991e-04 +2.124877e+00 -1.880790e+02 +4.194871e+03 +8.624019e+03 +1.266084e+06 +5.315459e+09 -1.487998e+11 -5.966228e+12 -1.570530e+14 -1.219853e+17 +2.289745e+18   
Q20-045   +2.999625e+01   +9.506155e-07 -5.909469e-02 -7.519793e-04 -5.651420e-02 -4.575165e-01 +2.424481e+03 -1.534571e+02 +4.092588e+04 +2.712184e+07 -2.324340e+11 +2.469841e+10 +1.103416e+12 -9.129301e+14 +4.712829e+18 -2.696058e+18   +6.962964e-07 -9.083715e-06 -1.804361e-03 +3.517806e-02 +1.510086e+00 -1.706257e+02 +3.526654e+03 +3.238266e+04 +8.029044e+06 +6.119052e+09 +5.539059e+09 -1.557875e+13 -3.520093e+14 -1.270948e+17 +7.908982e+16   
Q20-048   +2.999600e+01   +5.610641e-07 -5.904897e-02 -2.607831e-05 -2.043376e-02 +9.559115e-01 +2.381202e+03 -1.118851e+03 +1.907479e+04 +9.243996e+06 -2.305919e+11 -2.938067e+10 +4.330114e+12 -1.796987e+14 +4.634288e+18 +3.546463e+18   +1.598254e-07 -9.595356e-06 +6.171926e-04 +1.728162e-03 -1.186337e+00 -8.096096e+01 +3.879394e+02 +5.816749e+04 +1.831767e+07 +3.790612e+08 -2.893739e+10 -2.839038e+12 -4.405004e+14 +6.926457e+16 +1.013577e+18   
Q20-049   +2.999605e+01   +7.699797e-07 -5.907381e-02 -2.201328e-04 -8.128740e-02 +1.173860e+00 +2.388625e+03 -2.361542e+03 +1.252540e+05 +1.002631e+07 -2.305798e+11 +9.364626e+10 +2.231146e+11 +5.419894e+14 +4.641738e+18 -2.510252e+18   +8.331154e-07 -1.701894e-05 -2.519346e-03 +9.768470e-03 +1.942847e+00 -1.338585e+02 +3.541463e+03 +4.331504e+04 +1.218224e+07 +3.182270e+09 +1.764623e+10 +6.738511e+12 +1.147734e+14 -4.735207e+16 -3.438496e+18   
Q20-051   +2.999600e+01   +5.570246e-07 -5.902824e-02 -1.244156e-03 -5.198997e-02 +1.189976e-01 +2.418221e+03 +3.560685e+03 +5.320263e+04 +2.032140e+07 -2.286427e+11 -4.788132e+08 +4.407408e+12 -6.877440e+14 +4.638769e+18 -1.630031e+18   +5.611368e-07 -1.810965e-05 -9.142806e-04 +4.067276e-03 +1.159979e+00 -1.509173e+02 +1.049807e+02 +2.264922e+05 +5.243202e+06 +2.413582e+09 +1.379486e+10 -1.039389e+13 -3.137959e+14 +2.626448e+15 +1.884867e+18   
Q20-053   +2.999695e+01   +8.568181e-07 -5.906671e-02 -1.375616e-03 -9.176786e-02 +1.929850e-01 +2.375833e+03 -8.894854e+01 +1.789294e+05 +2.618740e+07 -2.301699e+11 +5.452368e+10 -4.340815e+12 -6.463824e+14 +4.636855e+18 -3.284235e+17   +2.252344e-07 -2.066483e-05 -8.983917e-04 +1.447873e-02 +2.202633e+00 -1.488607e+02 +1.479378e+03 +1.208528e+05 -1.642716e+06 +4.030286e+09 -4.609629e+10 -9.364489e+12 -2.085342e+14 -5.493268e+16 +5.633976e+17   
Q20-055   +2.999605e+01   +6.239742e-07 -5.906508e-02 -1.235709e-03 -2.667375e-02 -7.388379e-01 +2.379291e+03 +6.555750e+02 -4.308051e+04 +3.224763e+07 -2.314742e+11 +2.363957e+09 +2.481115e+12 -8.802609e+14 +4.690961e+18 -4.851292e+17   +1.794280e-07 -1.392564e-05 +1.035048e-04 -3.642436e-03 +3.246991e-01 -1.516573e+02 -3.192406e+03 +1.506721e+05 +8.974375e+06 +3.807721e+09 +5.618997e+10 -3.891589e+12 -1.800032e+14 -2.990143e+16 -2.122012e+18   
Q20-057   +2.999615e+01   +7.380971e-07 -5.901931e-02 -1.052845e-03 -6.210227e-02 -1.027590e+00 +2.388902e+03 -6.837814e+02 +7.757869e+04 +3.153509e+07 -2.308470e+11 +6.538432e+09 +3.259742e+12 -8.078950e+14 +4.685901e+18 +1.980518e+18   +4.595433e-07 -1.013514e-05 -2.172569e-04 +7.663513e-03 +1.275209e+00 -1.005403e+02 -1.744998e+03 +2.084069e+05 +7.220960e+06 +3.459851e+08 +2.983302e+09 -1.099190e+13 -1.794645e+14 +9.542128e+16 +2.628475e+18   
Q20-061   +2.999520e+01   +5.547661e-07 -5.913369e-02 -1.642343e-04 -5.619332e-02 +4.107170e-01 +2.388877e+03 -2.708025e+03 -7.044941e+04 +1.367929e+07 -2.315262e+11 +3.294965e+10 +5.249470e+12 -1.304431e+14 +4.688597e+18 +2.771047e+18   +3.920617e-07 +1.628656e-05 -1.275308e-03 -1.581742e-03 +5.588224e-01 -3.083723e+02 +1.502293e+03 +7.133005e+04 +7.997693e+06 +9.034092e+09 -1.409759e+11 -5.313754e+12 -4.664166e+14 -1.429329e+17 +3.822775e+18   
Q20-063   +2.999595e+01   +2.659213e-07 -5.906777e-02 -3.261345e-04 -6.021623e-02 +6.056704e-01 +2.317960e+03 -8.702285e+02 +1.054709e+04 -1.077437e+07 -2.287302e+11 +1.351928e+11 +4.097957e+12 -4.545070e+14 +4.660206e+18 -3.752947e+18   +2.996016e-07 -1.036634e-05 -8.393576e-04 +5.277609e-03 +1.174526e+00 -1.793609e+02 +9.087417e+02 +2.834906e+05 +2.667629e+07 +1.587185e+09 +3.063338e+10 -4.200674e+12 -6.445217e+14 +9.816702e+16 +1.441990e+18   
Q20-065   +2.999600e+01   +7.079224e-07 -5.909035e-02 -1.010748e-03 -5.148763e-02 -9.680711e-01 +2.391780e+03 +1.668812e+02 +5.753004e+04 +9.426910e+06 -2.294261e+11 -8.447883e+09 -4.848193e+11 -3.811298e+14 +4.609935e+18 +7.618059e+17   +4.524767e-07 -1.849563e-05 -8.598003e-04 +1.342472e-02 +6.159258e-01 -1.669343e+02 -3.563789e+02 +3.419576e+04 +2.510838e+07 +1.746880e+09 -2.080583e+10 -1.842082e+12 -8.781114e+14 +4.865935e+16 -1.710397e+18   
Q20-066   +2.999435e+01   +9.971528e-07 -5.908419e-02 -2.175973e-04 -1.148740e-02 +1.929166e-01 +2.345533e+03 -4.503775e+02 -2.447456e+05 +1.541862e+07 -2.316169e+11 -1.518559e+10 +4.406583e+11 -9.440698e+14 +4.647102e+18 -2.750605e+18   +1.504787e-07 -1.213093e-05 +9.213028e-04 +1.805010e-02 -2.297604e-01 -2.169058e+02 -4.142377e+03 +2.725920e+05 +5.260477e+05 +3.805533e+09 +1.702982e+11 -3.001489e+12 +2.712362e+13 -1.640880e+16 -1.491382e+18   
Q20-068   +2.999620e+01   +7.705279e-07 -5.910685e-02 -8.707443e-04 -4.307522e-02 +9.534644e-01 +2.413947e+03 -3.093844e+02 +1.783335e+05 +1.751284e+07 -2.308002e+11 +9.848464e+10 +3.960728e+12 -1.338464e+14 +4.620022e+18 -1.934914e+18   +3.443336e-07 -1.853653e-05 -4.799258e-04 +8.446097e-03 +2.936128e-01 -2.416217e+02 +1.077081e+03 +1.731438e+05 +1.122681e+07 +5.913029e+09 -1.833709e+09 -1.322210e+13 +7.253942e+13 -1.130127e+17 +5.386259e+18   
Q20-069   +2.999540e+01   -1.001215e-07 -5.906586e-02 -8.715946e-04 -1.092448e-01 -9.113074e-02 +2.367335e+03 +5.542016e+03 +4.126523e+05 +5.423345e+06 -2.316356e+11 -1.024835e+11 -2.362289e+13 -7.356508e+14 +4.658981e+18 +4.818492e+18   +5.069547e-07 +2.147486e-05 -9.201788e-04 +1.452740e-02 +4.786524e-01 -1.958938e+02 -8.406292e+02 -3.477300e+03 -1.305919e+06 +4.865649e+09 +8.427432e+10 -7.874344e+12 -2.925356e+14 -3.449842e+16 +4.406716e+17   
Q20-071   +2.999550e+01   +8.435565e-07 -5.909916e-02 +2.252347e-04 -8.425467e-02 +3.416149e-01 +2.415232e+03 -2.642458e+03 +1.598446e+05 +2.111076e+07 -2.309778e+11 +8.240579e+10 -4.401734e+12 -1.064953e+15 +4.692637e+18 -4.785855e+17   +4.610072e-07 +6.329089e-06 +7.076461e-04 +7.552350e-03 -1.987398e+00 -1.938276e+02 -3.024332e+03 +5.977993e+04 +2.473900e+07 +4.453261e+09 +1.991944e+11 -7.703512e+12 -4.483062e+14 -4.972279e+16 -4.835479e+18   
Q20-073   +2.999560e+01   +1.087740e-06 -5.911814e-02 -2.734722e-04 -8.264135e-02 +2.794827e-01 +2.403194e+03 -1.232628e+03 +1.753378e+05 +3.113546e+07 -2.339053e+11 -2.278152e+10 -6.364173e+12 -1.785108e+14 +4.747190e+18 +5.264555e+18   +3.642941e-07 +2.697102e-05 -4.369348e-07 +1.442102e-02 -9.668591e-01 -1.904045e+02 +2.290634e+03 -8.253634e+04 +2.864437e+07 +5.334692e+09 +1.004533e+10 -7.009591e+12 -8.333529e+14 -1.071264e+17 +1.902935e+18   
Q20-074   +2.999585e+01   +7.030463e-07 -5.910861e-02 -1.135306e-03 -6.827688e-02 -2.767328e-01 +2.351575e+03 -7.313525e+02 +2.790986e+05 +2.655787e+07 -2.327394e+11 -3.317088e+10 -4.372495e+12 -2.267947e+14 +4.691086e+18 -1.943652e+18   +3.668037e-07 +2.885672e-06 -6.733905e-05 +1.248222e-02 -3.068676e-01 -2.079510e+02 +4.014615e+03 +5.609803e+04 +1.419936e+07 +4.491545e+09 -1.258025e+11 +1.734844e+12 -6.633808e+14 -7.840221e+16 +5.648831e+18   
Q20-076   +2.999575e+01   +8.578052e-07 -5.908674e-02 -9.311059e-04 -3.571336e-02 -3.348364e-01 +2.292259e+03 -6.072554e+02 +4.809335e+04 +1.912408e+07 -2.318262e+11 -2.060320e+09 -4.253106e+12 -3.072768e+14 +4.763632e+18 +7.900686e+17   -1.391132e-07 +2.076262e-05 -1.225720e-04 +3.386003e-02 +4.746222e-02 -2.548195e+02 -1.218051e+03 +4.091726e+05 -1.880035e+07 +8.437989e+09 +7.311242e+08 -1.955021e+13 -3.780536e+14 -1.794015e+17 +1.738009e+18   
Q20-077   +2.999600e+01   +2.806316e-07 -5.909185e-02 -7.653620e-04 -5.456278e-02 -1.298343e+00 +2.353428e+03 -2.616019e+03 +6.224617e+04 +8.803647e+06 -2.325839e+11 +6.575657e+10 +3.401897e+12 -3.975740e+14 +4.760168e+18 -1.382616e+18   +2.578773e-07 -1.200742e-05 -4.817512e-04 +2.005921e-02 +1.035990e+00 -1.729700e+02 -9.081184e+02 -4.438352e+04 -4.990349e+06 +2.717003e+09 +7.988635e+10 -2.777791e+12 +4.009378e+14 -1.989596e+16 +7.662082e+17   
Q20-078   +2.999585e+01   +6.491065e-07 -5.908027e-02 -1.102148e-03 -7.548541e-02 +1.316583e-01 +2.351120e+03 +1.641830e+03 -9.096198e+04 +3.281959e+07 -2.296947e+11 -6.349718e+10 +5.131463e+12 -7.277587e+14 +4.649523e+18 +6.567235e+17   +6.048577e-07 -1.063842e-05 -1.024169e-03 +2.327330e-02 +2.165542e-01 -2.350588e+02 +5.260024e+03 +3.077883e+04 +1.241047e+07 +5.994216e+09 -1.017877e+11 -5.045065e+12 +1.992204e+14 -1.112412e+17 +3.614087e+17   
Q20-080   +2.999580e+01   +5.543239e-07 -5.905910e-02 -1.168397e-03 -8.212890e-02 -1.013768e+00 +2.405605e+03 +2.019754e+03 +2.544611e+05 +2.852223e+07 -2.330309e+11 +3.324003e+10 -3.237942e+12 -3.989679e+14 +4.723151e+18 +1.439546e+18   +5.713973e-08 +9.735770e-06 -6.146841e-04 +5.451553e-03 +1.131534e+00 -1.683126e+02 -1.192278e+03 +1.725068e+05 +1.956522e+07 +6.863101e+09 -2.611181e+10 -7.089816e+12 +9.992056e+14 -1.492589e+16 -2.744537e+18   
Q20-081   +2.999570e+01   +6.951743e-07 -5.908717e-02 -4.480629e-04 -5.478755e-02 -5.270512e-01 +2.309666e+03 -7.989298e+01 +1.419124e+05 +4.492254e+07 -2.317260e+11 -1.244477e+11 -1.283476e+12 -1.332521e+15 +4.737302e+18 +1.177212e+19   +3.980364e-07 +5.208527e-06 -1.663791e-03 +1.886188e-02 +1.435952e+00 -2.715000e+02 +2.290677e+03 -4.019159e+04 -1.957667e+07 +9.248892e+09 -1.542208e+11 -1.795148e+11 +8.384062e+14 -3.066252e+17 +5.326203e+18   
Q20-082   +2.999560e+01   +3.759161e-07 -5.910200e-02 -3.151938e-05 -6.218975e-02 +6.114023e-01 +2.269760e+03 -3.113393e+03 +4.087226e+05 +8.951700e+06 -2.331905e+11 +1.023208e+11 -1.429402e+13 +4.662374e+14 +4.743336e+18 -4.404543e+18   -2.910333e-09 +4.270530e-06 -1.046024e-03 +1.967162e-02 +1.235043e+00 -1.972388e+02 +2.363166e+03 +1.410789e+05 -2.518260e+07 +5.372091e+09 -1.937509e+11 -1.228937e+13 +2.074236e+14 -1.058779e+17 +7.341070e+18   
Q20-083   +2.999395e+01   +3.815673e-07 -5.904891e-02 -1.829977e-04 -5.051829e-02 +5.674988e-02 +2.316762e+03 -2.794266e+03 +6.158155e+04 +1.157741e+07 -2.304331e+11 -1.335144e+10 +3.491387e+12 -2.063029e+14 +4.702695e+18 +3.734797e+18   +4.420285e-07 -2.116304e-05 -1.219377e-03 +2.020340e-02 +1.297774e+00 -1.796730e+02 +3.348585e+03 -1.404396e+04 -1.538812e+07 +2.981340e+09 -1.058513e+11 +5.519850e+11 +4.808726e+14 -1.998580e+16 +6.035731e+18   
Q20-086   +2.999610e+01   +8.022326e-07 -5.909828e-02 +1.309218e-04 -5.587963e-02 +4.470705e-01 +2.289561e+03 -1.983159e+03 +1.652011e+05 -9.779708e+06 -2.315025e+11 +5.239481e+10 -9.398038e+12 +1.017773e+14 +4.806655e+18 -6.387647e+17   +3.243406e-07 -5.618364e-06 -8.444644e-04 +3.891823e-03 +9.247879e-01 -1.565976e+02 -5.160358e+02 +2.316960e+05 +9.545388e+06 +1.941909e+09 +3.025145e+10 -3.868520e+12 -1.102038e+15 +9.947400e+15 +1.041149e+18   
Q20-087   +2.999600e+01   +8.381984e-07 -5.908975e-02 -3.466942e-04 -7.228987e-02 -1.273603e-01 +2.279135e+03 -3.648496e+03 +6.473726e+04 +2.216846e+07 -2.285358e+11 +1.639630e+11 -1.898589e+12 -7.491739e+14 +4.613728e+18 -7.636545e+18   +3.514315e-07 -2.058143e-05 -1.567195e-03 +1.396844e-02 +2.256872e+00 -1.638488e+02 +3.368986e+02 +2.778222e+05 +6.723286e+06 +1.035396e+09 +1.806660e+10 -1.387048e+13 -1.905101e+14 +2.904967e+16 +1.418097e+18   
Q20-088   +2.999595e+01   +1.090201e-06 -5.904154e-02 -1.476856e-04 -1.594131e-02 -4.041896e-01 +2.335111e+03 -1.891264e+03 +7.965575e+04 +2.919305e+07 -2.286288e+11 -4.989077e+09 -1.087806e+11 -3.995223e+14 +4.548247e+18 +4.122133e+18   +3.957568e-07 -2.160760e-05 -1.189859e-03 +3.591872e-02 +1.585044e+00 -2.232773e+02 +2.774602e+03 -2.268337e+05 -4.114859e+06 +4.493303e+09 -1.174231e+11 +3.218667e+12 +5.012780e+13 -3.399929e+16 +3.555573e+18   
Q20-090   +2.999490e+01   +5.536831e-07 -5.908118e-02 -8.647760e-04 -3.434804e-05 -5.265705e-01 +2.300136e+03 -1.131902e+03 -1.217985e+05 +2.089163e+07 -2.301954e+11 +1.633863e+11 +6.697605e+12 -1.094909e+15 +4.671531e+18 -2.562779e+18   +4.327846e-08 -1.131547e-05 +6.094923e-05 +1.211916e-02 +5.664360e-01 -1.197492e+02 -3.395887e+03 -5.228149e+04 +2.136341e+07 +2.639474e+09 +7.781526e+10 -1.465803e+13 -3.354047e+14 -2.571552e+16 +3.291089e+18   
Q20-091   +2.999415e+01   -2.552465e-07 -5.912006e-02 -1.102242e-03 -4.367038e-02 +5.061820e-02 +2.274457e+03 +7.413722e+02 +1.567230e+05 +3.523787e+06 -2.268264e+11 +6.495020e+09 -7.792163e+11 +2.063808e+14 +4.621465e+18 -1.200968e+18   +1.612574e-07 -4.518638e-06 -7.221181e-04 +4.017990e-03 +6.649310e-01 -2.087865e+02 +2.593786e+03 +2.680300e+03 -1.954498e+07 +4.936309e+09 +4.991110e+10 -9.822115e+12 +1.130444e+15 +3.963850e+16 -5.107336e+18   
Q20-092   +2.999595e+01   +1.538347e-07 -5.906827e-02 -1.547148e-03 -6.607409e-02 -6.265843e-01 +2.336713e+03 +3.091381e+03 +8.267639e+04 +6.125087e+06 -2.305503e+11 -9.616465e+10 -3.167933e+12 -8.101460e+14 +4.644464e+18 +3.810291e+18   +3.570772e-07 -2.011640e-05 -1.212910e-03 +1.089226e-02 +1.396044e+00 -1.315569e+02 +4.049413e+03 +1.706282e+05 +1.647094e+07 +1.437700e+09 -8.075654e+10 -1.376002e+13 -4.836783e+14 +2.435348e+16 -2.638350e+18   
Q20-094   +2.999440e+01   +4.987818e-07 -5.905966e-02 -2.031923e-03 -4.768643e-02 -4.471025e-02 +2.344287e+03 +5.166328e+02 +5.433404e+04 +5.228093e+06 -2.299766e+11 +3.540891e+10 +1.101107e+13 -8.574694e+13 +4.591367e+18 -2.241541e+18   +7.587746e-07 -9.567479e-06 -2.175440e-03 +2.145587e-02 +2.154992e+00 -2.076567e+02 +4.065739e+03 +2.630079e+05 +9.250800e+06 +4.967821e+09 -5.196303e+10 -7.403942e+12 -9.902338e+14 -1.161084e+17 +6.986608e+17   
Q20-098   +2.999690e+01   +7.143435e-07 -5.908501e-02 -1.706362e-04 -5.861412e-02 +9.183706e-02 +2.339317e+03 -1.650593e+03 -5.259774e+04 +1.968110e+07 -2.316130e+11 +3.784448e+10 +4.222130e+12 -6.009884e+14 +4.693198e+18 -2.366509e+17   +1.376296e-07 -1.034011e-05 -2.975999e-04 +1.129179e-02 +4.611140e-01 -9.345272e+01 +1.369715e+03 +7.370142e+04 -1.121492e+06 +1.193807e+09 +8.637649e+10 -9.414610e+12 +6.135714e+14 +7.973987e+15 -5.158600e+18   
Q20-102   +2.999575e+01   +6.187223e-07 -5.909674e-02 -3.153810e-04 -3.982908e-02 -3.462544e-02 +2.225251e+03 -2.550985e+03 +9.163338e+04 +1.995705e+07 -2.276390e+11 +7.541765e+10 +9.776075e+12 -7.348544e+14 +4.711794e+18 -2.743602e+18   +4.107809e-07 +2.136349e-05 -1.237764e-03 +1.691930e-02 +6.794249e-01 -3.226010e+02 +1.714290e+03 -6.906458e+03 +4.595498e+06 +1.058145e+10 -5.940768e+10 -5.038797e+12 +4.643424e+14 -2.818854e+17 +4.678559e+18   
Q20-106   +2.999655e+01   +3.782918e-07 -5.924381e-02 -2.677693e-04 -4.349547e-02 -5.256531e-01 +2.380074e+03 -2.802443e+03 +3.490768e+05 +2.692675e+07 -2.312427e+11 +1.140537e+11 +8.298224e+12 -4.215278e+14 +4.708935e+18 +6.426232e+17   +2.814090e-07 -9.948174e-06 -7.272936e-04 +1.514861e-02 +1.907565e-01 -1.671765e+02 +3.625987e+03 +8.385631e+04 +5.344725e+06 +3.457604e+09 -1.047000e+11 -1.213517e+13 -4.730631e+14 -3.289772e+16 -8.590895e+17   
Q20-115   +2.999460e+01   +5.109163e-07 -5.908864e-02 -1.009327e-03 -3.664453e-02 +5.772502e-01 +2.299945e+03 -5.867153e+02 -1.524229e+05 -7.740637e+06 -2.291878e+11 +5.403439e+10 +8.074570e+12 -3.791976e+14 +4.620478e+18 -3.808629e+18   +5.637151e-07 -1.711768e-05 -1.043683e-03 +4.889177e-03 +1.884780e+00 -1.589280e+02 -2.355687e+03 +1.552130e+05 +7.364286e+06 +4.591173e+09 +6.763391e+10 -1.280228e+13 -2.112072e+14 -1.096191e+17 -2.727717e+18   
Q20-118   +2.999465e+01   +6.273672e-07 -5.911601e-02 -9.096576e-04 -3.136276e-02 -4.153691e-01 +2.390918e+03 -9.833904e+02 +1.359570e+05 +1.333461e+07 -2.309505e+11 +3.705557e+10 +9.610247e+11 -1.333704e+14 +4.676347e+18 -3.937682e+18   +3.981243e-07 -2.123423e-05 -1.126480e-03 +1.921526e-02 +1.838847e+00 -1.131983e+02 +1.578076e+03 -2.802743e+04 -8.898724e+05 +2.835068e+07 -7.835517e+10 -5.602943e+12 +6.554472e+14 -1.351710e+16 +2.168021e+18   
Q20-120   +2.999415e+01   +3.606700e-07 -5.908439e-02 -7.891419e-04 -6.137583e-03 -6.689068e-01 +2.325120e+03 +1.752087e+03 -1.112351e+05 +2.509568e+07 -2.283944e+11 -9.694590e+10 +1.369148e+12 -1.029667e+15 +4.601674e+18 +5.878533e+18   +6.988333e-08 -1.703641e-05 -5.766661e-04 +6.185103e-04 +1.203839e+00 -1.890408e+02 -1.309640e+03 +1.107954e+04 +1.118006e+07 +2.260467e+09 -4.703414e+10 -1.069972e+13 +2.070157e+14 +8.091384e+16 -5.082631e+18   
Q20-121   +2.999545e+01   +3.702508e-08 -5.910776e-02 -1.103748e-03 -5.365404e-02 -8.695679e-01 +2.329749e+03 +4.214813e+03 +6.834410e+04 +1.048244e+07 -2.294150e+11 -7.818713e+10 -4.325586e+12 -5.016221e+14 +4.687531e+18 +4.874726e+18   +6.200640e-07 -1.879758e-05 -5.370028e-04 +2.685075e-03 +1.849418e+00 -2.693537e+02 +8.174466e+02 -1.365755e+05 -1.143018e+06 +8.007081e+09 -1.021975e+10 -2.136956e+13 +8.743193e+14 -1.991654e+17 -5.867163e+17   
Q20-123   +2.999600e+01   +7.791749e-07 -5.909521e-02 -7.208841e-04 -2.016363e-02 -5.046533e-02 +2.360369e+03 -1.597332e+03 -1.001095e+05 +2.518622e+07 -2.296967e+11 +1.597171e+11 +1.107394e+13 -1.436221e+15 +4.626300e+18 +8.219196e+18   +2.515573e-07 -1.430681e-05 -9.279351e-04 +1.145752e-02 +1.821281e+00 -1.427071e+02 +4.794596e+03 +3.660565e+05 -1.057115e+07 +2.534292e+09 -8.553184e+10 -1.372447e+13 +1.221889e+15 -1.223424e+17 -4.055781e+18   
Q20-129   +2.999565e+01   +7.276335e-07 -5.911674e-02 -2.078224e-04 -7.041078e-02 +2.039825e-02 +2.412592e+03 -2.267845e+03 +1.358862e+05 +1.252174e+07 -2.316570e+11 +2.706019e+10 -5.663805e+12 -2.734093e+14 +4.744641e+18 -1.085511e+18   +1.011488e-07 +1.357068e-05 -1.165980e-03 +1.317723e-02 +1.117823e+00 -1.846214e+02 +1.640614e+03 +1.468712e+05 -3.795557e+06 +5.288564e+09 -5.840980e+10 -8.471502e+12 -2.023627e+13 -6.863315e+16 +1.275910e+18   
Q20-131   +2.999550e+01   +5.883309e-07 -5.913314e-02 -6.434332e-04 -1.797612e-02 -3.737227e-01 +2.339479e+03 +1.596211e+03 -9.019890e+04 +1.171743e+07 -2.281108e+11 -5.065690e+10 +3.197331e+12 -5.537527e+12 +4.622997e+18 +1.188932e+18   +2.433805e-07 +2.387609e-05 -8.119055e-04 +1.270402e-02 +1.061123e+00 -3.014604e+02 -1.836770e+03 +7.409565e+03 +2.650981e+06 +8.876371e+09 +4.589265e+10 -8.773049e+12 -2.049643e+14 -1.499696e+17 -3.902075e+18   
Q20-132   +2.999505e+01   +3.374300e-07 -5.913869e-02 +3.426985e-04 -5.426492e-02 +2.765492e-01 +2.372218e+03 -4.139926e+03 +1.556308e+05 +2.607314e+07 -2.321524e+11 +4.761582e+10 +2.671584e+12 -8.682463e+14 +4.766683e+18 +2.222567e+17   -6.474798e-08 -2.697027e-06 +1.260995e-04 -4.609184e-03 +6.955518e-01 -1.960114e+02 -5.230733e+03 -3.464958e+04 +1.809675e+05 +4.576905e+09 -2.929605e+10 -1.130917e+12 -2.716755e+14 -6.973034e+16 +4.524216e+18   
Q20-133   +2.999550e+01   +8.750253e-07 -5.912757e-02 -2.205382e-04 -1.050758e-02 -6.156907e-02 +2.412363e+03 -5.014702e+03 +1.126686e+04 +2.312679e+07 -2.305459e+11 +2.521658e+10 +2.929474e+12 -8.750309e+14 +4.683976e+18 -3.865013e+18   -8.066720e-08 +5.664360e-06 +7.097208e-04 +3.183135e-02 +8.430481e-02 -1.801156e+02 -1.670076e+03 -1.413809e+05 -7.071804e+06 +4.351556e+09 +2.220894e+10 -8.732947e+12 -2.594782e+14 -4.977230e+16 +2.673270e+17   
Q20-137   +2.999630e+01   +9.867140e-07 -5.910269e-02 -3.436180e-04 -3.103094e-02 +1.297148e-01 +2.423400e+03 +5.681171e+01 -1.066375e+05 +2.399147e+07 -2.298371e+11 -1.317853e+11 +6.952194e+12 -5.897047e+14 +4.630638e+18 +9.350497e+18   +1.016630e-07 +6.416911e-06 -9.768025e-04 +2.650113e-02 +1.668712e+00 -1.914656e+02 +3.616159e+03 -4.341852e+04 -1.423648e+07 +5.306815e+09 -1.162976e+11 -5.951481e+12 +7.255161e+14 -5.250668e+16 +2.562882e+18   
Q20-141   +2.999605e+01   +2.180586e-07 -5.914665e-02 -1.317006e-03 -1.334056e-02 -2.700647e+00 +2.372366e+03 -2.143840e+02 +1.120901e+05 +2.799543e+07 -2.299013e+11 +2.215657e+10 +9.916009e+11 -7.748230e+13 +4.713104e+18 -3.788215e+18   +2.341833e-07 +2.155235e-05 -5.067617e-04 +1.885800e-02 +4.095376e-01 -2.449195e+02 +3.690513e+02 +9.503015e+04 -1.268369e+07 +9.147664e+09 +7.866502e+10 -6.012245e+12 -4.461061e+14 -2.719002e+17 +1.299959e+18   
Q20-145   +2.999400e+01   +5.746383e-07 -5.912306e-02 -1.047354e-03 -8.777742e-02 +6.348696e-02 +2.311720e+03 -1.022460e+03 +2.098169e+05 +2.189521e+07 -2.294907e+11 +4.739998e+10 -2.781513e+12 -4.628336e+14 +4.650864e+18 -2.090893e+18   +3.829383e-07 -1.555738e-05 -1.636244e-03 +1.150118e-02 +1.544362e+00 -2.184192e+02 +1.704810e+03 -1.017639e+05 +6.928762e+06 +4.880923e+09 +2.436144e+10 -1.439232e+12 -3.623115e+14 -5.927472e+16 -1.959356e+17   
Q20-146   +2.999625e+01   +6.045749e-07 -5.909955e-02 -1.388310e-03 -4.985450e-02 -1.962207e+00 +2.338104e+03 +9.067123e+02 -2.952910e+04 +2.846990e+07 -2.291478e+11 -2.991642e+10 -1.333935e+12 -1.385994e+14 +4.668594e+18 +6.791209e+17   +4.329885e-08 -1.953820e-05 -9.149237e-04 +5.037510e-02 +1.175855e+00 -1.767168e+02 -4.430187e+03 -5.190179e+04 -7.898837e+06 +6.852890e+08 -4.777537e+10 -1.848705e+13 -4.711002e+14 +3.877718e+16 -3.046642e+18   
Q20-147   +2.999630e+01   +7.978357e-07 -5.912466e-02 -1.263147e-03 -1.115616e-01 +2.172980e-02 +2.394189e+03 -2.688108e+03 +4.205099e+04 +5.805793e+06 -2.298824e+11 +9.027370e+10 -3.056165e+12 -5.744799e+14 +4.653441e+18 -3.364272e+18   +2.150984e-07 -1.292286e-05 -1.176870e-03 +2.252004e-02 +1.700350e+00 -1.894218e+02 +8.924434e+02 -3.573647e+04 -6.761271e+06 +3.208336e+09 -2.563022e+09 -6.380644e+12 -3.784257e+14 +1.368437e+16 +1.697732e+18   
Q20-152   +2.999635e+01   +6.553097e-07 -5.908449e-02 -1.019653e-03 -1.159231e-01 -1.042426e+00 +2.363787e+03 -6.165917e+02 +2.528879e+05 +1.764808e+07 -2.302587e+11 -3.534687e+08 -7.097287e+12 -2.182254e+14 +4.653660e+18 +1.465469e+17   -2.137831e-07 -4.200838e-06 -5.316960e-04 +2.218773e-02 +1.056370e+00 -1.431696e+02 +1.524511e+03 +1.095547e+05 -4.224671e+06 +2.789339e+09 -3.148299e+10 -7.796869e+10 +1.085998e+14 +2.453804e+16 +4.297940e+18   
Q20-155   +2.999660e+01   +8.561607e-07 -5.906686e-02 -1.391257e-03 +2.237415e-03 -1.453703e+00 +2.298148e+03 +1.106647e+03 -8.482775e+04 +2.924121e+07 -2.324314e+11 +2.389229e+09 +4.951481e+12 -1.028759e+15 +4.720888e+18 -4.945030e+17   +3.546069e-07 +7.103382e-06 -4.632915e-04 +1.290281e-02 +4.504347e-01 -1.834944e+02 +1.030533e+02 +2.534961e+04 +1.368061e+07 +4.142299e+09 +1.732744e+10 -2.434642e+12 -4.393231e+14 -2.567897e+16 -1.906592e+18   
Q20-168   +2.999595e+01   +5.206536e-07 -5.906531e-02 -1.412161e-03 -6.616997e-02 -7.757617e-01 +2.227300e+03 -1.335137e+03 +8.436299e+04 +1.304820e+07 -2.265886e+11 +3.441921e+10 -8.722558e+10 -6.852015e+14 +4.535182e+18 -3.818139e+18   +2.215666e-07 -1.986715e-05 +4.932513e-05 -4.361599e-03 -8.338312e-01 -1.813674e+02 +4.418593e+02 +9.389771e+04 +2.002576e+07 +2.837344e+09 +1.783806e+10 -2.833815e+12 -3.925203e+14 +3.475779e+16 -1.805049e+18   
Q20-169   +2.999600e+01   +7.884851e-07 -5.907381e-02 -1.207306e-03 -2.641543e-02 -1.105551e+00 +2.229605e+03 -5.223480e+02 -7.813015e+04 +2.161424e+07 -2.272231e+11 -3.410045e+10 +3.789879e+12 -3.277668e+14 +4.573000e+18 +8.365519e+17   -4.103064e-08 -9.131644e-06 -5.518222e-04 +3.218994e-02 +1.552248e+00 -1.676178e+02 +1.532949e+03 +1.336797e+05 -1.250845e+06 +2.275546e+09 +2.789693e+10 -1.627503e+13 +4.904847e+13 +6.890655e+16 -1.065514e+18   
Q20-172   +2.999390e+01   +3.491310e-07 -5.910478e-02 -9.271665e-04 -5.699289e-04 -1.474640e+00 +2.296865e+03 -1.853253e+03 -1.527008e+05 +1.837814e+07 -2.299441e+11 -6.078996e+10 +9.740514e+12 -8.835943e+13 +4.601366e+18 +2.365354e+18   -6.136611e-07 -2.030396e-05 +8.359376e-04 +2.654735e-02 -4.084874e-01 -1.381862e+02 -1.094270e+03 +1.851840e+02 -1.103403e+07 +1.572643e+09 +5.003031e+10 -1.316761e+13 +5.490760e+14 +2.168006e+16 +1.468381e+18   
Q20-173   +2.999650e+01   +9.637908e-07 -5.903519e-02 -1.080091e-04 -5.027693e-02 -5.296965e-01 +2.270712e+03 -5.300512e+02 -2.847079e+04 +2.720973e+07 -2.282787e+11 -1.225066e+11 -4.283316e+12 -6.714243e+14 +4.462651e+18 +8.326588e+18   -2.269847e-07 -1.504401e-05 +2.824383e-05 -3.306419e-03 +2.067321e-01 -1.810191e+02 -1.557499e+03 +2.607700e+05 -1.253461e+07 +3.775077e+09 +7.120807e+10 -1.283705e+13 +2.434326e+14 -4.238558e+16 -5.504519e+18   
Q20-174   +2.999395e+01   -5.017749e-08 -5.914039e-02 -4.988819e-04 -2.972137e-02 +2.031573e-01 +2.289324e+03 -1.245670e+03 -3.820801e+04 -7.391497e+06 -2.291605e+11 +7.864099e+10 -9.335086e+11 +1.366700e+14 +4.596330e+18 +5.406120e+17   +1.498541e-07 -1.119675e-05 +1.551386e-04 +2.425564e-02 -3.450589e-01 -1.345027e+02 -2.019689e+03 -1.911035e+03 +6.164310e+06 +2.905539e+09 +8.690109e+10 -4.872156e+12 +2.886321e+14 +2.426120e+16 -1.712234e+18   
Q20-175   +2.999610e+01   +7.803888e-08 -5.909785e-02 -2.003314e-03 -1.800050e-02 -1.595901e+00 +2.288511e+03 +1.504657e+03 -3.710579e+04 +1.000526e+07 -2.294810e+11 -7.476732e+10 +4.062191e+12 -2.710130e+14 +4.650448e+18 -1.792422e+18   -1.699742e-07 +4.798194e-06 +4.128917e-04 +1.185490e-02 -9.275959e-01 -8.285337e+01 -1.468703e+03 +5.789346e+04 +3.623964e+06 +1.130175e+09 +8.213681e+10 -4.282397e+12 -4.922820e+13 +4.435040e+16 -3.505749e+18   
Q20-177   +2.999670e+01   +4.300923e-07 -5.910487e-02 -2.135887e-04 -1.038119e-01 -9.794504e-01 +2.304526e+03 -2.822890e+03 +3.365820e+05 +2.207818e+07 -2.309882e+11 -4.948501e+10 -6.226158e+12 -2.863457e+14 +4.676098e+18 +5.493558e+18   +3.738955e-07 +2.214315e-06 -1.144734e-03 +2.262873e-02 +8.139159e-01 -1.259152e+02 +4.025703e+03 -1.343394e+05 +2.357690e+06 +9.277000e+08 -1.221303e+11 +1.262938e+13 +4.387749e+14 +2.613884e+16 +1.412985e+18   
Q20-179   +2.999665e+01   +8.110639e-07 -5.909417e-02 -7.748375e-04 +1.278898e-02 -7.630782e-01 +2.218675e+03 -6.566810e+02 -1.797838e+05 +2.756315e+07 -2.312503e+11 -2.849709e+10 +1.216555e+13 -9.373943e+14 +4.690894e+18 +1.724170e+18   +1.720379e-07 -1.107478e-05 -1.049646e-03 +7.752826e-03 +8.364257e-01 -1.694435e+02 +1.287621e+03 +1.862586e+05 -1.654378e+07 +3.702307e+09 -1.237312e+10 -9.803368e+12 +6.144113e+14 -5.820720e+16 +3.351178e+18   
Q20-029   +2.999665e+01   +5.080741e-07 -5.914890e-02 -2.212373e-03 -1.570133e-02 -1.485736e+00 +2.403694e+03 -1.464998e+02 -7.426673e+04 +3.754373e+07 -2.328633e+11 +7.143341e+10 +3.212780e+12 -5.319184e+14 +4.712933e+18 -2.201755e+18   +1.492647e-07 -8.182800e-06 -4.163272e-05 +1.958125e-02 +3.940980e-01 -1.933486e+02 -7.745598e+02 +1.290877e+05 +3.737207e+06 +5.711391e+09 +2.834543e+10 -9.330855e+12 -3.473821e+14 -1.269831e+17 -2.559091e+18   
Q20-030   +2.999585e+01   +9.581872e-07 -5.917952e-02 -5.682256e-04 -2.958243e-02 -7.500451e-02 +2.388517e+03 -2.811979e+03 +6.289423e+04 +1.314609e+07 -2.338300e+11 +6.366047e+09 -3.546657e+12 -3.471697e+14 +4.811402e+18 -6.056578e+17   +7.266809e-09 -1.566679e-05 +6.806918e-04 +2.205095e-02 -4.100137e-01 -1.613474e+02 +8.245764e+01 -7.471667e+04 +2.525380e+06 +7.112954e+09 -2.370969e+10 -3.005609e+12 -5.928443e+14 -1.973088e+17 +2.644232e+18   
Q20-032   +2.999650e+01   +3.067631e-07 -5.920754e-02 -1.000866e-03 -3.533942e-02 -4.539333e-01 +2.370303e+03 -9.417155e+02 -7.394969e+04 -3.627367e+06 -2.345671e+11 -6.872505e+10 -4.916620e+12 -6.472588e+13 +4.848662e+18 -2.275788e+18   -3.840288e-07 -1.533367e-05 +1.019315e-03 +9.997323e-03 -3.548094e-01 -1.902586e+02 -3.435878e+03 +7.840905e+04 -1.203470e+06 +6.033224e+09 +2.242950e+10 -7.529962e+12 +4.289867e+13 -1.242148e+17 +3.285476e+17   
Q20-037   +2.999585e+01   -6.856402e-08 -5.915572e-02 -1.591892e-03 -9.405654e-02 -6.551780e-01 +2.378809e+03 -1.542442e+01 +2.569724e+05 +5.594197e+06 -2.319524e+11 +4.739826e+10 -1.186282e+12 -5.318949e+14 +4.731328e+18 +8.554480e+17   -1.168422e-07 -1.229414e-05 -4.997838e-05 +9.450854e-03 +7.875009e-01 -1.986689e+02 -7.212191e+02 -4.557467e+03 +5.242359e+06 +4.586845e+09 +1.876037e+10 -8.244831e+12 +1.576648e+14 -2.399879e+16 -5.539883e+17   
Q20-040   +2.999550e+01   +1.021537e-06 -5.921622e-02 +7.336084e-05 -8.675691e-02 +8.607621e-01 +2.374035e+03 -3.117782e+03 +6.503836e+04 +3.089926e+07 -2.320760e+11 +9.454281e+10 -4.958197e+12 -1.119141e+15 +4.617319e+18 -3.386551e+18   +1.703597e-07 -9.734320e-06 -5.000777e-04 +1.156764e-02 +1.411015e+00 -2.137736e+02 +3.416376e+02 -6.764421e+04 -4.180204e+06 +7.288137e+09 -2.075318e+10 -6.616452e+12 +3.543658e+14 -2.003198e+17 -3.332905e+17   
Q20-043   +2.999595e+01   +2.473888e-07 -5.906047e-02 -2.415526e-03 -8.521497e-02 -1.783766e+00 +2.419563e+03 +1.066141e+03 +1.454638e+04 +3.254966e+07 -2.327358e+11 -4.517663e+10 -6.908349e+12 -6.194096e+14 +4.736709e+18 -6.718987e+17   +7.403926e-07 -2.194896e-05 -2.231407e-03 +1.464741e-02 +2.399182e+00 -2.196147e+02 +4.628685e+03 -7.369265e+04 -1.574450e+07 +6.771911e+09 +5.541138e+10 -1.594451e+13 -1.510679e+14 -9.713348e+16 +1.729033e+18   
Q20-046   +2.999655e+01   +7.977347e-07 -5.908459e-02 -6.334909e-04 -1.027067e-01 -2.453661e-01 +2.429351e+03 -1.544926e+03 +3.526085e+05 +2.056109e+07 -2.324942e+11 -1.141031e+10 -2.519135e+12 -8.409884e+14 +4.718803e+18 +3.415563e+18   +5.560496e-07 -1.442183e-05 +4.985600e-04 +2.688333e-02 -4.132525e-01 -1.657119e+02 -2.510862e+03 -1.907833e+05 -1.757000e+05 +7.587739e+09 +1.108688e+11 -1.381102e+13 -2.256805e+14 -1.994654e+17 -5.805568e+18   
Q20-047   +2.999605e+01   +1.433254e-06 -5.905094e-02 +6.228560e-04 -6.229877e-02 +7.890042e-01 +2.404273e+03 -4.368665e+02 +5.721527e+03 +5.508532e+07 -2.300079e+11 -1.428684e+10 +1.463266e+12 -3.799344e+14 +4.678753e+18 -1.499723e+17   +4.383397e-07 -8.734530e-06 -7.945363e-04 +1.522200e-02 -2.210734e-01 -1.720950e+02 +4.375429e+03 +4.960183e+04 +1.783356e+07 +6.341142e+09 -1.791144e+11 -4.111755e+12 +2.407407e+14 -1.494203e+17 +7.227565e+18   
Q20-050   +2.999690e+01   +1.143007e-06 -5.910887e-02 -6.476716e-04 -8.366831e-02 -1.964296e+00 +2.459619e+03 -8.852658e+02 +2.286209e+05 +6.068310e+07 -2.330411e+11 -1.093933e+11 -6.199587e+12 -1.508282e+15 +4.749501e+18 +2.310294e+18   +4.206481e-07 -8.642433e-06 -7.708680e-04 +2.446235e-02 +1.459685e+00 -2.087196e+02 +8.373595e+02 -2.294454e+04 +4.845537e+05 +7.116225e+09 -1.304451e+11 -1.930196e+12 -4.358714e+14 -1.604472e+17 +5.855268e+18   
Q20-056   +2.999600e+01   +8.052054e-07 -5.907848e-02 -8.715395e-04 -7.870876e-02 -6.240262e-01 +2.330205e+03 -1.867434e+03 +1.541135e+05 +2.430028e+07 -2.310024e+11 +1.915969e+09 +3.331665e+11 -1.435676e+15 +4.652444e+18 +3.040810e+18   +4.085815e-07 -1.471319e-05 -8.087482e-04 +9.654644e-03 +1.725362e+00 -9.459625e+01 -8.716619e+02 +1.703899e+04 +1.676225e+07 +7.585405e+08 -8.319396e+10 -2.182170e+12 -1.739312e+14 +9.929624e+15 +4.405577e+18   
Q20-058   +2.999600e+01   +1.055309e-06 -5.904231e-02 -5.165385e-04 -8.793112e-02 -2.588883e-01 +2.364902e+03 +1.285107e+03 +1.263729e+03 +3.654227e+07 -2.304759e+11 -6.209725e+10 +3.584018e+10 -1.208234e+15 +4.684185e+18 +4.370803e+18   +4.102310e-07 -7.211565e-06 +1.773369e-04 +1.732535e-02 +5.989679e-01 -1.867928e+02 -2.928523e+03 +1.006435e+05 -4.887425e+05 +4.178677e+09 +5.180474e+10 -1.368933e+13 -3.863545e+13 -1.997285e+16 -1.725532e+18   
Q20-059   +2.999585e+01   +6.002614e-07 -5.909674e-02 -1.320136e-03 -1.454618e-01 -8.976798e-01 +2.367622e+03 +1.400733e+03 +4.233162e+05 +3.610843e+07 -2.294812e+11 -6.780301e+10 -8.894964e+12 -9.148922e+14 +4.592685e+18 +2.535221e+18   +3.058160e-07 -1.974164e-05 +1.133153e-04 +1.422537e-02 -1.191404e-01 -2.442811e+02 -1.889576e+03 +3.805543e+04 -3.485779e+05 +4.242654e+09 +5.781216e+10 -5.157430e+12 +2.086363e+13 +1.968345e+15 -1.873782e+18   
Q20-060   +2.999640e+01   +1.310321e-07 -5.908476e-02 -2.122978e-03 -8.186842e-02 -6.306283e-01 +2.464534e+03 +2.934036e+03 +2.836207e+04 +2.710184e+07 -2.324561e+11 +8.019306e+09 +4.818765e+12 -8.732145e+14 +4.700251e+18 -2.030861e+18   +4.309030e-07 -1.353985e-05 -1.016635e-03 +5.884599e-03 +5.972210e-01 -1.514355e+02 +2.670154e+03 -4.202841e+04 +8.420704e+06 +3.459522e+09 -1.049875e+11 -4.418400e+12 -2.288313e+14 -2.691291e+15 +1.734692e+18   
Q20-062   +2.999600e+01   +7.910141e-07 -5.906808e-02 -1.052817e-03 -1.065470e-01 -3.449943e-01 +2.350379e+03 +2.856551e+03 +2.124550e+05 +2.438964e+07 -2.281937e+11 -1.648322e+11 -3.632711e+12 -8.991872e+14 +4.588692e+18 +4.959435e+18   +4.635101e-07 -1.544276e-05 -8.954311e-04 +2.499233e-02 +1.600227e+00 -2.161572e+02 +1.010817e+03 +7.926360e+03 +5.050827e+06 +3.513992e+09 -3.783508e+09 -7.805684e+12 -2.891586e+14 +1.959542e+16 -1.944967e+18   
Q20-064   +2.999625e+01   +1.114577e-06 -5.914763e-02 -4.332208e-04 -5.368628e-02 -4.708069e-01 +2.403340e+03 -1.441250e+03 -4.637230e+04 +2.453208e+07 -2.314228e+11 +1.473331e+10 +4.374320e+12 -4.131870e+14 +4.594574e+18 -2.352983e+18   +5.052032e-07 -1.309565e-05 -5.777716e-04 +1.892194e-02 +4.829627e-01 -2.431179e+02 +1.699567e+03 +1.706338e+05 +6.256785e+06 +7.515956e+09 -4.888408e+10 -1.279126e+13 -5.307810e+14 -1.426276e+17 +3.667192e+17   
Q20-067   +2.999615e+01   +1.085708e-06 -5.916699e-02 +1.355659e-03 -9.473459e-02 +1.374807e+00 +2.443105e+03 -8.768532e+03 +2.410739e+05 +1.765916e+07 -2.329172e+11 +1.131932e+11 +4.569686e+12 -2.109507e+14 +4.731724e+18 -7.124058e+17   +3.460287e-07 -3.136917e-05 -1.177262e-03 +1.364135e-02 +8.313050e-01 -1.715909e+02 +2.267499e+03 +4.805293e+04 +6.439373e+06 +5.126015e+09 -9.595601e+10 -4.304819e+12 -2.835640e+14 -1.132810e+17 +4.020219e+18   
Q20-070   +2.999545e+01   +7.835338e-07 -5.911020e-02 -1.651298e-03 -1.138906e-02 -2.559076e+00 +2.389156e+03 +8.814193e+02 -3.421369e+04 +2.209813e+07 -2.295674e+11 +1.867020e+10 -1.600293e+12 -1.792988e+15 +4.644191e+18 -3.781944e+18   +9.724001e-07 +5.194681e-06 -2.042454e-03 +1.897701e-02 +5.894657e-01 -2.290072e+02 +4.766516e+03 +2.570304e+05 +2.143410e+07 +5.025459e+09 -1.178078e+11 -2.966485e+12 -1.441703e+15 -1.531493e+17 +1.687576e+18   
Q20-072   +2.999570e+01   +4.084552e-07 -5.911224e-02 -1.266794e-03 -1.219798e-01 -1.087463e+00 +2.416380e+03 +3.450438e+03 +3.572742e+05 +2.795796e+06 -2.325804e+11 +1.267947e+10 -2.856827e+12 -2.222655e+14 +4.759752e+18 +4.556163e+18   +9.803162e-07 +2.184173e-05 -1.163085e-03 -1.217862e-03 +1.871235e-01 -2.139684e+02 +2.961206e+03 +1.882253e+05 +1.742678e+07 +5.381415e+09 -1.918509e+10 -8.334815e+12 -2.936059e+14 -1.015677e+17 +2.553138e+18   
Q20-075   +2.999585e+01   +4.970741e-07 -5.912865e-02 -1.537996e-03 -3.850643e-02 -2.383776e-02 +2.400544e+03 +1.437562e+03 +6.043523e+04 +1.851090e+07 -2.310231e+11 -4.510704e+10 -4.000653e+12 +9.217418e+12 +4.777087e+18 +4.235729e+18   +8.983579e-07 -8.612148e-06 -1.817706e-03 +2.955157e-02 +9.266892e-01 -1.495241e+02 +6.201661e+03 +5.334851e+03 +1.280714e+07 +3.056159e+09 +1.158686e+11 -2.157846e+13 -9.264012e+14 -5.161787e+16 +7.256190e+17   
Q20-079   +2.999555e+01   +9.648931e-07 -5.913217e-02 -1.942620e-04 -6.291903e-02 +5.618607e-01 +2.407320e+03 -2.675579e+03 +1.516056e+05 +2.055998e+07 -2.316638e+11 +4.540867e+10 -5.903922e+12 -7.279146e+14 +4.675140e+18 +7.458140e+17   +8.805983e-07 -4.241786e-06 -2.028711e-03 +1.920032e-02 +1.127069e+00 -2.444231e+02 +5.536401e+03 +1.083206e+05 +1.602291e+07 +5.848127e+09 -1.389424e+11 -9.439630e+12 -1.636511e+14 -1.418009e+17 +1.046674e+18   
Q20-095   +2.999600e+01   +3.248705e-07 -5.910805e-02 -1.485687e-03 -6.980627e-02 -1.574866e+00 +2.240971e+03 +4.439602e+03 +1.100587e+05 +1.557370e+07 -2.273733e+11 -1.403804e+11 -4.977184e+12 -3.661428e+14 +4.598260e+18 +2.033005e+18   +2.285844e-07 -1.734363e-05 -8.497140e-04 +8.912855e-03 +1.680959e+00 -2.528888e+02 +5.548146e+02 +1.527235e+05 -1.567476e+07 +4.414069e+09 +2.622335e+10 -1.152884e+13 +7.887878e+14 +1.163402e+16 -6.790035e+18   
Q20-107   +2.999425e+01   +5.055796e-07 -5.909713e-02 -1.365203e-03 -1.582735e-02 -9.662459e-01 +2.268455e+03 -1.122605e+03 -9.869962e+04 +3.457503e+07 -2.310837e+11 +2.223526e+10 +4.386978e+12 -1.057113e+15 +4.699777e+18 +3.308657e+18   +4.705639e-07 -2.004254e-05 -1.336550e-03 +1.376256e-02 +1.582317e+00 -2.233963e+02 +3.561866e+03 +2.443505e+05 +4.689525e+06 +4.357659e+09 -1.048187e+11 -5.110716e+12 -1.767322e+14 +2.171530e+16 +5.677298e+18   
Q20-108   +2.999455e+01   +1.078563e-06 -5.911807e-02 -9.096659e-04 +3.238815e-03 -1.101102e+00 +2.310091e+03 +3.321322e+03 -4.871405e+05 +7.124098e+07 -2.305209e+11 -1.583129e+11 +1.979730e+13 -2.417367e+15 +4.636112e+18 +9.327461e+18   +5.063016e-07 -2.137559e-05 -1.318071e-03 +3.924103e-03 +7.653217e-01 -1.848986e+02 +8.153935e+03 +5.883786e+04 -1.028249e+07 +5.488644e+09 -2.512090e+11 -9.190450e+12 +2.373878e+14 -1.619819e+17 +7.785904e+18   
Q20-109   +2.999665e+01   +5.216879e-07 -5.919244e-02 -1.062899e-03 -1.825164e-02 -1.018238e+00 +2.409026e+03 -3.785306e+03 -1.913009e+05 +1.044296e+07 -2.323497e+11 +8.329297e+10 +7.799388e+12 +1.253346e+13 +4.726694e+18 -2.114805e+18   +2.242874e-07 -2.470281e-05 -1.071308e-03 +8.309231e-03 +2.213564e-01 -1.855666e+02 +2.514982e+03 +1.945577e+05 +4.545411e+06 +4.120800e+09 +1.755253e+09 -1.221246e+13 -3.932232e+14 -4.934978e+16 -3.372403e+18   
Q20-111   +2.999740e+01   +2.043606e-07 -5.917096e-02 -9.762139e-04 -8.565156e-02 +5.851844e-01 +2.313106e+03 -2.146007e+03 +2.562578e+05 -2.487150e+06 -2.314560e+11 -1.435564e+11 +7.537527e+12 -9.696660e+14 +4.815421e+18 +1.447096e+18   +3.699201e-07 -2.045481e-05 -6.569616e-04 +1.795045e-02 +1.473357e+00 -1.364119e+02 +1.803898e+03 -4.301366e+04 +9.173922e+06 +5.364898e+08 +6.800743e+10 -7.449232e+12 -4.827178e+14 +5.542424e+16 -3.139480e+18   
Q20-112   +2.999550e+01   +7.457802e-07 -5.913584e-02 -9.412249e-05 -5.783594e-02 +1.500353e-01 +2.273262e+03 -3.185934e+03 +9.334974e+04 +5.021907e+06 -2.309294e+11 -8.785691e+10 +4.635819e+12 +5.223860e+14 +4.698845e+18 -1.364806e+18   +2.398299e-07 +1.116064e-05 -4.405721e-04 +2.488889e-02 +6.658782e-01 -2.327706e+02 -2.790689e+03 +5.764295e+04 +1.103794e+06 +9.571889e+09 -2.187813e+11 -6.219003e+12 +1.282410e+14 -1.358628e+17 +7.808305e+17   
Q20-113   +2.999470e+01   +6.237255e-07 -5.912975e-02 -5.794390e-04 -4.054676e-02 +6.406372e-01 +2.253669e+03 +8.660740e+02 +2.209936e+04 -2.752667e+06 -2.293746e+11 -4.878549e+10 +1.817654e+12 +5.618989e+14 +4.674736e+18 +3.705941e+18   +2.628938e-07 -1.169929e-05 -1.114170e-03 +1.768525e-02 +5.655336e-01 -1.325546e+02 +1.504575e+03 +8.881659e+04 -2.310859e+06 +4.314065e+09 -1.346224e+11 -1.228427e+13 -7.006504e+14 -9.576725e+16 +8.569624e+18   
Q20-116   +2.999605e+01   +4.579960e-07 -5.910615e-02 -1.344236e-03 -4.206247e-02 -7.932788e-01 +2.357752e+03 +3.350665e+02 +2.080065e+04 +1.848497e+07 -2.301968e+11 -8.317488e+10 -2.055806e+12 -2.458628e+14 +4.687901e+18 -4.392798e+17   -5.498521e-09 -9.364056e-06 -6.024903e-04 +1.610218e-02 +1.398135e+00 -1.491711e+02 -7.232726e+02 +7.915552e+02 -9.123645e+06 +2.461184e+09 +1.922012e+10 -2.824704e+12 -1.884018e+14 -4.651606e+16 -9.651934e+17   
Q20-119   +2.999605e+01   +5.853417e-07 -5.912598e-02 +2.839366e-04 -9.469557e-03 +1.309346e+00 +2.467940e+03 -5.525394e+03 -3.942726e+05 -1.799748e+07 -2.328840e+11 +1.131174e+11 +2.081676e+13 +8.255527e+14 +4.782733e+18 -2.907548e+18   +4.949525e-07 -7.251535e-07 -1.365769e-03 +7.658968e-03 +1.219481e+00 -9.825144e+01 +4.520289e+03 +3.571774e+05 -1.470776e+07 +7.400938e+08 -1.543489e+11 -1.584605e+13 +2.028062e+14 +1.078242e+17 +8.696488e+18   
Q20-125   +2.999555e+01   +5.956364e-07 -5.915414e-02 -6.269970e-04 -2.015659e-02 -3.777927e-01 +2.410439e+03 -1.373052e+03 -5.749766e+04 +2.361307e+07 -2.300315e+11 +8.789814e+10 +1.715388e+12 -6.250731e+14 +4.658571e+18 -4.891986e+18   +5.046299e-07 +1.494852e-05 -1.532970e-03 +2.242214e-02 +1.634738e+00 -1.338615e+02 +2.063867e+03 -5.204139e+04 +2.197195e+07 +3.560125e+09 -7.741355e+10 -3.121520e+12 +4.190665e+14 -4.051634e+16 +4.067243e+18   
Q20-127   +2.999555e+01   +2.111964e-07 -5.914894e-02 -2.546478e-04 -6.338317e-03 -7.342332e-01 +2.412974e+03 -2.490616e+03 -1.306613e+04 +6.408797e+06 -2.305619e+11 +1.023689e+11 +4.269990e+11 -4.763733e+13 +4.657681e+18 -1.677144e+18   +3.216653e-07 +4.686008e-06 -1.118954e-03 +1.021771e-02 +1.033617e+00 -1.567451e+02 +1.487608e+02 +5.746919e+04 +1.847411e+06 +3.208899e+09 +3.580054e+10 -4.299694e+12 -4.632784e+13 -1.344690e+16 -6.664282e+17   
Q20-130   +2.999580e+01   -1.208711e-07 -5.915775e-02 -1.112287e-03 -4.261380e-02 -8.342138e-01 +2.426015e+03 +7.334053e+02 +2.269830e+05 -3.549220e+06 -2.299693e+11 -5.040559e+10 -1.215164e+13 -2.501262e+14 +4.647791e+18 +1.556842e+18   +6.301852e-07 +1.898879e-06 -3.354413e-05 -6.319165e-03 -6.598837e-01 -2.396678e+02 -1.703180e+03 +2.349729e+05 +2.740994e+07 +6.387211e+09 +1.232980e+11 -2.136448e+12 -5.674994e+14 -1.484151e+17 -4.429227e+18   
Q20-136   +2.999610e+01   +5.691870e-08 -5.913472e-02 -9.706505e-04 -9.494974e-02 -1.206812e+00 +2.415603e+03 -1.835697e+03 +1.630527e+05 +2.584080e+06 -2.308753e+11 +4.013522e+10 -3.881518e+12 -1.286401e+13 +4.669394e+18 +2.744725e+17   +5.974593e-07 -1.343492e-05 -8.917776e-04 +2.117094e-02 +6.101577e-01 -8.898620e+01 -6.508396e+02 +2.394420e+04 +9.208520e+06 +8.284947e+08 +3.393835e+10 -4.714353e+12 -6.437960e+14 +4.618677e+16 -2.788107e+18   
Q20-139   +2.999630e+01   +2.544435e-07 -5.914549e-02 -1.115964e-03 -4.935335e-02 -2.959788e-02 +2.394161e+03 +8.229272e+02 +2.162255e+05 +2.080257e+07 -2.293548e+11 +9.267303e+10 -1.715429e+13 +4.311548e+13 +4.692312e+18 -9.795281e+18   +1.916685e-07 -5.852242e-06 -5.798632e-04 +1.242342e-02 -8.541397e-01 -2.652052e+02 +1.382100e+03 +3.303810e+05 +1.016069e+07 +6.819268e+09 -4.379470e+10 -1.415378e+13 +1.170446e+14 -2.024061e+16 +5.634762e+18   
Q20-140   +2.999655e+01   +4.607427e-07 -5.916204e-02 -4.865186e-04 -4.065398e-02 +9.347352e-02 +2.379973e+03 +9.262385e+02 +3.303072e+04 -1.153006e+07 -2.274910e+11 -7.750668e+10 +4.197879e+12 +6.163085e+14 +4.565962e+18 +3.954655e+18   +3.660071e-07 -1.789597e-05 -9.211799e-04 +2.474255e-02 +1.191956e+00 -2.387043e+02 -4.004264e+02 -2.085849e+03 -3.151506e+06 +5.759022e+09 +2.880288e+10 -6.271161e+12 -3.632978e+14 -2.062816e+16 -4.116327e+18   
Q20-142   +2.999625e+01   +6.913388e-07 -5.913182e-02 -5.154331e-04 -1.068265e-01 +9.510459e-02 +2.306413e+03 -5.664635e+01 +3.327402e+05 +2.492750e+07 -2.303039e+11 -4.846946e+10 -6.221278e+12 -3.334994e+14 +4.699967e+18 +1.857688e+18   +7.619416e-08 -4.571928e-06 +1.086791e-03 -1.064476e-02 -1.773592e+00 -1.971328e+02 -2.684584e+03 +2.975437e+05 +2.826592e+07 +4.119358e+09 +1.588657e+11 -1.026387e+13 -4.752387e+14 -1.505238e+16 +2.456365e+18   
Q20-149   +2.999630e+01   +7.790284e-07 -5.915286e-02 -1.331348e-04 -3.787887e-02 +6.588399e-01 +2.361300e+03 -1.417446e+02 -2.658023e+04 +9.710198e+06 -2.326406e+11 +6.634865e+08 +7.062314e+12 -4.926474e+14 +4.755933e+18 -1.392047e+18   +3.859703e-07 -7.931001e-06 -6.955338e-04 +1.012061e-02 +1.133851e+00 -1.981208e+02 -1.256788e+02 -9.211179e+04 -4.863593e+06 +5.340372e+09 +1.553166e+10 -9.439571e+12 +4.537313e+14 -3.732410e+16 -3.106605e+18   
Q20-153   +2.999670e+01   +4.240260e-07 -5.914521e-02 -1.037479e-03 -6.066084e-02 -1.194272e+00 +2.276292e+03 -2.657708e+03 -1.049776e+04 +1.912267e+07 -2.307196e+11 +3.798495e+09 +5.313204e+12 -3.014000e+14 +4.701961e+18 +2.537131e+18   +3.003155e-07 -7.840476e-06 +2.161280e-04 +2.027890e-02 -9.142296e-02 -1.523024e+02 -2.869529e+03 +1.228243e+05 +4.614241e+06 +4.308831e+09 +4.121073e+10 -9.169285e+12 -1.499009e+14 +3.957495e+16 -6.446949e+18   
Q20-162   +2.999620e+01   +3.526720e-07 -5.907558e-02 -1.048088e-03 -8.154296e-02 -1.228942e+00 +2.355668e+03 -6.269344e+02 +6.902904e+04 +7.327171e+06 -2.297815e+11 -5.313413e+10 -8.294767e+11 -3.050324e+14 +4.648515e+18 +2.489070e+17   +3.981094e-07 -1.813181e-05 -2.249759e-03 +3.068865e-02 +1.867615e+00 -9.928014e+01 +5.183287e+03 +1.863441e+04 -1.294008e+06 +1.282419e+09 -1.192559e+11 -5.001904e+12 -4.622559e+14 -6.530784e+15 +2.855994e+18   
Q20-176   +2.999400e+01   +8.021571e-07 -5.910952e-02 +3.427332e-04 -6.377636e-02 +7.585347e-01 +2.297906e+03 -3.369541e+03 +7.953781e+04 +1.665312e+07 -2.287783e+11 +7.899120e+09 -1.321373e+12 -5.754864e+14 +4.543029e+18 -1.684748e+18   +3.148625e-07 -8.970507e-06 -7.360289e-04 +7.918840e-03 +4.092412e-01 -1.665381e+02 -1.233954e+03 +6.223595e+04 +1.939072e+05 +3.684497e+09 +1.280139e+11 -1.132652e+13 +1.612344e+14 +3.118552e+16 -4.552310e+18   
Q20-004   +2.999665e+01   -1.435729e-07 -5.913127e-02 -4.064671e-04 -7.204538e-02 -1.619781e-01 +2.355924e+03 -1.631612e+03 +2.103990e+05 -3.995840e+06 -2.290328e+11 -1.905149e+10 +1.519886e+13 +7.201688e+14 +4.824742e+18 -2.280903e+17   +4.102721e-07 -5.156102e-06 +8.927127e-05 +2.631457e-02 +2.523989e-01 -1.702023e+02 -1.254529e+03 +3.454799e+05 +3.818156e+07 +2.555278e+09 +1.262803e+11 -1.230421e+13 -1.071001e+15 +7.164907e+16 +3.941373e+18   
Q20-008   +2.999710e+01   -3.813289e-09 -5.919792e-02 -1.684215e-03 -6.450884e-02 -1.731476e+00 +2.430178e+03 -1.493986e+03 +6.014288e+04 +4.206137e+06 -2.317862e+11 +4.605459e+10 -2.133561e+12 -4.561368e+14 +4.640225e+18 -3.685226e+17   +5.199359e-07 -2.518558e-05 -9.595824e-04 +2.868024e-02 +9.631301e-01 -2.076259e+02 +2.345773e+03 -6.835621e+04 +2.239073e+07 +4.530481e+09 -1.148449e+10 -7.561894e+12 -5.530741e+14 -6.183061e+16 +1.038445e+18   
Q20-017   +2.999580e+01   +7.727198e-08 -5.913165e-02 -1.552568e-03 -6.325889e-02 -2.266202e-01 +2.412156e+03 +5.532021e+02 +1.800487e+05 -4.591139e+05 -2.342080e+11 +1.138384e+10 -4.786250e+12 +8.315391e+13 +4.768054e+18 +1.434861e+17   +5.938098e-07 -9.035215e-06 -1.260327e-03 +8.881167e-03 +1.101662e+00 -2.156792e+02 +4.145550e+03 +8.879550e+04 +2.862959e+06 +4.612746e+09 -1.087935e+11 -4.571910e+12 -3.772782e+14 -5.469616e+16 +4.498480e+18   
Q20-019   +2.999640e+01   +2.218411e-07 -5.911479e-02 -2.495214e-03 -7.094278e-02 -2.250321e+00 +2.380525e+03 +2.478006e+03 +1.292988e+05 +2.170613e+07 -2.322353e+11 -5.929242e+10 -3.181241e+12 -4.998086e+14 +4.726934e+18 +1.631155e+18   +1.616533e-07 +8.411189e-06 +6.598862e-04 +1.816822e-03 -1.234079e+00 -2.152830e+02 -9.921334e+02 +9.736658e+04 +1.936454e+07 +8.463269e+09 +6.942063e+10 -6.901582e+12 -1.919653e+14 -2.045168e+17 -2.097898e+18   
Q20-020   +2.999555e+01   +7.841563e-07 -5.916904e-02 -3.227965e-04 -1.057092e-02 -3.970072e-01 +2.479319e+03 -1.021250e+03 -2.788140e+04 +2.236115e+07 -2.326071e+11 -4.259629e+09 -2.962207e+12 -4.930931e+14 +4.716143e+18 +2.203279e+18   +7.894254e-07 -2.010542e-05 -1.489559e-03 +7.424118e-03 +5.755584e-01 -2.033014e+02 +2.537251e+03 +8.433204e+04 +1.566945e+07 +6.488742e+09 -3.298611e+10 -3.864583e+12 -2.143686e+14 -1.148971e+17 -1.495269e+18   
Q20-024   +2.999630e+01   +8.359728e-07 -5.913799e-02 -4.493654e-04 -8.259639e-02 -1.175723e+00 +2.377655e+03 +4.165534e+02 +2.621060e+05 +3.706914e+07 -2.317244e+11 -1.432917e+10 -5.960945e+12 -7.277774e+14 +4.642543e+18 +1.671592e+18   +4.293656e-07 -1.499296e-05 -1.615031e-04 +7.131370e-03 +8.646283e-02 -1.944881e+02 -6.856176e+02 +6.359614e+04 +6.181736e+06 +6.286382e+09 +1.193117e+11 -1.359548e+12 +2.067753e+14 -1.444170e+17 -6.994199e+17   
Q20-025   +2.999685e+01   +6.434746e-07 -5.912744e-02 -2.218624e-04 -1.004871e-01 -6.990954e-01 +2.404554e+03 -3.522667e+03 +2.097104e+04 +1.433465e+07 -2.325516e+11 +2.726246e+09 -9.397707e+12 -9.443462e+14 +4.701790e+18 -1.737245e+17   +4.153909e-07 -2.024676e-05 -1.043764e-03 +5.419659e-03 +1.156027e+00 -1.544568e+02 +1.640649e+03 -6.209679e+04 -1.487557e+07 +2.877768e+09 +1.205439e+09 -1.027636e+13 +6.315120e+14 -8.446220e+16 +6.426938e+18   
Q20-096   +2.999590e+01   +6.437020e-07 -5.906731e-02 -1.262590e-03 -1.374215e-02 -4.656373e-01 +2.220123e+03 -1.040990e+03 +2.567826e+05 +6.322067e+04 -2.274997e+11 +5.432656e+10 -8.105724e+11 -9.841898e+13 +4.593094e+18 -2.783972e+18   +4.879840e-07 -1.939535e-05 -4.745445e-04 +1.089026e-02 +1.174694e-01 -2.126604e+02 +1.395214e+03 +1.443693e+04 +2.663261e+07 +3.764091e+09 -7.218523e+10 +4.246677e+12 -1.928180e+15 -5.618865e+15 +5.443011e+18   
Q20-097   +2.999555e+01   +1.108482e-06 -5.907270e-02 +9.251222e-05 -9.008453e-02 +9.762371e-02 +2.277941e+03 -2.009139e+03 +3.339279e+05 +2.101492e+07 -2.313415e+11 +3.581965e+10 -9.342432e+12 -5.633922e+14 +4.695863e+18 +3.193851e+18   +1.572791e-07 +1.546773e-05 -1.646827e-04 +1.405399e-02 +8.816398e-01 -2.553414e+02 -1.988997e+03 +5.935997e+03 -3.625534e+06 +7.648785e+09 -5.255056e+10 -1.089839e+13 +5.375674e+14 -2.239174e+17 -3.927399e+18   
Q20-101   +2.999425e+01   +7.208818e-07 -5.905575e-02 -1.060262e-03 -6.324152e-02 -1.614362e+00 +2.229783e+03 +5.735883e+02 +3.095730e+05 +2.281858e+07 -2.286547e+11 -8.547108e+10 -1.648847e+13 -4.422081e+14 +4.618495e+18 +2.244135e+18   +2.618210e-07 -2.123682e-05 -7.957358e-04 +1.139698e-02 +8.758539e-01 -2.047208e+02 +3.483151e+02 +7.058206e+04 -1.013185e+06 +4.924090e+09 -3.556412e+10 -1.740166e+12 -5.417852e+13 -7.023553e+16 -6.608043e+17   
Q20-103   +2.999575e+01   +7.648597e-08 -5.905450e-02 -6.740365e-04 -3.162427e-02 +3.085093e-01 +2.248492e+03 -2.183898e+03 +1.071005e+05 -1.543945e+06 -2.314020e+11 +4.809051e+10 -1.151647e+12 -1.774441e+14 +4.735938e+18 -1.702125e+18   +1.439615e-07 -8.777633e-06 -2.413559e-04 +7.018298e-03 +4.165430e-01 -1.941509e+02 +1.444853e+03 +6.765045e+04 +2.320253e+07 +3.480870e+09 -1.001492e+11 +3.310620e+12 -9.456596e+14 -6.268248e+16 +3.715356e+18   
Q20-104   +2.999710e+01   +5.454204e-07 -5.907808e-02 -9.801217e-04 -5.783056e-02 -1.330950e-01 +2.348669e+03 -1.704480e+03 +2.418970e+04 +3.400562e+07 -2.309757e+11 +9.840618e+09 +2.031164e+12 -1.112886e+14 +4.738835e+18 +7.158722e+18   +2.201251e-07 -2.118980e-05 -2.380568e-04 +2.638760e-02 +5.468555e-01 -1.393270e+02 -1.381854e+03 +2.043051e+05 +1.068487e+07 +1.785208e+09 -2.139918e+10 -1.305833e+13 -6.514830e+14 +2.755229e+16 +3.602995e+18   
Q20-134   +2.999590e+01   +3.393740e-07 -5.910854e-02 -6.112269e-04 -4.893342e-02 -3.315370e-01 +2.436267e+03 -1.243575e+02 +1.690396e+05 +1.975823e+07 -2.320911e+11 -6.566051e+10 +1.907426e+12 -9.818892e+13 +4.780220e+18 -1.273273e+18   +5.755653e-07 +9.403028e-06 -1.151823e-03 +9.933298e-03 +1.230483e+00 -1.507674e+02 +1.433324e+03 +8.606049e+04 +1.546176e+07 +4.550572e+09 +3.420191e+10 -7.267120e+12 -2.668102e+14 -5.732033e+16 +1.888891e+17   
Q20-135   +2.999630e+01   +8.215757e-07 -5.905905e-02 -3.507969e-04 -7.912296e-02 +5.378187e-02 +2.428682e+03 -1.128181e+03 +2.118045e+05 +7.593070e+06 -2.298161e+11 +3.152533e+10 -7.242487e+12 -8.627354e+14 +4.695062e+18 +9.883076e+17   +1.727904e-07 -1.161891e-05 -3.757080e-04 +2.242625e-02 -5.573387e-01 -2.431812e+01 +1.194490e+03 +1.012102e+05 +1.486713e+07 +1.724317e+08 +5.747139e+10 -7.685935e+12 -1.598665e+14 +1.156373e+17 +5.062691e+18   
Q20-148   +2.999625e+01   +7.717425e-07 -5.909515e-02 -2.690738e-04 -5.424551e-02 +7.140836e-01 +2.406146e+03 -1.600208e+03 +1.026402e+05 +3.575950e+06 -2.294471e+11 +6.348447e+10 -6.728828e+11 -1.015124e+15 +4.696677e+18 -8.859337e+17   +6.229582e-07 -1.551618e-05 -1.613520e-03 +1.582507e-02 +7.492953e-01 -1.423208e+02 +2.251350e+03 +1.100062e+05 +2.956547e+03 +1.598079e+09 -1.416748e+11 -8.464845e+11 +2.528198e+12 +6.383355e+16 -1.295411e+18   
