# multipoles are divided by excitation current and units are [T], [m] and [A]
# harmonics (dipole n=0): 00 01 02 03 04 05 06 07 08 09 10 11 12 13 14 
# MAG_LABEL   CURRENT[A]   <NORMAL_MULTIPOLES/CURRENT>[T/m^(n-1)/A]   <SKEW_MULTIPOLES/CURRENT>[T/m^(n-1)/A]
Q20-005   +9.996150e+00   +5.383242e-10 -6.056928e-02 -3.649091e-04 -6.510704e-02 -1.163860e+00 +2.239660e+03 -1.585278e+03 +1.335308e+04 -1.183261e+07 -2.393589e+11 +4.965491e+10 -1.297683e+13 +1.352700e+15 +4.756057e+18 +5.208393e+18   +6.006532e-08 -1.535363e-05 +5.487437e-04 +6.563102e-03 -3.866944e-01 -8.574152e+01 +6.872210e+02 -1.793315e+05 +1.005260e+07 +1.048626e+09 -2.125846e+10 -2.105086e+13 -1.020216e+15 +3.315376e+16 +7.015161e+18   
Q20-007   +9.996950e+00   +3.994044e-07 -6.078495e-02 -3.011489e-03 -8.585353e-02 -1.619291e+00 +2.581607e+03 +4.066456e+03 +1.488187e+05 +4.068340e+07 -2.346241e+11 -2.728737e+11 +9.136534e+12 -1.272830e+15 +4.903113e+18 +6.182312e+18   +1.953885e-07 -6.544791e-06 +6.729361e-04 +2.399413e-02 -8.477181e-01 -1.788632e+02 -4.114820e+03 +1.317298e+05 -1.013594e+07 +1.834951e+09 -1.451710e+11 +4.922097e+12 +5.822317e+14 -7.818153e+16 +4.305301e+17   
Q20-009   +9.996350e+00   +7.020729e-07 -6.052392e-02 -7.344985e-04 -1.151296e-01 -5.802398e-01 +2.443764e+03 -1.742380e+03 +3.384018e+05 +1.898126e+07 -2.398668e+11 -1.275907e+11 +9.580440e+11 +9.351887e+14 +4.771694e+18 -1.069051e+17   +1.212334e-06 -1.043415e-05 -2.782968e-03 +1.477183e-02 +2.279470e+00 -1.481117e+02 +8.829724e+03 +2.478851e+05 -1.409223e+07 +4.128999e+09 +3.719925e+10 -2.214806e+11 -3.947901e+14 -1.275995e+17 +5.473324e+18   
Q20-010   +9.995700e+00   +6.298888e-07 -6.050426e-02 -1.805847e-03 -9.907278e-02 -1.703638e+00 +2.366900e+03 +8.639634e+02 +3.740798e+04 +2.301281e+07 -2.383706e+11 +2.053093e+11 -8.501596e+12 +1.284350e+14 +4.822119e+18 -7.599957e+17   +3.855592e-07 -5.915605e-06 -1.245944e-03 +2.255531e-02 +3.195464e+00 -1.413317e+02 -7.091010e+02 -1.961755e+04 +1.148373e+07 +9.697342e+09 +1.500561e+11 +3.131810e+13 +1.043067e+15 +2.621628e+16 +1.161202e+19   
Q20-011   +9.995700e+00   +2.145429e-07 -6.050892e-02 -1.747204e-03 -8.337906e-02 -1.565897e+00 +2.494109e+03 -9.659360e+02 +4.322453e+05 -1.708573e+07 -2.396350e+11 +2.255065e+11 +1.209516e+13 -5.503326e+14 +4.784918e+18 +7.468360e+18   +4.216325e-07 -1.806735e-06 -1.807046e-04 -4.334737e-03 +1.317821e+00 -1.284335e+02 +1.184981e+03 +2.490879e+05 +6.890812e+05 +5.866277e+09 +5.353989e+10 -3.927181e+12 -1.272320e+15 -7.159064e+16 -6.538784e+18   
Q20-012   +9.996500e+00   +1.043768e-06 -6.052237e-02 -5.468305e-05 -1.178418e-01 -7.013907e-01 +2.448150e+03 -2.202087e+03 +3.972139e+05 +3.015791e+07 -2.384791e+11 +8.417809e+10 -8.921657e+12 +4.661858e+14 +4.871598e+18 -3.661156e+18   +8.482695e-07 -2.664784e-05 -2.124794e-03 +7.101545e-04 +2.445060e+00 -1.754899e+02 -7.461925e+02 -1.493881e+05 -1.310597e+07 +3.352230e+09 -5.162129e+10 +5.813455e+12 -1.399541e+15 -8.758650e+16 -1.969288e+18   
Q20-013   +9.995900e+00   +1.132488e-06 -6.050538e-02 +3.414389e-04 -6.786131e-02 -8.199754e-01 +2.398943e+03 +2.473622e+02 -4.755359e+05 -7.299626e+06 -2.428284e+11 +8.267337e+10 -3.476497e+12 +2.428542e+15 +4.660238e+18 +5.994663e+18   +4.305166e-07 -1.997188e-05 -5.927678e-05 +5.341067e-02 +9.334136e-01 -2.778908e+02 -1.276665e+03 +5.904736e+05 +2.331870e+07 +6.752763e+09 +1.675098e+11 +3.197523e+13 +1.567923e+13 -1.262322e+16 +3.388978e+17   
Q20-014   +9.996050e+00   +6.371121e-07 -6.054705e-02 -2.443511e-04 -7.987154e-02 +5.830969e-01 +2.441442e+03 -4.972881e+03 -4.008667e+04 +4.018546e+07 -2.368022e+11 +3.113625e+11 +1.911300e+13 -8.108803e+13 +4.977780e+18 +4.866569e+18   +1.832238e-07 -2.855410e-05 +6.688972e-05 +5.046243e-02 -7.641974e-01 -1.657415e+02 -2.465411e+03 +2.248259e+05 +6.891565e+06 +5.470751e+09 +6.909166e+10 -2.986682e+13 +8.252083e+14 +1.882451e+16 +4.104135e+18   
Q20-015   +9.996050e+00   +7.485093e-07 -6.052450e-02 -1.645700e-03 -1.030880e-01 -5.299318e-01 +2.434500e+03 +4.521944e+03 +2.588965e+05 +2.626697e+07 -2.403149e+11 -4.237690e+10 -1.146094e+13 +1.677880e+14 +4.618067e+18 +6.284830e+18   +2.764075e-07 -6.361230e-06 -6.631960e-04 +1.172822e-02 +3.061900e-02 -1.793365e+02 -3.744359e+03 +1.067633e+05 -2.519037e+07 +7.066149e+09 -1.442445e+11 -7.553084e+12 +3.816145e+14 -2.587792e+17 -3.215648e+18   
Q20-016   +9.996450e+00   +1.084232e-07 -6.051958e-02 -2.961775e-03 -5.965673e-02 -1.343435e+00 +2.404966e+03 +6.924583e+03 -8.139505e+04 -7.545382e+06 -2.362393e+11 -1.179067e+11 +7.571137e+12 +2.899687e+14 +4.782808e+18 +4.839317e+18   +4.939160e-07 -1.970394e-05 -3.441550e-04 +9.137523e-03 +5.624154e-01 -2.682555e+02 +1.327929e+03 +1.446630e+05 -1.539720e+07 +7.896213e+09 +1.657327e+11 -1.642826e+13 -1.067426e+15 -2.246270e+17 -4.955275e+18   
Q20-021   +9.996250e+00   +1.456199e-06 -6.054825e-02 +1.607788e-04 -7.747250e-02 -7.454898e-01 +2.379584e+03 -3.215790e+03 +2.390013e+05 +3.632757e+07 -2.384363e+11 +1.428554e+11 -5.195951e+12 -6.121883e+14 +4.793432e+18 +1.573511e+18   +8.421769e-07 -7.774501e-09 -1.408168e-03 +3.366389e-02 +2.360507e+00 -1.678022e+02 +1.880246e+03 -3.994746e+04 +3.147789e+07 +1.007649e+10 +1.844544e+10 -1.096108e+13 -9.087280e+14 -1.807986e+17 -1.695407e+18   
Q20-022   +9.996100e+00   +1.241601e-06 -6.049882e-02 +1.390458e-03 -9.109318e-02 +2.150764e-01 +2.394303e+03 -4.531955e+03 -2.376254e+05 -5.313676e+06 -2.368912e+11 -2.272593e+10 -1.387874e+12 -3.335023e+14 +4.753485e+18 +1.159796e+19   +2.993315e-08 -1.120947e-05 +1.036620e-03 +1.792649e-03 -1.376922e-01 -2.651966e+02 +6.933492e+02 -6.192631e+05 +2.219616e+07 +1.505503e+09 +2.750408e+11 -3.330489e+13 +1.546536e+14 +1.295984e+16 +9.358963e+18   
Q20-023   +9.996100e+00   +4.377960e-07 -6.049622e-02 -2.123904e-03 -5.338252e-02 -4.325537e-01 +2.534927e+03 +1.002514e+03 +3.879585e+04 +2.920217e+07 -2.375328e+11 +2.179251e+10 +7.949529e+12 +1.946374e+14 +4.910982e+18 -5.328234e+18   +6.708554e-07 -1.222171e-05 -8.178896e-04 +2.327395e-02 +2.112875e+00 -2.658727e+02 -2.635981e+03 -2.875351e+05 -1.124666e+07 +4.477929e+09 -1.367203e+10 -1.293065e+13 -9.948345e+14 -2.596752e+16 +5.904589e+18   
Q20-026   +9.996400e+00   +9.057088e-07 -6.051920e-02 -1.177774e-03 -3.187376e-02 -4.169477e-01 +2.385329e+03 -1.444194e+03 +1.692307e+05 +4.450003e+07 -2.400795e+11 -1.583223e+11 -1.428163e+13 -9.904616e+14 +4.684947e+18 +1.506986e+19   +7.640742e-07 -1.828738e-05 -7.959397e-04 -6.434648e-03 -6.875893e-01 -1.609672e+02 -3.174645e+03 -1.078442e+05 +2.230810e+07 +1.528037e+09 -1.435787e+11 +1.202582e+13 +8.675170e+14 -2.800842e+17 -3.719886e+18   
Q20-027   +9.996700e+00   +1.375140e-06 -6.053619e-02 +3.846893e-04 -7.808110e-02 +3.389214e-02 +2.408674e+03 -2.742548e+03 -1.018706e+05 +5.086729e+07 -2.378501e+11 +8.932986e+10 +5.208365e+12 -6.611285e+14 +4.762768e+18 -5.199094e+18   +6.843294e-07 -2.124903e-05 -1.260606e-03 +1.175916e-02 +1.727451e+00 -2.077343e+02 +2.125499e+03 +6.117950e+04 +2.913096e+07 +3.645668e+09 +5.740767e+10 -4.978835e+12 +6.347951e+13 -1.470977e+17 +2.095767e+18   
Q20-028   +9.997600e+00   +4.073265e-07 -6.056373e-02 -1.487452e-03 -8.627329e-02 +2.333467e+00 +2.350220e+03 +2.844176e+03 -1.060406e+06 +1.039029e+08 -2.458097e+11 +2.515926e+10 +3.014719e+13 -3.295769e+15 +4.684008e+18 +1.973458e+19   +6.770129e-07 -1.905512e-05 -1.150097e-03 +5.684097e-03 +1.860193e-01 -1.541140e+02 +8.956561e+03 -1.265744e+06 +9.198656e+07 +1.950030e+08 -3.039597e+11 -1.790029e+13 +4.198554e+15 -4.616140e+17 -7.198447e+18   
Q20-033   +9.996100e+00   +1.408537e-06 -6.055362e-02 +3.124885e-04 -8.373941e-02 -2.495484e-01 +2.442644e+03 -5.955772e+03 -2.223934e+04 +2.472118e+07 -2.375348e+11 -6.631708e+10 +7.303695e+12 -1.046614e+15 +4.916601e+18 +1.879122e+18   +6.977596e-07 -1.458312e-05 -1.297365e-03 +1.988725e-02 +1.229739e+00 -1.029613e+02 +1.260622e+03 -6.833779e+04 +2.567162e+07 +4.722381e+09 +1.462877e+11 +1.736493e+12 -1.767621e+15 +1.095505e+16 -1.966275e+18   
Q20-034   +9.996300e+00   +3.201743e-07 -6.050539e-02 -2.081024e-03 -8.567068e-02 -1.280695e+00 +2.420512e+03 +1.396160e+03 -2.508540e+04 +2.939381e+06 -2.353672e+11 +1.434130e+11 +8.858906e+11 -1.139244e+15 +4.781030e+18 +8.750218e+18   -2.611486e-07 -2.333551e-05 +4.354701e-04 +1.692669e-02 +1.197758e+00 -1.323007e+02 -4.054587e+03 -1.183003e+05 -7.333091e+05 +2.340491e+09 +4.356199e+10 -3.292073e+12 -6.548850e+14 -7.678184e+15 +7.896361e+18   
Q20-035   +9.996250e+00   +1.466344e-06 -6.056994e-02 +4.643291e-05 -4.498361e-02 -3.539021e-01 +2.428558e+03 -2.715552e+03 -4.526897e+04 +2.789321e+07 -2.398839e+11 -1.229492e+11 +2.116845e+12 -5.468495e+14 +4.865347e+18 +2.467799e+18   +8.447573e-07 -1.879898e-05 -1.662303e-03 +4.105170e-02 +1.208861e+00 -8.609087e+01 +4.430155e+03 +1.905260e+05 +2.472302e+07 +3.973329e+09 +8.711570e+10 +1.286509e+12 +5.020113e+13 -9.578628e+16 -3.829109e+18   
Q20-036   +9.996250e+00   +1.093545e-06 -6.055317e-02 -1.222602e-04 -6.548276e-02 -6.003870e-01 +2.426089e+03 -5.851603e+03 +3.713250e+05 +4.889655e+06 -2.374617e+11 -8.226247e+10 -1.090057e+13 -1.456968e+15 +4.814176e+18 -4.031057e+18   +9.647937e-07 -2.478973e-05 -1.341639e-03 +3.448001e-02 +1.422208e+00 -1.434310e+02 -3.369312e+03 +7.004233e+04 +2.509356e+07 +5.704094e+09 -9.268589e+10 -1.147869e+13 +7.061065e+14 -1.084144e+17 +4.075979e+18   
Q20-038   +9.996050e+00   +1.111873e-06 -6.050145e-02 -1.037622e-03 -1.129187e-01 -8.504619e-01 +2.442695e+03 -2.939143e+03 +3.147746e+05 +2.004118e+07 -2.377098e+11 -3.308590e+10 +3.263251e+11 -2.863248e+14 +4.787502e+18 -3.388488e+18   +1.155670e-06 -2.637143e-05 -2.349851e-03 +2.869103e-02 +1.105335e+00 -1.407876e+02 +9.004690e+03 -3.431702e+05 -7.204836e+06 +8.533044e+07 -1.634083e+10 -2.630587e+13 -3.482098e+14 -7.512155e+16 +5.816863e+18   
Q20-039   +9.996150e+00   +1.354749e-06 -6.054221e-02 -8.732811e-04 -4.963138e-02 -2.102564e-01 +2.387697e+03 -2.592557e+03 -1.736320e+05 +4.724485e+07 -2.367642e+11 +3.756762e+10 +3.843921e+12 -2.501593e+14 +4.855626e+18 -2.196444e+18   +3.526681e-07 -8.616234e-06 -1.897674e-04 +3.685692e-02 +1.292430e+00 -1.025601e+02 +2.642732e+03 +4.862614e+04 +3.574025e+07 +1.931971e+09 +5.756406e+10 -8.254860e+12 +9.514482e+14 +9.558413e+15 -5.287236e+18   
Q20-044   +9.996100e+00   +1.295763e-06 -6.054456e-02 -9.705108e-04 -9.130033e-02 -1.394778e+00 +2.427215e+03 +1.247013e+02 -2.085560e+04 +3.864413e+07 -2.359243e+11 -1.159780e+11 -2.102643e+13 -8.379271e+14 +4.836381e+18 -5.731172e+18   +3.452485e-07 -1.785741e-05 -4.241899e-04 +5.683856e-03 +1.643385e+00 -2.020556e+02 +1.391346e+03 -1.279588e+05 +3.465032e+06 +4.470238e+09 +8.033858e+10 -1.607861e+12 -9.787282e+13 -1.281647e+17 +3.789780e+18   
Q20-045   +9.996450e+00   +1.168281e-06 -6.054684e-02 -1.257877e-03 -4.918666e-02 -9.973141e-01 +2.396299e+03 +4.162356e+02 -6.577110e+04 +4.683039e+07 -2.379476e+11 +1.100712e+11 +5.627488e+12 -3.756432e+14 +4.864044e+18 +5.462579e+18   +5.973168e-07 -6.997019e-06 -1.059940e-03 +3.971779e-02 +6.595929e-01 -1.763053e+02 -9.544434e+02 -2.518022e+05 +3.888160e+06 +5.249396e+09 +1.393301e+11 -1.627979e+13 -1.535742e+15 -1.031182e+17 +6.144324e+17   
Q20-048   +9.996250e+00   +5.065826e-07 -6.058874e-02 -1.204615e-03 -1.717542e-02 +2.510537e-01 +2.380498e+03 +2.399107e+03 +3.271871e+04 +8.357933e+06 -2.351118e+11 -1.155556e+11 +2.709699e+12 -3.580131e+14 +4.748834e+18 +2.932435e+18   +6.944825e-07 -8.037210e-06 -6.544133e-04 +4.350191e-03 -5.043856e-01 -1.011668e+02 +8.226386e+02 +4.556918e+04 +2.510503e+07 -1.174403e+08 +1.295513e+10 -2.214405e+12 -1.059264e+15 +8.026232e+16 -8.514054e+17   
Q20-049   +9.996200e+00   +7.590869e-07 -6.056058e-02 -1.560539e-03 -7.186296e-02 +6.007332e-02 +2.390037e+03 -1.803971e+03 +6.102748e+05 +7.583901e+06 -2.353284e+11 +1.551366e+11 +2.115299e+13 +2.264757e+14 +4.778003e+18 +7.112863e+18   +6.810333e-07 -1.560912e-05 -1.446176e-03 +1.727911e-02 +1.962042e+00 -1.731027e+02 -3.853103e+03 +6.175036e+05 +3.540495e+07 -2.891849e+09 -6.637246e+10 +2.445379e+12 -1.635061e+15 -1.816900e+17 -3.311078e+18   
Q20-051   +9.996100e+00   +1.113093e-06 -6.053639e-02 -3.252090e-04 -4.672724e-02 +2.241148e-01 +2.476245e+03 -2.480567e+03 +1.111660e+05 +1.711470e+07 -2.341267e+11 -5.118337e+10 +6.041730e+12 -3.446819e+14 +4.746419e+18 -1.328478e+18   +6.395111e-07 -1.743450e-05 -4.489881e-04 +7.073011e-03 +1.104884e+00 -1.152375e+02 +4.800902e+02 +4.549611e+05 +1.872929e+07 +4.203724e+09 +1.073512e+11 +1.216802e+13 -4.473065e+14 +3.851139e+16 -1.546082e+17   
Q20-053   +9.996600e+00   +1.509406e-06 -6.053138e-02 -2.598073e-04 -9.771760e-02 +6.025604e-01 +2.380150e+03 -2.843816e+03 +3.590189e+05 +3.828758e+07 -2.353515e+11 +4.299190e+10 -5.594986e+12 -1.073048e+15 +4.698653e+18 -2.412270e+18   +2.502296e-07 -2.109152e-05 -8.243715e-04 +1.553025e-02 +2.668654e+00 -1.310271e+02 +3.792893e+03 +3.485342e+05 -7.233674e+06 +2.798308e+09 -3.530345e+09 -5.916406e+12 -4.192837e+14 -1.193857e+17 +4.874439e+18   
Q20-057   +9.996550e+00   +6.898182e-07 -6.053101e-02 -2.244329e-03 -6.076644e-02 -1.647642e+00 +2.423310e+03 +1.526470e+03 +1.291525e+05 +3.924126e+07 -2.350071e+11 -1.741215e+11 +1.131948e+13 -6.014573e+14 +4.782467e+18 +2.040831e+18   +1.051357e-06 -1.037200e-05 -1.622347e-03 +1.098267e-02 +2.573420e+00 -8.412524e+01 +3.753737e+03 +6.708715e+05 +7.661344e+06 +1.061961e+08 -3.249039e+10 +4.866441e+12 +1.966611e+14 +1.126083e+17 -3.888506e+18   
Q20-061   +9.995850e+00   +1.287924e-06 -6.067131e-02 +1.269059e-03 -5.294250e-02 +9.952468e-01 +2.439996e+03 -7.177956e+03 -2.898899e+04 +1.947472e+07 -2.357924e+11 +5.698261e+08 +1.001053e+13 -3.821842e+14 +4.927461e+18 -2.875531e+18   +7.477005e-07 +1.785621e-05 -1.740357e-03 +3.140685e-03 +1.122081e+00 -2.907706e+02 +3.886963e+03 +1.566662e+05 +2.459846e+06 +9.349000e+09 +9.905297e+09 +2.717844e+12 -4.867249e+14 -1.702506e+17 +7.725949e+18   
Q20-063   +9.996200e+00   +9.240398e-07 -6.069470e-02 +1.014700e-03 -6.317424e-02 +1.221604e+00 +2.429581e+03 -5.619351e+03 +2.839041e+05 -9.975503e+06 -2.347527e+11 +8.874358e+10 +1.123836e+13 +2.962154e+14 +4.795107e+18 +6.314598e+17   +7.911946e-07 -1.321323e-05 -1.597374e-03 -4.979188e-03 +1.454447e+00 -1.671389e+02 +2.624761e+03 +9.796399e+04 +1.132022e+07 +1.539419e+09 -3.102915e+10 -1.486871e+13 -1.498007e+15 +1.022550e+16 -2.425701e+18   
Q20-065   +9.996150e+00   +9.051726e-07 -6.060045e-02 -1.505594e-03 -4.852917e-02 -1.728671e+00 +2.404800e+03 +8.427870e+02 -1.641922e+04 +2.196217e+07 -2.336232e+11 -1.648321e+11 -3.595099e+12 -1.632166e+14 +4.788840e+18 +1.417389e+18   +8.025367e-07 -1.955814e-05 -1.366433e-03 +1.811784e-02 +9.573751e-01 -1.717958e+02 +1.605814e+02 -2.105682e+05 +3.234178e+07 +7.795491e+08 -2.363552e+10 -1.113372e+12 -1.302235e+14 -1.792616e+16 -6.653190e+18   
Q20-066   +9.994450e+00   +9.754623e-07 -6.053070e-02 -1.336565e-03 +5.946070e-03 -2.848569e-01 +2.371173e+03 +5.636393e+03 -2.359370e+05 +3.782974e+07 -2.325916e+11 -1.728240e+11 +1.842561e+13 +8.281577e+14 +4.917289e+18 -3.097259e+17   +5.349286e-07 -1.063363e-05 -3.062626e-06 +2.143102e-02 +5.341679e-01 -2.206830e+02 -1.725792e+03 +1.643704e+04 +2.078460e+07 +3.146172e+09 +2.443517e+10 -1.735912e+13 -1.771910e+15 -1.955369e+16 -5.964067e+18   
Q20-068   +9.996400e+00   +7.691553e-07 -6.082488e-02 -2.139742e-03 -4.175105e-02 +5.435861e-02 +2.484416e+03 +4.145140e+03 -1.744861e+05 +1.303915e+07 -2.343503e+11 +3.627765e+11 -1.532820e+13 -2.470370e+15 +4.737654e+18 -2.944711e+18   +1.555593e-07 -1.650775e-05 +5.504952e-04 +6.375313e-03 +3.644957e-02 -2.871403e+02 -2.281446e+03 +4.257397e+04 +3.318856e+07 +6.664583e+09 +4.186645e+10 -2.003958e+13 +1.681262e+15 -5.656427e+16 +7.223649e+17   
Q20-069   +9.995750e+00   +2.225341e-08 -6.059486e-02 -1.477346e-03 -1.178357e-01 -1.237924e+00 +2.436614e+03 +9.900614e+03 +3.159146e+05 -3.427011e+07 -2.378729e+11 +2.153949e+11 -3.433640e+12 -1.057227e+15 +4.724026e+18 +1.898332e+19   +6.092233e-07 +2.473584e-05 -1.049638e-03 +1.590840e-02 +9.904988e-01 -2.336625e+02 -1.156143e+03 -5.489860e+04 +2.256739e+07 +3.151855e+09 +1.296345e+11 +7.919768e+12 +2.187627e+15 -2.987749e+16 -7.363425e+18   
Q20-071   +9.995800e+00   +8.701382e-07 -6.064236e-02 -9.645141e-04 -8.234034e-02 -6.009707e-01 +2.450048e+03 +3.572904e+02 +3.020631e+05 +2.229373e+07 -2.361708e+11 -3.343105e+10 -5.996732e+12 -2.654553e+14 +4.785794e+18 +3.153248e+18   +5.882885e-07 +8.434556e-06 +8.177547e-04 +1.376193e-02 -1.856458e+00 -1.795583e+02 -3.519544e+03 +5.725046e+04 +3.898742e+07 +2.925288e+09 +9.330569e+10 +6.266530e+12 +1.844312e+14 -7.047615e+16 -1.069311e+19   
Q20-073   +9.995800e+00   +1.475913e-06 -6.063021e-02 -1.059646e-04 -8.461603e-02 +2.869478e-01 +2.461057e+03 -4.484339e+03 +8.867350e+04 +4.829984e+07 -2.391563e+11 -3.310202e+11 -1.772296e+13 +1.496614e+14 +4.930674e+18 +3.499544e+18   +7.101530e-07 +2.980315e-05 -6.259729e-04 +1.594031e-02 -1.660932e-01 -1.434700e+02 +1.218509e+04 +7.848037e+03 +2.079617e+07 +7.368020e+09 +2.811685e+11 +1.431117e+13 -2.799506e+15 -1.505447e+17 +7.765862e+18   
Q20-074   +9.995900e+00   +1.028177e-06 -6.064550e-02 -1.202577e-03 -7.160942e-02 -5.556039e-01 +2.383778e+03 -1.218699e+03 +1.899035e+05 +2.088827e+07 -2.381248e+11 +8.899199e+10 -1.208272e+13 -1.270024e+15 +4.808104e+18 +6.252738e+18   +7.671378e-07 +4.719778e-06 -6.020377e-04 +1.593608e-02 -5.311338e-02 -1.985636e+02 +4.884999e+03 -1.565651e+05 +1.904031e+07 +2.477569e+09 -2.507656e+10 +4.816366e+12 -5.156638e+14 -1.378561e+17 +2.492743e+18   
Q20-076   +9.996000e+00   +1.163635e-06 -6.061841e-02 -1.158794e-03 -3.453244e-02 -7.536058e-01 +2.384347e+03 -3.935191e+02 +1.252424e+05 +4.456193e+07 -2.364523e+11 +1.854487e+11 +1.494136e+13 -3.348099e+14 +4.747046e+18 +4.114335e+18   -5.613641e-08 +1.939206e-05 -3.533749e-05 +3.093625e-02 +3.465607e-01 -3.405267e+02 -1.297707e+03 +6.059826e+04 -1.884158e+07 +4.391725e+09 -3.221121e+11 -3.047356e+13 -3.254423e+13 -3.884155e+17 -8.184177e+16   
Q20-077   +9.996050e+00   +6.079825e-07 -6.058948e-02 -6.551199e-04 -5.920068e-02 -1.900518e+00 +2.364730e+03 -2.952024e+03 -1.015657e+05 +2.304521e+06 -2.365284e+11 +7.733988e+10 +1.907367e+12 -1.166279e+15 +4.925181e+18 +1.799534e+18   +5.377941e-07 -1.087028e-05 -8.185316e-04 +2.898359e-02 +1.449780e+00 -1.865416e+02 +3.184256e+02 -3.072730e+03 -3.565090e+06 +2.687872e+09 -3.704438e+10 +4.668533e+12 +1.817671e+14 +1.331119e+16 +7.875125e+17   
Q20-078   +9.996100e+00   +1.432791e-06 -6.063088e-02 +4.833917e-04 -7.528071e-02 +1.262469e+00 +2.404057e+03 -3.143934e+03 -2.650139e+05 +3.994366e+07 -2.348918e+11 -9.010269e+10 +1.252667e+13 +1.035137e+15 +4.629742e+18 +2.686713e+18   +9.688138e-07 -9.368657e-06 -1.821931e-03 +2.282130e-02 +5.860141e-01 -2.667980e+02 +3.463212e+03 +2.617004e+04 -1.670008e+07 +7.078704e+09 -2.259401e+11 -2.687238e+13 +7.549140e+14 -4.304446e+15 -3.782662e+18   
Q20-080   +9.996100e+00   +1.188961e-06 -6.054547e-02 -1.080859e-04 -8.095126e-02 -6.848063e-01 +2.414673e+03 -6.868029e+03 +1.322230e+05 +8.360381e+06 -2.412672e+11 -2.182433e+11 +2.171996e+13 -1.915903e+15 +4.781359e+18 -8.341083e+18   +3.949342e-07 +1.121573e-05 -1.199872e-03 +5.717018e-03 +1.128909e+00 -1.799644e+02 +1.801901e+03 -3.602865e+04 -7.249614e+07 +3.565043e+09 +2.104520e+11 -1.612960e+13 -1.174578e+15 -8.022007e+16 +9.534108e+18   
Q20-081   +9.995850e+00   +1.245922e-06 -6.054906e-02 +3.677059e-04 -5.658642e-02 -3.798148e-01 +2.360698e+03 -1.633424e+03 -2.983393e+03 +4.823860e+07 -2.365765e+11 -2.021274e+11 -8.234997e+12 -9.645992e+14 +4.851052e+18 +1.261644e+19   +8.219229e-07 +5.402529e-06 -2.433692e-03 +1.721085e-02 +1.994746e+00 -2.648758e+02 +1.679501e+03 -6.045861e+04 -2.504716e+07 +9.175668e+09 -1.599396e+11 +2.527673e+12 +3.466583e+14 -2.897350e+17 +1.005742e+18   
Q20-082   +9.995850e+00   +6.408374e-07 -6.061337e-02 -1.426684e-04 -5.804366e-02 +7.755763e-01 +2.326985e+03 +1.679631e+03 +2.664411e+03 -1.921114e+07 -2.403678e+11 +2.590262e+11 -4.210149e+13 -1.602181e+15 +4.733567e+18 +1.773715e+19   +2.055038e-07 +5.582246e-06 -1.087604e-03 +2.857508e-02 +1.601573e+00 -1.947257e+02 +7.778369e+03 +1.135120e+05 +1.516819e+07 +2.880679e+09 -2.537849e+11 -3.485154e+13 +1.659322e+15 -9.701287e+16 -6.455304e+17   
Q20-083   +9.994250e+00   +9.586012e-07 -6.061976e-02 +8.528988e-04 -3.778397e-02 +6.995127e-02 +2.327684e+03 -6.534332e+03 +3.041308e+05 -1.471508e+07 -2.370000e+11 +1.320114e+11 +1.049793e+13 +1.770254e+14 +4.781472e+18 +1.370493e+19   +7.357110e-07 -1.969369e-05 -1.651820e-03 +2.031244e-02 +1.691382e+00 -1.813737e+02 +3.626918e+03 -3.091764e+05 -4.838763e+05 +1.843050e+09 -1.454717e+11 -7.868836e+12 +5.905629e+13 -2.195032e+16 +4.362254e+18   
Q20-086   +9.996500e+00   +9.402008e-07 -6.069149e-02 -4.715331e-04 -6.060244e-02 +8.975491e-02 +2.398680e+03 +2.250716e+03 +1.040415e+04 +1.843069e+07 -2.367797e+11 +5.620370e+10 -2.674382e+12 -4.898665e+14 +4.927837e+18 +1.071583e+18   +7.611898e-08 -5.455603e-06 +3.559202e-04 +1.642284e-02 +2.274967e-01 -1.288901e+02 -2.741971e+03 +3.189730e+05 +1.310296e+07 +2.258179e+09 -4.151275e+10 +8.076102e+12 -8.258118e+14 -7.492331e+16 -6.806465e+17   
Q20-087   +9.996200e+00   +8.724912e-07 -6.047892e-02 -1.287826e-03 -6.034951e-02 +1.351859e-01 +2.278736e+03 +1.909886e+03 -2.714071e+04 +2.039042e+07 -2.344251e+11 +2.178675e+11 -4.266733e+12 -2.369985e+15 +4.692550e+18 -6.562141e+18   +6.223183e-07 -1.916426e-05 -1.826204e-03 +1.564957e-02 +2.737340e+00 -1.200474e+02 +1.626757e+03 +6.856645e+04 -2.908638e+07 +2.478164e+08 -8.362477e+09 -2.880085e+13 +5.598749e+14 +3.992237e+16 -9.325204e+18   
Q20-090   +9.994650e+00   +6.823175e-07 -6.058348e-02 -1.620587e-03 +2.024600e-02 -8.181669e-01 +2.360148e+03 +1.080457e+03 -2.872591e+05 +4.923229e+07 -2.346286e+11 +1.084467e+11 +1.521803e+13 -1.946239e+14 +4.867985e+18 -4.240664e+18   +2.814793e-08 -1.002006e-05 +3.580980e-04 +1.095247e-02 +6.730316e-01 -1.911630e+02 -4.014167e+03 +4.519483e+03 +1.314464e+07 -4.912757e+08 +1.840197e+11 -3.486199e+12 -5.853962e+14 +3.859248e+16 -2.724024e+18   
Q20-091   +9.994350e+00   +1.227940e-07 -6.066149e-02 -7.414466e-04 -4.332432e-02 -3.487172e-02 +2.319797e+03 -1.588860e+03 +2.248136e+05 -2.389740e+06 -2.346928e+11 -1.028145e+11 +1.616723e+12 -3.689536e+13 +4.779040e+18 -2.183261e+18   +6.028477e-07 -3.288144e-06 -1.932615e-03 +5.129556e-03 +1.340562e+00 -2.215259e+02 +4.417869e+03 -1.429306e+05 -2.143309e+07 +4.324679e+09 -5.666053e+10 -1.529534e+13 +1.239515e+15 -1.016502e+16 +1.141071e+18   
Q20-092   +9.996100e+00   +8.798139e-07 -6.055342e-02 -1.970032e-04 -7.078461e-02 -5.844215e-01 +2.406466e+03 -2.721600e+02 -4.839076e+04 +1.487314e+07 -2.369619e+11 -1.577257e+11 +5.372011e+12 -7.497583e+14 +4.760018e+18 -9.897408e+17   +7.446281e-07 -1.804620e-05 -1.868289e-03 +1.104936e-02 +2.197644e+00 -1.042030e+02 +6.890823e+03 +3.024212e+05 +1.880390e+07 +7.028618e+08 +2.516025e+11 -2.870022e+13 -7.954170e+14 +1.014770e+17 +9.347357e+18   
Q20-094   +9.994650e+00   +1.607124e-06 -6.054026e-02 +4.815663e-04 -4.512772e-02 +1.086994e+00 +2.421193e+03 -6.745312e+03 -2.904720e+05 +4.055604e+07 -2.334565e+11 +2.187766e+10 +1.735012e+12 +1.467565e+15 +4.744405e+18 -2.698780e+18   +7.297593e-07 -1.003874e-05 -1.466449e-03 +2.274497e-02 +2.028241e+00 -1.995825e+02 -1.216666e+02 +3.219637e+04 +1.688197e+07 +5.006120e+09 -6.012859e+10 -1.047100e+13 -1.493608e+15 -1.219032e+17 -1.192087e+17   
Q20-098   +9.996550e+00   +6.980058e-07 -6.049632e-02 -1.285979e-03 -5.028600e-02 -9.058496e-01 +2.380144e+03 +5.082689e+03 -4.199073e+05 -4.946669e+07 -2.355245e+11 +2.511187e+11 -5.814461e+12 -1.947407e+15 +4.929748e+18 +2.646499e+18   +5.858125e-07 -1.182315e-05 -1.284790e-03 +4.421436e-03 +6.061566e-01 -2.138475e+02 +1.066562e+03 +7.998302e+04 +3.731828e+07 -7.589879e+08 -7.338951e+10 -6.297969e+11 -1.561713e+14 +4.798394e+16 -7.790800e+18   
Q20-102   +9.995850e+00   +8.452205e-07 -6.049686e-02 -6.131351e-04 -4.881130e-02 -6.421186e-01 +2.260368e+03 +2.329236e+03 +2.524332e+05 +3.866235e+07 -2.364172e+11 +3.882274e+11 -8.006462e+12 -1.089973e+15 +4.802477e+18 +2.418662e+18   +3.739479e-07 +2.359236e-05 -4.328165e-04 +1.946910e-02 +8.858985e-01 -3.183729e+02 +1.120173e+03 +1.694505e+05 +4.979873e+07 +7.815822e+09 -2.091640e+11 +1.781740e+13 +1.629882e+14 -2.130379e+17 +6.762085e+18   
Q20-106   +9.997300e+00   +1.020706e-06 -6.097795e-02 +8.263225e-04 -5.278685e-02 -1.408386e-01 +2.382619e+03 -9.479485e+03 +3.852420e+05 +7.528805e+06 -2.392502e+11 -9.640927e+10 +1.867080e+13 +3.484722e+14 +4.889353e+18 -4.551928e+18   +1.259483e-06 -6.256149e-06 -3.619456e-03 +2.316730e-02 +1.666756e+00 -2.151980e+02 +9.157954e+03 +4.025607e+04 +2.033133e+07 +3.369614e+09 +2.897945e+10 -9.542703e+12 +1.744143e+15 +1.095312e+16 +2.227166e+18   
Q20-115   +9.994700e+00   +1.103472e-06 -6.049825e-02 +2.013056e-05 -3.431154e-02 +1.862730e-01 +2.341025e+03 -1.234548e+03 -4.007948e+05 -5.200099e+07 -2.347184e+11 +6.195174e+10 +5.342221e+13 -2.514501e+15 +4.434139e+18 -2.234788e+18   +6.507763e-07 -1.737976e-05 -9.796687e-04 +4.456243e-03 +2.408077e+00 -1.758224e+02 -8.237355e+03 -8.218987e+04 +1.503020e+07 +3.482183e+09 -1.406804e+11 -2.432016e+13 -2.477114e+15 +2.236753e+16 -3.838221e+18   
Q20-118   +9.994650e+00   +7.651394e-07 -6.047216e-02 -1.583249e-03 -2.225868e-02 -1.105242e+00 +2.418209e+03 -5.869218e+02 +2.153238e+05 -1.287716e+06 -2.346483e+11 +1.028847e+11 +1.421115e+13 +2.958955e+14 +4.753012e+18 +9.450828e+17   +6.726801e-07 -2.157452e-05 -1.032622e-03 +2.050676e-02 +2.178188e+00 -1.705283e+02 +2.340257e+03 -8.497490e+04 +6.900677e+06 +1.052186e+09 -1.385223e+11 -1.074759e+13 +1.306015e+15 +5.356662e+16 -1.220477e+18   
Q20-120   +9.994300e+00   +5.518705e-07 -6.053332e-02 -1.280083e-03 -5.109127e-03 -1.299100e+00 +2.365826e+03 +1.100490e+03 -1.837224e+05 +2.502866e+07 -2.331152e+11 -2.273298e+11 +6.167383e+12 -2.517463e+15 +4.625331e+18 +1.427197e+19   +3.548459e-07 -1.572462e-05 -1.019627e-03 +8.323683e-04 +1.546988e+00 -2.007978e+02 +2.307197e+03 -7.144567e+04 -6.042381e+06 +2.830509e+09 +9.249580e+10 -1.578258e+10 -2.795584e+14 +8.587376e+16 +1.112200e+19   
Q20-121   +9.995550e+00   +3.968661e-07 -6.054003e-02 -1.059883e-03 -3.917647e-02 -9.356722e-01 +2.335054e+03 +4.130668e+03 +4.482169e+05 +7.640594e+07 -2.363888e+11 -6.041613e+10 -1.369557e+12 +6.221367e+15 +4.761686e+18 +3.787797e+18   +9.871110e-07 -1.624068e-05 -1.229080e-03 +9.716500e-03 +2.411841e+00 -2.927470e+02 -1.129659e+03 +6.778066e+05 +3.909717e+07 +6.904311e+09 -1.753477e+11 +1.041184e+13 +2.490581e+14 -2.796399e+17 -1.081743e+19   
Q20-123   +9.996000e+00   +1.083802e-06 -6.044920e-02 -6.369973e-04 -2.334054e-02 +5.431525e-01 +2.498113e+03 -8.102938e+03 -6.130067e+05 +6.588162e+07 -2.376374e+11 +8.082451e+10 +5.134540e+12 -1.163006e+15 +4.594642e+18 +1.099051e+19   +1.483187e-07 -1.278324e-05 -2.193486e-05 +2.222835e-02 +2.078121e+00 -1.384008e+02 +1.176917e+03 +4.061922e+05 +2.042722e+07 +2.400054e+09 -2.255659e+11 -9.950639e+12 +1.905844e+15 +1.401366e+17 -3.563193e+17   
Q20-129   +9.995950e+00   +1.088657e-06 -6.057522e-02 -3.346385e-04 -6.610117e-02 -1.194393e-01 +2.441664e+03 -9.591201e+02 +2.166278e+05 +2.185345e+06 -2.365791e+11 +5.090816e+10 +1.264131e+12 -7.857036e+14 +4.939559e+18 -2.603638e+18   +3.374337e-07 +1.476874e-05 -1.400536e-03 +1.546259e-02 +1.467356e+00 -1.779096e+02 +3.722103e+03 +6.908232e+04 -4.563466e+06 +5.301410e+09 +1.465020e+10 -5.070512e+12 -2.011357e+14 -2.501918e+16 +9.119309e+17   
Q20-131   +9.995850e+00   +8.262634e-07 -6.061336e-02 -6.836437e-04 -1.317267e-02 -2.669767e-01 +2.386386e+03 -1.322721e+03 -3.584031e+05 -3.272174e+07 -2.343029e+11 -1.603507e+11 -9.958848e+12 -1.359930e+15 +4.788636e+18 +1.174275e+18   +4.382903e-07 +2.345985e-05 -1.023762e-03 +1.786326e-02 +1.554555e+00 -3.407030e+02 -4.341108e+03 -3.615209e+04 -1.675369e+06 +8.721934e+09 +6.395265e+10 -4.309313e+12 -2.124794e+15 -2.101122e+17 +1.759055e+18   
Q20-132   +9.995850e+00   +2.281407e-07 -6.057895e-02 -8.716515e-04 -6.347116e-02 -1.169411e+00 +2.344964e+03 -9.626965e+02 +2.329798e+05 +2.848121e+07 -2.396979e+11 -4.877681e+10 +2.810475e+11 -1.796834e+14 +4.982483e+18 +2.011483e+19   +3.227715e-07 -4.216241e-06 -7.335869e-04 -4.809794e-03 +2.244153e+00 -1.459089e+02 -1.791613e+03 -2.815766e+05 +2.774098e+07 +3.198302e+09 +2.397059e+11 -2.636573e+13 -5.792657e+14 -2.543970e+17 +1.380167e+19   
Q20-133   +9.995600e+00   +9.941226e-07 -6.047268e-02 -8.236809e-04 -1.514932e-02 -4.403769e-01 +2.419719e+03 +2.668023e+03 -1.267801e+04 +4.993362e+06 -2.371410e+11 +2.757992e+11 -6.403491e+12 -7.563142e+14 +4.833626e+18 -7.015076e+18   +4.023973e-07 +6.528296e-06 -2.704302e-04 +3.364898e-02 +7.935454e-01 -8.831342e+01 +1.756310e+02 -4.472062e+05 -1.667168e+07 +8.670882e+09 +2.440655e+11 -1.177475e+13 -6.062669e+14 +1.795607e+16 -1.009062e+19   
Q20-137   +9.996050e+00   +1.424519e-06 -6.059490e-02 +1.075306e-04 -1.377171e-02 +1.830598e-01 +2.492183e+03 +5.063491e+02 -5.374997e+04 +1.081723e+07 -2.359341e+11 -3.988054e+11 +3.082307e+13 -4.967448e+14 +4.777000e+18 -2.750010e+18   +3.943668e-07 +1.047063e-05 -1.364546e-03 +2.268022e-02 +2.426132e+00 -1.676155e+02 +2.630163e+03 +1.744620e+05 +9.880026e+06 +9.513941e+09 -1.747213e+11 +6.518813e+12 +3.124076e+14 +3.296570e+16 -2.194763e+18   
Q20-141   +9.996050e+00   +6.097139e-07 -6.059867e-02 -1.202397e-03 -1.997247e-02 -3.189397e+00 +2.352413e+03 -1.478256e+03 +2.888978e+05 -2.018504e+07 -2.365761e+11 -1.325426e+11 +1.186902e+13 -2.834503e+15 +4.871521e+18 -1.004364e+19   +3.967032e-07 +2.228090e-05 -4.788598e-04 +1.334328e-02 +1.385272e+00 -2.399770e+02 +5.330538e+03 +3.153886e+05 -8.379658e+06 +8.996022e+09 +2.688055e+11 +1.394068e+13 +5.598802e+14 -3.316968e+17 +7.422841e+18   
Q20-145   +9.994300e+00   +8.637222e-07 -6.057366e-02 -1.362877e-03 -8.286925e-02 -4.927909e-01 +2.368081e+03 +1.541841e+03 +3.589580e+05 +1.570288e+07 -2.347477e+11 +9.322745e+10 +2.530815e+12 -7.305802e+14 +4.743102e+18 +2.481424e+18   +9.061019e-08 -1.626890e-05 -2.619661e-04 +1.176542e-02 +8.325913e-01 -1.594444e+02 -5.423024e+03 -1.389403e+05 -6.069436e+06 +2.083185e+09 +1.308668e+10 +5.331984e+12 -2.117032e+14 -2.905432e+16 +4.455102e+17   
Q20-146   +9.996750e+00   +7.324270e-07 -6.046817e-02 -1.990220e-03 -5.452997e-02 -1.825286e+00 +2.285711e+03 -4.713391e+03 -5.576280e+04 +6.727194e+07 -2.383962e+11 -2.381764e+11 +3.290685e+13 -2.014256e+15 +4.567288e+18 -4.937385e+18   +2.964556e-07 -1.926723e-05 -1.310921e-03 +4.698210e-02 +1.537414e+00 -2.174156e+02 -1.076665e+04 -3.193509e+04 +5.572562e+06 +3.028456e+08 +2.584955e+10 -5.702919e+12 +1.869178e+15 +8.549754e+16 +1.547212e+19   
Q20-147   +9.996350e+00   +7.074788e-07 -6.063764e-02 -2.676421e-03 -1.102935e-01 -1.108944e+00 +2.480956e+03 +3.462007e+03 +2.177393e+05 +2.704383e+06 -2.357092e+11 +8.824760e+10 +3.115330e+12 -1.022989e+15 +4.720953e+18 -1.283596e+18   +6.164528e-07 -1.177449e-05 -2.127463e-03 +2.126716e-02 +2.252245e+00 -1.999149e+02 -6.251316e+02 -1.149065e+05 +2.451026e+06 +2.605726e+09 -8.210514e+10 -2.146168e+12 -8.487629e+14 +6.771641e+16 +1.533334e+18   
Q20-152   +9.996500e+00   +1.016965e-06 -6.042076e-02 -8.904900e-04 -1.206334e-01 -1.498031e+00 +2.438205e+03 -5.013439e+03 +4.231829e+05 +1.102081e+07 -2.317842e+11 -2.539556e+11 -9.707122e+12 -9.933304e+14 +4.878777e+18 +5.252995e+18   -1.811639e-07 -3.299856e-06 -1.100350e-04 +2.624586e-02 +7.821140e-01 -1.711972e+02 +1.230735e+03 -2.385187e+05 -4.837334e+07 +1.411294e+08 -1.837932e+11 -1.854463e+13 -1.776864e+15 -1.504119e+17 -1.728901e+18   
Q20-155   +9.997050e+00   +1.188517e-06 -6.046352e-02 -1.361566e-03 +2.148938e-02 -1.403548e+00 +2.297380e+03 -2.587528e+01 -1.760951e+05 +3.095463e+07 -2.357275e+11 -2.499418e+11 +8.253902e+12 -1.106648e+15 +4.870367e+18 -1.669324e+18   +9.168158e-07 +1.077504e-05 -1.672023e-03 +1.854138e-02 +1.010083e+00 -1.520276e+02 -5.525373e+01 -1.837794e+05 -1.247177e+07 +4.229197e+09 +3.042045e+09 -1.166791e+13 -5.802160e+14 -2.766901e+16 -8.849533e+17   
Q20-168   +9.996000e+00   +1.031176e-06 -6.050002e-02 -6.578068e-04 -5.636500e-02 -4.269530e-01 +2.246865e+03 -4.345150e+03 -1.134690e+05 +2.089223e+07 -2.305142e+11 +7.885677e+10 +4.828123e+12 -2.389756e+14 +4.633141e+18 -5.162130e+18   +6.476672e-07 -2.033664e-05 -7.878630e-04 -1.252589e-03 +1.775626e-01 -1.727318e+02 +2.933145e+03 +3.938643e+04 +2.039205e+07 +2.260561e+09 -4.092661e+10 -6.301152e+12 -4.930442e+14 +4.726473e+16 -2.403677e+18   
Q20-169   +9.996100e+00   +1.447515e-06 -6.057058e-02 -2.696923e-04 -2.348545e-02 -1.156672e+00 +2.231620e+03 -2.628142e+03 -8.825106e+04 -2.852759e+06 -2.330515e+11 +9.974019e+10 +9.957612e+12 -9.830197e+14 +4.685094e+18 +7.295670e+18   -2.851070e-08 -5.374682e-06 +2.344051e-04 +4.789962e-02 +1.861653e+00 -1.510086e+02 +2.352664e+03 +2.162213e+05 +3.578597e+06 +2.032787e+09 +1.543175e+11 -2.071871e+13 +5.780538e+14 +1.243913e+17 +8.235630e+18   
Q20-172   +9.994100e+00   +1.049165e-06 -6.071548e-02 +2.715560e-04 +1.047586e-03 -1.610010e+00 +2.352578e+03 -4.133876e+03 -2.162558e+05 -3.704536e+07 -2.361167e+11 +8.686631e+10 +1.411733e+13 -1.942323e+14 +4.697897e+18 +5.632470e+18   -5.405727e-07 -1.807160e-05 +1.062331e-03 +3.116762e-02 -1.646627e-01 -1.331397e+02 -1.356924e+03 +3.716646e+05 -1.163770e+07 +1.285339e+09 +1.703883e+10 -1.250324e+13 +1.482179e+15 -2.718734e+16 +4.541429e+18   
Q20-173   +9.996700e+00   +1.257185e-06 -6.052001e-02 -2.766902e-04 -4.867353e-02 -4.105297e-01 +2.293009e+03 -1.686398e+02 +5.998911e+04 +3.513056e+07 -2.334393e+11 -4.180158e+11 +9.482509e+12 -3.820892e+14 +4.381910e+18 +6.239021e+18   -4.156457e-07 -1.303279e-05 +1.178285e-03 -5.695684e-03 -4.514371e-01 -1.422233e+02 -4.200543e+03 -5.723920e+04 -8.485021e+06 +6.419012e+09 +1.127080e+11 -2.571432e+13 -9.132401e+14 +1.048610e+17 -7.490387e+18   
Q20-174   +9.994450e+00   -1.322773e-07 -6.076347e-02 -1.713171e-03 -2.140327e-02 -7.677820e-01 +2.336028e+03 -7.247479e+02 -1.484405e+05 -6.730312e+06 -2.344205e+11 -9.478722e+10 +4.909471e+11 -2.332391e+14 +4.759604e+18 -2.382691e+18   +6.237976e-07 -8.851493e-06 -9.066105e-04 +3.302902e-02 +4.543659e-01 -1.480858e+02 -2.262496e+03 -6.023703e+04 -7.889294e+05 -4.512978e+07 -1.002147e+11 -1.564555e+13 +1.214251e+14 -9.845722e+15 -6.286032e+18   
Q20-175   +9.996450e+00   +5.902774e-07 -6.062295e-02 -1.227295e-03 -1.357784e-02 -1.238885e+00 +2.323380e+03 +2.081588e+02 -1.678491e+05 +1.803533e+07 -2.357149e+11 -2.261562e+11 -9.170439e+12 +5.920128e+14 +4.733742e+18 -5.972077e+18   +5.430316e-07 +5.432752e-06 -1.505710e-03 +1.287243e-02 +2.769723e-01 -1.073114e+02 +7.017432e+02 -5.502939e+04 -1.676179e+06 -8.423842e+08 +1.824987e+11 -4.233661e+12 -6.527098e+14 -5.593913e+16 +6.055323e+18   
Q20-177   +9.996450e+00   +7.961737e-07 -6.054237e-02 -1.827635e-04 -1.064966e-01 -1.321034e+00 +2.333258e+03 -2.069637e+03 +5.264167e+05 +3.502842e+06 -2.346394e+11 -2.167834e+11 -8.508160e+12 -7.637750e+14 +4.791072e+18 +4.388576e+18   -7.398015e-08 +3.223040e-06 +9.332756e-04 +1.671568e-02 +1.834032e-01 -1.405284e+02 -2.751480e+03 -3.590114e+05 +6.924260e+06 +4.470953e+08 +4.763176e+10 +5.302819e+12 +5.518382e+14 -4.770885e+16 +5.890203e+18   
Q20-179   +9.996550e+00   +1.050526e-06 -6.046741e-02 -1.212123e-03 +1.874488e-02 -1.284102e+00 +2.258191e+03 -1.023743e+03 -1.321324e+05 +3.646240e+07 -2.357063e+11 -1.433479e+11 +1.218112e+13 -7.835334e+14 +4.826347e+18 -3.425718e+18   +3.494466e-07 -7.148651e-06 -1.132897e-03 +5.997598e-03 +1.359905e+00 -1.835713e+02 +1.700254e+03 +2.889012e+05 +1.151164e+07 +3.577652e+09 +1.738631e+11 -1.459137e+11 +4.904044e+14 -2.751371e+16 +1.124626e+19   
Q20-029   +9.997050e+00   +1.147357e-06 -6.050196e-02 -1.221780e-03 -1.614357e-02 -1.209925e+00 +2.412687e+03 -1.233031e+02 +7.465267e+04 +2.526026e+07 -2.393782e+11 +2.352839e+11 +3.690785e+12 -1.125485e+15 +4.793033e+18 +6.212976e+18   +7.931877e-07 -7.139195e-06 -1.556752e-03 +1.721178e-02 +1.212379e+00 -2.093221e+02 +4.992997e+03 -1.992672e+05 +4.372205e+07 +4.079607e+09 +5.809119e+10 -1.351649e+13 +1.364323e+15 -1.903642e+17 -4.130154e+18   
Q20-030   +9.996000e+00   +1.027935e-06 -6.057804e-02 -1.652891e-03 -2.852236e-02 -7.962306e-01 +2.438738e+03 +3.670390e+03 +8.481200e+03 +2.805449e+07 -2.387647e+11 -1.161590e+11 -9.060643e+11 -7.007647e+14 +4.753241e+18 -5.339752e+18   +1.966821e-07 -1.680782e-05 +3.748284e-04 +2.261920e-02 +3.395546e-01 -1.953141e+02 -2.880069e+03 -3.297715e+05 +1.007268e+07 +5.428821e+09 -1.187073e+10 -9.284444e+12 +4.259481e+14 -2.803899e+17 +3.817413e+18   
Q20-032   +9.996750e+00   +3.877626e-07 -6.057217e-02 -1.827188e-03 -2.205482e-02 -8.468074e-01 +2.391965e+03 +3.709694e+03 -3.220762e+05 -9.705273e+06 -2.394912e+11 +4.192349e+09 +1.325555e+13 +9.507469e+14 +4.983380e+18 +1.621097e+18   +5.116366e-07 -1.451515e-05 -1.337420e-03 +1.736478e-02 +1.338893e+00 -1.977461e+02 +4.040496e+03 -2.254156e+05 -1.523940e+06 +5.892830e+09 +1.448493e+11 -1.840278e+13 -2.906293e+14 -2.012555e+17 +2.109114e+18   
Q20-037   +9.996150e+00   +2.951928e-07 -6.055483e-02 -1.402810e-03 -1.062033e-01 -1.128527e+00 +2.430342e+03 -1.445840e+03 -1.406328e+05 +4.499097e+07 -2.393775e+11 -2.233978e+11 +1.080888e+13 +1.572915e+15 +4.704085e+18 -1.288431e+19   -1.015151e-07 -1.116021e-05 +5.231980e-04 +8.784995e-03 +8.442149e-01 -1.744972e+02 -4.963547e+03 -7.705848e+04 +1.047068e+06 +4.176744e+09 -7.437648e+09 -1.519612e+13 +2.066283e+15 -8.315468e+16 +7.491901e+18   
Q20-043   +9.996300e+00   +9.880438e-07 -6.056778e-02 -9.169693e-04 -7.872894e-02 -2.190510e+00 +2.420844e+03 +6.981825e+03 -8.854417e+04 +4.000242e+07 -2.395236e+11 +3.625547e+11 -8.813328e+12 -1.173426e+15 +4.858882e+18 +5.474142e+18   +8.411344e-07 -2.249833e-05 -2.242922e-03 +2.385183e-02 +2.788738e+00 -2.068044e+02 +2.358992e+02 -2.356353e+05 -2.862999e+07 +4.611183e+09 -2.982918e+10 -1.551227e+13 -1.393893e+15 -1.651376e+17 +3.256415e+18   
Q20-046   +9.997100e+00   +8.930536e-07 -6.056250e-02 -1.551689e-03 -9.940230e-02 -1.533103e+00 +2.400352e+03 -7.531349e+03 +3.839650e+05 -5.291110e+07 -2.397085e+11 -9.161652e+10 +1.614082e+12 -2.607167e+15 +4.831061e+18 +3.584795e+18   +1.294459e-06 -1.482926e-05 -1.263484e-03 +3.657230e-02 +2.848859e-01 -1.864283e+02 +4.837769e+03 -1.300644e+04 -1.940135e+07 +2.447170e+09 +7.285908e+10 -3.014970e+13 -9.540469e+14 -2.422687e+17 -1.278039e+19   
Q20-047   +9.995900e+00   +1.517995e-06 -6.053865e-02 -2.327358e-04 -6.631091e-02 +2.091181e-01 +2.400853e+03 +2.432179e+03 -1.943142e+05 +1.745268e+07 -2.347312e+11 -7.013815e+10 -1.385574e+13 -7.486602e+13 +4.682897e+18 +4.069916e+18   -7.336709e-08 -8.504547e-06 +1.590400e-03 +1.692640e-02 -1.458685e+00 -1.584898e+02 -2.814743e+03 -1.060121e+05 +1.466918e+07 +5.065883e+09 -2.303445e+11 -1.825588e+13 -1.530122e+15 -4.962313e+16 -2.869101e+19   
Q20-050   +9.996800e+00   +1.380507e-06 -6.063901e-02 -1.161814e-03 -7.913589e-02 -2.063166e+00 +2.517720e+03 -2.057067e+03 +1.419493e+05 +7.968626e+07 -2.375481e+11 -9.056063e+10 -1.436791e+13 -1.303561e+15 +4.843888e+18 +5.314478e+18   +1.006486e-06 -6.695731e-06 -2.418928e-03 +2.688024e-02 +2.510626e+00 -2.402080e+02 +6.669666e+03 +1.594993e+04 +4.240607e+06 +6.387137e+09 -7.923224e+10 -8.635557e+12 -4.035816e+14 -1.594879e+17 +1.253519e+19   
Q20-056   +9.996300e+00   +1.086503e-06 -6.066357e-02 -1.049643e-03 -7.662745e-02 -9.850688e-01 +2.391233e+03 -2.861727e+03 +2.309591e+05 +3.031533e+07 -2.360399e+11 +8.570246e+10 +7.443944e+12 -9.566444e+14 +4.761345e+18 +2.374004e+18   +6.539379e-07 -1.397589e-05 -9.972048e-04 +1.629546e-02 +2.019618e+00 -1.142182e+02 -1.298860e+03 -4.246757e+04 +2.020044e+07 +1.244588e+09 -1.395322e+11 +1.883095e+12 -4.815566e+14 -9.918210e+15 +3.574889e+18   
Q20-058   +9.996350e+00   +1.463277e-06 -6.061365e-02 -9.676125e-05 -9.018340e-02 -3.151875e-01 +2.436650e+03 +5.424311e+02 +1.627254e+04 +2.712903e+07 -2.356493e+11 -7.314849e+10 +6.561782e+11 -1.650189e+15 +4.811544e+18 +1.154588e+18   +6.444380e-07 -6.897254e-06 -5.089650e-05 +1.647205e-02 +1.153757e+00 -1.777822e+02 -3.326490e+03 +1.823896e+05 +2.432935e+07 +3.832273e+09 +1.621641e+11 -1.363041e+13 +3.994580e+14 -1.056304e+16 +2.153333e+18   
Q20-059   +9.996000e+00   +1.111128e-06 -6.062472e-02 -7.778072e-04 -1.373903e-01 -6.608579e-01 +2.438735e+03 -3.716082e+02 +3.372390e+05 +2.888353e+07 -2.349085e+11 -3.927599e+10 -1.179153e+13 -1.146660e+15 +4.746087e+18 +6.273166e+17   +1.408253e-07 -1.865313e-05 +1.359488e-03 +1.898351e-02 -6.499157e-01 -2.495898e+02 -3.924965e+03 +5.871112e+04 +5.488935e+06 +4.345431e+09 +5.064299e+10 -6.735151e+12 -5.366403e+13 +9.781839e+15 -1.327952e+18   
Q20-060   +9.996800e+00   +5.780822e-07 -6.058589e-02 -1.397713e-03 -7.823387e-02 -3.409117e-01 +2.551539e+03 +3.433526e+03 -1.974954e+05 +2.944854e+07 -2.366993e+11 -2.615754e+10 -1.151097e+10 -4.010172e+14 +4.771278e+18 -4.339442e+18   +1.195985e-07 -1.303977e-05 +4.853102e-04 +1.079995e-02 -1.708459e-01 -1.117318e+02 -4.582343e+02 -1.119742e+04 +1.138118e+07 +3.204037e+09 +4.304120e+10 +4.786398e+12 -5.354829e+14 +6.818309e+15 +3.869903e+18   
Q20-062   +9.996050e+00   +1.082226e-06 -6.064169e-02 -9.571843e-04 -1.125587e-01 -3.590585e-02 +2.384062e+03 +5.489850e+03 +3.101710e+05 +2.032299e+07 -2.343748e+11 -2.452070e+11 -1.705660e+12 -4.718122e+14 +4.506424e+18 -9.260747e+18   +2.704227e-07 -1.590930e-05 +2.828814e-04 +2.777279e-02 +1.340578e+00 -2.288983e+02 -3.015806e+03 -8.094163e+04 +1.030001e+07 +1.728556e+09 +1.592672e+10 -1.040927e+13 +5.550192e+13 +1.056115e+16 -5.583192e+18   
Q20-064   +9.996600e+00   +1.724159e-06 -6.071942e-02 +9.250140e-04 -5.504154e-02 -4.118002e-01 +2.461858e+03 -5.736391e+03 -1.113019e+05 +2.207732e+07 -2.371205e+11 +5.339943e+10 -6.149864e+12 -1.234791e+15 +4.733668e+18 -5.618860e+18   +4.935119e-07 -1.243158e-05 -1.340260e-04 +1.306950e-02 +8.441521e-01 -2.754284e+02 -6.911483e+02 +1.019933e+05 +1.065189e+07 +6.931650e+09 +3.380812e+10 -1.776634e+13 -2.192696e+15 -2.201249e+17 +6.941250e+17   
Q20-067   +9.996550e+00   +5.649399e-07 -6.077954e-02 -1.567698e-03 -8.692643e-02 -5.526225e-01 +2.480841e+03 -2.114494e+01 +3.108200e+05 +2.260879e+07 -2.376878e+11 +1.695158e+11 +4.762045e+12 -7.325945e+14 +4.831722e+18 -3.277089e+18   +7.270634e-07 -3.124151e-05 -1.907524e-03 +1.428047e-02 +1.268215e+00 -1.905239e+02 +4.247950e+03 +8.333933e+04 +1.256525e+06 +3.832599e+09 -7.512964e+10 -1.407806e+13 -7.402951e+14 -2.957724e+16 -1.172909e+18   
Q20-070   +9.996000e+00   +1.875531e-06 -6.060649e-02 +6.502819e-04 -8.135061e-03 -9.329627e-01 +2.436312e+03 -1.325746e+04 -5.411882e+05 +3.609609e+07 -2.361901e+11 -2.384699e+11 +1.810170e+13 -2.415941e+15 +4.638009e+18 +9.883916e+17   +4.719976e-07 +6.815237e-06 +1.897613e-04 +1.942165e-02 -1.243193e+00 -2.034509e+02 -3.054547e+03 +3.772983e+04 +6.205794e+06 +6.474876e+09 -1.277542e+11 -1.541893e+13 +2.750760e+15 +2.710881e+16 -6.056806e+18   
Q20-072   +9.995900e+00   +3.268296e-07 -6.061995e-02 -2.669316e-03 -1.176147e-01 -2.296407e+00 +2.485535e+03 +8.728834e+03 +3.383591e+05 -3.822424e+07 -2.335821e+11 +8.770638e+10 -4.081375e+12 -2.782896e+15 +4.992838e+18 +6.934417e+18   +1.109704e-06 +2.220324e-05 -1.012126e-03 +1.765875e-03 +1.376881e-02 -2.254539e+02 -3.204286e+03 +4.611645e+05 +4.447904e+06 +3.154585e+09 -9.626288e+10 +3.559916e+12 +3.724703e+14 -9.950543e+16 +3.866636e+18   
Q20-075   +9.996200e+00   +1.306145e-06 -6.058822e-02 +4.571469e-04 -3.947407e-02 +1.508662e+00 +2.480678e+03 -3.649176e+03 +9.428978e+04 +3.855500e+07 -2.378127e+11 -1.455133e+11 -3.054658e+13 +2.723972e+14 +4.879353e+18 -2.958798e+17   +9.105083e-07 -9.479522e-06 -1.205525e-03 +3.556105e-02 -2.419487e-01 -2.563610e+02 +5.082053e+03 -1.060094e+05 -4.815465e+07 -3.989327e+09 +7.771831e+10 -1.213194e+13 +2.545110e+14 -1.578573e+17 +3.912216e+18   
Q20-079   +9.996050e+00   +1.265618e-06 -6.075214e-02 -2.811592e-04 -5.809774e-02 +6.565856e-01 +2.454702e+03 -2.715739e+03 +1.441470e+05 +3.320769e+07 -2.365035e+11 +2.116873e+10 -1.152620e+12 -3.028195e+14 +4.747451e+18 -2.412582e+18   +1.416014e-06 -4.800892e-06 -3.626053e-03 +1.893691e-02 +2.038098e+00 -2.712678e+02 +1.013363e+04 -6.138133e+04 +1.299174e+07 +6.272589e+09 -9.497011e+10 -7.364724e+12 -7.436807e+14 -8.858795e+16 +1.424391e+18   
Q20-095   +9.996050e+00   +2.459498e-07 -6.065273e-02 -2.874092e-03 -6.252797e-02 -2.140219e+00 +2.278596e+03 +1.000351e+04 +1.385671e+04 +2.873946e+07 -2.321219e+11 -1.373227e+11 -1.082810e+13 -8.289863e+13 +4.669907e+18 -1.476518e+18   +6.060042e-07 -1.758538e-05 -1.591490e-03 +6.317073e-03 +2.309923e+00 -2.188150e+02 -1.624235e+03 +1.981742e+05 -1.194179e+07 +4.284850e+09 -1.271210e+10 -3.204207e+12 +4.020539e+14 +1.065711e+17 -1.114352e+18   
Q20-107   +9.994300e+00   +1.141999e-06 -6.053384e-02 -5.412250e-04 -1.270712e-02 -6.038962e-01 +2.291791e+03 -3.197336e+03 +8.620203e+04 +2.258884e+07 -2.370998e+11 +8.430970e+10 +4.212858e+12 -2.433804e+15 +4.881694e+18 +2.707079e+18   +9.171295e-07 -1.912508e-05 -2.396579e-03 +1.494497e-02 +2.266404e+00 -2.943369e+02 +6.457584e+03 -1.122766e+05 -1.416375e+07 +1.694954e+09 +1.135867e+11 -9.291892e+12 -5.486591e+13 -1.374191e+16 +1.096336e+19   
Q20-108   +9.994700e+00   +1.399823e-06 -6.058306e-02 -9.789958e-04 +7.215319e-03 -1.473271e+00 +2.377195e+03 +4.126809e+03 -2.750542e+05 +7.938736e+07 -2.340535e+11 -3.145523e+11 +4.147981e+13 -2.870469e+15 +4.839966e+18 +8.970905e+18   +6.858748e-07 -1.869855e-05 -1.146950e-03 +1.354757e-02 +7.930152e-01 -1.800632e+02 +1.020072e+04 +2.932964e+05 -2.272252e+06 +7.335177e+09 -3.650447e+11 -1.730425e+11 +2.196523e+15 -3.297260e+16 -3.246027e+18   
Q20-109   +9.996850e+00   +7.039089e-07 -6.073862e-02 -1.248902e-03 -1.732797e-02 +1.407197e-01 +2.468297e+03 -7.771345e+03 -6.969987e+05 +5.315419e+07 -2.383392e+11 +2.254422e+11 -2.912896e+13 -2.614518e+15 +4.879662e+18 +5.602890e+18   +7.724001e-07 -2.324018e-05 -2.209811e-03 +1.711931e-02 +1.104542e+00 -2.346921e+02 +2.515518e+03 +5.480570e+05 +8.730125e+07 +5.637607e+09 -1.579329e+11 +4.448525e+12 +1.592252e+15 +7.407111e+15 -4.951333e+17   
Q20-111   +9.996900e+00   +7.012557e-07 -6.073002e-02 -1.219895e-04 -8.465419e-02 +3.597850e-01 +2.376831e+03 -5.184044e+03 +2.951783e+05 +8.760259e+06 -2.371812e+11 -1.325831e+11 +1.334274e+13 +7.397725e+13 +4.779615e+18 -3.517169e+18   +6.431243e-07 -2.103963e-05 -1.398249e-03 +1.268836e-02 +2.058070e+00 -1.117595e+02 +1.368102e+03 -1.778559e+05 +1.128330e+06 +2.085782e+09 -7.095439e+10 -6.595373e+12 +1.648259e+14 +8.557151e+16 +6.042203e+17   
Q20-112   +9.995900e+00   +8.057759e-07 -6.053864e-02 -9.636517e-04 -4.035220e-02 -8.354772e-01 +2.379721e+03 +3.404546e+03 +7.085623e+04 +4.438365e+07 -2.321223e+11 +4.277886e+10 -4.268870e+12 +3.517944e+13 +5.003320e+18 +4.924819e+18   +5.343086e-07 +1.208042e-05 -8.290917e-04 +3.319800e-02 +1.208779e+00 -2.582002e+02 -2.240076e+03 +1.720764e+05 +1.837838e+06 +8.120504e+09 -2.218792e+10 -1.752374e+13 -1.567585e+14 -2.896218e+17 -9.797513e+18   
Q20-113   +9.995000e+00   +9.293133e-07 -6.054876e-02 -6.564994e-04 -2.981451e-02 +4.465802e-01 +2.330782e+03 -3.133785e+03 -5.671666e+04 +7.634658e+06 -2.327490e+11 -3.175550e+10 +1.768310e+13 +1.138399e+15 +4.817047e+18 +6.321794e+18   +4.067732e-07 -1.088129e-05 -1.096691e-03 +1.667970e-02 +6.944910e-01 -1.468746e+02 +2.663629e+03 -2.087745e+05 +1.358734e+07 +1.492189e+09 -1.694086e+11 +3.686894e+12 -1.158683e+14 -2.050340e+16 +8.542597e+18   
Q20-116   +9.996450e+00   +9.500159e-07 -6.048257e-02 -7.914316e-04 -3.950354e-02 -5.827609e-01 +2.409121e+03 +2.057005e+03 +2.513196e+05 +1.136004e+07 -2.332938e+11 +2.274200e+10 +5.777224e+12 -5.529601e+14 +4.831285e+18 +4.085362e+18   +2.132887e-07 -8.982256e-06 -7.276251e-04 +1.229523e-02 +1.597899e+00 -1.561572e+02 -1.341462e+03 -4.820441e+05 -4.697569e+06 +8.696671e+08 -2.959645e+10 -1.092148e+13 -9.126273e+14 -1.124400e+17 -1.337975e+18   
Q20-119   +9.996200e+00   +7.844742e-07 -6.052826e-02 -1.346013e-04 -1.514431e-02 +1.245266e+00 +2.492939e+03 -2.606817e+03 -2.786951e+05 -1.310664e+07 -2.374511e+11 +3.518661e+10 +2.191614e+13 +6.047180e+14 +4.882176e+18 +6.639241e+17   +6.248820e-07 +2.012646e-06 -1.402576e-03 +1.755920e-02 +2.067582e+00 -9.192108e+01 +4.089126e+03 +3.682628e+05 +3.241046e+05 +1.461882e+09 -7.215403e+10 -2.100425e+13 +5.966137e+13 +1.755613e+17 +1.067082e+19   
Q20-125   +9.995850e+00   +1.105773e-06 -6.048511e-02 -1.116044e-04 -2.217755e-02 -5.303848e-01 +2.351342e+03 -6.474886e+03 +1.263180e+05 +2.525119e+06 -2.373917e+11 -2.930829e+11 -1.379333e+13 -1.988313e+15 +4.752089e+18 -2.068426e+19   +4.038617e-07 +1.795767e-05 -6.716182e-04 +2.706139e-02 +7.299377e-01 -1.418551e+02 -4.372140e+03 -1.158795e+05 -1.663786e+07 +1.578033e+09 -3.674489e+11 -2.698488e+13 -4.094977e+14 -1.660315e+17 -5.753167e+18   
Q20-127   +9.996000e+00   +2.152052e-07 -6.051018e-02 -1.344922e-03 +1.357330e-03 -1.052340e+00 +2.431617e+03 +6.973021e+02 -2.575662e+05 +1.926422e+07 -2.353455e+11 +4.614719e+10 +2.922987e+10 +9.232426e+13 +4.736770e+18 -6.366270e+17   +5.477711e-07 +7.260809e-06 -1.454941e-03 +1.152431e-02 +1.656883e+00 -1.647249e+02 -1.643112e+03 +1.453088e+05 +9.834829e+06 +3.479789e+09 -1.821956e+10 -4.880539e+12 +1.033522e+14 -2.417330e+16 -1.202580e+18   
Q20-130   +9.996150e+00   +1.146172e-07 -6.058737e-02 -1.375624e-03 -3.876866e-02 -1.154334e+00 +2.554319e+03 -3.037849e+03 +1.450409e+05 +6.163344e+06 -2.359221e+11 -2.431769e+11 +2.508917e+12 -1.102750e+15 +4.517717e+18 -6.711481e+18   +9.427712e-07 +2.206075e-06 -2.331240e-04 -1.442363e-02 -1.086034e+00 -2.655610e+02 -8.277520e+02 +5.503955e+05 +8.364094e+06 +4.969089e+08 +2.091385e+11 -3.477154e+13 +6.404854e+14 -2.134490e+17 +2.540129e+18   
Q20-136   +9.996100e+00   +3.108838e-07 -6.048957e-02 -1.263841e-03 -9.702437e-02 -1.211987e+00 +2.412067e+03 -2.053241e+03 +2.607191e+04 -2.937404e+06 -2.347689e+11 -4.418131e+10 -7.431944e+12 -4.972716e+13 +4.775553e+18 +1.455943e+18   +9.198596e-07 -1.462862e-05 -1.440049e-03 +2.618776e-02 +1.398322e+00 -7.781704e+01 +2.213241e+02 +1.960419e+05 +2.317411e+07 +1.276573e+09 +1.168860e+10 +7.094678e+12 -1.073183e+15 +5.680779e+16 +3.531206e+17   
Q20-139   +9.996550e+00   +7.423147e-07 -6.066413e-02 -5.609198e-04 -4.354974e-02 +4.587946e-01 +2.456138e+03 -2.304750e+03 +5.869823e+05 +2.848346e+07 -2.362853e+11 -1.929709e+11 -1.248582e+13 +6.036961e+14 +4.783633e+18 -2.490054e+19   +3.783038e-07 -6.196261e-06 -4.333909e-04 +2.493465e-02 -1.049292e+00 -2.502452e+02 -7.693317e+02 +5.982394e+05 +3.126719e+07 +7.632835e+09 +5.853537e+10 -1.198871e+13 -4.363722e+14 +1.120378e+17 +1.025401e+19   
Q20-140   +9.996800e+00   +1.056029e-06 -6.064348e-02 +2.056550e-04 -3.035538e-02 +3.207975e-01 +2.419681e+03 -4.782723e+02 +4.909355e+04 +1.098533e+07 -2.327717e+11 -1.178310e+11 +2.108898e+13 +1.360508e+15 +4.644952e+18 +6.327762e+18   +4.101294e-07 -1.821530e-05 -4.064136e-04 +3.241244e-02 +9.524002e-01 -2.735870e+02 -4.263093e+03 +2.892996e+05 -2.677592e+07 +4.073827e+09 +3.944871e+10 -7.196625e+12 -1.145041e+15 -2.872172e+16 +2.255660e+18   
Q20-142   +9.996450e+00   +1.176827e-06 -6.066285e-02 -7.172501e-05 -1.089416e-01 +3.056799e-01 +2.347060e+03 -6.769721e+02 +2.058129e+05 +2.360933e+07 -2.383575e+11 -6.777969e+10 -1.213389e+13 +8.875343e+14 +4.673007e+18 -1.222918e+19   +2.959325e-07 -2.404335e-06 +9.173153e-04 -6.608461e-03 -1.537538e+00 -1.821058e+02 -6.184357e+03 -9.061086e+04 +5.370323e+07 +3.802357e+09 -1.862694e+10 -3.248862e+13 -2.827077e+14 -1.960409e+16 -1.043626e+19   
Q20-149   +9.996800e+00   +7.786090e-07 -6.061549e-02 -1.255950e-03 -4.323143e-02 -3.232558e-01 +2.411873e+03 +3.384281e+03 -1.605596e+05 +8.741180e+06 -2.368939e+11 -3.037185e+10 -1.633616e+13 -8.897209e+14 +4.836541e+18 -4.239349e+18   +2.017591e-07 -7.823141e-06 +4.851250e-04 +1.332132e-02 +9.333664e-01 -2.041356e+02 -3.006993e+03 -3.812538e+05 -2.266228e+06 +5.032696e+09 -9.691972e+10 -2.313787e+13 +1.104213e+15 -9.101566e+16 +2.136577e+18   
Q20-153   +9.996850e+00   +8.913270e-07 -6.053134e-02 -5.825571e-04 -6.227855e-02 -1.533561e+00 +2.326107e+03 -3.832181e+03 -4.058186e+04 +2.088004e+07 -2.347594e+11 -3.479576e+10 +8.123518e+12 -1.163405e+15 +4.775372e+18 +1.597806e+18   +4.939371e-07 -8.257268e-06 -1.681147e-04 +1.351245e-02 +6.175490e-01 -1.471644e+02 +4.822224e+02 +1.669742e+05 +2.930151e+07 +1.809817e+09 +1.393401e+11 -1.850346e+13 -6.031071e+14 +8.691793e+16 +1.915982e+18   
Q20-162   +9.996350e+00   +8.473894e-07 -6.053336e-02 -4.405151e-04 -7.066260e-02 -1.226780e+00 +2.369649e+03 -1.925457e+03 +1.408749e+03 +4.428459e+06 -2.348875e+11 -8.719431e+10 -3.363269e+12 -7.412209e+14 +4.726978e+18 +3.132379e+18   -7.771760e-10 -1.930593e-05 -2.781830e-04 +2.982754e-02 +1.093062e+00 -9.464931e+01 -9.934809e+02 -2.559381e+04 -9.521839e+06 -6.998233e+07 -1.136366e+11 -3.738824e+12 -1.941431e+14 +7.337055e+14 +3.813051e+18   
Q20-176   +9.994450e+00   +1.092922e-06 -6.077684e-02 +1.038000e-04 -5.899305e-02 +4.448431e-01 +2.334461e+03 -6.026578e+03 +7.342556e+04 +1.758677e+07 -2.324859e+11 -3.183092e+10 -6.929812e+11 -1.152678e+15 +4.579506e+18 +5.370258e+18   +7.181004e-07 -7.751608e-06 -1.729213e-03 +6.626615e-03 +1.270668e+00 -2.044091e+02 -2.244937e+03 -8.194716e+04 +1.695458e+06 +2.230709e+09 +1.675874e+11 +3.851932e+12 -2.932994e+14 +6.341251e+15 -3.242264e+18   
Q20-004   +9.996250e+00   -3.009921e-07 -6.063422e-02 -2.085117e-03 -1.256867e-01 -8.556301e-01 +2.209253e+03 +4.249876e+02 -8.308365e+05 +1.714255e+08 -2.456564e+11 -5.286834e+11 +6.706803e+13 +4.820769e+15 +4.672166e+18 -3.237127e+19   +4.820959e-07 -4.114457e-06 +8.085941e-04 +3.409286e-02 -5.848870e-01 -2.381512e+02 +2.618463e+04 +1.457681e+06 +4.633287e+07 +2.423973e+09 +7.248989e+11 +3.357170e+13 +5.465694e+15 +2.689617e+17 -3.428768e+18   
Q20-008   +9.997200e+00   +7.893570e-08 -6.062152e-02 -2.543873e-03 -6.356125e-02 -2.160509e+00 +2.499797e+03 -1.377273e+03 -2.710548e+05 +4.070866e+07 -2.350529e+11 -1.585332e+11 -6.572701e+12 +1.076552e+14 +4.750016e+18 -5.183365e+16   +7.172562e-07 -2.359345e-05 -1.006322e-03 +3.808037e-02 +1.228364e+00 -2.081274e+02 +8.779231e+02 +1.268641e+05 +2.494081e+07 +1.917160e+09 +1.610667e+10 +1.425189e+13 -3.671170e+14 -1.619191e+17 +2.501583e+18   
Q20-017   +9.996050e+00   +2.520511e-07 -6.060416e-02 -2.226488e-03 -7.040580e-02 -5.052698e-01 +2.435159e+03 +1.349483e+03 +9.417599e+04 -6.793775e+06 -2.397780e+11 -3.291824e+10 -8.042389e+12 -2.804290e+14 +4.878275e+18 -4.033169e+18   -2.842296e-08 -7.524914e-06 +1.385463e-03 +1.426567e-02 -2.254194e-01 -2.107966e+02 -5.833921e+03 -1.422541e+04 +8.460977e+06 +4.399607e+09 -4.992609e+10 -1.112205e+13 -5.041553e+14 -8.149180e+16 +4.214796e+18   
Q20-019   +9.996550e+00   +7.681145e-07 -6.046903e-02 -1.798759e-03 -7.654103e-02 -2.473466e+00 +2.397581e+03 +2.804530e+03 +4.595764e+05 +4.287519e+07 -2.365263e+11 -1.121669e+11 +4.359018e+12 -1.817055e+15 +4.868686e+18 +1.778895e+18   +2.786764e-07 +1.061417e-05 +8.959283e-04 +5.248640e-03 -1.352419e+00 -2.666303e+02 -2.781438e+03 +2.509261e+05 +3.606971e+07 +6.161053e+09 +1.663951e+11 -1.556594e+12 -8.729972e+14 -2.551798e+17 -1.153300e+19   
Q20-020   +9.995950e+00   +1.167453e-06 -6.070530e-02 -2.556397e-04 -6.658227e-03 -1.827929e+00 +2.632879e+03 -1.616597e+03 +8.267256e+04 +1.052578e+07 -2.366558e+11 -4.181024e+10 -8.565532e+11 -1.458988e+15 +4.790915e+18 +4.616857e+18   +4.989835e-07 -1.952453e-05 +3.844341e-04 +1.105288e-02 -5.958629e-01 -2.209868e+02 -4.909060e+03 -5.799497e+04 +1.882891e+07 +3.246337e+09 +3.442424e+10 +9.658716e+12 -7.995653e+14 -1.861600e+17 -1.438990e+19   
Q20-024   +9.996650e+00   +1.278409e-06 -6.047620e-02 +2.141105e-05 -8.172298e-02 -1.455801e+00 +2.380207e+03 -4.382620e+03 +1.570913e+05 +5.521045e+07 -2.363230e+11 -2.223224e+11 +4.797172e+11 +6.063789e+14 +4.751271e+18 +3.552853e+17   +1.704220e-07 -1.436718e-05 +1.458725e-03 +7.606451e-03 -8.380166e-01 -1.944168e+02 -5.824271e+03 +2.474506e+05 +2.893094e+07 +6.839512e+09 +1.598482e+11 +6.789619e+12 +2.034520e+15 -9.536557e+16 +5.360434e+18   
Q20-025   +9.995900e+00   +1.038858e-06 -6.048382e-02 +2.826715e-04 -9.654094e-02 -9.349105e-01 +2.424699e+03 -3.381388e+03 -2.454466e+05 +1.280582e+07 -2.382415e+11 -3.251905e+11 -7.245261e+12 +3.855200e+14 +4.699371e+18 -2.359722e+19   +1.112294e-06 -2.075811e-05 -2.761461e-03 +4.781306e-03 +2.538501e+00 -1.276727e+02 +9.865213e+02 +2.218753e+05 -5.582631e+07 +1.472708e+09 +1.861190e+11 +4.874616e+12 -8.445993e+14 +1.352004e+17 -1.453011e+18   
Q20-096   +9.996150e+00   +1.398458e-06 -6.049041e-02 -8.199126e-06 -9.339501e-03 +7.472362e-01 +2.243607e+03 +2.391377e+02 +3.297674e+04 -2.088371e+07 -2.330928e+11 +1.314080e+11 +4.545518e+11 -3.119409e+15 +4.577783e+18 -5.746701e+17   +3.106787e-07 -1.734279e-05 +7.763703e-04 +1.015550e-02 -1.169592e+00 -1.474470e+02 -3.745954e+03 +7.355063e+04 -5.619211e+06 +6.384254e+09 -8.808998e+10 +1.425950e+13 -2.343866e+15 -1.150093e+17 +1.379506e+19   
Q20-097   +9.995900e+00   +1.411352e-06 -6.056222e-02 -1.454154e-04 -9.176656e-02 +2.351629e-01 +2.233528e+03 -4.511349e+03 +2.392825e+05 +5.637431e+07 -2.360536e+11 -1.592667e+11 -2.980087e+13 -7.995833e+14 +4.870004e+18 -1.552787e+19   -2.833240e-08 +1.604581e-05 +9.897090e-04 +9.419635e-03 +7.701009e-01 -2.575055e+02 -3.721661e+03 +1.278113e+05 -1.179366e+07 +7.678281e+09 +5.580299e+10 -4.712367e+12 +5.184219e+14 -2.205719e+17 -2.510597e+18   
Q20-101   +9.994400e+00   +1.206720e-06 -6.051997e-02 -3.741745e-04 -6.208642e-02 -1.116637e+00 +2.241385e+03 +1.412127e+03 +5.471231e+04 +4.214416e+07 -2.340156e+11 +9.461096e+10 -8.406665e+11 -5.318555e+14 +4.779314e+18 +6.352447e+18   +5.741781e-07 -2.001871e-05 -1.224717e-03 +1.529351e-02 +1.429149e+00 -2.117866e+02 +1.172229e+03 -2.769071e+05 +1.315582e+07 +5.858210e+09 -5.212440e+10 -1.073711e+13 -3.962525e+14 -4.370738e+16 -2.451045e+18   
Q20-103   +9.996200e+00   +5.989369e-07 -6.047596e-02 +4.235951e-05 -3.211828e-02 +9.702044e-01 +2.270234e+03 -4.057245e+03 +1.452117e+05 +1.568210e+07 -2.372386e+11 +3.863770e+10 +9.432826e+12 -4.449337e+14 +4.784721e+18 +5.114375e+18   +5.576268e-07 -7.785601e-06 -1.285669e-03 +1.021403e-02 +1.113949e+00 -1.946473e+02 +4.504874e+03 +4.190946e+04 +1.686129e+07 +3.025751e+09 -1.542721e+11 -4.254238e+11 -1.023480e+15 -5.923199e+16 +2.650522e+18   
Q20-104   +9.996700e+00   +1.389932e-06 -6.068009e-02 +8.693135e-04 -5.810548e-02 +1.045065e+00 +2.414872e+03 -9.270692e+03 -9.869676e+04 +7.888570e+05 -2.329944e+11 +1.846748e+10 +1.118242e+12 -4.424339e+15 +4.700296e+18 +1.843423e+19   +4.761177e-07 -1.918124e-05 -5.667760e-04 +3.668352e-02 +1.522361e+00 -9.600239e+01 +4.125672e+03 +4.373415e+05 -5.460221e+06 +2.932891e+09 +6.064601e+10 +1.802025e+13 -1.285287e+14 +1.655663e+17 +2.201648e+19   
Q20-134   +9.996050e+00   +8.748441e-07 -6.051797e-02 +3.842341e-04 -5.613239e-02 +1.270374e-01 +2.457279e+03 -4.785404e+03 +1.133193e+05 +7.045018e+06 -2.317093e+11 -2.075563e+11 -1.393124e+13 -9.933021e+14 +4.807295e+18 -9.604961e+18   +6.420482e-07 +1.089758e-05 -9.117515e-04 +1.427443e-02 +2.445096e+00 -1.386797e+02 -4.064137e+03 -3.199337e+05 -1.068916e+07 +3.987256e+09 +9.681124e+08 -6.275016e+12 -3.691096e+15 -1.712709e+15 -3.250273e+18   
Q20-135   +9.996350e+00   +1.026354e-06 -6.039348e-02 -8.341235e-04 -9.081559e-02 -1.787441e-01 +2.434894e+03 -2.292477e+02 +3.841016e+05 +2.077406e+07 -2.358693e+11 -7.874464e+09 -6.455135e+12 -5.284397e+14 +4.659426e+18 +3.571320e+18   +8.579797e-08 -1.070972e-05 +3.357857e-04 +3.493556e-02 -1.131925e+00 -5.850681e+00 -7.378202e+03 -3.599741e+04 -3.176941e+07 +1.065140e+09 -2.672489e+11 +9.365723e+12 -2.511635e+15 +5.277113e+16 -1.498001e+19   
Q20-148   +9.996650e+00   +4.858524e-07 -6.056878e-02 -2.165568e-03 -5.393157e-02 +4.405177e-02 +2.414252e+03 +4.111447e+03 +6.959195e+05 +5.012823e+07 -2.346508e+11 +3.152748e+11 +2.272305e+13 -5.597695e+14 +4.991646e+18 +1.161345e+19   +8.430031e-07 -1.599084e-05 -1.755560e-03 +2.009813e-02 +5.224021e-01 -1.414611e+02 -1.035153e+03 +2.959898e+05 +5.076659e+07 -1.566277e+09 -4.995124e+11 +5.783760e+12 +2.924497e+15 +8.569669e+16 -1.314104e+19   
