Arquivo: c:\arq\medidas\BBA_2905_072019\BBA_AMU11A_H.dat
Data: 2905	 Hora:  0822
Comentário: 
NomeParametro	 ValorParametro
Nmedias	5
PausaCorretora	3000
PausaShunt	2000
PausaLeitura	500
NumCiclos	3
 NPassosCor	7
DeltaShunt	3.00
TetaIni	-0.10
TetaFim	0.10
I[mA]	  36.8
ACH05A	DeltaPos^2	AMU11A	AMP01B_0	AMP02A_0	AMP02B_0	AMP03A_0	AMP03B_0	AMP03C_0	AMP04A_0	AMP04B_0	AMP05A_0	AMP05B_0	AMP06A_0	AMP06B_0	AMP07A_0	AMP07B_0	AMP08A_0	AMP08B_0	AMP09A_0	AMP09B_0	AMP10A_0	AMP10B_0	AMU11A_0	AMU11B_0	AMP12A_0	AMP12B_0	AMP01A_0	AMP01B_1	AMP02A_1	AMP02B_1	AMP03A_1	AMP03B_1	AMP03C_1	AMP04A_1	AMP04B_1	AMP05A_1	AMP05B_1	AMP06A_1	AMP06B_1	AMP07A_1	AMP07B_1	AMP08A_1	AMP08B_1	AMP09A_1	AMP09B_1	AMP10A_1	AMP10B_1	AMU11A_1	AMU11B_1	AMP12A_1	AMP12B_1	AMP01A_1	
-0.1000	 1.99255857815545E-0003	1.3487	-0.1331	0.5028	-2.3961	-0.3497	-0.8065	-2.2315	-0.0537	-0.1812	-2.6160	-1.4570	0.7955	-0.3336	-0.5842	-0.9140	-0.6024	0.2934	0.4495	0.3483	-0.6168	-1.0361	1.3487	1.5725	-1.0823	-1.5615	0.5091	-0.1330	0.4694	-2.4128	-0.2696	-0.7354	-2.2207	-0.0992	-0.2207	-2.5427	-1.3784	0.7623	-0.3793	-0.5333	-0.8453	-0.6162	0.2630	0.4587	0.3772	-0.6021	-1.0423	1.2996	1.5023	-1.0863	-1.5401	0.5413	
-0.0667	 9.44182129073813E-0004	1.0445	-0.4464	0.5458	-2.2805	-0.3533	-0.8991	-2.3060	-0.1425	-0.1780	-2.3594	-1.1550	0.7313	-0.4598	-0.5239	-0.7722	-0.5578	0.2603	0.2820	0.2555	-0.4865	-0.9601	1.0445	1.2827	-0.9404	-1.4186	0.2488	-0.4473	0.5219	-2.2939	-0.2975	-0.8490	-2.3003	-0.1745	-0.2061	-2.3102	-1.1011	0.7090	-0.4921	-0.4909	-0.7252	-0.5677	0.2394	0.2878	0.2746	-0.4770	-0.9651	1.0112	1.2344	-0.9441	-1.4052	0.2715	
-0.0333	 3.72679227019982E-0004	0.7349	-0.7645	0.5894	-2.1631	-0.3570	-0.9930	-2.3814	-0.2323	-0.1742	-2.0979	-0.8482	0.6662	-0.5876	-0.4627	-0.6278	-0.5131	0.2265	0.1126	0.1618	-0.3549	-0.8840	0.7349	0.9879	-0.7968	-1.2743	-0.0163	-0.7582	0.5736	-2.1734	-0.3207	-0.9594	-2.3735	-0.2517	-0.1923	-2.0660	-0.8128	0.6525	-0.6069	-0.4413	-0.5979	-0.5202	0.2138	0.1195	0.1757	-0.3521	-0.8885	0.7225	0.9668	-0.8019	-1.2692	0.0036	
0.0000	 4.59541967630439E-0005	0.4226	-1.0855	0.6341	-2.0447	-0.3621	-1.0892	-2.4574	-0.3220	-0.1701	-1.8346	-0.5400	0.6008	-0.7157	-0.4009	-0.4825	-0.4686	0.1924	-0.0579	0.0670	-0.2232	-0.8074	0.4226	0.6909	-0.6521	-1.1294	-0.2846	-1.0767	0.6275	-2.0518	-0.3499	-1.0754	-2.4531	-0.3276	-0.1767	-1.8286	-0.5313	0.5985	-0.7210	-0.3980	-0.4766	-0.4711	0.1897	-0.0531	0.0720	-0.2257	-0.8105	0.4288	0.6940	-0.6586	-1.1330	-0.2712	
0.0333	 1.63060118005697E-0004	0.1080	-1.4079	0.6789	-1.9251	-0.3674	-1.1854	-2.5341	-0.4126	-0.1659	-1.5692	-0.2300	0.5347	-0.8442	-0.3381	-0.3360	-0.4236	0.1581	-0.2287	-0.0274	-0.0912	-0.7310	0.1080	0.3912	-0.5065	-0.9838	-0.5561	-1.3968	0.6823	-1.9294	-0.3808	-1.1930	-2.5344	-0.4035	-0.1604	-1.5919	-0.2501	0.5446	-0.8350	-0.3563	-0.3561	-0.4216	0.1659	-0.2267	-0.0324	-0.0989	-0.7321	0.1327	0.4184	-0.5131	-0.9952	-0.5489	
0.0667	 7.79309177454334E-0004	-0.2074	-1.7310	0.7244	-1.8048	-0.3733	-1.2827	-2.6108	-0.5030	-0.1615	-1.3022	0.0815	0.4685	-0.9735	-0.2753	-0.1889	-0.3786	0.1239	-0.4000	-0.1221	0.0411	-0.6541	-0.2074	0.0901	-0.3602	-0.8374	-0.8290	-1.7174	0.7372	-1.8063	-0.4122	-1.3110	-2.6162	-0.4791	-0.1443	-1.3545	0.0314	0.4905	-0.9493	-0.3152	-0.2359	-0.3716	0.1427	-0.4010	-0.1375	0.0282	-0.6535	-0.1640	0.1416	-0.3680	-0.8574	-0.8279	
0.1000	 1.95919337146010E-0003	-0.5238	-2.0543	0.7690	-1.6850	-0.3779	-1.3793	-2.6875	-0.5940	-0.1578	-1.0333	0.3945	0.4016	-1.1038	-0.2119	-0.0406	-0.3342	0.0887	-0.5719	-0.2165	0.1728	-0.5775	-0.5238	-0.2113	-0.2140	-0.6914	-1.1026	-2.0386	0.7929	-1.6823	-0.4447	-1.4305	-2.6984	-0.5543	-0.1270	-1.1171	0.3131	0.4370	-1.0637	-0.2743	-0.1158	-0.3214	0.1192	-0.5764	-0.2433	0.1560	-0.5742	-0.4624	-0.1361	-0.2217	-0.7188	-1.1088	
