Arquivo: c:\arq\medidas\BBA_2905_072019\BBA_AMP01A_V.dat
Data: 2905	 Hora:  0836
Comentário: 
NomeParametro	 ValorParametro
Nmedias	5
PausaCorretora	3000
PausaShunt	2000
PausaLeitura	500
NumCiclos	3
 NPassosCor	7
DeltaShunt	3.00
TetaIni	-0.10
TetaFim	0.10
I[mA]	  36.6
ACV07B	DeltaPos^2	AMP01A	AMP01B_0	AMP02A_0	AMP02B_0	AMP03A_0	AMP03B_0	AMP03C_0	AMP04A_0	AMP04B_0	AMP05A_0	AMP05B_0	AMP06A_0	AMP06B_0	AMP07A_0	AMP07B_0	AMP08A_0	AMP08B_0	AMP09A_0	AMP09B_0	AMP10A_0	AMP10B_0	AMU11A_0	AMU11B_0	AMP12A_0	AMP12B_0	AMP01A_0	AMP01B_1	AMP02A_1	AMP02B_1	AMP03A_1	AMP03B_1	AMP03C_1	AMP04A_1	AMP04B_1	AMP05A_1	AMP05B_1	AMP06A_1	AMP06B_1	AMP07A_1	AMP07B_1	AMP08A_1	AMP08B_1	AMP09A_1	AMP09B_1	AMP10A_1	AMP10B_1	AMU11A_1	AMU11B_1	AMP12A_1	AMP12B_1	AMP01A_1	
-0.1000	 3.53901894149391E-0003	1.1484	-1.5784	-0.8412	0.3327	0.8676	2.5987	1.1188	0.4665	-1.0934	-0.3780	1.8679	1.9446	-0.0803	0.7171	-0.9058	0.1297	-0.5271	-0.2326	1.0271	0.9794	0.1053	0.0843	1.7557	1.5848	1.5000	1.1484	-1.6248	-0.8923	0.2776	0.8057	2.6642	1.2665	0.5189	-1.1022	-0.4206	1.8511	1.9589	-0.0194	0.8059	-0.9824	0.0665	-0.5675	-0.2583	1.1005	1.0138	0.0741	0.0236	1.7616	1.6207	1.5605	1.2236	
-0.0667	 1.40830565547011E-0003	0.8290	-1.1799	-0.5855	0.3653	0.7633	2.4564	0.9143	0.4664	-0.8407	0.0227	1.5758	1.6769	-0.3127	0.4978	-0.5126	0.4112	-0.3701	-0.1525	0.7140	0.8486	0.2648	0.3622	1.6834	1.4005	1.2270	0.8290	-1.2113	-0.6180	0.3316	0.7264	2.4976	1.0064	0.4984	-0.8473	-0.0058	1.5673	1.6869	-0.2742	0.5542	-0.5630	0.3714	-0.3950	-0.1685	0.7608	0.8697	0.2448	0.3236	1.6879	1.4230	1.2651	0.8768	
-0.0333	 1.55363233947310E-0004	0.5023	-0.7717	-0.3239	0.3988	0.6568	2.3095	0.7045	0.4658	-0.5817	0.4329	1.2773	1.4016	-0.5513	0.2724	-0.1094	0.6999	-0.2095	-0.0715	0.3943	0.7151	0.4284	0.6471	1.6088	1.2105	0.9468	0.5023	-0.7828	-0.3347	0.3882	0.6458	2.3238	0.7349	0.4758	-0.5847	0.4226	1.2755	1.4054	-0.5381	0.2912	-0.1266	0.6868	-0.2176	-0.0770	0.4100	0.7224	0.4219	0.6349	1.6110	1.2178	0.9594	0.5181	
0.0000	 2.57432985921451E-0004	0.1715	-0.3568	-0.0588	0.4330	0.5492	2.1601	0.4911	0.4650	-0.3196	0.8465	0.9738	1.1227	-0.7933	0.0426	0.2992	0.9924	-0.0474	0.0094	0.0701	0.5806	0.5944	0.9357	1.5323	1.0172	0.6624	0.1715	-0.3417	-0.0443	0.4460	0.5622	2.1417	0.4528	0.4530	-0.3147	0.8613	0.9731	1.1159	-0.8103	0.0187	0.3214	1.0094	-0.0379	0.0138	0.0514	0.5731	0.6042	0.9530	1.5279	1.0057	0.6454	0.1510	
0.0333	 1.99673695228896E-0003	-0.1616	0.0600	0.2087	0.4680	0.4414	2.0084	0.2748	0.4642	-0.0557	1.2636	0.6694	0.8411	-1.0375	-0.1900	0.7110	1.2866	0.1158	0.0911	-0.2558	0.4459	0.7629	1.2257	1.4543	0.8215	0.3755	-0.1616	0.1011	0.2483	0.5048	0.4781	1.9573	0.1672	0.4296	-0.0429	1.3035	0.6696	0.8235	-1.0847	-0.2572	0.7731	1.3339	0.1432	0.1056	-0.3091	0.4233	0.7889	1.2723	1.4431	0.7904	0.3284	-0.2183	
0.0667	 5.34243676917555E-0003	-0.4963	0.4768	0.4760	0.5034	0.3339	1.8559	0.0577	0.4626	0.2086	1.6797	0.3636	0.5590	-1.2816	-0.4231	1.1230	1.5811	0.2801	0.1733	-0.5832	0.3100	0.9310	1.5157	1.3768	0.6259	0.0880	-0.4963	0.5442	0.5404	0.5635	0.3943	1.7722	-0.1191	0.4062	0.2287	1.7441	0.3648	0.5306	-1.3583	-0.5331	1.2242	1.6586	0.3245	0.1975	-0.6705	0.2727	0.9736	1.5915	1.3587	0.5753	0.0115	-0.5895	
0.1000	 9.68181762869334E-0003	-0.8296	0.8918	0.7418	0.5388	0.2268	1.7036	-0.1594	0.4610	0.4711	2.0919	0.0586	0.2784	-1.5242	-0.6548	1.5314	1.8740	0.4436	0.2559	-0.9094	0.1740	1.0981	1.8042	1.3009	0.4309	-0.1986	-0.8296	0.9797	0.8281	0.6212	0.3098	1.5883	-0.4005	0.3835	0.4972	2.1765	0.0619	0.2410	-1.6275	-0.8033	1.6652	1.9769	0.5034	0.2882	-1.0257	0.1236	1.1554	1.9044	1.2747	0.3628	-0.3014	-0.9537	
