Arquivo: c:\arq\medidas\BBA_2905_072019\BBA_AMP03B_V.dat
Data: 2905	 Hora:  0734
Comentário: 
NomeParametro	 ValorParametro
Nmedias	5
PausaCorretora	3000
PausaShunt	2000
PausaLeitura	500
NumCiclos	3
 NPassosCor	7
DeltaShunt	3.00
TetaIni	-0.10
TetaFim	0.10
I[mA]	 150.7
ACV09B	DeltaPos^2	AMP03B	AMP01B_0	AMP02A_0	AMP02B_0	AMP03A_0	AMP03B_0	AMP03C_0	AMP04A_0	AMP04B_0	AMP05A_0	AMP05B_0	AMP06A_0	AMP06B_0	AMP07A_0	AMP07B_0	AMP08A_0	AMP08B_0	AMP09A_0	AMP09B_0	AMP10A_0	AMP10B_0	AMU11A_0	AMU11B_0	AMP12A_0	AMP12B_0	AMP01A_0	AMP01B_1	AMP02A_1	AMP02B_1	AMP03A_1	AMP03B_1	AMP03C_1	AMP04A_1	AMP04B_1	AMP05A_1	AMP05B_1	AMP06A_1	AMP06B_1	AMP07A_1	AMP07B_1	AMP08A_1	AMP08B_1	AMP09A_1	AMP09B_1	AMP10A_1	AMP10B_1	AMU11A_1	AMU11B_1	AMP12A_1	AMP12B_1	AMP01A_1	
-0.1000	 6.61655048948153E-0003	1.3804	0.0796	0.4401	1.0402	1.2525	1.3804	-1.2232	-0.1291	-0.2886	1.2394	1.1736	0.9981	-1.4417	-0.9708	1.1089	1.6519	0.4184	0.3501	-0.8002	-0.0462	0.2398	0.8504	2.0903	1.2764	0.2811	-0.5898	0.1784	0.5239	1.1009	1.3009	1.2888	-1.4219	-0.2126	-0.3333	1.2187	1.2630	1.0361	-1.4887	-1.0715	1.1487	1.7061	0.4997	0.4470	-0.9214	-0.1242	0.2302	0.8845	2.1338	1.2756	0.2065	-0.7062	
-0.0667	 3.12501445727614E-0003	1.6440	-0.0726	0.2665	0.8337	1.0176	1.6440	-0.6433	0.0771	-0.2885	1.1174	1.0849	1.0233	-1.2299	-0.6354	0.8449	1.4329	0.2547	0.2229	-0.5059	0.1668	0.3568	0.8708	1.8982	1.1855	0.4128	-0.3291	-0.0047	0.3240	0.8750	1.0512	1.5814	-0.7800	0.0197	-0.3189	1.1034	1.1465	1.0493	-1.2622	-0.7046	0.8722	1.4701	0.3108	0.2897	-0.5893	0.1134	0.3499	0.8942	1.9285	1.1854	0.3616	-0.4087	
-0.0333	 8.63462780813577E-0004	1.9121	-0.2282	0.0892	0.6227	0.7772	1.9121	-0.0511	0.2873	-0.2881	0.9936	0.9939	1.0485	-1.0144	-0.2935	0.5761	1.2098	0.0873	0.0926	-0.2057	0.3844	0.4760	0.8915	1.7022	1.0929	0.5469	-0.0633	-0.1921	0.1197	0.6446	0.7953	1.8794	-0.1227	0.2573	-0.3042	0.9865	1.0263	1.0626	-1.0312	-0.3292	0.5905	1.2292	0.1170	0.1280	-0.2493	0.3562	0.4725	0.9037	1.7185	1.0932	0.5200	-0.1053	
0.0000	 6.71307319646172E-0006	2.1816	-0.3858	-0.0900	0.4096	0.5338	2.1816	0.5458	0.5003	-0.2867	0.8698	0.9009	1.0734	-0.7964	0.0515	0.3053	0.9837	-0.0821	-0.0402	0.0979	0.6042	0.5964	0.9121	1.5034	0.9995	0.6822	0.2050	-0.3822	-0.0872	0.4119	0.5356	2.1793	0.5402	0.4975	-0.2880	0.8693	0.9039	1.0750	-0.7974	0.0491	0.3066	0.9858	-0.0790	-0.0363	0.0945	0.6016	0.5959	0.9133	1.5055	1.0000	0.6801	0.2014	
0.0333	 6.05723169810444E-0004	2.4521	-0.5453	-0.2707	0.1950	0.2887	2.4521	1.1460	0.7137	-0.2849	0.7455	0.8070	1.0980	-0.5771	0.3978	0.0330	0.7566	-0.2525	-0.1738	0.4033	0.8254	0.7177	0.9326	1.3028	0.9052	0.8182	0.4760	-0.5745	-0.2956	0.1767	0.2738	2.4800	1.2064	0.7393	-0.2710	0.7521	0.7799	1.0866	-0.5623	0.4297	0.0208	0.7402	-0.2767	-0.2021	0.4402	0.8491	0.7209	0.9231	1.2906	0.9058	0.8406	0.5110	
0.0667	 2.65540160587963E-0003	2.7208	-0.7048	-0.4512	-0.0210	0.0423	2.7208	1.7440	0.9284	-0.2823	0.6219	0.7120	1.1215	-0.3579	0.7447	-0.2399	0.5293	-0.4236	-0.3080	0.7090	1.0472	0.8397	0.9534	1.1011	0.8101	0.9546	0.7473	-0.7665	-0.5039	-0.0596	0.0111	2.7787	1.8696	0.9819	-0.2531	0.6358	0.6549	1.0979	-0.3273	0.8101	-0.2652	0.4949	-0.4744	-0.3683	0.7864	1.0966	0.8464	0.9329	1.0743	0.8115	1.0020	0.8207	
0.1000	 6.08771391920167E-0003	2.9887	-0.8637	-0.6316	-0.2367	-0.2043	2.9887	2.3375	1.1430	-0.2791	0.4990	0.6161	1.1448	-0.1390	1.0910	-0.5125	0.3017	-0.5939	-0.4421	1.0148	1.2683	0.9619	0.9753	0.8987	0.7155	1.0910	1.0184	-0.9577	-0.7115	-0.2954	-0.2518	3.0756	2.5257	1.2238	-0.2345	0.5209	0.5287	1.1082	-0.0930	1.1895	-0.5507	0.2495	-0.6713	-0.5343	1.1320	1.3436	0.9721	0.9438	0.8571	0.7166	1.1626	1.1302	
