Arquivo: c:\arq\medidas\BBA_2905_072019\BBA_AMP03C_H.dat
Data: 2905	 Hora:  0736
Comentário: 
NomeParametro	 ValorParametro
Nmedias	5
PausaCorretora	3000
PausaShunt	2000
PausaLeitura	500
NumCiclos	3
 NPassosCor	7
DeltaShunt	3.00
TetaIni	-0.10
TetaFim	0.10
I[mA]	 150.5
ACH07A	DeltaPos^2	AMP03C	AMP01B_0	AMP02A_0	AMP02B_0	AMP03A_0	AMP03B_0	AMP03C_0	AMP04A_0	AMP04B_0	AMP05A_0	AMP05B_0	AMP06A_0	AMP06B_0	AMP07A_0	AMP07B_0	AMP08A_0	AMP08B_0	AMP09A_0	AMP09B_0	AMP10A_0	AMP10B_0	AMU11A_0	AMU11B_0	AMP12A_0	AMP12B_0	AMP01A_0	AMP01B_1	AMP02A_1	AMP02B_1	AMP03A_1	AMP03B_1	AMP03C_1	AMP04A_1	AMP04B_1	AMP05A_1	AMP05B_1	AMP06A_1	AMP06B_1	AMP07A_1	AMP07B_1	AMP08A_1	AMP08B_1	AMP09A_1	AMP09B_1	AMP10A_1	AMP10B_1	AMU11A_1	AMU11B_1	AMP12A_1	AMP12B_1	AMP01A_1	
-0.1000	 6.78238709302466E-0005	-2.0037	0.1031	0.2294	-2.5466	0.3427	-0.1370	-2.0037	-0.3013	-0.4820	-2.1462	-0.4611	1.0912	-0.5454	-1.6690	-1.8901	-0.1153	0.8048	-0.3929	-0.6390	-0.3840	-0.6019	1.1111	1.1503	-1.1575	-1.4180	0.9404	0.1078	0.2219	-2.5506	0.3616	-0.1203	-1.9970	-0.3019	-0.4868	-2.1490	-0.4599	1.0961	-0.5444	-1.6819	-1.9009	-0.1090	0.8102	-0.4056	-0.6525	-0.3812	-0.5962	1.1083	1.1454	-1.1602	-1.4165	0.9496	
-0.0667	 5.81912258416916E-0006	-2.1571	-0.3120	0.3820	-2.3613	0.0927	-0.4674	-2.1571	-0.2889	-0.3637	-2.0619	-0.4944	0.9533	-0.5851	-1.2981	-1.4672	-0.2054	0.6326	-0.3130	-0.4445	-0.3140	-0.6424	0.8684	0.9804	-0.9715	-1.3026	0.5187	-0.3094	0.3795	-2.3630	0.0984	-0.4624	-2.1555	-0.2900	-0.3654	-2.0598	-0.4922	0.9531	-0.5864	-1.2971	-1.4663	-0.2057	0.6323	-0.3118	-0.4427	-0.3152	-0.6430	0.8718	0.9847	-0.9728	-1.3034	0.5224	
-0.0333	 6.68519294588432E-0005	-2.3122	-0.7330	0.5365	-2.1728	-0.1622	-0.8030	-2.3122	-0.2761	-0.2437	-1.9770	-0.5287	0.8135	-0.6249	-0.9220	-1.0386	-0.2960	0.4589	-0.2326	-0.2475	-0.2418	-0.6822	0.6217	0.8075	-0.7816	-1.1843	0.0898	-0.7331	0.5395	-2.1718	-0.1697	-0.8098	-2.3157	-0.2775	-0.2422	-1.9700	-0.5255	0.8075	-0.6285	-0.9070	-1.0253	-0.3036	0.4516	-0.2170	-0.2307	-0.2480	-0.6901	0.6312	0.8209	-0.7825	-1.1883	0.0872	
0.0000	 2.53757859245937E-0004	-2.4670	-1.1573	0.6916	-1.9829	-0.4173	-1.1389	-2.4670	-0.2630	-0.1237	-1.8916	-0.5632	0.6730	-0.6647	-0.5430	-0.6065	-0.3867	0.2834	-0.1535	-0.0513	-0.1695	-0.7222	0.3717	0.6316	-0.5909	-1.0656	-0.3416	-1.1600	0.7002	-1.9792	-0.4389	-1.1583	-2.4757	-0.2650	-0.1188	-1.8794	-0.5587	0.6615	-0.6707	-0.5136	-0.5814	-0.4012	0.2699	-0.1238	-0.0192	-0.1793	-0.7364	0.3873	0.6541	-0.5903	-1.0724	-0.3506	
0.0333	 5.69939846194705E-0004	-2.6222	-1.5809	0.8466	-1.7921	-0.6728	-1.4745	-2.6222	-0.2498	-0.0033	-1.8060	-0.5978	0.5317	-0.7047	-0.1633	-0.1733	-0.4777	0.1071	-0.0744	0.1459	-0.0968	-0.7626	0.1204	0.4544	-0.4001	-0.9462	-0.7754	-1.5866	0.8609	-1.7859	-0.7087	-1.5066	-2.6362	-0.2528	0.0047	-1.7890	-0.5924	0.5145	-0.7132	-0.1204	-0.1362	-0.4993	0.0873	-0.0306	0.1937	-0.1108	-0.7831	0.1419	0.4857	-0.3980	-0.9555	-0.7912	
0.0667	 1.01727170953022E-0003	-2.7769	-2.0033	1.0015	-1.6016	-0.9291	-1.8097	-2.7769	-0.2361	0.1172	-1.7220	-0.6333	0.3911	-0.7444	0.2143	0.2577	-0.5674	-0.0683	0.0025	0.3407	-0.0233	-0.8016	-0.1316	0.2760	-0.2082	-0.8259	-1.2088	-2.0126	1.0209	-1.5925	-0.9782	-1.8534	-2.7961	-0.2403	0.1285	-1.6993	-0.6265	0.3684	-0.7552	0.2722	0.3077	-0.5962	-0.0950	0.0606	0.4041	-0.0411	-0.8286	-0.1043	0.3161	-0.2052	-0.8382	-1.2313	
0.1000	 1.60549493326788E-0003	-2.9303	-2.4226	1.1558	-1.4110	-1.1839	-2.1421	-2.9303	-0.2220	0.2370	-1.6388	-0.6697	0.2518	-0.7830	0.5888	0.6854	-0.6562	-0.2428	0.0773	0.5333	0.0512	-0.8395	-0.3852	0.0954	-0.0172	-0.7054	-1.6407	-2.4342	1.1808	-1.3993	-1.2462	-2.1975	-2.9543	-0.2266	0.2515	-1.6112	-0.6621	0.2231	-0.7964	0.6614	0.7479	-0.6927	-0.2767	0.1507	0.6123	0.0284	-0.8739	-0.3516	0.1450	-0.0133	-0.7207	-1.6694	
