Arquivo: c:\arq\medidas\BBA_2905_072019\BBA_AMP03A_V.dat
Data: 2905	 Hora:  0731
Comentário: 
NomeParametro	 ValorParametro
Nmedias	5
PausaCorretora	3000
PausaShunt	2000
PausaLeitura	500
NumCiclos	3
 NPassosCor	7
DeltaShunt	3.00
TetaIni	-0.10
TetaFim	0.10
I[mA]	 151.1
ACV09A	DeltaPos^2	AMP03A	AMP01B_0	AMP02A_0	AMP02B_0	AMP03A_0	AMP03B_0	AMP03C_0	AMP04A_0	AMP04B_0	AMP05A_0	AMP05B_0	AMP06A_0	AMP06B_0	AMP07A_0	AMP07B_0	AMP08A_0	AMP08B_0	AMP09A_0	AMP09B_0	AMP10A_0	AMP10B_0	AMU11A_0	AMU11B_0	AMP12A_0	AMP12B_0	AMP01A_0	AMP01B_1	AMP02A_1	AMP02B_1	AMP03A_1	AMP03B_1	AMP03C_1	AMP04A_1	AMP04B_1	AMP05A_1	AMP05B_1	AMP06A_1	AMP06B_1	AMP07A_1	AMP07B_1	AMP08A_1	AMP08B_1	AMP09A_1	AMP09B_1	AMP10A_1	AMP10B_1	AMU11A_1	AMU11B_1	AMP12A_1	AMP12B_1	AMP01A_1	
-0.1000	 3.29567261150870E-0003	-0.3881	-0.2496	-0.2429	-0.2022	-0.3881	2.7887	2.0626	1.1385	0.0539	1.0239	0.2235	0.7895	-0.4297	0.8301	-0.0082	0.5632	-0.6972	-0.8301	0.4678	1.0588	1.2088	1.4047	0.7817	0.4247	0.6734	0.5404	-0.2796	-0.2863	-0.2674	-0.4730	2.8138	2.1491	1.1872	0.1161	1.0920	0.1281	0.7288	-0.4326	0.8627	0.0207	0.5586	-0.7564	-0.9219	0.5405	1.1198	1.2531	1.4239	0.7161	0.3868	0.7022	0.6081	
-0.0667	 1.46855292115500E-0003	-0.0907	-0.2821	-0.1854	-0.0017	-0.0907	2.5877	1.5638	0.9270	-0.0617	0.9691	0.4513	0.8862	-0.5496	0.5735	0.0927	0.7018	-0.4924	-0.5665	0.3382	0.9065	1.0140	1.2524	1.0153	0.6067	0.6678	0.4215	-0.3014	-0.2140	-0.0451	-0.1477	2.6039	1.6212	0.9590	-0.0196	1.0148	0.3875	0.8452	-0.5517	0.5949	0.1125	0.6984	-0.5320	-0.6282	0.3863	0.9472	1.0439	1.2655	0.9713	0.5809	0.6864	0.4659	
-0.0333	 3.53458096550424E-0004	0.2099	-0.3155	-0.1276	0.2012	0.2099	2.3843	1.0571	0.7124	-0.1783	0.9138	0.6812	0.9838	-0.6703	0.3142	0.1941	0.8405	-0.2854	-0.2999	0.2072	0.7525	0.8166	1.0977	1.2511	0.7907	0.6628	0.3019	-0.3245	-0.1412	0.1799	0.1815	2.3912	1.0850	0.7285	-0.1577	0.9363	0.6497	0.9635	-0.6717	0.3247	0.2037	0.8391	-0.3048	-0.3304	0.2308	0.7725	0.8317	1.1041	1.2294	0.7776	0.6712	0.3229	
0.0000	 1.43082893809961E-0006	0.5136	-0.3500	-0.0697	0.4054	0.5136	2.1779	0.5435	0.4964	-0.2961	0.8575	0.9134	1.0827	-0.7922	0.0524	0.2960	0.9808	-0.0759	-0.0307	0.0746	0.5971	0.6171	0.9418	1.4890	0.9769	0.6582	0.1817	-0.3484	-0.0683	0.4061	0.5139	2.1757	0.5409	0.4951	-0.2966	0.8571	0.9139	1.0829	-0.7928	0.0516	0.2959	0.9809	-0.0754	-0.0300	0.0731	0.5958	0.6166	0.9420	1.4895	0.9765	0.6567	0.1789	
0.0333	 4.25884661442994E-0004	0.8178	-0.3848	-0.0118	0.6096	0.8178	1.9702	0.0282	0.2792	-0.4137	0.8021	1.1461	1.1819	-0.9145	-0.2100	0.3983	1.1213	0.1340	0.2397	-0.0579	0.4407	0.4160	0.7845	1.7275	1.1637	0.6540	0.0619	-0.3730	0.0045	0.6329	0.8471	1.9588	-0.0054	0.2613	-0.4355	0.7782	1.1793	1.2025	-0.9143	-0.2223	0.3882	1.1231	0.1550	0.2716	-0.0847	0.4188	0.4006	0.7779	1.7502	1.1763	0.6425	0.0356	
0.0667	 1.62248117683222E-0003	1.1213	-0.4204	0.0457	0.8143	1.1213	1.7623	-0.4880	0.0628	-0.5309	0.7467	1.3775	1.2804	-1.0365	-0.4727	0.5011	1.2618	0.3435	0.5091	-0.1900	0.2849	0.2153	0.6265	1.9651	1.3496	0.6499	-0.0578	-0.3985	0.0770	0.8592	1.1791	1.7411	-0.5520	0.0278	-0.5740	0.6999	1.4434	1.3214	-1.0356	-0.4963	0.4807	1.2651	0.3847	0.5725	-0.2418	0.2419	0.1843	0.6134	2.0094	1.3750	0.6284	-0.1074	
0.1000	 3.64341506541574E-0003	1.4334	-0.4583	0.1053	1.0253	1.4334	1.5466	-1.0220	-0.1613	-0.6526	0.6893	1.6169	1.3821	-1.1628	-0.7451	0.6070	1.4063	0.5605	0.7883	-0.3266	0.1242	0.0073	0.4623	2.2103	1.5431	0.6461	-0.1809	-0.4259	0.1515	1.0932	1.5205	1.5155	-1.1165	-0.2136	-0.7174	0.6182	1.7154	1.4441	-1.1608	-0.7800	0.5764	1.4117	0.6223	0.8838	-0.4039	0.0591	-0.0394	0.4423	2.2770	1.5816	0.6145	-0.2545	
