Arquivo: c:\arq\medidas\BBA_2905_072019\BBA_AMP02A_V.dat
Data: 2905	 Hora:  0725
Comentário: 
NomeParametro	 ValorParametro
Nmedias	5
PausaCorretora	3000
PausaShunt	2000
PausaLeitura	500
NumCiclos	3
 NPassosCor	7
DeltaShunt	3.00
TetaIni	-0.10
TetaFim	0.10
I[mA]	 151.7
ACV07B	DeltaPos^2	AMP02A	AMP01B_0	AMP02A_0	AMP02B_0	AMP03A_0	AMP03B_0	AMP03C_0	AMP04A_0	AMP04B_0	AMP05A_0	AMP05B_0	AMP06A_0	AMP06B_0	AMP07A_0	AMP07B_0	AMP08A_0	AMP08B_0	AMP09A_0	AMP09B_0	AMP10A_0	AMP10B_0	AMU11A_0	AMU11B_0	AMP12A_0	AMP12B_0	AMP01A_0	AMP01B_1	AMP02A_1	AMP02B_1	AMP03A_1	AMP03B_1	AMP03C_1	AMP04A_1	AMP04B_1	AMP05A_1	AMP05B_1	AMP06A_1	AMP06B_1	AMP07A_1	AMP07B_1	AMP08A_1	AMP08B_1	AMP09A_1	AMP09B_1	AMP10A_1	AMP10B_1	AMU11A_1	AMU11B_1	AMP12A_1	AMP12B_1	AMP01A_1	
-0.1000	 5.17813628961178E-0004	-0.7682	-1.4221	-0.7682	0.2955	0.7577	2.5628	1.1098	0.5174	-0.9295	-0.1480	1.6539	1.7586	-0.2274	0.5665	-0.6756	0.2554	-0.5484	-0.3407	0.9755	1.0037	0.2294	0.2214	1.6378	1.4416	1.3938	1.0530	-1.4552	-0.7886	0.2763	0.7387	2.5898	1.1645	0.5351	-0.9343	-0.1667	1.6516	1.7665	-0.2044	0.5997	-0.7059	0.2322	-0.5612	-0.3459	1.0009	1.0143	0.2155	0.1984	1.6454	1.4579	1.4163	1.0784	
-0.0667	 2.79539879612991E-0004	-0.5504	-1.0855	-0.5504	0.3249	0.6723	2.4409	0.9344	0.5137	-0.7200	0.1827	1.4076	1.5361	-0.4100	0.4032	-0.3597	0.4889	-0.4012	-0.2483	0.6953	0.8790	0.3549	0.4511	1.5863	1.2926	1.1635	0.7820	-1.1101	-0.5655	0.3110	0.6585	2.4616	0.9738	0.5273	-0.7238	0.1687	1.4069	1.5425	-0.3931	0.4270	-0.3819	0.4717	-0.4107	-0.2518	0.7138	0.8863	0.3448	0.4341	1.5920	1.3045	1.1805	0.8010	
-0.0333	 1.06603323223577E-0004	-0.3281	-0.7414	-0.3281	0.3552	0.5849	2.3162	0.7548	0.5112	-0.5065	0.5196	1.1569	1.3088	-0.5964	0.2362	-0.0369	0.7270	-0.2519	-0.1549	0.4100	0.7522	0.4832	0.6852	1.5333	1.1395	0.9282	0.5056	-0.7567	-0.3377	0.3468	0.5775	2.3294	0.7791	0.5190	-0.5096	0.5103	1.1571	1.3136	-0.5858	0.2506	-0.0509	0.7168	-0.2570	-0.1563	0.4209	0.7567	0.4769	0.6746	1.5373	1.1473	0.9387	0.5175	
0.0000	 1.38567305058690E-0005	-0.1033	-0.3935	-0.1033	0.3862	0.4972	2.1892	0.5722	0.5076	-0.2909	0.8583	0.9032	1.0793	-0.7850	0.0665	0.2889	0.9679	-0.1005	-0.0607	0.1216	0.6241	0.6132	0.9216	1.4796	0.9846	0.6899	0.2266	-0.3992	-0.1071	0.3837	0.4957	2.1950	0.5800	0.5103	-0.2932	0.8542	0.9045	1.0819	-0.7811	0.0709	0.2840	0.9644	-0.1019	-0.0597	0.1248	0.6249	0.6105	0.9176	1.4817	0.9877	0.6941	0.2309	
0.0333	 1.12371589463226E-0005	0.1233	-0.0437	0.1233	0.4178	0.4092	2.0609	0.3880	0.5041	-0.0743	1.1999	0.6490	0.8474	-0.9751	-0.1051	0.6170	1.2101	0.0517	0.0339	-0.1690	0.4956	0.7443	1.1588	1.4253	0.8280	0.4500	-0.0539	-0.0398	0.1255	0.4208	0.4139	2.0595	0.3792	0.5012	-0.0751	1.2009	0.6513	0.8479	-0.9778	-0.1105	0.6209	1.2134	0.0544	0.0369	-0.1737	0.4932	0.7457	1.1617	1.4255	0.8271	0.4477	-0.0571	
0.0667	 9.78658998882661E-0005	0.3502	0.3064	0.3502	0.4494	0.3212	1.9319	0.2026	0.5003	0.1432	1.5412	0.3931	0.6149	-1.1657	-0.2775	0.9463	1.4524	0.2044	0.1292	-0.4605	0.3670	0.8761	1.3962	1.3708	0.6712	0.2088	-0.3361	0.3199	0.3581	0.4579	0.3319	1.9224	0.1775	0.4917	0.1437	1.5473	0.3965	0.6135	-1.1748	-0.2927	0.9587	1.4627	0.2113	0.1344	-0.4727	0.3613	0.8814	1.4056	1.3688	0.6653	0.1998	-0.3466	
0.1000	 2.75474320207672E-0004	0.5772	0.6578	0.5772	0.4814	0.2333	1.8021	0.0165	0.4962	0.3607	1.8824	0.1364	0.3820	-1.3560	-0.4501	1.2758	1.6956	0.3577	0.2248	-0.7530	0.2375	1.0078	1.6348	1.3172	0.5138	-0.0331	-0.6195	0.6809	0.5912	0.4956	0.2498	1.7852	-0.0250	0.4826	0.3621	1.8939	0.1407	0.3786	-1.3719	-0.4751	1.2970	1.7128	0.3688	0.2324	-0.7731	0.2281	1.0175	1.6510	1.3135	0.5036	-0.0484	-0.6374	
