Arquivo: c:\arq\medidas\BBA_2905_072019\BBA_AMP04B_H.dat
Data: 2905	 Hora:  0742
Comentário: 
NomeParametro	 ValorParametro
Nmedias	5
PausaCorretora	3000
PausaShunt	2000
PausaLeitura	500
NumCiclos	3
 NPassosCor	7
DeltaShunt	3.00
TetaIni	-0.10
TetaFim	0.10
I[mA]	 149.9
ACH11A	DeltaPos^2	AMP04B	AMP01B_0	AMP02A_0	AMP02B_0	AMP03A_0	AMP03B_0	AMP03C_0	AMP04A_0	AMP04B_0	AMP05A_0	AMP05B_0	AMP06A_0	AMP06B_0	AMP07A_0	AMP07B_0	AMP08A_0	AMP08B_0	AMP09A_0	AMP09B_0	AMP10A_0	AMP10B_0	AMU11A_0	AMU11B_0	AMP12A_0	AMP12B_0	AMP01A_0	AMP01B_1	AMP02A_1	AMP02B_1	AMP03A_1	AMP03B_1	AMP03C_1	AMP04A_1	AMP04B_1	AMP05A_1	AMP05B_1	AMP06A_1	AMP06B_1	AMP07A_1	AMP07B_1	AMP08A_1	AMP08B_1	AMP09A_1	AMP09B_1	AMP10A_1	AMP10B_1	AMU11A_1	AMU11B_1	AMP12A_1	AMP12B_1	AMP01A_1	
-0.1000	 1.42808200670082E-0004	-0.4846	-1.4659	0.4241	-1.9770	0.3776	-0.5583	-2.3659	-0.7694	-0.4846	-0.7895	0.5065	0.2136	-1.1887	0.2771	0.4048	-0.5320	-0.1067	-0.1514	0.2575	0.0944	-0.7350	-0.4561	-0.3596	-0.4530	-0.6963	-0.3586	-1.4728	0.4235	-1.9727	0.3939	-0.5461	-2.3634	-0.7760	-0.4885	-0.7865	0.5149	0.2218	-1.1856	0.2631	0.3952	-0.5185	-0.0962	-0.1736	0.2361	0.1074	-0.7206	-0.4739	-0.3805	-0.4453	-0.6843	-0.3600	
-0.0667	 2.76839130923571E-0004	-0.3691	-1.3719	0.5093	-1.9774	0.1262	-0.7430	-2.3991	-0.6102	-0.3691	-1.1374	0.1687	0.3575	-1.0236	0.0224	0.0903	-0.4869	0.0151	-0.1508	0.1626	0.0120	-0.7312	-0.1979	-0.0496	-0.4948	-0.8110	-0.3565	-1.3810	0.5086	-1.9710	0.1486	-0.7266	-2.3959	-0.6186	-0.3741	-1.1341	0.1799	0.3692	-1.0190	0.0024	0.0770	-0.4677	0.0297	-0.1822	0.1324	0.0302	-0.7107	-0.2225	-0.0784	-0.4844	-0.7945	-0.3582	
-0.0333	 4.62454091096195E-0004	-0.2526	-1.2772	0.5956	-1.9776	-0.1279	-0.9297	-2.4324	-0.4496	-0.2526	-1.4883	-0.1730	0.5027	-0.8566	-0.2347	-0.2269	-0.4418	0.1373	-0.1513	0.0651	-0.0708	-0.7270	0.0628	0.2633	-0.5369	-0.9274	-0.3548	-1.2896	0.5947	-1.9691	-0.0996	-0.9091	-2.4286	-0.4603	-0.2589	-1.4844	-0.1589	0.5180	-0.8508	-0.2610	-0.2445	-0.4164	0.1569	-0.1914	0.0262	-0.0472	-0.7010	0.0310	0.2261	-0.5233	-0.9057	-0.3571	
0.0000	 7.08888961908995E-0004	-0.1349	-1.1832	0.6827	-1.9769	-0.3839	-1.1187	-2.4666	-0.2882	-0.1349	-1.8402	-0.5165	0.6481	-0.6891	-0.4940	-0.5466	-0.3952	0.2606	-0.1523	-0.0327	-0.1537	-0.7225	0.3231	0.5766	-0.5784	-1.0432	-0.3543	-1.1992	0.6820	-1.9661	-0.3491	-1.0938	-2.4625	-0.3008	-0.1428	-1.8352	-0.4988	0.6671	-0.6815	-0.5259	-0.5681	-0.3642	0.2847	-0.2024	-0.0806	-0.1240	-0.6902	0.2835	0.5301	-0.5614	-1.0161	-0.3579	
0.0333	 1.00683274883105E-0003	-0.0169	-1.0912	0.7702	-1.9757	-0.6405	-1.3080	-2.5016	-0.1264	-0.0169	-2.1914	-0.8601	0.7939	-0.5211	-0.7542	-0.8669	-0.3484	0.3841	-0.1547	-0.1317	-0.2363	-0.7177	0.5827	0.8886	-0.6196	-1.1590	-0.3551	-1.1106	0.7693	-1.9625	-0.5996	-1.2786	-2.4966	-0.1413	-0.0257	-2.1860	-0.8397	0.8163	-0.5117	-0.7923	-0.8928	-0.3113	0.4129	-0.2141	-0.1887	-0.2006	-0.6789	0.5354	0.8333	-0.5985	-1.1261	-0.3596	
0.0667	 1.32766350145398E-0003	0.1016	-1.0005	0.8587	-1.9733	-0.8981	-1.4989	-2.5370	0.0353	0.1016	-2.5414	-1.2037	0.9397	-0.3523	-1.0151	-1.1876	-0.3010	0.5082	-0.1585	-0.2319	-0.3183	-0.7118	0.8407	1.1989	-0.6595	-1.2739	-0.3582	-1.0230	0.8575	-1.9579	-0.8517	-1.4656	-2.5313	0.0184	0.0915	-2.5352	-1.1805	0.9655	-0.3416	-1.0595	-1.2175	-0.2578	0.5413	-0.2267	-0.2974	-0.2771	-0.6670	0.7867	1.1357	-0.6357	-1.2363	-0.3633	
0.1000	 1.69703150077616E-0003	0.2204	-0.9106	0.9475	-1.9705	-1.1560	-1.6902	-2.5730	0.1971	0.2204	-2.8896	-1.5467	1.0851	-0.1838	-1.2754	-1.5076	-0.2527	0.6322	-0.1628	-0.3327	-0.3995	-0.7058	1.0973	1.5070	-0.6992	-1.3884	-0.3620	-0.9363	0.9458	-1.9534	-1.1030	-1.6527	-2.5669	0.1777	0.2087	-2.8826	-1.5204	1.1144	-0.1718	-1.3252	-1.5409	-0.2042	0.6695	-0.2402	-0.4066	-0.3528	-0.6553	1.0362	1.4355	-0.6722	-1.3457	-0.3679	
