Arquivo: c:\arq\medidas\BBA_2905_072019\BBA_AMP08B_V.dat
Data: 2905	 Hora:  0808
Comentário: 
NomeParametro	 ValorParametro
Nmedias	5
PausaCorretora	3000
PausaShunt	2000
PausaLeitura	500
NumCiclos	3
 NPassosCor	7
DeltaShunt	3.00
TetaIni	-0.10
TetaFim	0.10
I[mA]	  40.8
ACV11B	DeltaPos^2	AMP08B	AMP01B_0	AMP02A_0	AMP02B_0	AMP03A_0	AMP03B_0	AMP03C_0	AMP04A_0	AMP04B_0	AMP05A_0	AMP05B_0	AMP06A_0	AMP06B_0	AMP07A_0	AMP07B_0	AMP08A_0	AMP08B_0	AMP09A_0	AMP09B_0	AMP10A_0	AMP10B_0	AMU11A_0	AMU11B_0	AMP12A_0	AMP12B_0	AMP01A_0	AMP01B_1	AMP02A_1	AMP02B_1	AMP03A_1	AMP03B_1	AMP03C_1	AMP04A_1	AMP04B_1	AMP05A_1	AMP05B_1	AMP06A_1	AMP06B_1	AMP07A_1	AMP07B_1	AMP08A_1	AMP08B_1	AMP09A_1	AMP09B_1	AMP10A_1	AMP10B_1	AMU11A_1	AMU11B_1	AMP12A_1	AMP12B_1	AMP01A_1	
-0.1000	 2.15698982611735E-0004	-0.5884	0.5162	0.3290	0.0568	-0.3205	2.3185	1.1942	0.9261	0.4207	1.7356	-0.0848	0.3862	-1.0011	0.1500	0.8714	1.1294	-0.5884	-0.9488	0.6477	1.1612	1.1945	1.3354	0.7480	0.2446	0.1256	-0.2062	0.5079	0.3189	0.0429	-0.3368	2.3362	1.2319	0.9392	0.4211	1.7284	-0.0912	0.3878	-0.9872	0.1723	0.8550	1.1148	-0.6013	-0.9683	0.6646	1.1744	1.2024	1.3381	0.7353	0.2383	0.1332	-0.1903	
-0.0667	 1.00743324224976E-0004	-0.4130	0.2474	0.2120	0.1778	-0.0468	2.2643	0.9650	0.7792	0.1905	1.4617	0.2468	0.6145	-0.9412	0.1089	0.6991	1.0934	-0.4130	-0.6430	0.4524	0.9718	1.0067	1.2124	0.9926	0.4840	0.2898	-0.0933	0.2417	0.2050	0.1683	-0.0579	2.2763	0.9904	0.7887	0.1908	1.4569	0.2425	0.6153	-0.9317	0.1240	0.6882	1.0832	-0.4220	-0.6566	0.4644	0.9809	1.0124	1.2144	0.9842	0.4798	0.2952	-0.0825	
-0.0333	 2.78159300084181E-0005	-0.2346	-0.0258	0.0925	0.3003	0.2321	2.2089	0.7312	0.6300	-0.0440	1.1824	0.5843	0.8468	-0.8800	0.0670	0.5236	1.0561	-0.2346	-0.3318	0.2541	0.7787	0.8154	1.0869	1.2414	0.7274	0.4572	0.0213	-0.0288	0.0889	0.2955	0.2262	2.2156	0.7448	0.6348	-0.0438	1.1795	0.5823	0.8477	-0.8749	0.0750	0.5178	1.0508	-0.2393	-0.3388	0.2599	0.7832	0.8181	1.0879	1.2374	0.7258	0.4602	0.0271	
0.0000	 1.52710200586797E-0007	-0.0551	-0.3013	-0.0281	0.4235	0.5124	2.1532	0.4965	0.4803	-0.2800	0.9002	0.9227	1.0807	-0.8179	0.0257	0.3465	1.0188	-0.0551	-0.0185	0.0537	0.5848	0.6222	0.9613	1.4913	0.9725	0.6256	0.1366	-0.3015	-0.0282	0.4234	0.5124	2.1539	0.4971	0.4803	-0.2799	0.8999	0.9229	1.0812	-0.8174	0.0260	0.3465	1.0181	-0.0553	-0.0185	0.0540	0.5851	0.6219	0.9612	1.4920	0.9732	0.6261	0.1370	
0.0333	 2.25817715086099E-0005	0.1253	-0.5785	-0.1489	0.5467	0.7934	2.0972	0.2609	0.3291	-0.5166	0.6177	1.2630	1.3155	-0.7561	-0.0160	0.1686	0.9811	0.1253	0.2961	-0.1468	0.3903	0.4290	0.8345	1.7415	1.2180	0.7947	0.2530	-0.5763	-0.1457	0.5513	0.7990	2.0923	0.2487	0.3244	-0.5173	0.6198	1.2654	1.3152	-0.7602	-0.0228	0.1734	0.9851	0.1292	0.3030	-0.1523	0.3858	0.4258	0.8334	1.7469	1.2211	0.7930	0.2482	
0.0667	 8.77771826084346E-0005	0.3058	-0.8560	-0.2699	0.6703	1.0742	2.0411	0.0251	0.1787	-0.7532	0.3336	1.6023	1.5492	-0.6940	-0.0581	-0.0094	0.9434	0.3058	0.6108	-0.3485	0.1949	0.2359	0.7077	1.9912	1.4627	0.9642	0.3696	-0.8516	-0.2638	0.6793	1.0853	2.0311	0.0010	0.1697	-0.7539	0.3377	1.6072	1.5486	-0.7022	-0.0715	0.0004	0.9521	0.3139	0.6240	-0.3590	0.1862	0.2298	0.7055	2.0010	1.4683	0.9599	0.3599	
0.1000	 2.03899055969698E-0004	0.4862	-1.1341	-0.3917	0.7937	1.3538	1.9856	-0.2103	0.0274	-0.9897	0.0488	1.9412	1.7833	-0.6316	-0.1001	-0.1873	0.9056	0.4862	0.9257	-0.5502	-0.0004	0.0428	0.5816	2.2398	1.7069	1.1336	0.4869	-1.1270	-0.3821	0.8072	1.3702	1.9695	-0.2469	0.0142	-0.9905	0.0553	1.9481	1.7821	-0.6445	-0.1210	-0.1718	0.9191	0.4987	0.9455	-0.5667	-0.0136	0.0339	0.5784	2.2538	1.7148	1.1272	0.4719	
