Arquivo: c:\arq\medidas\BBA_2905_072019\BBA_AMP01B_V.dat
Data: 2905	 Hora:  0721
Comentário: 
NomeParametro	 ValorParametro
Nmedias	5
PausaCorretora	3000
PausaShunt	2000
PausaLeitura	500
NumCiclos	3
 NPassosCor	7
DeltaShunt	3.00
TetaIni	-0.10
TetaFim	0.10
I[mA]	 152.0
ACV11A	DeltaPos^2	AMP01B	AMP01B_0	AMP02A_0	AMP02B_0	AMP03A_0	AMP03B_0	AMP03C_0	AMP04A_0	AMP04B_0	AMP05A_0	AMP05B_0	AMP06A_0	AMP06B_0	AMP07A_0	AMP07B_0	AMP08A_0	AMP08B_0	AMP09A_0	AMP09B_0	AMP10A_0	AMP10B_0	AMU11A_0	AMU11B_0	AMP12A_0	AMP12B_0	AMP01A_0	AMP01B_1	AMP02A_1	AMP02B_1	AMP03A_1	AMP03B_1	AMP03C_1	AMP04A_1	AMP04B_1	AMP05A_1	AMP05B_1	AMP06A_1	AMP06B_1	AMP07A_1	AMP07B_1	AMP08A_1	AMP08B_1	AMP09A_1	AMP09B_1	AMP10A_1	AMP10B_1	AMU11A_1	AMU11B_1	AMP12A_1	AMP12B_1	AMP01A_1	
-0.1000	 4.56516307703881E-0003	-1.4009	-1.4009	-0.7103	0.4092	0.9092	2.4339	0.8081	0.3992	-0.9645	-0.1336	1.7457	1.7815	-0.3192	0.4012	-0.5772	0.5721	0.2228	0.7027	-0.0938	0.2323	-0.0832	0.1635	1.7605	1.5248	1.3638	0.9557	-1.4925	-0.7820	0.3651	0.8808	2.5060	0.9494	0.4379	-1.0045	-0.2199	1.7768	1.8287	-0.2446	0.4947	-0.6870	0.4999	0.2057	0.7198	-0.0408	0.2413	-0.1457	0.0804	1.8105	1.5917	1.4227	1.0071	
-0.0667	 2.07497197650081E-0003	-1.0698	-1.0698	-0.5097	0.4017	0.7725	2.3526	0.7307	0.4351	-0.7419	0.1950	1.4676	1.5493	-0.4730	0.2911	-0.2912	0.7045	0.1225	0.4594	-0.0308	0.3558	0.1437	0.4127	1.6694	1.3475	1.1419	0.7146	-1.1314	-0.5580	0.3721	0.7532	2.4017	0.8255	0.4611	-0.7692	0.1370	1.4881	1.5815	-0.4228	0.3540	-0.3650	0.6556	0.1110	0.4711	0.0047	0.3614	0.1015	0.3566	1.7037	1.3933	1.1818	0.7490	
-0.0333	 5.07132300294584E-0004	-0.7317	-0.7317	-0.3054	0.3940	0.6333	2.2702	0.6516	0.4716	-0.5153	0.5292	1.1841	1.3130	-0.6298	0.1783	0.0003	0.8399	0.0204	0.2126	0.0321	0.4805	0.3745	0.6661	1.5764	1.1673	0.9155	0.4691	-0.7615	-0.3292	0.3791	0.6237	2.2942	0.6985	0.4847	-0.5287	0.5004	1.1946	1.3289	-0.6049	0.2094	-0.0362	0.8158	0.0147	0.2191	0.0495	0.4835	0.3535	0.6386	1.5939	1.1906	0.9352	0.4857	
0.0000	 1.09226685555019E-0006	-0.3902	-0.3902	-0.0990	0.3864	0.4930	2.1856	0.5713	0.5083	-0.2864	0.8650	0.8976	1.0740	-0.7885	0.0635	0.2947	0.9773	-0.0818	-0.0362	0.0953	0.6063	0.6076	0.9223	1.4820	0.9845	0.6866	0.2214	-0.3879	-0.0978	0.3871	0.4934	2.1850	0.5690	0.5074	-0.2861	0.8657	0.8977	1.0737	-0.7894	0.0620	0.2961	0.9781	-0.0812	-0.0355	0.0943	0.6057	0.6080	0.9233	1.4827	0.9846	0.6857	0.2199	
0.0333	 5.90765615290058E-0004	-0.0476	-0.0476	0.1088	0.3792	0.3529	2.1008	0.4892	0.5448	-0.0565	1.2027	0.6106	0.8335	-0.9483	-0.0519	0.5906	1.1149	-0.1845	-0.2860	0.1578	0.7324	0.8420	1.1789	1.3869	0.8002	0.4565	-0.0270	-0.0132	0.1350	0.3951	0.3629	2.0746	0.4382	0.5305	-0.0423	1.2336	0.6001	0.8166	-0.9747	-0.0857	0.6300	1.1408	-0.1775	-0.2907	0.1382	0.7286	0.8637	1.2085	1.3709	0.7776	0.4348	-0.0468	
0.0667	 2.28918350069264E-0003	0.2950	0.2950	0.3165	0.3725	0.2124	2.0151	0.4064	0.5811	0.1737	1.5401	0.3222	0.5927	-1.1078	-0.1682	0.8869	1.2530	-0.2869	-0.5360	0.2197	0.8583	1.0763	1.4358	1.2923	0.6161	0.2253	-0.2768	0.3617	0.3677	0.4036	0.2324	1.9639	0.3059	0.5530	0.2019	1.6005	0.3009	0.5595	-1.1603	-0.2350	0.9645	1.3041	-0.2737	-0.5460	0.1816	0.8511	1.1194	1.4941	1.2594	0.5701	0.1832	-0.3151	
0.1000	 5.07358569761477E-0003	0.6423	0.6423	0.5267	0.3656	0.0705	1.9274	0.3218	0.6174	0.4059	1.8805	0.0303	0.3492	-1.2693	-0.2863	1.1865	1.3926	-0.3902	-0.7889	0.2824	0.9862	1.3133	1.6960	1.1967	0.4293	-0.0086	-0.5304	0.7407	0.6027	0.4125	0.1007	1.8512	0.1712	0.5754	0.4475	1.9699	-0.0013	0.2996	-1.3475	-0.3858	1.3013	1.4685	-0.3707	-0.8038	0.2253	0.9752	1.3777	1.7822	1.1472	0.3605	-0.0712	-0.5868	
