Arquivo: c:\arq\medidas\BBA_2905_072019\BBA_AMP06A_H.dat
Data: 2905	 Hora:  0751
Comentário: 
NomeParametro	 ValorParametro
Nmedias	5
PausaCorretora	3000
PausaShunt	2000
PausaLeitura	500
NumCiclos	3
 NPassosCor	7
DeltaShunt	3.00
TetaIni	-0.10
TetaFim	0.10
I[mA]	  98.7
ACH11A	DeltaPos^2	AMP06A	AMP01B_0	AMP02A_0	AMP02B_0	AMP03A_0	AMP03B_0	AMP03C_0	AMP04A_0	AMP04B_0	AMP05A_0	AMP05B_0	AMP06A_0	AMP06B_0	AMP07A_0	AMP07B_0	AMP08A_0	AMP08B_0	AMP09A_0	AMP09B_0	AMP10A_0	AMP10B_0	AMU11A_0	AMU11B_0	AMP12A_0	AMP12B_0	AMP01A_0	AMP01B_1	AMP02A_1	AMP02B_1	AMP03A_1	AMP03B_1	AMP03C_1	AMP04A_1	AMP04B_1	AMP05A_1	AMP05B_1	AMP06A_1	AMP06B_1	AMP07A_1	AMP07B_1	AMP08A_1	AMP08B_1	AMP09A_1	AMP09B_1	AMP10A_1	AMP10B_1	AMU11A_1	AMU11B_1	AMP12A_1	AMP12B_1	AMP01A_1	
-0.1000	 1.12315762442169E-0004	0.1984	-1.3966	0.3944	-2.0157	0.4091	-0.5156	-2.3471	-0.7774	-0.5074	-0.8100	0.4831	0.1984	-1.1965	0.3150	0.4274	-0.5664	-0.1324	-0.0942	0.3122	0.0602	-0.7755	-0.4005	-0.2973	-0.4936	-0.7358	-0.2983	-1.3776	0.3866	-2.0250	0.4155	-0.5039	-2.3408	-0.7769	-0.5134	-0.8211	0.4786	0.2072	-1.1873	0.2977	0.4057	-0.5654	-0.1261	-0.0952	0.3045	0.0525	-0.7769	-0.3871	-0.2869	-0.5046	-0.7443	-0.2803	
-0.0667	 2.05170388640089E-0005	0.3383	-1.3254	0.4821	-2.0078	0.1602	-0.7048	-2.3851	-0.6253	-0.3923	-1.1361	0.1662	0.3383	-1.0400	0.0636	0.1233	-0.5168	-0.0123	-0.1084	0.2079	-0.0115	-0.7648	-0.1661	-0.0105	-0.5248	-0.8395	-0.3143	-1.3196	0.4804	-2.0090	0.1608	-0.7018	-2.3831	-0.6233	-0.3933	-1.1419	0.1634	0.3441	-1.0341	0.0544	0.1119	-0.5145	-0.0075	-0.1109	0.2020	-0.0135	-0.7632	-0.1627	-0.0086	-0.5279	-0.8411	-0.3095	
-0.0333	 1.76050690196920E-0005	0.4797	-1.2540	0.5715	-1.9989	-0.0924	-0.8972	-2.4236	-0.4714	-0.2757	-1.4652	-0.1549	0.4797	-0.8814	-0.1902	-0.1844	-0.4662	0.1095	-0.1236	0.1016	-0.0840	-0.7538	0.0701	0.2785	-0.5557	-0.9439	-0.3319	-1.2617	0.5754	-1.9926	-0.0965	-0.9018	-2.4256	-0.4688	-0.2725	-1.4655	-0.1558	0.4824	-0.8792	-0.1910	-0.1853	-0.4630	0.1122	-0.1271	0.0984	-0.0803	-0.7496	0.0639	0.2722	-0.5512	-0.9390	-0.3395	
0.0000	 8.94516870810243E-0005	0.6218	-1.1847	0.6620	-1.9885	-0.3467	-1.0914	-2.4632	-0.3168	-0.1577	-1.7950	-0.4777	0.6218	-0.7217	-0.4462	-0.4940	-0.4144	0.2318	-0.1406	-0.0065	-0.1550	-0.7409	0.3047	0.5665	-0.5855	-1.0477	-0.3515	-1.2041	0.6708	-1.9759	-0.3545	-1.1027	-2.4690	-0.3136	-0.1509	-1.7895	-0.4757	0.6209	-0.7238	-0.4385	-0.4841	-0.4110	0.2323	-0.1448	-0.0071	-0.1467	-0.7352	0.2897	0.5529	-0.5736	-1.0367	-0.3701	
0.0333	 2.37391156641725E-0004	0.7637	-1.1169	0.7527	-1.9777	-0.6009	-1.2856	-2.5033	-0.1620	-0.0396	-2.1241	-0.8005	0.7637	-0.5620	-0.7024	-0.8043	-0.3624	0.3543	-0.1583	-0.1149	-0.2261	-0.7283	0.5390	0.8535	-0.6151	-1.1511	-0.3720	-1.1479	0.7661	-1.9585	-0.6131	-1.3041	-2.5128	-0.1585	-0.0293	-2.1124	-0.7958	0.7593	-0.5684	-0.6865	-0.7836	-0.3583	0.3525	-0.1632	-0.1129	-0.2132	-0.7205	0.5150	0.8326	-0.5959	-1.1342	-0.4018	
0.0667	 4.49045740029193E-0004	0.9061	-1.0499	0.8445	-1.9660	-0.8569	-1.4820	-2.5440	-0.0069	0.0793	-2.4527	-1.1240	0.9061	-0.4016	-0.9600	-1.1156	-0.3095	0.4772	-0.1776	-0.2248	-0.2970	-0.7148	0.7718	1.1392	-0.6433	-1.2533	-0.3944	-1.0925	0.8624	-1.9410	-0.8730	-1.5069	-2.5571	-0.0032	0.0930	-2.4352	-1.1166	0.8976	-0.4125	-0.9349	-1.0832	-0.3052	0.4728	-0.1821	-0.2191	-0.2793	-0.7057	0.7402	1.1122	-0.6177	-1.2312	-0.4347	
0.1000	 7.38832271195834E-0004	1.0473	-0.9842	0.9360	-1.9539	-1.1122	-1.6780	-2.5849	0.1479	0.1978	-2.7792	-1.4457	1.0473	-0.2418	-1.2163	-1.4247	-0.2565	0.5998	-0.1969	-0.3349	-0.3668	-0.7010	1.0034	1.4225	-0.6716	-1.3555	-0.4175	-1.0384	0.9588	-1.9225	-1.1320	-1.7096	-2.6016	0.1517	0.2150	-2.7558	-1.4356	1.0360	-0.2571	-1.1825	-1.3819	-0.2519	0.5934	-0.2025	-0.3268	-0.3440	-0.6901	0.9630	1.3884	-0.6388	-1.3278	-0.4688	
