Arquivo: c:\arq\medidas\BBA_2905_072019\BBA_AMP01B_H.dat
Data: 2905	 Hora:  0720
Comentário: 
NomeParametro	 ValorParametro
Nmedias	5
PausaCorretora	3000
PausaShunt	2000
PausaLeitura	500
NumCiclos	3
 NPassosCor	7
DeltaShunt	3.00
TetaIni	-0.10
TetaFim	0.10
I[mA]	 152.0
ACH07B	DeltaPos^2	AMP01B	AMP01B_0	AMP02A_0	AMP02B_0	AMP03A_0	AMP03B_0	AMP03C_0	AMP04A_0	AMP04B_0	AMP05A_0	AMP05B_0	AMP06A_0	AMP06B_0	AMP07A_0	AMP07B_0	AMP08A_0	AMP08B_0	AMP09A_0	AMP09B_0	AMP10A_0	AMP10B_0	AMU11A_0	AMU11B_0	AMP12A_0	AMP12B_0	AMP01A_0	AMP01B_1	AMP02A_1	AMP02B_1	AMP03A_1	AMP03B_1	AMP03C_1	AMP04A_1	AMP04B_1	AMP05A_1	AMP05B_1	AMP06A_1	AMP06B_1	AMP07A_1	AMP07B_1	AMP08A_1	AMP08B_1	AMP09A_1	AMP09B_1	AMP10A_1	AMP10B_1	AMU11A_1	AMU11B_1	AMP12A_1	AMP12B_1	AMP01A_1	
-0.1000	 4.07302017703018E-0003	0.0937	0.0937	0.3152	-2.5107	0.1105	-0.3245	-2.0493	-0.1601	-0.3684	-2.4388	-0.7579	1.2047	-0.4029	-1.8563	-1.7593	-0.2264	0.7250	-0.1408	-0.3905	-0.4599	-0.7085	1.2361	1.3204	-1.1505	-1.4722	0.8680	0.0022	0.3165	-2.4815	0.1389	-0.3266	-2.0632	-0.2003	-0.3810	-2.3351	-0.6725	1.1458	-0.4528	-1.7321	-1.6309	-0.2703	0.6668	-0.0731	-0.2953	-0.4613	-0.7407	1.2098	1.3193	-1.1086	-1.4585	0.7618	
-0.0667	 1.41405486484256E-0003	-0.3285	-0.3285	0.4451	-2.3308	-0.0789	-0.6089	-2.1938	-0.1885	-0.2802	-2.2690	-0.7058	1.0299	-0.4847	-1.4217	-1.3794	-0.2838	0.5780	-0.1321	-0.2677	-0.3638	-0.7165	0.9493	1.0940	-0.9609	-1.3368	0.4581	-0.3823	0.4456	-2.3138	-0.0614	-0.6092	-2.2018	-0.2121	-0.2877	-2.2074	-0.6554	0.9952	-0.5140	-1.3490	-1.3035	-0.3099	0.5435	-0.0921	-0.2116	-0.3652	-0.7358	0.9340	1.0935	-0.9372	-1.3295	0.3958	
-0.0333	 1.11437113520061E-0004	-0.7574	-0.7574	0.5765	-2.1480	-0.2701	-0.8959	-2.3403	-0.2172	-0.1911	-2.0957	-0.6528	0.8530	-0.5678	-0.9811	-0.9942	-0.3418	0.4287	-0.1243	-0.1442	-0.2668	-0.7244	0.6571	0.8631	-0.7702	-1.2000	0.0416	-0.7717	0.5766	-2.1433	-0.2647	-0.8957	-2.3418	-0.2236	-0.1935	-2.0784	-0.6384	0.8433	-0.5759	-0.9608	-0.9728	-0.3491	0.4194	-0.1128	-0.1282	-0.2674	-0.7302	0.6527	0.8628	-0.7624	-1.1973	0.0245	
0.0000	 2.74124250798913E-0004	-1.1880	-1.1880	0.7086	-1.9637	-0.4625	-1.1838	-2.4863	-0.2458	-0.1019	-1.9214	-0.6001	0.6753	-0.6512	-0.5369	-0.6062	-0.3994	0.2791	-0.1178	-0.0213	-0.1688	-0.7319	0.3614	0.6290	-0.5765	-1.0613	-0.3784	-1.1631	0.7073	-1.9721	-0.4681	-1.1816	-2.4812	-0.2360	-0.0993	-1.9481	-0.6208	0.6904	-0.6386	-0.5691	-0.6393	-0.3882	0.2941	-0.1347	-0.0452	-0.1691	-0.7241	0.3694	0.6300	-0.5877	-1.0656	-0.3492	
0.0333	 1.93704290448746E-0003	-1.6201	-1.6201	0.8408	-1.7782	-0.6550	-1.4718	-2.6328	-0.2753	-0.0124	-1.7458	-0.5467	0.4964	-0.7348	-0.0919	-0.2178	-0.4567	0.1288	-0.1127	0.1013	-0.0701	-0.7385	0.0635	0.3922	-0.3827	-0.9219	-0.8008	-1.5551	0.8391	-1.7991	-0.6722	-1.4686	-2.6214	-0.2480	-0.0046	-1.8172	-0.6035	0.5372	-0.7010	-0.1779	-0.3065	-0.4268	0.1689	-0.1579	0.0366	-0.0696	-0.7167	0.0828	0.3940	-0.4112	-0.9314	-0.7258	
0.0667	 5.09306996337376E-0003	-2.0509	-2.0509	0.9731	-1.5926	-0.8478	-1.7593	-2.7791	-0.3046	0.0770	-1.5702	-0.4937	0.3169	-0.8187	0.3533	0.1703	-0.5138	-0.0216	-0.1089	0.2227	0.0294	-0.7448	-0.2362	0.1537	-0.1884	-0.7818	-1.2235	-1.9466	0.9704	-1.6268	-0.8767	-1.7547	-2.7610	-0.2598	0.0903	-1.6866	-0.5864	0.3831	-0.7635	0.2139	0.0267	-0.4651	0.0434	-0.1823	0.1180	0.0301	-0.7097	-0.2042	0.1570	-0.2351	-0.7976	-1.1025	
0.1000	 9.75924042809522E-0003	-2.4810	-2.4810	1.1054	-1.4060	-1.0418	-2.0470	-2.9252	-0.3329	0.1674	-1.3949	-0.4415	0.1375	-0.9017	0.7980	0.5577	-0.5701	-0.1721	-0.1071	0.3420	0.1296	-0.7503	-0.5378	-0.0870	0.0061	-0.6412	-1.6472	-2.3378	1.1022	-1.4526	-1.0819	-2.0412	-2.9010	-0.2709	0.1857	-1.5570	-0.5707	0.2296	-0.8249	0.6053	0.3594	-0.5020	-0.0810	-0.2086	0.1972	0.1306	-0.7013	-0.4937	-0.0823	-0.0575	-0.6623	-1.4799	
