Arquivo: c:\arq\medidas\BBA_2905_072019\BBA_AMP09A_H.dat
Data: 2905	 Hora:  0810
Comentário: 
NomeParametro	 ValorParametro
Nmedias	5
PausaCorretora	3000
PausaShunt	2000
PausaLeitura	500
NumCiclos	3
 NPassosCor	7
DeltaShunt	3.00
TetaIni	-0.10
TetaFim	0.10
I[mA]	  39.3
ACH03B	DeltaPos^2	AMP09A	AMP01B_0	AMP02A_0	AMP02B_0	AMP03A_0	AMP03B_0	AMP03C_0	AMP04A_0	AMP04B_0	AMP05A_0	AMP05B_0	AMP06A_0	AMP06B_0	AMP07A_0	AMP07B_0	AMP08A_0	AMP08B_0	AMP09A_0	AMP09B_0	AMP10A_0	AMP10B_0	AMU11A_0	AMU11B_0	AMP12A_0	AMP12B_0	AMP01A_0	AMP01B_1	AMP02A_1	AMP02B_1	AMP03A_1	AMP03B_1	AMP03C_1	AMP04A_1	AMP04B_1	AMP05A_1	AMP05B_1	AMP06A_1	AMP06B_1	AMP07A_1	AMP07B_1	AMP08A_1	AMP08B_1	AMP09A_1	AMP09B_1	AMP10A_1	AMP10B_1	AMU11A_1	AMU11B_1	AMP12A_1	AMP12B_1	AMP01A_1	
-0.1000	 4.04305962429438E-0003	1.0177	-1.1063	0.9902	-1.9183	-1.2915	-1.8741	-2.8290	-0.3457	0.0847	-1.5090	-0.4932	0.2242	-0.8678	0.5613	0.3103	-0.9976	-0.2596	1.0177	1.1823	-0.5968	-1.3115	1.0138	1.4839	-0.6520	-1.3973	-0.5824	-1.0274	0.9338	-1.9633	-1.1729	-1.7519	-2.7858	-0.3865	0.0291	-1.4474	-0.4063	0.2213	-0.8976	0.5386	0.3183	-0.9617	-0.2495	0.9197	1.0587	-0.5820	-1.2650	1.0128	1.4532	-0.6871	-1.3987	-0.4807	
-0.0667	 1.92809781560200E-0003	0.6582	-1.1202	0.8778	-1.9515	-0.9891	-1.6237	-2.7128	-0.3422	0.0020	-1.6012	-0.4919	0.3456	-0.8242	0.2486	0.0585	-0.8214	-0.1123	0.6582	0.8135	-0.4670	-1.1409	0.8022	1.2081	-0.6425	-1.2998	-0.5011	-1.0654	0.8390	-1.9825	-0.9075	-1.5394	-2.6833	-0.3706	-0.0359	-1.5588	-0.4318	0.3435	-0.8448	0.2329	0.0640	-0.7963	-0.1054	0.5904	0.7279	-0.4568	-1.1086	0.8017	1.1868	-0.6670	-1.3010	-0.4309	
-0.0333	 5.73543342732110E-0004	0.2942	-1.1356	0.7648	-1.9841	-0.6836	-1.3714	-2.5960	-0.3382	-0.0800	-1.6955	-0.4923	0.4681	-0.7796	-0.0674	-0.1964	-0.6432	0.0365	0.2942	0.4402	-0.3358	-0.9685	0.5867	0.9269	-0.6322	-1.2005	-0.4211	-1.1058	0.7435	-2.0009	-0.6393	-1.3254	-2.5804	-0.3533	-0.1009	-1.6720	-0.4592	0.4668	-0.7908	-0.0752	-0.1928	-0.6296	0.0401	0.2574	0.3933	-0.3302	-0.9506	0.5865	0.9153	-0.6450	-1.2010	-0.3826	
0.0000	 2.30537729929743E-0005	-0.0614	-1.1531	0.6552	-2.0150	-0.3870	-1.1269	-2.4822	-0.3326	-0.1596	-1.7887	-0.4940	0.5883	-0.7352	-0.3761	-0.4461	-0.4694	0.1819	-0.0614	0.0754	-0.2072	-0.8001	0.3750	0.6509	-0.6211	-1.1035	-0.3449	-1.1472	0.6512	-2.0181	-0.3783	-1.1178	-2.4799	-0.3358	-0.1637	-1.7835	-0.4868	0.5875	-0.7376	-0.3768	-0.4448	-0.4668	0.1825	-0.0687	0.0655	-0.2061	-0.7964	0.3748	0.6484	-0.6233	-1.1035	-0.3377	
0.0333	 2.14011914690858E-0004	-0.4190	-1.1712	0.5451	-2.0454	-0.0891	-0.8814	-2.3683	-0.3268	-0.2392	-1.8827	-0.4968	0.7088	-0.6904	-0.6869	-0.6977	-0.2949	0.3281	-0.4190	-0.2910	-0.0778	-0.6312	0.1611	0.3724	-0.6098	-1.0057	-0.2694	-1.1892	0.5584	-2.0350	-0.1167	-0.9094	-2.3796	-0.3180	-0.2263	-1.8959	-0.5158	0.7086	-0.6837	-0.6800	-0.6985	-0.3036	0.3256	-0.3960	-0.2632	-0.0816	-0.6414	0.1613	0.3793	-0.6013	-1.0053	-0.2931	
0.0667	 1.16075297852335E-0003	-0.7780	-1.1914	0.4356	-2.0750	0.2082	-0.6368	-2.2541	-0.3210	-0.3179	-1.9778	-0.5003	0.8294	-0.6451	-0.9975	-0.9498	-0.1201	0.4743	-0.7780	-0.6582	0.0520	-0.4614	-0.0538	0.0922	-0.5974	-0.9067	-0.1953	-1.2333	0.4663	-2.0509	0.1443	-0.7025	-2.2790	-0.2997	-0.2883	-2.0095	-0.5458	0.8301	-0.6293	-0.9839	-0.9529	-0.1394	0.4686	-0.7247	-0.5928	0.0441	-0.4855	-0.0533	0.1087	-0.5777	-0.9060	-0.2503	
0.1000	 2.83034406776041E-0003	-1.1356	-1.2130	0.3273	-2.1039	0.5029	-0.3946	-2.1405	-0.3141	-0.3960	-2.0740	-0.5056	0.9500	-0.5991	-1.3073	-1.2022	0.0543	0.6203	-1.1356	-1.0247	0.1822	-0.2916	-0.2699	-0.1878	-0.5841	-0.8071	-0.1233	-1.2789	0.3750	-2.0657	0.4037	-0.4969	-2.1789	-0.2811	-0.3493	-2.1236	-0.5767	0.9512	-0.5743	-1.2864	-1.2072	0.0241	0.6117	-1.0525	-0.9220	0.1697	-0.3301	-0.2688	-0.1619	-0.5535	-0.8062	-0.2091	
