Arquivo: c:\arq\medidas\BBA_2905_072019\BBA_AMP04A_H.dat
Data: 2905	 Hora:  0739
Comentário: 
NomeParametro	 ValorParametro
Nmedias	5
PausaCorretora	3000
PausaShunt	2000
PausaLeitura	500
NumCiclos	3
 NPassosCor	7
DeltaShunt	3.00
TetaIni	-0.10
TetaFim	0.10
I[mA]	 150.3
ACH09A	DeltaPos^2	AMP04A	AMP01B_0	AMP02A_0	AMP02B_0	AMP03A_0	AMP03B_0	AMP03C_0	AMP04A_0	AMP04B_0	AMP05A_0	AMP05B_0	AMP06A_0	AMP06B_0	AMP07A_0	AMP07B_0	AMP08A_0	AMP08B_0	AMP09A_0	AMP09B_0	AMP10A_0	AMP10B_0	AMU11A_0	AMU11B_0	AMP12A_0	AMP12B_0	AMP01A_0	AMP01B_1	AMP02A_1	AMP02B_1	AMP03A_1	AMP03B_1	AMP03C_1	AMP04A_1	AMP04B_1	AMP05A_1	AMP05B_1	AMP06A_1	AMP06B_1	AMP07A_1	AMP07B_1	AMP08A_1	AMP08B_1	AMP09A_1	AMP09B_1	AMP10A_1	AMP10B_1	AMU11A_1	AMU11B_1	AMP12A_1	AMP12B_1	AMP01A_1	
-0.1000	 2.25163091634877E-0003	-0.6473	-0.4322	0.1567	-2.4030	0.7078	0.0175	-2.0486	-0.6473	-0.6457	-1.3064	0.2668	0.6596	-0.9470	-0.7997	-0.5562	-0.0258	0.3934	-1.1134	-1.2289	-0.0213	-0.2813	0.3444	0.3251	-0.9196	-1.0710	0.6080	-0.3648	0.1444	-2.4375	0.6755	0.0104	-2.0395	-0.6275	-0.6195	-1.3571	0.1972	0.6473	-0.9382	-0.7837	-0.5650	-0.0694	0.3707	-1.0406	-1.1717	-0.0789	-0.3311	0.4316	0.4167	-0.9663	-1.1273	0.6532	
-0.0667	 1.72060915512751E-0003	-0.5211	-0.6709	0.3331	-2.2651	0.3358	-0.3651	-2.1877	-0.5211	-0.4720	-1.4981	-0.0077	0.6610	-0.8552	-0.7094	-0.5666	-0.1474	0.3533	-0.7942	-0.8383	-0.0723	-0.4291	0.3553	0.4286	-0.8121	-1.0711	0.2945	-0.6119	0.3229	-2.2953	0.3063	-0.3728	-2.1798	-0.5026	-0.4483	-1.5434	-0.0695	0.6505	-0.8469	-0.6953	-0.5749	-0.1850	0.3342	-0.7302	-0.7882	-0.1218	-0.4715	0.4315	0.5086	-0.8523	-1.1194	0.3337	
-0.0333	 1.28288726910803E-0003	-0.3930	-0.9130	0.5114	-2.1253	-0.0407	-0.7520	-2.3278	-0.3930	-0.2969	-1.6926	-0.2849	0.6633	-0.7619	-0.6189	-0.5777	-0.2697	0.3139	-0.4732	-0.4449	-0.1224	-0.5767	0.3644	0.5310	-0.7030	-1.0700	-0.0223	-0.8625	0.5029	-2.1510	-0.0662	-0.7585	-2.3210	-0.3769	-0.2762	-1.7314	-0.3382	0.6542	-0.7547	-0.6072	-0.5853	-0.3018	0.2976	-0.4179	-0.4012	-0.1656	-0.6137	0.4303	0.6001	-0.7377	-1.1116	0.0113	
0.0000	 9.12276070180910E-0004	-0.2649	-1.1557	0.6896	-1.9853	-0.4174	-1.1387	-2.4674	-0.2649	-0.1224	-1.8872	-0.5624	0.6658	-0.6686	-0.5298	-0.5904	-0.3908	0.2751	-0.1532	-0.0517	-0.1723	-0.7244	0.3728	0.6326	-0.5937	-1.0683	-0.3403	-1.1133	0.6827	-2.0069	-0.4391	-1.1442	-2.4616	-0.2505	-0.1041	-1.9203	-0.6079	0.6585	-0.6620	-0.5193	-0.5964	-0.4183	0.2614	-0.1066	-0.0154	-0.2087	-0.7557	0.4280	0.6905	-0.6228	-1.1035	-0.3123	
0.0333	 5.97203198836277E-0004	-0.1361	-1.3979	0.8673	-1.8451	-0.7944	-1.5244	-2.6070	-0.1361	0.0526	-2.0832	-0.8408	0.6691	-0.5748	-0.4414	-0.6040	-0.5121	0.2366	0.1663	0.3411	-0.2216	-0.8719	0.3804	0.7333	-0.4838	-1.0663	-0.6589	-1.3638	0.8621	-1.8622	-0.8125	-1.5293	-2.6025	-0.1243	0.0679	-2.1103	-0.8782	0.6634	-0.5690	-0.4337	-0.6098	-0.5343	0.2256	0.2037	0.3702	-0.2512	-0.8967	0.4251	0.7802	-0.5072	-1.0946	-0.6363	
0.0667	 3.49524443540197E-0004	-0.0071	-1.6417	1.0455	-1.7039	-1.1713	-1.9099	-2.7466	-0.0071	0.2278	-2.2799	-1.1196	0.6733	-0.4801	-0.3554	-0.6199	-0.6327	0.1988	0.4839	0.7318	-0.2704	-1.0184	0.3864	0.8320	-0.3736	-1.0636	-0.9785	-1.6153	1.0417	-1.7170	-1.1853	-1.9139	-2.7430	0.0024	0.2403	-2.3009	-1.1487	0.6690	-0.4751	-0.3495	-0.6245	-0.6491	0.1910	0.5123	0.7539	-0.2929	-1.0371	0.4204	0.8677	-0.3915	-1.0850	-0.9610	
0.1000	 1.71124622129587E-0004	0.1217	-1.8836	1.2223	-1.5633	-1.5459	-2.2923	-2.8851	0.1217	0.4015	-2.4762	-1.3973	0.6781	-0.3855	-0.2712	-0.6369	-0.7520	0.1622	0.7986	1.1197	-0.3181	-1.1638	0.3910	0.9292	-0.2631	-1.0601	-1.2957	-1.8648	1.2198	-1.5721	-1.5555	-2.2945	-2.8825	0.1290	0.4111	-2.4913	-1.4180	0.6755	-0.3813	-0.2675	-0.6408	-0.7631	0.1572	0.8184	1.1341	-0.3341	-1.1766	0.4147	0.9538	-0.2760	-1.0755	-1.2838	
