Arquivo: c:\arq\medidas\BBA_2905_072019\BBA_AMP09B_V.dat
Data: 2905	 Hora:  0814
Comentário: 
NomeParametro	 ValorParametro
Nmedias	5
PausaCorretora	3000
PausaShunt	2000
PausaLeitura	500
NumCiclos	3
 NPassosCor	7
DeltaShunt	3.00
TetaIni	-0.10
TetaFim	0.10
I[mA]	  36.9
ACV09B	DeltaPos^2	AMP09B	AMP01B_0	AMP02A_0	AMP02B_0	AMP03A_0	AMP03B_0	AMP03C_0	AMP04A_0	AMP04B_0	AMP05A_0	AMP05B_0	AMP06A_0	AMP06B_0	AMP07A_0	AMP07B_0	AMP08A_0	AMP08B_0	AMP09A_0	AMP09B_0	AMP10A_0	AMP10B_0	AMU11A_0	AMU11B_0	AMP12A_0	AMP12B_0	AMP01A_0	AMP01B_1	AMP02A_1	AMP02B_1	AMP03A_1	AMP03B_1	AMP03C_1	AMP04A_1	AMP04B_1	AMP05A_1	AMP05B_1	AMP06A_1	AMP06B_1	AMP07A_1	AMP07B_1	AMP08A_1	AMP08B_1	AMP09A_1	AMP09B_1	AMP10A_1	AMP10B_1	AMU11A_1	AMU11B_1	AMP12A_1	AMP12B_1	AMP01A_1	
-0.1000	 1.18703503733603E-0002	-0.8910	0.1731	0.5148	1.0760	1.2627	1.3224	-1.3370	-0.1543	-0.2326	1.3539	1.1465	0.9559	-1.5156	-1.0584	1.2178	1.7357	0.4811	0.4051	-0.8910	-0.0972	0.2496	0.8986	2.1092	1.2666	0.2176	-0.6822	0.2553	0.6030	1.1745	1.3713	1.1936	-1.6165	-0.2492	-0.2184	1.4334	1.1712	0.9293	-1.6265	-1.2270	1.3588	1.8494	0.5600	0.4619	-1.0346	-0.2020	0.1970	0.8949	2.2000	1.3065	0.1488	-0.8136	
-0.0667	 7.48774051461732E-0003	-0.5876	0.0110	0.3359	0.8696	1.0309	1.5898	-0.7529	0.0455	-0.2560	1.1977	1.0855	1.0049	-1.2879	-0.7091	0.9304	1.5028	0.3143	0.2796	-0.5876	0.1189	0.3627	0.9128	1.9183	1.1805	0.3551	-0.4138	0.0764	0.4058	0.9480	1.1171	1.4881	-0.9754	-0.0297	-0.2449	1.2606	1.1056	0.9837	-1.3760	-0.8428	1.0426	1.5925	0.3768	0.3249	-0.7020	0.0356	0.3207	0.9097	1.9905	1.2122	0.3007	-0.5178	
-0.0333	 4.04420945070730E-0003	-0.2782	-0.1550	0.1528	0.6590	0.7926	1.8626	-0.1551	0.2493	-0.2802	1.0388	1.0231	1.0543	-1.0561	-0.3525	0.6371	1.2651	0.1435	0.1508	-0.2782	0.3393	0.4778	0.9267	1.7230	1.0927	0.4960	-0.1394	-0.1066	0.2043	0.7162	0.8564	1.7876	-0.3189	0.1941	-0.2721	1.0849	1.0378	1.0388	-1.1207	-0.4508	0.7192	1.3309	0.1893	0.1845	-0.3619	0.2785	0.4475	0.9245	1.7761	1.1157	0.4559	-0.2161	
0.0000	 1.57392726054119E-0003	0.0341	-0.3228	-0.0325	0.4458	0.5516	2.1365	0.4473	0.4551	-0.3036	0.8793	0.9596	1.1034	-0.8221	0.0070	0.3419	1.0247	-0.0296	0.0200	0.0341	0.5623	0.5943	0.9410	1.5253	1.0039	0.6377	0.1371	-0.2923	-0.0002	0.4815	0.5912	2.0898	0.3451	0.4210	-0.2986	0.9081	0.9682	1.0935	-0.8622	-0.0538	0.3932	1.0661	-0.0009	0.0408	-0.0181	0.5242	0.5750	0.9395	1.5586	1.0185	0.6128	0.0889	
0.0333	 2.51072259306056E-0004	0.3495	-0.4927	-0.2187	0.2310	0.3086	2.4113	1.0529	0.6630	-0.3265	0.7192	0.8946	1.1520	-0.5864	0.3688	0.0445	0.7821	-0.2038	-0.1119	0.3495	0.7867	0.7117	0.9552	1.3257	0.9142	0.7802	0.4165	-0.4800	-0.2054	0.2451	0.3241	2.3921	1.0124	0.6494	-0.3243	0.7311	0.8975	1.1479	-0.6025	0.3446	0.0651	0.7988	-0.1926	-0.1036	0.3288	0.7719	0.7041	0.9545	1.3385	0.9198	0.7704	0.3967	
0.0667	 6.76989677076941E-0005	0.6647	-0.6625	-0.4047	0.0150	0.0645	2.6850	1.6568	0.8711	-0.3485	0.5600	0.8285	1.2000	-0.3509	0.7302	-0.2527	0.5404	-0.3782	-0.2443	0.6647	1.0115	0.8302	0.9702	1.1247	0.8231	0.9231	0.6960	-0.6677	-0.4112	0.0071	0.0556	2.6933	1.6779	0.8785	-0.3490	0.5551	0.8252	1.2011	-0.3425	0.7429	-0.2628	0.5318	-0.3849	-0.2493	0.6763	1.0197	0.8344	0.9702	1.1172	0.8200	0.9281	0.7053	
0.1000	 1.01399427346121E-0003	0.9797	-0.8316	-0.5907	-0.2007	-0.1796	2.9577	2.2561	1.0792	-0.3696	0.4016	0.7619	1.2473	-0.1161	1.0910	-0.5493	0.2988	-0.5523	-0.3770	0.9797	1.2360	0.9488	0.9859	0.9234	0.7327	1.0656	0.9756	-0.8546	-0.6165	-0.2305	-0.2127	2.9928	2.3375	1.1074	-0.3730	0.3800	0.7522	1.2538	-0.0834	1.1397	-0.5902	0.2653	-0.5759	-0.3945	1.0223	1.2672	0.9649	0.9868	0.8953	0.7206	1.0852	1.0130	
