Arquivo: c:\arq\medidas\BBA_2905_072019\BBA_AMP10B_H.dat
Data: 2905	 Hora:  0819
Comentário: 
NomeParametro	 ValorParametro
Nmedias	5
PausaCorretora	3000
PausaShunt	2000
PausaLeitura	500
NumCiclos	3
 NPassosCor	7
DeltaShunt	3.00
TetaIni	-0.10
TetaFim	0.10
I[mA]	  36.8
ACH05A	DeltaPos^2	AMP10B	AMP01B_0	AMP02A_0	AMP02B_0	AMP03A_0	AMP03B_0	AMP03C_0	AMP04A_0	AMP04B_0	AMP05A_0	AMP05B_0	AMP06A_0	AMP06B_0	AMP07A_0	AMP07B_0	AMP08A_0	AMP08B_0	AMP09A_0	AMP09B_0	AMP10A_0	AMP10B_0	AMU11A_0	AMU11B_0	AMP12A_0	AMP12B_0	AMP01A_0	AMP01B_1	AMP02A_1	AMP02B_1	AMP03A_1	AMP03B_1	AMP03C_1	AMP04A_1	AMP04B_1	AMP05A_1	AMP05B_1	AMP06A_1	AMP06B_1	AMP07A_1	AMP07B_1	AMP08A_1	AMP08B_1	AMP09A_1	AMP09B_1	AMP10A_1	AMP10B_1	AMU11A_1	AMU11B_1	AMP12A_1	AMP12B_1	AMP01A_1	
-0.1000	 5.07943763228085E-0004	-1.0347	-0.1145	0.5087	-2.4008	-0.3703	-0.8174	-2.2335	-0.0393	-0.1722	-2.6530	-1.4902	0.8119	-0.3188	-0.6163	-0.9481	-0.5954	0.3072	0.4489	0.3370	-0.6246	-1.0347	1.3817	1.6081	-1.0910	-1.5752	0.5226	-0.0888	0.4817	-2.4219	-0.3278	-0.7737	-2.2180	-0.0609	-0.1986	-2.6305	-1.4589	0.8032	-0.3367	-0.6226	-0.9435	-0.5901	0.3031	0.4158	0.3110	-0.6128	-1.0246	1.3789	1.5949	-1.1097	-1.5811	0.5570	
-0.0667	 3.63035620624304E-0004	-0.9594	-0.4334	0.5497	-2.2843	-0.3673	-0.9062	-2.3074	-0.1327	-0.1716	-2.3852	-1.1774	0.7432	-0.4494	-0.5472	-0.7959	-0.5527	0.2704	0.2811	0.2469	-0.4923	-0.9594	1.0682	1.3081	-0.9473	-1.4289	0.2589	-0.4117	0.5270	-2.3022	-0.3312	-0.8694	-2.2946	-0.1506	-0.1942	-2.3659	-1.1508	0.7359	-0.4645	-0.5528	-0.7918	-0.5482	0.2669	0.2534	0.2251	-0.4822	-0.9510	1.0660	1.2968	-0.9630	-1.4339	0.2881	
-0.0333	 2.52118258509604E-0004	-0.8830	-0.7577	0.5919	-2.1654	-0.3649	-0.9970	-2.3827	-0.2266	-0.1709	-2.1121	-0.8600	0.6733	-0.5819	-0.4769	-0.6412	-0.5094	0.2329	0.1107	0.1558	-0.3578	-0.8830	0.7483	1.0020	-0.8010	-1.2799	-0.0099	-0.7395	0.5730	-2.1800	-0.3346	-0.9658	-2.3720	-0.2416	-0.1895	-2.0961	-0.8376	0.6678	-0.5943	-0.4812	-0.6378	-0.5055	0.2301	0.0881	0.1377	-0.3496	-0.8763	0.7469	0.9931	-0.8143	-1.2845	0.0145	
0.0000	 1.60926271744411E-0004	-0.8063	-1.0839	0.6345	-2.0457	-0.3634	-1.0889	-2.4582	-0.3209	-0.1696	-1.8373	-0.5409	0.6034	-0.7146	-0.4062	-0.4860	-0.4661	0.1951	-0.0607	0.0636	-0.2231	-0.8063	0.4258	0.6934	-0.6537	-1.1308	-0.2818	-1.0692	0.6195	-2.0575	-0.3392	-1.0641	-2.4496	-0.3329	-0.1849	-1.8246	-0.5228	0.5992	-0.7244	-0.4099	-0.4833	-0.4627	0.1931	-0.0783	0.0494	-0.2169	-0.8010	0.4254	0.6870	-0.6641	-1.1340	-0.2615	
0.0333	 8.97375082599518E-0005	-0.7294	-1.4106	0.6779	-1.9249	-0.3621	-1.1813	-2.5344	-0.4152	-0.1684	-1.5616	-0.2212	0.5330	-0.8477	-0.3355	-0.3305	-0.4223	0.1572	-0.2319	-0.0284	-0.0880	-0.7294	0.1016	0.3829	-0.5058	-0.9807	-0.5552	-1.3996	0.6666	-1.9339	-0.3440	-1.1627	-2.5277	-0.4242	-0.1796	-1.5520	-0.2071	0.5303	-0.8549	-0.3385	-0.3282	-0.4197	0.1564	-0.2445	-0.0385	-0.0839	-0.7255	0.1021	0.3787	-0.5139	-0.9834	-0.5399	
0.0667	 4.42088777536039E-0005	-0.6519	-1.7382	0.7215	-1.8031	-0.3621	-1.2752	-2.6108	-0.5097	-0.1666	-1.2848	0.0990	0.4626	-0.9808	-0.2649	-0.1749	-0.3785	0.1199	-0.4045	-0.1211	0.0478	-0.6519	-0.2241	0.0708	-0.3565	-0.8296	-0.8313	-1.7304	0.7138	-1.8094	-0.3491	-1.2612	-2.6061	-0.5154	-0.1740	-1.2780	0.1092	0.4610	-0.9855	-0.2671	-0.1724	-0.3771	0.1188	-0.4114	-0.1271	0.0493	-0.6501	-0.2221	0.0698	-0.3628	-0.8322	-0.8195	
0.1000	 1.56874595350070E-0005	-0.5740	-2.0658	0.7654	-1.6808	-0.3625	-1.3698	-2.6876	-0.6040	-0.1645	-1.0077	0.4192	0.3918	-1.1146	-0.1948	-0.0197	-0.3341	0.0820	-0.5776	-0.2144	0.1837	-0.5740	-0.5515	-0.2431	-0.2068	-0.6778	-1.1079	-2.0624	0.7613	-1.6844	-0.3547	-1.3616	-2.6849	-0.6069	-0.1683	-1.0026	0.4268	0.3916	-1.1171	-0.1947	-0.0161	-0.3333	0.0818	-0.5800	-0.2163	0.1833	-0.5739	-0.5482	-0.2416	-0.2107	-0.6799	-1.1011	
