Arquivo: c:\arq\medidas\BBA_2905_072019\BBA_AMU11B_H.dat
Data: 2905	 Hora:  0825
Comentário: 
NomeParametro	 ValorParametro
Nmedias	5
PausaCorretora	3000
PausaShunt	2000
PausaLeitura	500
NumCiclos	3
 NPassosCor	7
DeltaShunt	3.00
TetaIni	-0.10
TetaFim	0.10
I[mA]	  36.8
ACH05B	DeltaPos^2	AMU11B	AMP01B_0	AMP02A_0	AMP02B_0	AMP03A_0	AMP03B_0	AMP03C_0	AMP04A_0	AMP04B_0	AMP05A_0	AMP05B_0	AMP06A_0	AMP06B_0	AMP07A_0	AMP07B_0	AMP08A_0	AMP08B_0	AMP09A_0	AMP09B_0	AMP10A_0	AMP10B_0	AMU11A_0	AMU11B_0	AMP12A_0	AMP12B_0	AMP01A_0	AMP01B_1	AMP02A_1	AMP02B_1	AMP03A_1	AMP03B_1	AMP03C_1	AMP04A_1	AMP04B_1	AMP05A_1	AMP05B_1	AMP06A_1	AMP06B_1	AMP07A_1	AMP07B_1	AMP08A_1	AMP08B_1	AMP09A_1	AMP09B_1	AMP10A_1	AMP10B_1	AMU11A_1	AMU11B_1	AMP12A_1	AMP12B_1	AMP01A_1	
-0.1000	 1.24877072075787E-0003	1.6189	-0.2774	0.5991	-2.3200	-0.5546	-1.0205	-2.3112	0.0075	-0.0889	-2.7127	-1.2341	0.6489	-0.4657	-0.2832	-0.6006	-0.7188	0.1460	0.6348	0.5929	-0.6413	-1.1282	1.3369	1.6189	-1.0225	-1.5600	0.3311	-0.2711	0.5712	-2.3354	-0.4911	-0.9622	-2.3025	-0.0249	-0.1203	-2.6625	-1.1742	0.6318	-0.4959	-0.2643	-0.5644	-0.7138	0.1342	0.6056	0.5817	-0.6136	-1.1164	1.2693	1.5562	-1.0268	-1.5438	0.3593	
-0.0667	 5.48293859091400E-0004	1.3160	-0.5402	0.6088	-2.2320	-0.4886	-1.0399	-2.3576	-0.1026	-0.1179	-2.4236	-1.0024	0.6325	-0.5502	-0.3223	-0.5607	-0.6363	0.1608	0.4067	0.4201	-0.5037	-1.0229	1.0393	1.3160	-0.9027	-1.4194	0.1330	-0.5351	0.5904	-2.2419	-0.4455	-1.0008	-2.3496	-0.1239	-0.1385	-2.3872	-0.9606	0.6201	-0.5700	-0.3064	-0.5338	-0.6345	0.1521	0.3905	0.4154	-0.4871	-1.0167	0.9975	1.2781	-0.9061	-1.4097	0.1514	
-0.0333	 9.95085868029009E-0005	1.0093	-0.8072	0.6190	-2.1426	-0.4219	-1.0599	-2.4053	-0.2130	-0.1464	-2.1312	-0.7692	0.6163	-0.6348	-0.3614	-0.5202	-0.5536	0.1757	0.1768	0.2460	-0.3659	-0.9172	0.7376	1.0093	-0.7819	-1.2781	-0.0683	-0.8044	0.6112	-2.1462	-0.4040	-1.0435	-2.4009	-0.2220	-0.1549	-2.1144	-0.7506	0.6102	-0.6434	-0.3526	-0.5077	-0.5534	0.1716	0.1716	0.2454	-0.3590	-0.9149	0.7211	0.9945	-0.7829	-1.2738	-0.0606	
0.0000	 2.02868859900811E-0005	0.7005	-1.0753	0.6294	-2.0524	-0.3563	-1.0811	-2.4528	-0.3239	-0.1746	-1.8368	-0.5356	0.5999	-0.7195	-0.4013	-0.4798	-0.4710	0.1907	-0.0536	0.0706	-0.2277	-0.8117	0.4342	0.7005	-0.6603	-1.1363	-0.2718	-1.0770	0.6332	-2.0504	-0.3654	-1.0893	-2.4553	-0.3201	-0.1707	-1.8438	-0.5435	0.6015	-0.7165	-0.4032	-0.4843	-0.4717	0.1918	-0.0498	0.0722	-0.2304	-0.8128	0.4415	0.7074	-0.6589	-1.1378	-0.2764	
0.0333	 3.78425085207669E-0004	0.3894	-1.3440	0.6400	-1.9618	-0.2903	-1.1026	-2.5011	-0.4358	-0.2032	-1.5400	-0.3005	0.5833	-0.8050	-0.4411	-0.4400	-0.3879	0.2057	-0.2852	-0.1051	-0.0894	-0.7053	0.1287	0.3894	-0.5382	-0.9937	-0.4768	-1.3517	0.6558	-1.9537	-0.3269	-1.1352	-2.5114	-0.4182	-0.1858	-1.5728	-0.3365	0.5935	-0.7892	-0.4546	-0.4621	-0.3893	0.2127	-0.2725	-0.1018	-0.1014	-0.7107	0.1596	0.4176	-0.5346	-1.0010	-0.4950	
0.0667	 1.46806875386665E-0003	0.0737	-1.6174	0.6517	-1.8690	-0.2247	-1.1257	-2.5504	-0.5479	-0.2314	-1.2394	-0.0634	0.5671	-0.8910	-0.4820	-0.3997	-0.3034	0.2214	-0.5203	-0.2838	0.0510	-0.5973	-0.1813	0.0737	-0.4139	-0.8489	-0.6863	-1.6443	0.6818	-1.8540	-0.2992	-1.1932	-2.5807	-0.5157	-0.1981	-1.3068	-0.1363	0.5890	-0.8615	-0.5187	-0.4494	-0.3032	0.2368	-0.5073	-0.2871	0.0324	-0.6046	-0.1341	0.1147	-0.4048	-0.8599	-0.7281	
0.1000	 2.64462743031394E-0003	-0.2370	-1.8859	0.6630	-1.7777	-0.1606	-1.1490	-2.5990	-0.6583	-0.2586	-0.9435	0.1698	0.5510	-0.9754	-0.5228	-0.3604	-0.2206	0.2364	-0.7510	-0.4593	0.1887	-0.4915	-0.4863	-0.2370	-0.2918	-0.7069	-0.8933	-1.9144	0.7039	-1.7569	-0.2593	-1.2378	-2.6328	-0.6136	-0.2134	-1.0322	0.0727	0.5798	-0.9343	-0.5670	-0.4247	-0.2218	0.2566	-0.7277	-0.4589	0.1599	-0.5028	-0.4136	-0.1722	-0.2806	-0.7235	-0.9450	
