Arquivo: c:\arq\medidas\BBA_2905_072019\BBA_AMP04B_V.dat
Data: 2905	 Hora:  0743
Comentário: 
NomeParametro	 ValorParametro
Nmedias	5
PausaCorretora	3000
PausaShunt	2000
PausaLeitura	500
NumCiclos	3
 NPassosCor	7
DeltaShunt	3.00
TetaIni	-0.10
TetaFim	0.10
I[mA]	 149.8
ACV11A	DeltaPos^2	AMP04B	AMP01B_0	AMP02A_0	AMP02B_0	AMP03A_0	AMP03B_0	AMP03C_0	AMP04A_0	AMP04B_0	AMP05A_0	AMP05B_0	AMP06A_0	AMP06B_0	AMP07A_0	AMP07B_0	AMP08A_0	AMP08B_0	AMP09A_0	AMP09B_0	AMP10A_0	AMP10B_0	AMU11A_0	AMU11B_0	AMP12A_0	AMP12B_0	AMP01A_0	AMP01B_1	AMP02A_1	AMP02B_1	AMP03A_1	AMP03B_1	AMP03C_1	AMP04A_1	AMP04B_1	AMP05A_1	AMP05B_1	AMP06A_1	AMP06B_1	AMP07A_1	AMP07B_1	AMP08A_1	AMP08B_1	AMP09A_1	AMP09B_1	AMP10A_1	AMP10B_1	AMU11A_1	AMU11B_1	AMP12A_1	AMP12B_1	AMP01A_1	
-0.1000	 2.60999099974258E-0004	-1.0134	-1.3662	-0.6696	0.4603	0.9771	2.3969	0.7060	0.3485	-1.0134	-0.1786	1.8241	1.8265	-0.3301	0.3563	-0.5826	0.5883	0.2718	0.7709	-0.1547	0.1841	-0.1116	0.1568	1.8088	1.5491	1.3341	0.8937	-1.3809	-0.6732	0.4735	1.0017	2.3883	0.6768	0.3342	-1.0298	-0.2047	1.8427	1.8445	-0.3157	0.3693	-0.6073	0.5751	0.2772	0.7874	-0.1552	0.1773	-0.1289	0.1395	1.8264	1.5660	1.3419	0.8953	
-0.0667	 1.14908312013401E-0004	-0.7859	-1.0342	-0.4704	0.4493	0.8355	2.3179	0.6350	0.3882	-0.7859	0.1566	1.5393	1.5895	-0.4860	0.2458	-0.2920	0.7221	0.1678	0.5215	-0.0882	0.3115	0.1196	0.4094	1.7123	1.3680	1.1123	0.6554	-1.0447	-0.4732	0.4575	0.8518	2.3133	0.6161	0.3789	-0.7968	0.1393	1.5521	1.6017	-0.4764	0.2543	-0.3083	0.7136	0.1715	0.5328	-0.0885	0.3068	0.1081	0.3979	1.7240	1.3793	1.1180	0.6569	
-0.0333	 2.49252046325786E-0005	-0.5544	-0.6959	-0.2677	0.4378	0.6912	2.2372	0.5624	0.4287	-0.5544	0.4974	1.2489	1.3482	-0.6449	0.1326	0.0039	0.8590	0.0623	0.2680	-0.0215	0.4405	0.3548	0.6664	1.6137	1.1833	0.8865	0.4132	-0.7014	-0.2695	0.4414	0.6990	2.2363	0.5544	0.4242	-0.5596	0.4890	1.2550	1.3542	-0.6403	0.1366	-0.0034	0.8554	0.0639	0.2735	-0.0216	0.4385	0.3499	0.6614	1.6192	1.1886	0.8896	0.4147	
0.0000	 1.02791110593940E-0006	-0.3200	-0.3534	-0.0630	0.4265	0.5456	2.1557	0.4884	0.4689	-0.3200	0.8399	0.9552	1.1039	-0.8056	0.0177	0.3030	0.9976	-0.0438	0.0122	0.0449	0.5703	0.5929	0.9260	1.5137	0.9963	0.6576	0.1688	-0.3543	-0.0637	0.4255	0.5453	2.1580	0.4906	0.4699	-0.3198	0.8406	0.9549	1.1039	-0.8064	0.0167	0.3045	0.9985	-0.0435	0.0125	0.0445	0.5702	0.5941	0.9273	1.5126	0.9952	0.6581	0.1699	
0.0333	 4.23272591723344E-0005	-0.0852	-0.0106	0.1431	0.4154	0.4000	2.0728	0.4137	0.5088	-0.0852	1.1842	0.6612	0.8584	-0.9672	-0.0978	0.6035	1.1366	-0.1499	-0.2436	0.1112	0.7003	0.8317	1.1858	1.4129	0.8081	0.4279	-0.0765	-0.0064	0.1434	0.4100	0.3912	2.0790	0.4262	0.5151	-0.0797	1.1941	0.6545	0.8521	-0.9731	-0.1043	0.6137	1.1426	-0.1511	-0.2485	0.1106	0.7026	0.8393	1.1936	1.4057	0.8005	0.4253	-0.0758	
0.0667	 1.51537903134001E-0004	0.1497	0.3325	0.3492	0.4048	0.2544	1.9896	0.3373	0.5488	0.1497	1.5282	0.3662	0.6126	-1.1291	-0.2146	0.9043	1.2764	-0.2557	-0.4995	0.1767	0.8301	1.0707	1.4458	1.3129	0.6196	0.1972	-0.3232	0.3415	0.3505	0.3945	0.2374	1.9992	0.3607	0.5601	0.1611	1.5470	0.3528	0.5999	-1.1401	-0.2260	0.9237	1.2871	-0.2587	-0.5099	0.1758	0.8350	1.0850	1.4603	1.2990	0.6058	0.1922	-0.3225	
0.1000	 3.18542513144801E-0004	0.3837	0.6749	0.5544	0.3943	0.1094	1.9057	0.2612	0.5885	0.3837	1.8702	0.0714	0.3670	-1.2900	-0.3307	1.2036	1.4152	-0.3609	-0.7552	0.2419	0.9595	1.3089	1.7056	1.2134	0.4313	-0.0330	-0.5699	0.6890	0.5568	0.3796	0.0840	1.9192	0.2947	0.6046	0.4000	1.8978	0.0516	0.3488	-1.3064	-0.3470	1.2319	1.4306	-0.3655	-0.7709	0.2409	0.9667	1.3292	1.7262	1.1932	0.4113	-0.0405	-0.5695	
