Arquivo: c:\arq\medidas\BBA_2905_072019\BBA_AMP07B_V.dat
Data: 2905	 Hora:  0802
Comentário: 
NomeParametro	 ValorParametro
Nmedias	5
PausaCorretora	3000
PausaShunt	2000
PausaLeitura	500
NumCiclos	3
 NPassosCor	7
DeltaShunt	3.00
TetaIni	-0.10
TetaFim	0.10
I[mA]	  56.9
ACV07B	DeltaPos^2	AMP07B	AMP01B_0	AMP02A_0	AMP02B_0	AMP03A_0	AMP03B_0	AMP03C_0	AMP04A_0	AMP04B_0	AMP05A_0	AMP05B_0	AMP06A_0	AMP06B_0	AMP07A_0	AMP07B_0	AMP08A_0	AMP08B_0	AMP09A_0	AMP09B_0	AMP10A_0	AMP10B_0	AMU11A_0	AMU11B_0	AMP12A_0	AMP12B_0	AMP01A_0	AMP01B_1	AMP02A_1	AMP02B_1	AMP03A_1	AMP03B_1	AMP03C_1	AMP04A_1	AMP04B_1	AMP05A_1	AMP05B_1	AMP06A_1	AMP06B_1	AMP07A_1	AMP07B_1	AMP08A_1	AMP08B_1	AMP09A_1	AMP09B_1	AMP10A_1	AMP10B_1	AMU11A_1	AMU11B_1	AMP12A_1	AMP12B_1	AMP01A_1	
-0.1000	 7.12477997329494E-0003	-0.7759	-1.4661	-0.7628	0.3644	0.8723	2.5311	0.9946	0.4423	-1.0335	-0.2697	1.8127	1.8770	-0.1603	0.6160	-0.7759	0.2100	-0.5166	-0.2632	0.9682	0.9674	0.1521	0.1467	1.7229	1.5225	1.4131	1.0389	-1.6078	-0.8485	0.3614	0.9225	2.5758	1.0447	0.4341	-1.1241	-0.4116	1.9272	1.9733	-0.0850	0.6844	-0.9097	0.1138	-0.5693	-0.2906	1.0774	1.0108	0.0944	0.0517	1.7563	1.5884	1.5057	1.1468	
-0.0667	 3.41591811956236E-0003	-0.4218	-1.1001	-0.5316	0.3834	0.7600	2.4116	0.8355	0.4537	-0.7963	0.0990	1.5337	1.6264	-0.3669	0.4294	-0.4218	0.4667	-0.3666	-0.1807	0.6738	0.8429	0.3002	0.4052	1.6524	1.3498	1.1653	0.7537	-1.1986	-0.5909	0.3814	0.7956	2.4434	0.8701	0.4477	-0.8589	0.0011	1.6141	1.6936	-0.3146	0.4771	-0.5143	0.4007	-0.4027	-0.1989	0.7484	0.8722	0.2601	0.3400	1.6768	1.3961	1.2295	0.8281	
-0.0333	 9.73881134055296E-0004	-0.0591	-0.7244	-0.2949	0.4027	0.6458	2.2888	0.6728	0.4657	-0.5532	0.4761	1.2484	1.3693	-0.5788	0.2374	-0.0591	0.7295	-0.2139	-0.0971	0.3732	0.7161	0.4518	0.6695	1.5796	1.1730	0.9109	0.4618	-0.7777	-0.3266	0.4023	0.6662	2.3064	0.6899	0.4617	-0.5871	0.4243	1.2928	1.4058	-0.5509	0.2628	-0.1078	0.6944	-0.2325	-0.1058	0.4116	0.7313	0.4306	0.6362	1.5946	1.1979	0.9454	0.5013	
0.0000	 1.28589055601571E-0005	0.3080	-0.3438	-0.0555	0.4228	0.5306	2.1639	0.5067	0.4764	-0.3077	0.8562	0.9594	1.1095	-0.7936	0.0425	0.3080	0.9954	-0.0597	-0.0134	0.0687	0.5883	0.6059	0.9370	1.5058	0.9932	0.6533	0.1664	-0.3504	-0.0588	0.4241	0.5357	2.1665	0.5059	0.4747	-0.3116	0.8509	0.9672	1.1144	-0.7910	0.0449	0.3039	0.9926	-0.0601	-0.0125	0.0700	0.5886	0.6035	0.9361	1.5104	0.9955	0.6567	0.1705	
0.0333	 6.30009415440070E-0004	0.6777	0.0384	0.1860	0.4433	0.4151	2.0371	0.3387	0.4874	-0.0603	1.2388	0.6695	0.8470	-1.0100	-0.1549	0.6777	1.2633	0.0959	0.0711	-0.2372	0.4597	0.7612	1.2051	1.4309	0.8115	0.3933	-0.1302	0.0783	0.2114	0.4460	0.4043	2.0252	0.3198	0.4881	-0.0344	1.2807	0.6401	0.8198	-1.0328	-0.1756	0.7180	1.2928	0.1138	0.0819	-0.2728	0.4453	0.7782	1.2371	1.4254	0.7918	0.3658	-0.1621	
0.0667	 2.84654477342977E-0003	1.0477	0.4205	0.4268	0.4638	0.2992	1.9098	0.1702	0.4984	0.1868	1.6207	0.3778	0.5843	-1.2258	-0.3524	1.0477	1.5303	0.2518	0.1565	-0.5437	0.3308	0.9169	1.4736	1.3557	0.6294	0.1331	-0.4284	0.5078	0.4812	0.4686	0.2731	1.8823	0.1326	0.5008	0.2430	1.7091	0.3117	0.5250	-1.2743	-0.3968	1.1325	1.5923	0.2877	0.1763	-0.6168	0.3014	0.9532	1.5381	1.3398	0.5872	0.0740	-0.4963	
0.1000	 6.52632546230625E-0003	1.4155	0.8022	0.6670	0.4848	0.1839	1.7827	0.0015	0.5087	0.4328	2.0004	0.0870	0.3224	-1.4412	-0.5500	1.4155	1.7969	0.4076	0.2420	-0.8506	0.2016	1.0719	1.7413	1.2822	0.4479	-0.1269	-0.7265	0.9345	0.7501	0.4912	0.1426	1.7395	-0.0547	0.5132	0.5195	2.1333	-0.0155	0.2314	-1.5151	-0.6163	1.5432	1.8902	0.4613	0.2707	-0.9589	0.1573	1.1272	1.8372	1.2556	0.3833	-0.2169	-0.8290	
