Arquivo: c:\arq\medidas\BBA_2905_072019\BBA_AMU11B_V.dat
Data: 2905	 Hora:  0827
Comentário: 
NomeParametro	 ValorParametro
Nmedias	5
PausaCorretora	3000
PausaShunt	2000
PausaLeitura	500
NumCiclos	3
 NPassosCor	7
DeltaShunt	3.00
TetaIni	-0.10
TetaFim	0.10
I[mA]	  36.7
ACV11B	DeltaPos^2	AMU11B	AMP01B_0	AMP02A_0	AMP02B_0	AMP03A_0	AMP03B_0	AMP03C_0	AMP04A_0	AMP04B_0	AMP05A_0	AMP05B_0	AMP06A_0	AMP06B_0	AMP07A_0	AMP07B_0	AMP08A_0	AMP08B_0	AMP09A_0	AMP09B_0	AMP10A_0	AMP10B_0	AMU11A_0	AMU11B_0	AMP12A_0	AMP12B_0	AMP01A_0	AMP01B_1	AMP02A_1	AMP02B_1	AMP03A_1	AMP03B_1	AMP03C_1	AMP04A_1	AMP04B_1	AMP05A_1	AMP05B_1	AMP06A_1	AMP06B_1	AMP07A_1	AMP07B_1	AMP08A_1	AMP08B_1	AMP09A_1	AMP09B_1	AMP10A_1	AMP10B_1	AMU11A_1	AMU11B_1	AMP12A_1	AMP12B_1	AMP01A_1	
-0.1000	 7.15423619619988E-0003	0.6829	0.5590	0.3351	0.0067	-0.4076	2.3618	1.3128	0.9811	0.4706	1.7835	-0.1710	0.3400	-0.9882	0.2025	0.8789	1.1093	-0.6481	-1.0351	0.7236	1.2276	1.2662	1.3969	0.6829	0.1867	0.1063	-0.2011	0.6682	0.3796	-0.0490	-0.5280	2.3904	1.4228	1.0472	0.5667	1.8946	-0.3116	0.2454	-1.0077	0.2283	0.9444	1.1186	-0.7258	-1.1665	0.8114	1.3105	1.3464	1.4486	0.5783	0.0844	0.0406	-0.2423	
-0.0667	 3.56834444139252E-0003	0.9512	0.2762	0.2157	0.1439	-0.1049	2.2945	1.0460	0.8165	0.2239	1.4943	0.1882	0.5834	-0.9318	0.1457	0.7035	1.0787	-0.4540	-0.7021	0.5089	1.0192	1.0574	1.2574	0.9512	0.4469	0.2776	-0.0897	0.3531	0.2473	0.1047	-0.1900	2.3143	1.1239	0.8632	0.2921	1.5729	0.0889	0.5166	-0.9453	0.1640	0.7498	1.0855	-0.5088	-0.7947	0.5705	1.0780	1.1140	1.2941	0.8777	0.3746	0.2312	-0.1185	
-0.0333	 1.15243026961322E-0003	1.2239	-0.0120	0.0938	0.2828	0.2035	2.2253	0.7743	0.6491	-0.0276	1.1989	0.5538	0.8317	-0.8737	0.0886	0.5242	1.0473	-0.2561	-0.3616	0.2902	0.8069	0.8440	1.1145	1.2239	0.7116	0.4525	0.0240	0.0320	0.1119	0.2608	0.1549	2.2362	0.8180	0.6754	0.0112	1.2441	0.4975	0.7937	-0.8817	0.0989	0.5509	1.0512	-0.2870	-0.4143	0.3250	0.8400	0.8764	1.1354	1.1823	0.6706	0.4259	0.0074	
0.0000	 6.12089336431004E-0005	1.4978	-0.3022	-0.0293	0.4230	0.5135	2.1557	0.5001	0.4804	-0.2802	0.9010	0.9201	1.0814	-0.8154	0.0308	0.3441	1.0154	-0.0569	-0.0196	0.0694	0.5928	0.6295	0.9720	1.4978	0.9777	0.6282	0.1379	-0.2917	-0.0250	0.4179	0.5022	2.1574	0.5098	0.4861	-0.2712	0.9118	0.9071	1.0725	-0.8173	0.0330	0.3504	1.0164	-0.0640	-0.0315	0.0773	0.6005	0.6369	0.9768	1.4887	0.9680	0.6220	0.1337	
0.0333	 3.42053177733188E-0004	1.7725	-0.5946	-0.1528	0.5631	0.8247	2.0857	0.2255	0.3116	-0.5342	0.6021	1.2888	1.3316	-0.7566	-0.0267	0.1628	0.9829	0.1431	0.3240	-0.1513	0.3785	0.4138	0.8278	1.7725	1.2450	0.8053	0.2531	-0.6182	-0.1623	0.5755	0.8506	2.0781	0.2005	0.2958	-0.5546	0.5780	1.3195	1.3520	-0.7525	-0.0324	0.1489	0.9813	0.1600	0.3528	-0.1709	0.3600	0.3963	0.8162	1.7952	1.2669	0.8190	0.2616	
0.0667	 1.55516983004933E-0003	2.0461	-0.8879	-0.2768	0.7035	1.1352	2.0161	-0.0493	0.1413	-0.7877	0.3011	1.6566	1.5817	-0.6976	-0.0840	-0.0189	0.9508	0.3429	0.6676	-0.3732	0.1632	0.1984	0.6834	2.0461	1.5112	0.9827	0.3694	-0.9381	-0.2978	0.7302	1.1897	1.9972	-0.1055	0.1090	-0.8322	0.2504	1.7190	1.6245	-0.6906	-0.0999	-0.0474	0.9481	0.3810	0.7297	-0.4162	0.1225	0.1614	0.6592	2.0910	1.5582	1.0129	0.3882	
0.1000	 4.49511882005930E-0003	2.3175	-1.1796	-0.4006	0.8430	1.4430	1.9463	-0.3225	-0.0273	-1.0404	0.0011	2.0218	1.8306	-0.6392	-0.1418	-0.1993	0.9193	0.5424	1.0101	-0.5950	-0.0509	-0.0158	0.5405	2.3175	1.7758	1.1592	0.4853	-1.2659	-0.4364	0.8879	1.5371	1.9201	-0.4126	-0.0807	-1.1166	-0.0868	2.1309	1.9047	-0.6250	-0.1641	-0.2499	0.9130	0.6052	1.1151	-0.6663	-0.1183	-0.0791	0.4999	2.3978	1.8563	1.2110	0.5180	
