Arquivo: c:\arq\medidas\BBA_2905_072019\BBA_AMP05B_H.dat
Data: 2905	 Hora:  0748
Comentário: 
NomeParametro	 ValorParametro
Nmedias	5
PausaCorretora	3000
PausaShunt	2000
PausaLeitura	500
NumCiclos	3
 NPassosCor	7
DeltaShunt	3.00
TetaIni	-0.10
TetaFim	0.10
I[mA]	 138.9
ACH01B	DeltaPos^2	AMP05B	AMP01B_0	AMP02A_0	AMP02B_0	AMP03A_0	AMP03B_0	AMP03C_0	AMP04A_0	AMP04B_0	AMP05A_0	AMP05B_0	AMP06A_0	AMP06B_0	AMP07A_0	AMP07B_0	AMP08A_0	AMP08B_0	AMP09A_0	AMP09B_0	AMP10A_0	AMP10B_0	AMU11A_0	AMU11B_0	AMP12A_0	AMP12B_0	AMP01A_0	AMP01B_1	AMP02A_1	AMP02B_1	AMP03A_1	AMP03B_1	AMP03C_1	AMP04A_1	AMP04B_1	AMP05A_1	AMP05B_1	AMP06A_1	AMP06B_1	AMP07A_1	AMP07B_1	AMP08A_1	AMP08B_1	AMP09A_1	AMP09B_1	AMP10A_1	AMP10B_1	AMU11A_1	AMU11B_1	AMP12A_1	AMP12B_1	AMP01A_1	
-0.1000	 1.47799142013115E-0003	0.3001	-2.0966	0.7043	-1.6752	-0.1278	-1.1651	-2.6234	-0.6853	-0.2468	-0.7945	0.3001	0.0225	-1.1897	0.8462	0.8076	-0.8882	-0.3690	0.6239	1.0220	-0.2076	-1.0973	0.1181	0.6517	-0.1787	-0.9452	-1.4306	-2.0399	0.7062	-1.6928	-0.1525	-1.1696	-2.6151	-0.6557	-0.2357	-0.8692	0.2395	0.0265	-1.1686	0.8567	0.7979	-0.9094	-0.3734	0.6820	1.0670	-0.2399	-1.1237	0.1903	0.7268	-0.2043	-0.9779	-1.3901	
-0.0667	 6.63958724195734E-0004	0.0446	-1.8020	0.6941	-1.7744	-0.2027	-1.1435	-2.5710	-0.5612	-0.2146	-1.1251	0.0446	0.2207	-1.0329	0.4209	0.3792	-0.7316	-0.1695	0.3759	0.6863	-0.1902	-0.9786	0.1822	0.6283	-0.3085	-0.9775	-1.0831	-1.7639	0.6949	-1.7862	-0.2189	-1.1463	-2.5651	-0.5417	-0.2075	-1.1749	0.0040	0.2232	-1.0186	0.4284	0.3731	-0.7457	-0.1723	0.4147	0.7166	-0.2120	-0.9965	0.2306	0.6785	-0.3259	-0.9998	-1.0555	
-0.0333	 1.70071831649995E-0004	-0.2146	-1.5045	0.6838	-1.8739	-0.2796	-1.1232	-2.5186	-0.4361	-0.1816	-1.4587	-0.2146	0.4213	-0.8738	-0.0095	-0.0549	-0.5727	0.0322	0.1237	0.3455	-0.1721	-0.8579	0.2454	0.6030	-0.4393	-1.0099	-0.7310	-1.4850	0.6842	-1.8801	-0.2871	-1.1239	-2.5152	-0.4261	-0.1780	-1.4838	-0.2348	0.4223	-0.8669	-0.0047	-0.0569	-0.5802	0.0302	0.1430	0.3611	-0.1831	-0.8673	0.2699	0.6282	-0.4486	-1.0214	-0.7168	
0.0000	 2.57073472270358E-0007	-0.4755	-1.2063	0.6747	-1.9734	-0.3579	-1.1038	-2.4666	-0.3101	-0.1480	-1.7932	-0.4755	0.6223	-0.7139	-0.4421	-0.4914	-0.4127	0.2350	-0.1308	0.0018	-0.1531	-0.7366	0.3070	0.5756	-0.5697	-1.0416	-0.3789	-1.2058	0.6742	-1.9737	-0.3576	-1.1037	-2.4658	-0.3099	-0.1481	-1.7940	-0.4761	0.6219	-0.7139	-0.4410	-0.4903	-0.4131	0.2345	-0.1307	0.0025	-0.1529	-0.7369	0.3072	0.5757	-0.5703	-1.0418	-0.3785	
0.0333	 1.55955476303336E-0004	-0.7389	-0.9074	0.6657	-2.0729	-0.4380	-1.0864	-2.4154	-0.1829	-0.1129	-2.1292	-0.7389	0.8239	-0.5528	-0.8771	-0.9307	-0.2526	0.4381	-0.3869	-0.3429	-0.1337	-0.6145	0.3675	0.5473	-0.7008	-1.0732	-0.0267	-0.9253	0.6641	-2.0680	-0.4288	-1.0839	-2.4171	-0.1928	-0.1175	-2.1051	-0.7190	0.8217	-0.5605	-0.8789	-0.9260	-0.2460	0.4385	-0.4064	-0.3574	-0.1231	-0.6065	0.3441	0.5225	-0.6936	-1.0631	-0.0387	
0.0667	 6.21240305759346E-0004	-1.0033	-0.6098	0.6574	-2.1717	-0.5197	-1.0708	-2.3645	-0.0560	-0.0778	-2.4638	-1.0033	1.0247	-0.3920	-1.3111	-1.3694	-0.0915	0.6408	-0.6449	-0.6889	-0.1132	-0.4919	0.4262	0.5171	-0.8309	-1.1036	0.3233	-0.6460	0.6545	-2.1614	-0.5019	-1.0664	-2.3686	-0.0761	-0.0863	-2.4153	-0.9631	1.0209	-0.4074	-1.3148	-1.3603	-0.0793	0.6415	-0.6827	-0.7178	-0.0924	-0.4763	0.3794	0.4679	-0.8157	-1.0831	0.2985	
0.1000	 1.37702841857011E-0003	-1.2682	-0.3114	0.6484	-2.2716	-0.6018	-1.0553	-2.3143	0.0703	-0.0429	-2.7975	-1.2682	1.2255	-0.2320	-1.7425	-1.8065	0.0681	0.8414	-0.9029	-1.0347	-0.0936	-0.3706	0.4850	0.4867	-0.9627	-1.1353	0.6745	-0.3645	0.6426	-2.2579	-0.5739	-1.0478	-2.3204	0.0384	-0.0570	-2.7233	-1.2072	1.2189	-0.2563	-1.7489	-1.7930	0.0856	0.8421	-0.9587	-1.0768	-0.0635	-0.3484	0.4159	0.4144	-0.9416	-1.1063	0.6380	
