Arquivo: c:\arq\medidas\BBA_2905_072019\BBA_AMP02B_V.dat
Data: 2905	 Hora:  0728
Comentário: 
NomeParametro	 ValorParametro
Nmedias	5
PausaCorretora	3000
PausaShunt	2000
PausaLeitura	500
NumCiclos	3
 NPassosCor	7
DeltaShunt	3.00
TetaIni	-0.10
TetaFim	0.10
I[mA]	 151.4
ACV09B	DeltaPos^2	AMP02B	AMP01B_0	AMP02A_0	AMP02B_0	AMP03A_0	AMP03B_0	AMP03C_0	AMP04A_0	AMP04B_0	AMP05A_0	AMP05B_0	AMP06A_0	AMP06B_0	AMP07A_0	AMP07B_0	AMP08A_0	AMP08B_0	AMP09A_0	AMP09B_0	AMP10A_0	AMP10B_0	AMU11A_0	AMU11B_0	AMP12A_0	AMP12B_0	AMP01A_0	AMP01B_1	AMP02A_1	AMP02B_1	AMP03A_1	AMP03B_1	AMP03C_1	AMP04A_1	AMP04B_1	AMP05A_1	AMP05B_1	AMP06A_1	AMP06B_1	AMP07A_1	AMP07B_1	AMP08A_1	AMP08B_1	AMP09A_1	AMP09B_1	AMP10A_1	AMP10B_1	AMU11A_1	AMU11B_1	AMP12A_1	AMP12B_1	AMP01A_1	
-0.1000	 3.94357688822178E-0004	1.0113	0.0813	0.4301	1.0113	1.2091	1.3842	-1.1970	-0.1113	-0.2588	1.2751	1.1309	0.9686	-1.4493	-0.9657	1.1307	1.6556	0.3952	0.3105	-0.7797	-0.0230	0.2663	0.8705	2.0574	1.2515	0.2835	-0.5704	0.1048	0.4509	1.0295	1.2364	1.3634	-1.2436	-0.1307	-0.2690	1.2710	1.1509	0.9770	-1.4605	-0.9871	1.1390	1.6689	0.4153	0.3324	-0.8079	-0.0413	0.2634	0.8792	2.0681	1.2502	0.2648	-0.5994	
-0.0667	 1.97810942053091E-0004	0.8144	-0.0599	0.2667	0.8144	0.9836	1.6380	-0.6403	0.0842	-0.2664	1.1472	1.0563	1.0011	-1.2415	-0.6412	0.8683	1.4417	0.2424	0.1980	-0.5008	0.1792	0.3795	0.8928	1.8734	1.1633	0.4065	-0.3245	-0.0430	0.2818	0.8273	1.0032	1.6228	-0.6735	0.0707	-0.2731	1.1451	1.0695	1.0065	-1.2498	-0.6562	0.8748	1.4516	0.2566	0.2124	-0.5208	0.1666	0.3777	0.8997	1.8802	1.1615	0.3929	-0.3452	
-0.0333	 6.41591806431961E-0005	0.6135	-0.2048	0.1002	0.6135	0.7537	1.8957	-0.0727	0.2835	-0.2747	1.0168	0.9797	1.0337	-1.0301	-0.3110	0.6013	1.2242	0.0869	0.0825	-0.2166	0.3850	0.4946	0.9150	1.6853	1.0734	0.5318	-0.0742	-0.1946	0.1092	0.6213	0.7647	1.8864	-0.0916	0.2757	-0.2774	1.0173	0.9861	1.0365	-1.0353	-0.3189	0.6057	1.2303	0.0947	0.0895	-0.2280	0.3787	0.4948	0.9203	1.6886	1.0711	0.5235	-0.0861	
0.0000	 5.52608126832268E-0006	0.4108	-0.3515	-0.0687	0.4108	0.5205	2.1548	0.4997	0.4846	-0.2818	0.8863	0.9017	1.0665	-0.8162	0.0225	0.3320	1.0038	-0.0709	-0.0352	0.0701	0.5932	0.6110	0.9372	1.4950	0.9822	0.6582	0.1788	-0.3479	-0.0656	0.4128	0.5228	2.1513	0.4956	0.4834	-0.2807	0.8888	0.9010	1.0654	-0.8183	0.0214	0.3342	1.0059	-0.0695	-0.0360	0.0680	0.5930	0.6129	0.9409	1.4942	0.9792	0.6555	0.1757	
0.0333	 2.65021750658019E-0005	0.2062	-0.4997	-0.2382	0.2062	0.2859	2.4151	1.0753	0.6870	-0.2887	0.7554	0.8226	1.0986	-0.6014	0.3573	0.0613	0.7820	-0.2298	-0.1537	0.3595	0.8028	0.7280	0.9595	1.3033	0.8907	0.7857	0.4340	-0.5030	-0.2410	0.2028	0.2791	2.4171	1.0855	0.6924	-0.2838	0.7605	0.8144	1.0940	-0.6004	0.3628	0.0617	0.7803	-0.2349	-0.1622	0.3667	0.8086	0.7316	0.9614	1.2983	0.8869	0.7878	0.4397	
0.0667	 1.27328555088352E-0004	0.0008	-0.6478	-0.4079	0.0008	0.0502	2.6737	1.6486	0.8904	-0.2948	0.6250	0.7426	1.1301	-0.3865	0.6919	-0.2096	0.5601	-0.3887	-0.2720	0.6489	1.0128	0.8458	0.9820	1.1104	0.7982	0.9132	0.6895	-0.6581	-0.4169	-0.0084	0.0348	2.6816	1.6736	0.9018	-0.2859	0.6325	0.7272	1.1226	-0.3822	0.7044	-0.2113	0.5550	-0.4002	-0.2889	0.6653	1.0250	0.8509	0.9820	1.1013	0.7942	0.9209	0.7040	
0.1000	 3.05733029036133E-0004	-0.2071	-0.7972	-0.5794	-0.2071	-0.1885	2.9346	2.2252	1.0962	-0.3002	0.4940	0.6610	1.1617	-0.1693	1.0303	-0.4833	0.3358	-0.5493	-0.3920	0.9413	1.2251	0.9655	1.0056	0.9146	0.7048	1.0420	0.9482	-0.8143	-0.5943	-0.2218	-0.2129	2.9482	2.2641	1.1137	-0.2873	0.5041	0.6382	1.1505	-0.1621	1.0496	-0.4869	0.3268	-0.5675	-0.4170	0.9666	1.2435	0.9722	1.0041	0.9014	0.7001	1.0549	0.9714	
