Arquivo: c:\arq\medidas\BBA_2905_072019\BBA_AMU11A_V.dat
Data: 2905	 Hora:  0823
Comentário: 
NomeParametro	 ValorParametro
Nmedias	5
PausaCorretora	3000
PausaShunt	2000
PausaLeitura	500
NumCiclos	3
 NPassosCor	7
DeltaShunt	3.00
TetaIni	-0.10
TetaFim	0.10
I[mA]	  36.8
ACV11A	DeltaPos^2	AMU11A	AMP01B_0	AMP02A_0	AMP02B_0	AMP03A_0	AMP03B_0	AMP03C_0	AMP04A_0	AMP04B_0	AMP05A_0	AMP05B_0	AMP06A_0	AMP06B_0	AMP07A_0	AMP07B_0	AMP08A_0	AMP08B_0	AMP09A_0	AMP09B_0	AMP10A_0	AMP10B_0	AMU11A_0	AMU11B_0	AMP12A_0	AMP12B_0	AMP01A_0	AMP01B_1	AMP02A_1	AMP02B_1	AMP03A_1	AMP03B_1	AMP03C_1	AMP04A_1	AMP04B_1	AMP05A_1	AMP05B_1	AMP06A_1	AMP06B_1	AMP07A_1	AMP07B_1	AMP08A_1	AMP08B_1	AMP09A_1	AMP09B_1	AMP10A_1	AMP10B_1	AMU11A_1	AMU11B_1	AMP12A_1	AMP12B_1	AMP01A_1	
-0.1000	 7.43309412292605E-0003	0.0561	-1.4776	-0.7106	0.5032	1.0734	2.3969	0.6475	0.2998	-1.0955	-0.2850	1.9502	1.9276	-0.2524	0.4462	-0.6990	0.5241	0.2745	0.8244	-0.1004	0.1832	-0.1964	0.0561	1.8908	1.6452	1.4008	0.9499	-1.6202	-0.7978	0.5106	1.1361	2.4215	0.6701	0.2789	-1.1976	-0.4296	2.0683	2.0319	-0.1800	0.4961	-0.8279	0.4600	0.3138	0.9253	-0.1164	0.1327	-0.3016	-0.0629	1.9278	1.7270	1.4987	1.0515	
-0.0667	 3.61572520266685E-0003	0.3530	-1.0983	-0.4908	0.4759	0.8908	2.3220	0.6036	0.3599	-0.8312	0.1000	1.6169	1.6545	-0.4333	0.3146	-0.3619	0.6818	0.1654	0.5494	-0.0422	0.3179	0.0706	0.3530	1.7644	1.4292	1.1519	0.6877	-1.1975	-0.5512	0.4807	0.9339	2.3387	0.6200	0.3458	-0.9022	-0.0017	1.6986	1.7268	-0.3827	0.3505	-0.4530	0.6366	0.1922	0.6190	-0.0521	0.2834	-0.0024	0.2689	1.7892	1.4865	1.2200	0.7586	
-0.0333	 9.93878458542661E-0004	0.6566	-0.7096	-0.2661	0.4484	0.7046	2.2444	0.5581	0.4206	-0.5615	0.4925	1.2767	1.3746	-0.6189	0.1793	-0.0168	0.8433	0.0550	0.2693	0.0151	0.4542	0.3434	0.6566	1.6343	1.2082	0.8968	0.4202	-0.7619	-0.2977	0.4504	0.7258	2.2521	0.5672	0.4132	-0.5987	0.4390	1.3180	1.4118	-0.5922	0.1976	-0.0657	0.8192	0.0685	0.3059	0.0107	0.4369	0.3050	0.6103	1.6451	1.2378	0.9323	0.4576	
0.0000	 5.37406447867495E-0006	0.9625	-0.3172	-0.0390	0.4210	0.5166	2.1660	0.5110	0.4817	-0.2891	0.8868	0.9328	1.0916	-0.8066	0.0412	0.3310	1.0073	-0.0555	-0.0126	0.0712	0.5912	0.6191	0.9625	1.5022	0.9833	0.6384	0.1504	-0.3194	-0.0406	0.4204	0.5158	2.1633	0.5119	0.4817	-0.2908	0.8832	0.9319	1.0926	-0.8050	0.0417	0.3266	1.0055	-0.0554	-0.0112	0.0726	0.5909	0.6168	0.9561	1.4981	0.9845	0.6401	0.1525	
0.0333	 8.24704531685307E-0004	1.2691	0.0764	0.1903	0.3938	0.3283	2.0859	0.4628	0.5424	-0.0148	1.2837	0.5881	0.8063	-0.9956	-0.0982	0.6808	1.1728	-0.1660	-0.2946	0.1273	0.7286	0.8967	1.2691	1.3693	0.7571	0.3784	-0.1208	0.1244	0.2187	0.3904	0.3047	2.0733	0.4554	0.5495	0.0186	1.3307	0.5445	0.7706	-1.0194	-0.1162	0.7216	1.1932	-0.1796	-0.3280	0.1343	0.7455	0.9305	1.3027	1.3501	0.7293	0.3458	-0.1540	
0.0667	 3.49364570260039E-0003	1.5755	0.4692	0.4189	0.3670	0.1404	2.0053	0.4133	0.6030	0.2591	1.6780	0.2425	0.5209	-1.1848	-0.2379	1.0296	1.3378	-0.2765	-0.5758	0.1824	0.8659	1.1738	1.5755	1.2370	0.5300	0.1177	-0.3929	0.5685	0.4772	0.3611	0.0943	1.9825	0.3970	0.6171	0.3279	1.7757	0.1560	0.4486	-1.2336	-0.2751	1.1169	1.3804	-0.3033	-0.6451	0.1947	0.8996	1.2437	1.6496	1.2032	0.4738	0.0512	-0.4624	
0.1000	 7.95098491552969E-0003	1.8791	0.8598	0.6460	0.3407	-0.0460	1.9244	0.3632	0.6629	0.5309	2.0682	-0.1007	0.2373	-1.3731	-0.3769	1.3750	1.5021	-0.3862	-0.8551	0.2367	1.0020	1.4486	1.8791	1.1057	0.3049	-0.1418	-0.6637	1.0095	0.7345	0.3328	-0.1146	1.8909	0.3381	0.6839	0.6343	2.2162	-0.2301	0.1291	-1.4466	-0.4328	1.5081	1.5667	-0.4261	-0.9596	0.2545	1.0522	1.5538	1.9933	1.0570	0.2201	-0.2417	-0.7690	
