Arquivo: c:\arq\medidas\BBA_2905_072019\BBA_AMP06B_V.dat
Data: 2905	 Hora:  0756
Comentário: 
NomeParametro	 ValorParametro
Nmedias	5
PausaCorretora	3000
PausaShunt	2000
PausaLeitura	500
NumCiclos	3
 NPassosCor	7
DeltaShunt	3.00
TetaIni	-0.10
TetaFim	0.10
I[mA]	  98.3
ACV09B	DeltaPos^2	AMP06B	AMP01B_0	AMP02A_0	AMP02B_0	AMP03A_0	AMP03B_0	AMP03C_0	AMP04A_0	AMP04B_0	AMP05A_0	AMP05B_0	AMP06A_0	AMP06B_0	AMP07A_0	AMP07B_0	AMP08A_0	AMP08B_0	AMP09A_0	AMP09B_0	AMP10A_0	AMP10B_0	AMU11A_0	AMU11B_0	AMP12A_0	AMP12B_0	AMP01A_0	AMP01B_1	AMP02A_1	AMP02B_1	AMP03A_1	AMP03B_1	AMP03C_1	AMP04A_1	AMP04B_1	AMP05A_1	AMP05B_1	AMP06A_1	AMP06B_1	AMP07A_1	AMP07B_1	AMP08A_1	AMP08B_1	AMP09A_1	AMP09B_1	AMP10A_1	AMP10B_1	AMU11A_1	AMU11B_1	AMP12A_1	AMP12B_1	AMP01A_1	
-0.1000	 2.53948456233532E-0004	-1.4530	0.1041	0.4557	1.0388	1.2410	1.3784	-1.2264	-0.1229	-0.2623	1.2799	1.1719	0.9894	-1.4530	-0.9835	1.1251	1.6644	0.4214	0.3471	-0.8073	-0.0452	0.2546	0.8695	2.0810	1.2637	0.2661	-0.6051	0.1295	0.4724	1.0420	1.2351	1.3690	-1.2402	-0.1232	-0.2464	1.3055	1.1544	0.9724	-1.4691	-1.0084	1.1472	1.6815	0.4324	0.3542	-0.8285	-0.0549	0.2637	0.8862	2.0783	1.2538	0.2486	-0.6259	
-0.0667	 9.82228996673477E-0005	-1.2477	-0.0323	0.2969	0.8455	1.0189	1.6238	-0.6858	0.0650	-0.2751	1.1484	1.1038	1.0253	-1.2477	-0.6644	0.8645	1.4529	0.2732	0.2395	-0.5349	0.1526	0.3670	0.8933	1.8994	1.1757	0.3852	-0.3654	-0.0164	0.3074	0.8472	1.0150	1.6184	-0.6941	0.0652	-0.2648	1.1646	1.0931	1.0146	-1.2576	-0.6796	0.8786	1.4640	0.2800	0.2438	-0.5477	0.1470	0.3727	0.9038	1.8979	1.1699	0.3743	-0.3784	
-0.0333	 1.14998992057549E-0005	-1.0389	-0.1719	0.1350	0.6482	0.7916	1.8734	-0.1336	0.2570	-0.2878	1.0152	1.0341	1.0610	-1.0389	-0.3389	0.5995	1.2384	0.1217	0.1288	-0.2568	0.3542	0.4813	0.9173	1.7143	1.0858	0.5065	-0.1209	-0.1662	0.1386	0.6485	0.7893	1.8724	-0.1357	0.2576	-0.2839	1.0209	1.0301	1.0572	-1.0419	-0.3435	0.6046	1.2418	0.1237	0.1300	-0.2610	0.3526	0.4836	0.9209	1.7137	1.0837	0.5027	-0.1255	
0.0000	 9.98504313501911E-0006	-0.8278	-0.3134	-0.0290	0.4491	0.5613	2.1245	0.4228	0.4507	-0.3001	0.8810	0.9632	1.0968	-0.8278	-0.0112	0.3323	1.0209	-0.0314	0.0165	0.0232	0.5583	0.5968	0.9412	1.5265	0.9948	0.6288	0.1256	-0.3177	-0.0322	0.4482	0.5615	2.1275	0.4266	0.4511	-0.3025	0.8765	0.9663	1.0999	-0.8242	-0.0054	0.3285	1.0177	-0.0340	0.0147	0.0278	0.5604	0.5956	0.9381	1.5271	0.9972	0.6322	0.1296	
0.0333	 9.32534198004769E-0005	-0.6157	-0.4560	-0.1936	0.2483	0.3293	2.3761	0.9818	0.6458	-0.3114	0.7471	0.8908	1.1320	-0.6157	0.3180	0.0639	0.8019	-0.1857	-0.0962	0.3061	0.7638	0.7134	0.9656	1.3367	0.9032	0.7519	0.3740	-0.4707	-0.2033	0.2460	0.3315	2.3832	0.9920	0.6465	-0.3203	0.7325	0.9012	1.1418	-0.6054	0.3343	0.0511	0.7918	-0.1929	-0.1013	0.3193	0.7701	0.7088	0.9558	1.3386	0.9097	0.7623	0.3864	
0.0667	 2.59859386887821E-0004	-0.4035	-0.5986	-0.3585	0.0464	0.0967	2.6268	1.5396	0.8408	-0.3224	0.6135	0.8175	1.1667	-0.4035	0.6470	-0.2047	0.5831	-0.3403	-0.2095	0.5887	0.9692	0.8306	0.9899	1.1464	0.8107	0.8746	0.6229	-0.6234	-0.3751	0.0428	0.1008	2.6378	1.5559	0.8424	-0.3375	0.5889	0.8349	1.1829	-0.3866	0.6738	-0.2264	0.5659	-0.3520	-0.2181	0.6106	0.9798	0.8226	0.9737	1.1493	0.8215	0.8927	0.6439	
0.1000	 4.81289547466750E-0004	-0.1916	-0.7410	-0.5232	-0.1551	-0.1363	2.8764	2.0940	1.0364	-0.3329	0.4807	0.7436	1.2007	-0.1916	0.9761	-0.4731	0.3646	-0.4943	-0.3234	0.8710	1.1749	0.9480	1.0149	0.9552	0.7188	0.9978	0.8719	-0.7750	-0.5459	-0.1600	-0.1298	2.8910	2.1153	1.0380	-0.3538	0.4467	0.7678	1.2236	-0.1687	1.0119	-0.5025	0.3410	-0.5105	-0.3343	0.9006	1.1890	0.9369	0.9926	0.9593	0.7334	1.0222	0.9003	
