Arquivo: c:\arq\medidas\BBA_2905_072019\BBA_AMP08A_V.dat
Data: 2905	 Hora:  0805
Comentário: 
NomeParametro	 ValorParametro
Nmedias	5
PausaCorretora	3000
PausaShunt	2000
PausaLeitura	500
NumCiclos	3
 NPassosCor	7
DeltaShunt	3.00
TetaIni	-0.10
TetaFim	0.10
I[mA]	  45.5
ACV03B	DeltaPos^2	AMP08A	AMP01B_0	AMP02A_0	AMP02B_0	AMP03A_0	AMP03B_0	AMP03C_0	AMP04A_0	AMP04B_0	AMP05A_0	AMP05B_0	AMP06A_0	AMP06B_0	AMP07A_0	AMP07B_0	AMP08A_0	AMP08B_0	AMP09A_0	AMP09B_0	AMP10A_0	AMP10B_0	AMU11A_0	AMU11B_0	AMP12A_0	AMP12B_0	AMP01A_0	AMP01B_1	AMP02A_1	AMP02B_1	AMP03A_1	AMP03B_1	AMP03C_1	AMP04A_1	AMP04B_1	AMP05A_1	AMP05B_1	AMP06A_1	AMP06B_1	AMP07A_1	AMP07B_1	AMP08A_1	AMP08B_1	AMP09A_1	AMP09B_1	AMP10A_1	AMP10B_1	AMU11A_1	AMU11B_1	AMP12A_1	AMP12B_1	AMP01A_1	
-0.1000	 5.12887204480062E-0004	1.4017	0.3960	0.5809	0.8979	0.9265	1.4507	-1.0122	-0.1521	-0.6282	0.7268	1.6052	1.3776	-1.1470	-0.7082	0.5971	1.4017	0.5645	0.7398	-0.8652	-0.0160	0.5141	1.1781	1.8506	1.0005	0.0902	-0.7211	0.4293	0.6050	0.9077	0.9277	1.4317	-1.0468	-0.1589	-0.6100	0.7595	1.5876	1.3573	-1.1709	-0.7358	0.6342	1.4236	0.5833	0.7585	-0.8984	-0.0337	0.5202	1.1967	1.8536	0.9919	0.0666	-0.7526	
-0.0667	 3.14064780395364E-0004	1.2773	0.1671	0.3830	0.7468	0.7980	1.6768	-0.5304	0.0485	-0.5205	0.7768	1.3928	1.2865	-1.0393	-0.4725	0.5126	1.2773	0.3685	0.5015	-0.5735	0.1742	0.5459	1.1063	1.7393	0.9954	0.2653	-0.4428	0.1933	0.4019	0.7544	0.7988	1.6620	-0.5571	0.0432	-0.5063	0.8026	1.3790	1.2707	-1.0579	-0.4938	0.5416	1.2949	0.3832	0.5161	-0.5994	0.1603	0.5510	1.1208	1.7419	0.9885	0.2469	-0.4676	
-0.0333	 1.71626448009006E-0004	1.1523	-0.0624	0.1842	0.5952	0.6685	1.9026	-0.0460	0.2502	-0.4127	0.8270	1.1793	1.1952	-0.9309	-0.2354	0.4276	1.1523	0.1712	0.2619	-0.2799	0.3652	0.5785	1.0342	1.6275	0.9897	0.4409	-0.1638	-0.0430	0.1982	0.6008	0.6692	1.8922	-0.0659	0.2464	-0.4021	0.8464	1.1690	1.1836	-0.9446	-0.2507	0.4491	1.1654	0.1823	0.2725	-0.2991	0.3546	0.5819	1.0450	1.6295	0.9848	0.4275	-0.1820	
0.0000	 7.14928784120813E-0005	1.0266	-0.2935	-0.0164	0.4423	0.5377	2.1299	0.4414	0.4538	-0.3033	0.8780	0.9630	1.1023	-0.8215	0.0030	0.3423	1.0266	-0.0273	0.0196	0.0156	0.5575	0.6114	0.9623	1.5140	0.9837	0.6175	0.1163	-0.2811	-0.0076	0.4459	0.5381	2.1232	0.4284	0.4511	-0.2965	0.8904	0.9565	1.0949	-0.8307	-0.0070	0.3561	1.0353	-0.0204	0.0266	0.0032	0.5505	0.6138	0.9692	1.5154	0.9806	0.6089	0.1048	
0.0333	 1.22221140830857E-0005	0.8981	-0.5304	-0.2212	0.2860	0.4039	2.3609	0.9377	0.6613	-0.1915	0.9310	0.7421	1.0077	-0.7107	0.2462	0.2552	0.8981	-0.2305	-0.2273	0.3179	0.7541	0.6455	0.8889	1.3975	0.9771	0.7972	0.4033	-0.5255	-0.2174	0.2875	0.4043	2.3585	0.9325	0.6601	-0.1886	0.9362	0.7392	1.0043	-0.7143	0.2422	0.2610	0.9019	-0.2274	-0.2244	0.3128	0.7510	0.6460	0.8919	1.3985	0.9764	0.7938	0.3985	
0.0667	 2.41918282957136E-0006	0.7686	-0.7698	-0.4277	0.1279	0.2684	2.5931	1.4380	0.8709	-0.0778	0.9854	0.5182	0.9110	-0.5985	0.4923	0.1680	0.7686	-0.4357	-0.4779	0.6229	0.9531	0.6806	0.8150	1.2799	0.9699	0.9790	0.6932	-0.7723	-0.4293	0.1270	0.2684	2.5949	1.4404	0.8721	-0.0788	0.9836	0.5191	0.9124	-0.5967	0.4946	0.1655	0.7672	-0.4368	-0.4789	0.6251	0.9539	0.6796	0.8140	1.2802	0.9710	0.9806	0.6953	
0.1000	 4.18717758234152E-0005	0.6387	-1.0103	-0.6357	-0.0318	0.1323	2.8261	1.9382	1.0823	0.0372	1.0409	0.2917	0.8132	-0.4859	0.7393	0.0804	0.6387	-0.6422	-0.7301	0.9298	1.1534	0.7157	0.7412	1.1604	0.9628	1.1616	0.9851	-1.0198	-0.6425	-0.0346	0.1318	2.8318	1.9482	1.0849	0.0324	1.0316	0.2963	0.8187	-0.4789	0.7475	0.0699	0.6321	-0.6473	-0.7352	0.9393	1.1584	0.7135	0.7364	1.1602	0.9661	1.1685	0.9941	
