# SCW3T KICKMAP 
# Author: Ximenes R. Resende @ LNLS, Date: 08-Jan-2013 22:00:38
# ID Length [m]
0.9470
# Number of Horizontal Points
81 
# Number of Vertical Points
17 
# Horizontal KickTable in T2m2
START
            -0.03000000 -0.02925000 -0.02850000 -0.02775000 -0.02700000 -0.02625000 -0.02550000 -0.02475000 -0.02400000 -0.02325000 -0.02250000 -0.02175000 -0.02100000 -0.02025000 -0.01950000 -0.01875000 -0.01800000 -0.01725000 -0.01650000 -0.01575000 -0.01500000 -0.01425000 -0.01350000 -0.01275000 -0.01200000 -0.01125000 -0.01050000 -0.00975000 -0.00900000 -0.00825000 -0.00750000 -0.00675000 -0.00600000 -0.00525000 -0.00450000 -0.00375000 -0.00300000 -0.00225000 -0.00150000 -0.00075000 +0.00000000 +0.00075000 +0.00150000 +0.00225000 +0.00300000 +0.00375000 +0.00450000 +0.00525000 +0.00600000 +0.00675000 +0.00750000 +0.00825000 +0.00900000 +0.00975000 +0.01050000 +0.01125000 +0.01200000 +0.01275000 +0.01350000 +0.01425000 +0.01500000 +0.01575000 +0.01650000 +0.01725000 +0.01800000 +0.01875000 +0.01950000 +0.02025000 +0.02100000 +0.02175000 +0.02250000 +0.02325000 +0.02400000 +0.02475000 +0.02550000 +0.02625000 +0.02700000 +0.02775000 +0.02850000 +0.02925000 +0.03000000 
+0.00910000 -5.582E-003 -5.288E-003 -4.963E-003 -4.640E-003 -4.324E-003 -4.018E-003 -3.724E-003 -3.445E-003 -3.181E-003 -2.933E-003 -2.700E-003 -2.483E-003 -2.280E-003 -2.091E-003 -1.916E-003 -1.754E-003 -1.604E-003 -1.466E-003 -1.338E-003 -1.220E-003 -1.111E-003 -1.010E-003 -9.177E-004 -8.322E-004 -7.532E-004 -6.801E-004 -6.125E-004 -5.497E-004 -4.914E-004 -4.371E-004 -3.863E-004 -3.387E-004 -2.937E-004 -2.511E-004 -2.104E-004 -1.711E-004 -1.326E-004 -9.439E-005 -3.470E-005 +4.379E-004 +0.000E+000 -4.379E-004 +3.470E-005 +9.439E-005 +1.326E-004 +1.711E-004 +2.104E-004 +2.511E-004 +2.937E-004 +3.387E-004 +3.863E-004 +4.371E-004 +4.914E-004 +5.497E-004 +6.125E-004 +6.801E-004 +7.532E-004 +8.322E-004 +9.177E-004 +1.010E-003 +1.111E-003 +1.220E-003 +1.338E-003 +1.466E-003 +1.604E-003 +1.754E-003 +1.916E-003 +2.091E-003 +2.280E-003 +2.483E-003 +2.700E-003 +2.933E-003 +3.181E-003 +3.445E-003 +3.724E-003 +4.018E-003 +4.324E-003 +4.640E-003 +4.963E-003 +5.288E-003 +5.582E-003 
+0.00796250 -6.034E-003 -5.644E-003 -5.229E-003 -4.837E-003 -4.467E-003 -4.119E-003 -3.793E-003 -3.488E-003 -3.205E-003 -2.941E-003 -2.697E-003 -2.470E-003 -2.261E-003 -2.068E-003 -1.889E-003 -1.725E-003 -1.574E-003 -1.435E-003 -1.307E-003 -1.190E-003 -1.082E-003 -9.823E-004 -8.909E-004 -8.068E-004 -7.292E-004 -6.577E-004 -5.916E-004 -5.305E-004 -4.737E-004 -4.209E-004 -3.716E-004 -3.253E-004 -2.816E-004 -2.401E-004 -2.001E-004 -1.609E-004 -1.211E-004 -7.810E-005 -1.607E-005 +4.328E-006 +0.000E+000 -4.328E-006 +1.607E-005 +7.810E-005 +1.211E-004 +1.609E-004 +2.001E-004 +2.401E-004 +2.816E-004 +3.253E-004 +3.716E-004 +4.209E-004 +4.737E-004 +5.305E-004 +5.916E-004 +6.577E-004 +7.292E-004 +8.068E-004 +8.909E-004 +9.823E-004 +1.082E-003 +1.190E-003 +1.307E-003 +1.435E-003 +1.574E-003 +1.725E-003 +1.889E-003 +2.068E-003 +2.261E-003 +2.470E-003 +2.697E-003 +2.941E-003 +3.205E-003 +3.488E-003 +3.793E-003 +4.119E-003 +4.467E-003 +4.837E-003 +5.229E-003 +5.644E-003 +6.034E-003 
+0.00682500 -6.387E-003 -5.929E-003 -5.448E-003 -5.004E-003 -4.592E-003 -4.212E-003 -3.859E-003 -3.534E-003 -3.234E-003 -2.957E-003 -2.703E-003 -2.468E-003 -2.253E-003 -2.055E-003 -1.874E-003 -1.707E-003 -1.555E-003 -1.415E-003 -1.287E-003 -1.169E-003 -1.061E-003 -9.624E-004 -8.717E-004 -7.885E-004 -7.119E-004 -6.414E-004 -5.764E-004 -5.164E-004 -4.608E-004 -4.091E-004 -3.608E-004 -3.156E-004 -2.730E-004 -2.326E-004 -1.938E-004 -1.561E-004 -1.191E-004 -8.260E-005 -4.786E-005 -1.777E-005 +0.000E+000 +1.777E-005 +4.786E-005 +8.260E-005 +1.191E-004 +1.561E-004 +1.938E-004 +2.326E-004 +2.730E-004 +3.156E-004 +3.608E-004 +4.091E-004 +4.608E-004 +5.164E-004 +5.764E-004 +6.414E-004 +7.119E-004 +7.885E-004 +8.717E-004 +9.624E-004 +1.061E-003 +1.169E-003 +1.287E-003 +1.415E-003 +1.555E-003 +1.707E-003 +1.874E-003 +2.055E-003 +2.253E-003 +2.468E-003 +2.703E-003 +2.957E-003 +3.234E-003 +3.534E-003 +3.859E-003 +4.212E-003 +4.592E-003 +5.004E-003 +5.448E-003 +5.929E-003 +6.387E-003 
+0.00568750 -6.580E-003 -6.086E-003 -5.570E-003 -5.096E-003 -4.660E-003 -4.259E-003 -3.891E-003 -3.552E-003 -3.242E-003 -2.957E-003 -2.695E-003 -2.456E-003 -2.237E-003 -2.037E-003 -1.853E-003 -1.686E-003 -1.533E-003 -1.393E-003 -1.265E-003 -1.147E-003 -1.040E-003 -9.425E-004 -8.528E-004 -7.705E-004 -6.951E-004 -6.257E-004 -5.619E-004 -5.030E-004 -4.485E-004 -3.979E-004 -3.509E-004 -3.068E-004 -2.654E-004 -2.262E-004 -1.889E-004 -1.531E-004 -1.188E-004 -8.574E-005 -5.441E-005 -2.307E-005 +0.000E+000 +2.307E-005 +5.441E-005 +8.574E-005 +1.188E-004 +1.531E-004 +1.889E-004 +2.262E-004 +2.654E-004 +3.068E-004 +3.509E-004 +3.979E-004 +4.485E-004 +5.030E-004 +5.619E-004 +6.257E-004 +6.951E-004 +7.705E-004 +8.528E-004 +9.425E-004 +1.040E-003 +1.147E-003 +1.265E-003 +1.393E-003 +1.533E-003 +1.686E-003 +1.853E-003 +2.037E-003 +2.237E-003 +2.456E-003 +2.695E-003 +2.957E-003 +3.242E-003 +3.552E-003 +3.891E-003 +4.259E-003 +4.660E-003 +5.096E-003 +5.570E-003 +6.086E-003 +6.580E-003 
+0.00455000 -6.651E-003 -6.146E-003 -5.618E-003 -5.132E-003 -4.685E-003 -4.274E-003 -3.897E-003 -3.551E-003 -3.235E-003 -2.945E-003 -2.680E-003 -2.438E-003 -2.217E-003 -2.015E-003 -1.831E-003 -1.664E-003 -1.510E-003 -1.371E-003 -1.243E-003 -1.127E-003 -1.021E-003 -9.240E-004 -8.353E-004 -7.542E-004 -6.798E-004 -6.115E-004 -5.488E-004 -4.910E-004 -4.376E-004 -3.881E-004 -3.421E-004 -2.991E-004 -2.588E-004 -2.208E-004 -1.848E-004 -1.505E-004 -1.176E-004 -8.609E-005 -5.567E-005 -2.404E-005 +0.000E+000 +2.404E-005 +5.567E-005 +8.609E-005 +1.176E-004 +1.505E-004 +1.848E-004 +2.208E-004 +2.588E-004 +2.991E-004 +3.421E-004 +3.881E-004 +4.376E-004 +4.910E-004 +5.488E-004 +6.115E-004 +6.798E-004 +7.542E-004 +8.353E-004 +9.240E-004 +1.021E-003 +1.127E-003 +1.243E-003 +1.371E-003 +1.510E-003 +1.664E-003 +1.831E-003 +2.015E-003 +2.217E-003 +2.438E-003 +2.680E-003 +2.945E-003 +3.235E-003 +3.551E-003 +3.897E-003 +4.274E-003 +4.685E-003 +5.132E-003 +5.618E-003 +6.146E-003 +6.651E-003 
+0.00341250 -6.644E-003 -6.144E-003 -5.618E-003 -5.132E-003 -4.682E-003 -4.269E-003 -3.888E-003 -3.540E-003 -3.220E-003 -2.928E-003 -2.662E-003 -2.419E-003 -2.197E-003 -1.995E-003 -1.811E-003 -1.643E-003 -1.491E-003 -1.352E-003 -1.225E-003 -1.110E-003 -1.004E-003 -9.082E-004 -8.205E-004 -7.403E-004 -6.669E-004 -5.997E-004 -5.379E-004 -4.810E-004 -4.286E-004 -3.800E-004 -3.349E-004 -2.928E-004 -2.535E-004 -2.164E-004 -1.813E-004 -1.480E-004 -1.161E-004 -8.537E-005 -5.550E-005 -2.407E-005 +0.000E+000 +2.407E-005 +5.550E-005 +8.537E-005 +1.161E-004 +1.480E-004 +1.813E-004 +2.164E-004 +2.535E-004 +2.928E-004 +3.349E-004 +3.800E-004 +4.286E-004 +4.810E-004 +5.379E-004 +5.997E-004 +6.669E-004 +7.403E-004 +8.205E-004 +9.082E-004 +1.004E-003 +1.110E-003 +1.225E-003 +1.352E-003 +1.491E-003 +1.643E-003 +1.811E-003 +1.995E-003 +2.197E-003 +2.419E-003 +2.662E-003 +2.928E-003 +3.220E-003 +3.540E-003 +3.888E-003 +4.269E-003 +4.682E-003 +5.132E-003 +5.618E-003 +6.144E-003 +6.644E-003 
+0.00227500 -6.606E-003 -6.115E-003 -5.598E-003 -5.116E-003 -4.668E-003 -4.255E-003 -3.874E-003 -3.525E-003 -3.205E-003 -2.913E-003 -2.646E-003 -2.402E-003 -2.180E-003 -1.978E-003 -1.795E-003 -1.627E-003 -1.475E-003 -1.337E-003 -1.211E-003 -1.096E-003 -9.915E-004 -8.962E-004 -8.093E-004 -7.299E-004 -6.573E-004 -5.907E-004 -5.297E-004 -4.736E-004 -4.218E-004 -3.739E-004 -3.295E-004 -2.882E-004 -2.495E-004 -2.131E-004 -1.787E-004 -1.460E-004 -1.147E-004 -8.450E-005 -5.503E-005 -2.389E-005 +0.000E+000 +2.389E-005 +5.503E-005 +8.450E-005 +1.147E-004 +1.460E-004 +1.787E-004 +2.131E-004 +2.495E-004 +2.882E-004 +3.295E-004 +3.739E-004 +4.218E-004 +4.736E-004 +5.297E-004 +5.907E-004 +6.573E-004 +7.299E-004 +8.093E-004 +8.962E-004 +9.915E-004 +1.096E-003 +1.211E-003 +1.337E-003 +1.475E-003 +1.627E-003 +1.795E-003 +1.978E-003 +2.180E-003 +2.402E-003 +2.646E-003 +2.913E-003 +3.205E-003 +3.525E-003 +3.874E-003 +4.255E-003 +4.668E-003 +5.116E-003 +5.598E-003 +6.115E-003 +6.606E-003 
+0.00113750 -6.568E-003 -6.087E-003 -5.577E-003 -5.099E-003 -4.655E-003 -4.243E-003 -3.863E-003 -3.514E-003 -3.194E-003 -2.901E-003 -2.634E-003 -2.391E-003 -2.169E-003 -1.967E-003 -1.784E-003 -1.617E-003 -1.465E-003 -1.327E-003 -1.202E-003 -1.087E-003 -9.835E-004 -8.887E-004 -8.023E-004 -7.234E-004 -6.512E-004 -5.852E-004 -5.246E-004 -4.689E-004 -4.176E-004 -3.702E-004 -3.262E-004 -2.853E-004 -2.470E-004 -2.110E-004 -1.770E-004 -1.447E-004 -1.138E-004 -8.385E-005 -5.464E-005 -2.374E-005 +0.000E+000 +2.374E-005 +5.464E-005 +8.385E-005 +1.138E-004 +1.447E-004 +1.770E-004 +2.110E-004 +2.470E-004 +2.853E-004 +3.262E-004 +3.702E-004 +4.176E-004 +4.689E-004 +5.246E-004 +5.852E-004 +6.512E-004 +7.234E-004 +8.023E-004 +8.887E-004 +9.835E-004 +1.087E-003 +1.202E-003 +1.327E-003 +1.465E-003 +1.617E-003 +1.784E-003 +1.967E-003 +2.169E-003 +2.391E-003 +2.634E-003 +2.901E-003 +3.194E-003 +3.514E-003 +3.863E-003 +4.243E-003 +4.655E-003 +5.099E-003 +5.577E-003 +6.087E-003 +6.568E-003 
+0.00000000 -6.553E-003 -6.075E-003 -5.569E-003 -5.093E-003 -4.649E-003 -4.238E-003 -3.858E-003 -3.509E-003 -3.190E-003 -2.897E-003 -2.630E-003 -2.387E-003 -2.165E-003 -1.964E-003 -1.780E-003 -1.614E-003 -1.462E-003 -1.324E-003 -1.199E-003 -1.085E-003 -9.807E-004 -8.861E-004 -7.999E-004 -7.211E-004 -6.492E-004 -5.833E-004 -5.229E-004 -4.674E-004 -4.162E-004 -3.689E-004 -3.251E-004 -2.843E-004 -2.461E-004 -2.103E-004 -1.764E-004 -1.443E-004 -1.134E-004 -8.362E-005 -5.450E-005 -2.368E-005 +0.000E+000 +2.368E-005 +5.450E-005 +8.362E-005 +1.134E-004 +1.443E-004 +1.764E-004 +2.103E-004 +2.461E-004 +2.843E-004 +3.251E-004 +3.689E-004 +4.162E-004 +4.674E-004 +5.229E-004 +5.833E-004 +6.492E-004 +7.211E-004 +7.999E-004 +8.861E-004 +9.807E-004 +1.085E-003 +1.199E-003 +1.324E-003 +1.462E-003 +1.614E-003 +1.780E-003 +1.964E-003 +2.165E-003 +2.387E-003 +2.630E-003 +2.897E-003 +3.190E-003 +3.509E-003 +3.858E-003 +4.238E-003 +4.649E-003 +5.093E-003 +5.569E-003 +6.075E-003 +6.553E-003 
-0.00113750 -6.568E-003 -6.087E-003 -5.577E-003 -5.099E-003 -4.655E-003 -4.243E-003 -3.863E-003 -3.514E-003 -3.194E-003 -2.901E-003 -2.634E-003 -2.391E-003 -2.169E-003 -1.967E-003 -1.784E-003 -1.617E-003 -1.465E-003 -1.327E-003 -1.202E-003 -1.087E-003 -9.835E-004 -8.887E-004 -8.023E-004 -7.234E-004 -6.512E-004 -5.852E-004 -5.246E-004 -4.689E-004 -4.176E-004 -3.702E-004 -3.262E-004 -2.853E-004 -2.470E-004 -2.110E-004 -1.770E-004 -1.447E-004 -1.138E-004 -8.385E-005 -5.464E-005 -2.374E-005 +0.000E+000 +2.374E-005 +5.464E-005 +8.385E-005 +1.138E-004 +1.447E-004 +1.770E-004 +2.110E-004 +2.470E-004 +2.853E-004 +3.262E-004 +3.702E-004 +4.176E-004 +4.689E-004 +5.246E-004 +5.852E-004 +6.512E-004 +7.234E-004 +8.023E-004 +8.887E-004 +9.835E-004 +1.087E-003 +1.202E-003 +1.327E-003 +1.465E-003 +1.617E-003 +1.784E-003 +1.967E-003 +2.169E-003 +2.391E-003 +2.634E-003 +2.901E-003 +3.194E-003 +3.514E-003 +3.863E-003 +4.243E-003 +4.655E-003 +5.099E-003 +5.577E-003 +6.087E-003 +6.568E-003 
-0.00227500 -6.606E-003 -6.115E-003 -5.598E-003 -5.116E-003 -4.668E-003 -4.255E-003 -3.874E-003 -3.525E-003 -3.205E-003 -2.913E-003 -2.646E-003 -2.402E-003 -2.180E-003 -1.978E-003 -1.795E-003 -1.627E-003 -1.475E-003 -1.337E-003 -1.211E-003 -1.096E-003 -9.915E-004 -8.962E-004 -8.093E-004 -7.299E-004 -6.573E-004 -5.907E-004 -5.297E-004 -4.736E-004 -4.218E-004 -3.739E-004 -3.295E-004 -2.882E-004 -2.495E-004 -2.131E-004 -1.787E-004 -1.460E-004 -1.147E-004 -8.450E-005 -5.503E-005 -2.389E-005 +0.000E+000 +2.389E-005 +5.503E-005 +8.450E-005 +1.147E-004 +1.460E-004 +1.787E-004 +2.131E-004 +2.495E-004 +2.882E-004 +3.295E-004 +3.739E-004 +4.218E-004 +4.736E-004 +5.297E-004 +5.907E-004 +6.573E-004 +7.299E-004 +8.093E-004 +8.962E-004 +9.915E-004 +1.096E-003 +1.211E-003 +1.337E-003 +1.475E-003 +1.627E-003 +1.795E-003 +1.978E-003 +2.180E-003 +2.402E-003 +2.646E-003 +2.913E-003 +3.205E-003 +3.525E-003 +3.874E-003 +4.255E-003 +4.668E-003 +5.116E-003 +5.598E-003 +6.115E-003 +6.606E-003 
-0.00341250 -6.644E-003 -6.144E-003 -5.618E-003 -5.132E-003 -4.682E-003 -4.269E-003 -3.888E-003 -3.540E-003 -3.220E-003 -2.928E-003 -2.662E-003 -2.419E-003 -2.197E-003 -1.995E-003 -1.811E-003 -1.643E-003 -1.491E-003 -1.352E-003 -1.225E-003 -1.110E-003 -1.004E-003 -9.082E-004 -8.205E-004 -7.403E-004 -6.669E-004 -5.997E-004 -5.379E-004 -4.810E-004 -4.286E-004 -3.800E-004 -3.349E-004 -2.928E-004 -2.535E-004 -2.164E-004 -1.813E-004 -1.480E-004 -1.161E-004 -8.537E-005 -5.550E-005 -2.407E-005 +0.000E+000 +2.407E-005 +5.550E-005 +8.537E-005 +1.161E-004 +1.480E-004 +1.813E-004 +2.164E-004 +2.535E-004 +2.928E-004 +3.349E-004 +3.800E-004 +4.286E-004 +4.810E-004 +5.379E-004 +5.997E-004 +6.669E-004 +7.403E-004 +8.205E-004 +9.082E-004 +1.004E-003 +1.110E-003 +1.225E-003 +1.352E-003 +1.491E-003 +1.643E-003 +1.811E-003 +1.995E-003 +2.197E-003 +2.419E-003 +2.662E-003 +2.928E-003 +3.220E-003 +3.540E-003 +3.888E-003 +4.269E-003 +4.682E-003 +5.132E-003 +5.618E-003 +6.144E-003 +6.644E-003 
-0.00455000 -6.651E-003 -6.146E-003 -5.618E-003 -5.132E-003 -4.685E-003 -4.274E-003 -3.897E-003 -3.551E-003 -3.235E-003 -2.945E-003 -2.680E-003 -2.438E-003 -2.217E-003 -2.015E-003 -1.831E-003 -1.664E-003 -1.510E-003 -1.371E-003 -1.243E-003 -1.127E-003 -1.021E-003 -9.240E-004 -8.353E-004 -7.542E-004 -6.798E-004 -6.115E-004 -5.488E-004 -4.910E-004 -4.376E-004 -3.881E-004 -3.421E-004 -2.991E-004 -2.588E-004 -2.208E-004 -1.848E-004 -1.505E-004 -1.176E-004 -8.609E-005 -5.567E-005 -2.404E-005 +0.000E+000 +2.404E-005 +5.567E-005 +8.609E-005 +1.176E-004 +1.505E-004 +1.848E-004 +2.208E-004 +2.588E-004 +2.991E-004 +3.421E-004 +3.881E-004 +4.376E-004 +4.910E-004 +5.488E-004 +6.115E-004 +6.798E-004 +7.542E-004 +8.353E-004 +9.240E-004 +1.021E-003 +1.127E-003 +1.243E-003 +1.371E-003 +1.510E-003 +1.664E-003 +1.831E-003 +2.015E-003 +2.217E-003 +2.438E-003 +2.680E-003 +2.945E-003 +3.235E-003 +3.551E-003 +3.897E-003 +4.274E-003 +4.685E-003 +5.132E-003 +5.618E-003 +6.146E-003 +6.651E-003 
-0.00568750 -6.580E-003 -6.086E-003 -5.570E-003 -5.096E-003 -4.660E-003 -4.259E-003 -3.891E-003 -3.552E-003 -3.242E-003 -2.957E-003 -2.695E-003 -2.456E-003 -2.237E-003 -2.037E-003 -1.853E-003 -1.686E-003 -1.533E-003 -1.393E-003 -1.265E-003 -1.147E-003 -1.040E-003 -9.425E-004 -8.528E-004 -7.705E-004 -6.951E-004 -6.257E-004 -5.619E-004 -5.030E-004 -4.485E-004 -3.979E-004 -3.509E-004 -3.068E-004 -2.654E-004 -2.262E-004 -1.889E-004 -1.531E-004 -1.188E-004 -8.574E-005 -5.441E-005 -2.307E-005 +0.000E+000 +2.307E-005 +5.441E-005 +8.574E-005 +1.188E-004 +1.531E-004 +1.889E-004 +2.262E-004 +2.654E-004 +3.068E-004 +3.509E-004 +3.979E-004 +4.485E-004 +5.030E-004 +5.619E-004 +6.257E-004 +6.951E-004 +7.705E-004 +8.528E-004 +9.425E-004 +1.040E-003 +1.147E-003 +1.265E-003 +1.393E-003 +1.533E-003 +1.686E-003 +1.853E-003 +2.037E-003 +2.237E-003 +2.456E-003 +2.695E-003 +2.957E-003 +3.242E-003 +3.552E-003 +3.891E-003 +4.259E-003 +4.660E-003 +5.096E-003 +5.570E-003 +6.086E-003 +6.580E-003 
-0.00682500 -6.387E-003 -5.929E-003 -5.448E-003 -5.004E-003 -4.592E-003 -4.212E-003 -3.859E-003 -3.534E-003 -3.234E-003 -2.957E-003 -2.703E-003 -2.468E-003 -2.253E-003 -2.055E-003 -1.874E-003 -1.707E-003 -1.555E-003 -1.415E-003 -1.287E-003 -1.169E-003 -1.061E-003 -9.624E-004 -8.717E-004 -7.885E-004 -7.119E-004 -6.414E-004 -5.764E-004 -5.164E-004 -4.608E-004 -4.091E-004 -3.608E-004 -3.156E-004 -2.730E-004 -2.326E-004 -1.938E-004 -1.561E-004 -1.191E-004 -8.260E-005 -4.786E-005 -1.777E-005 +0.000E+000 +1.777E-005 +4.786E-005 +8.260E-005 +1.191E-004 +1.561E-004 +1.938E-004 +2.326E-004 +2.730E-004 +3.156E-004 +3.608E-004 +4.091E-004 +4.608E-004 +5.164E-004 +5.764E-004 +6.414E-004 +7.119E-004 +7.885E-004 +8.717E-004 +9.624E-004 +1.061E-003 +1.169E-003 +1.287E-003 +1.415E-003 +1.555E-003 +1.707E-003 +1.874E-003 +2.055E-003 +2.253E-003 +2.468E-003 +2.703E-003 +2.957E-003 +3.234E-003 +3.534E-003 +3.859E-003 +4.212E-003 +4.592E-003 +5.004E-003 +5.448E-003 +5.929E-003 +6.387E-003 
-0.00796250 -6.034E-003 -5.644E-003 -5.229E-003 -4.837E-003 -4.467E-003 -4.119E-003 -3.793E-003 -3.488E-003 -3.205E-003 -2.941E-003 -2.697E-003 -2.470E-003 -2.261E-003 -2.068E-003 -1.889E-003 -1.725E-003 -1.574E-003 -1.435E-003 -1.307E-003 -1.190E-003 -1.082E-003 -9.823E-004 -8.909E-004 -8.068E-004 -7.292E-004 -6.577E-004 -5.916E-004 -5.305E-004 -4.737E-004 -4.209E-004 -3.716E-004 -3.253E-004 -2.816E-004 -2.401E-004 -2.001E-004 -1.609E-004 -1.211E-004 -7.810E-005 -1.607E-005 +4.328E-006 +0.000E+000 -4.328E-006 +1.607E-005 +7.810E-005 +1.211E-004 +1.609E-004 +2.001E-004 +2.401E-004 +2.816E-004 +3.253E-004 +3.716E-004 +4.209E-004 +4.737E-004 +5.305E-004 +5.916E-004 +6.577E-004 +7.292E-004 +8.068E-004 +8.909E-004 +9.823E-004 +1.082E-003 +1.190E-003 +1.307E-003 +1.435E-003 +1.574E-003 +1.725E-003 +1.889E-003 +2.068E-003 +2.261E-003 +2.470E-003 +2.697E-003 +2.941E-003 +3.205E-003 +3.488E-003 +3.793E-003 +4.119E-003 +4.467E-003 +4.837E-003 +5.229E-003 +5.644E-003 +6.034E-003 
-0.00910000 -5.582E-003 -5.288E-003 -4.963E-003 -4.640E-003 -4.324E-003 -4.018E-003 -3.724E-003 -3.445E-003 -3.181E-003 -2.933E-003 -2.700E-003 -2.483E-003 -2.280E-003 -2.091E-003 -1.916E-003 -1.754E-003 -1.604E-003 -1.466E-003 -1.338E-003 -1.220E-003 -1.111E-003 -1.010E-003 -9.177E-004 -8.322E-004 -7.532E-004 -6.801E-004 -6.125E-004 -5.497E-004 -4.914E-004 -4.371E-004 -3.863E-004 -3.387E-004 -2.937E-004 -2.511E-004 -2.104E-004 -1.711E-004 -1.326E-004 -9.439E-005 -3.470E-005 +4.379E-004 +0.000E+000 -4.379E-004 +3.470E-005 +9.439E-005 +1.326E-004 +1.711E-004 +2.104E-004 +2.511E-004 +2.937E-004 +3.387E-004 +3.863E-004 +4.371E-004 +4.914E-004 +5.497E-004 +6.125E-004 +6.801E-004 +7.532E-004 +8.322E-004 +9.177E-004 +1.010E-003 +1.111E-003 +1.220E-003 +1.338E-003 +1.466E-003 +1.604E-003 +1.754E-003 +1.916E-003 +2.091E-003 +2.280E-003 +2.483E-003 +2.700E-003 +2.933E-003 +3.181E-003 +3.445E-003 +3.724E-003 +4.018E-003 +4.324E-003 +4.640E-003 +4.963E-003 +5.288E-003 +5.582E-003 
# Vertical KickTable in T2m2
START
            -0.03000000 -0.02925000 -0.02850000 -0.02775000 -0.02700000 -0.02625000 -0.02550000 -0.02475000 -0.02400000 -0.02325000 -0.02250000 -0.02175000 -0.02100000 -0.02025000 -0.01950000 -0.01875000 -0.01800000 -0.01725000 -0.01650000 -0.01575000 -0.01500000 -0.01425000 -0.01350000 -0.01275000 -0.01200000 -0.01125000 -0.01050000 -0.00975000 -0.00900000 -0.00825000 -0.00750000 -0.00675000 -0.00600000 -0.00525000 -0.00450000 -0.00375000 -0.00300000 -0.00225000 -0.00150000 -0.00075000 +0.00000000 +0.00075000 +0.00150000 +0.00225000 +0.00300000 +0.00375000 +0.00450000 +0.00525000 +0.00600000 +0.00675000 +0.00750000 +0.00825000 +0.00900000 +0.00975000 +0.01050000 +0.01125000 +0.01200000 +0.01275000 +0.01350000 +0.01425000 +0.01500000 +0.01575000 +0.01650000 +0.01725000 +0.01800000 +0.01875000 +0.01950000 +0.02025000 +0.02100000 +0.02175000 +0.02250000 +0.02325000 +0.02400000 +0.02475000 +0.02550000 +0.02625000 +0.02700000 +0.02775000 +0.02850000 +0.02925000 +0.03000000 
+0.00910000 -7.815E-002 -7.785E-002 -7.763E-002 -7.747E-002 -7.736E-002 -7.727E-002 -7.722E-002 -7.718E-002 -7.716E-002 -7.715E-002 -7.715E-002 -7.716E-002 -7.718E-002 -7.719E-002 -7.721E-002 -7.723E-002 -7.726E-002 -7.728E-002 -7.730E-002 -7.733E-002 -7.735E-002 -7.737E-002 -7.739E-002 -7.741E-002 -7.743E-002 -7.744E-002 -7.746E-002 -7.747E-002 -7.749E-002 -7.750E-002 -7.751E-002 -7.752E-002 -7.753E-002 -7.754E-002 -7.755E-002 -7.756E-002 -7.756E-002 -7.758E-002 -7.759E-002 -7.762E-002 -7.605E-002 -7.762E-002 -7.759E-002 -7.758E-002 -7.756E-002 -7.756E-002 -7.755E-002 -7.754E-002 -7.753E-002 -7.752E-002 -7.751E-002 -7.750E-002 -7.749E-002 -7.747E-002 -7.746E-002 -7.744E-002 -7.743E-002 -7.741E-002 -7.739E-002 -7.737E-002 -7.735E-002 -7.733E-002 -7.730E-002 -7.728E-002 -7.726E-002 -7.723E-002 -7.721E-002 -7.719E-002 -7.718E-002 -7.716E-002 -7.715E-002 -7.715E-002 -7.716E-002 -7.718E-002 -7.722E-002 -7.727E-002 -7.736E-002 -7.747E-002 -7.763E-002 -7.785E-002 -7.815E-002 
+0.00796250 -5.678E-002 -5.654E-002 -5.635E-002 -5.621E-002 -5.611E-002 -5.603E-002 -5.597E-002 -5.594E-002 -5.591E-002 -5.590E-002 -5.589E-002 -5.589E-002 -5.590E-002 -5.591E-002 -5.592E-002 -5.593E-002 -5.595E-002 -5.596E-002 -5.598E-002 -5.600E-002 -5.601E-002 -5.603E-002 -5.604E-002 -5.606E-002 -5.607E-002 -5.608E-002 -5.609E-002 -5.611E-002 -5.612E-002 -5.613E-002 -5.613E-002 -5.614E-002 -5.615E-002 -5.616E-002 -5.616E-002 -5.617E-002 -5.617E-002 -5.617E-002 -5.617E-002 -5.616E-002 -5.576E-002 -5.616E-002 -5.617E-002 -5.617E-002 -5.617E-002 -5.617E-002 -5.616E-002 -5.616E-002 -5.615E-002 -5.614E-002 -5.613E-002 -5.613E-002 -5.612E-002 -5.611E-002 -5.609E-002 -5.608E-002 -5.607E-002 -5.606E-002 -5.604E-002 -5.603E-002 -5.601E-002 -5.600E-002 -5.598E-002 -5.596E-002 -5.595E-002 -5.593E-002 -5.592E-002 -5.591E-002 -5.590E-002 -5.589E-002 -5.589E-002 -5.590E-002 -5.591E-002 -5.594E-002 -5.597E-002 -5.603E-002 -5.611E-002 -5.621E-002 -5.635E-002 -5.654E-002 -5.678E-002 
+0.00682500 -4.101E-002 -4.085E-002 -4.072E-002 -4.063E-002 -4.055E-002 -4.050E-002 -4.046E-002 -4.044E-002 -4.042E-002 -4.041E-002 -4.041E-002 -4.041E-002 -4.042E-002 -4.043E-002 -4.044E-002 -4.045E-002 -4.047E-002 -4.048E-002 -4.050E-002 -4.051E-002 -4.052E-002 -4.054E-002 -4.055E-002 -4.056E-002 -4.057E-002 -4.059E-002 -4.060E-002 -4.060E-002 -4.061E-002 -4.062E-002 -4.063E-002 -4.064E-002 -4.064E-002 -4.065E-002 -4.065E-002 -4.065E-002 -4.065E-002 -4.065E-002 -4.065E-002 -4.064E-002 -4.066E-002 -4.064E-002 -4.065E-002 -4.065E-002 -4.065E-002 -4.065E-002 -4.065E-002 -4.065E-002 -4.064E-002 -4.064E-002 -4.063E-002 -4.062E-002 -4.061E-002 -4.060E-002 -4.060E-002 -4.059E-002 -4.057E-002 -4.056E-002 -4.055E-002 -4.054E-002 -4.052E-002 -4.051E-002 -4.050E-002 -4.048E-002 -4.047E-002 -4.045E-002 -4.044E-002 -4.043E-002 -4.042E-002 -4.041E-002 -4.041E-002 -4.041E-002 -4.042E-002 -4.044E-002 -4.046E-002 -4.050E-002 -4.055E-002 -4.063E-002 -4.072E-002 -4.085E-002 -4.101E-002 
+0.00568750 -3.085E-002 -3.078E-002 -3.072E-002 -3.067E-002 -3.064E-002 -3.062E-002 -3.060E-002 -3.059E-002 -3.059E-002 -3.060E-002 -3.060E-002 -3.061E-002 -3.062E-002 -3.064E-002 -3.065E-002 -3.066E-002 -3.068E-002 -3.069E-002 -3.071E-002 -3.072E-002 -3.074E-002 -3.075E-002 -3.076E-002 -3.077E-002 -3.079E-002 -3.080E-002 -3.080E-002 -3.081E-002 -3.082E-002 -3.083E-002 -3.084E-002 -3.084E-002 -3.085E-002 -3.085E-002 -3.085E-002 -3.086E-002 -3.086E-002 -3.086E-002 -3.086E-002 -3.085E-002 -3.085E-002 -3.085E-002 -3.086E-002 -3.086E-002 -3.086E-002 -3.086E-002 -3.085E-002 -3.085E-002 -3.085E-002 -3.084E-002 -3.084E-002 -3.083E-002 -3.082E-002 -3.081E-002 -3.080E-002 -3.080E-002 -3.079E-002 -3.077E-002 -3.076E-002 -3.075E-002 -3.074E-002 -3.072E-002 -3.071E-002 -3.069E-002 -3.068E-002 -3.066E-002 -3.065E-002 -3.064E-002 -3.062E-002 -3.061E-002 -3.060E-002 -3.060E-002 -3.059E-002 -3.059E-002 -3.060E-002 -3.062E-002 -3.064E-002 -3.067E-002 -3.072E-002 -3.078E-002 -3.085E-002 
+0.00455000 -2.247E-002 -2.245E-002 -2.244E-002 -2.243E-002 -2.242E-002 -2.242E-002 -2.242E-002 -2.242E-002 -2.243E-002 -2.244E-002 -2.245E-002 -2.246E-002 -2.248E-002 -2.249E-002 -2.250E-002 -2.252E-002 -2.253E-002 -2.255E-002 -2.256E-002 -2.257E-002 -2.258E-002 -2.260E-002 -2.261E-002 -2.262E-002 -2.263E-002 -2.264E-002 -2.264E-002 -2.265E-002 -2.266E-002 -2.266E-002 -2.267E-002 -2.268E-002 -2.268E-002 -2.268E-002 -2.269E-002 -2.269E-002 -2.269E-002 -2.269E-002 -2.269E-002 -2.269E-002 -2.269E-002 -2.269E-002 -2.269E-002 -2.269E-002 -2.269E-002 -2.269E-002 -2.269E-002 -2.268E-002 -2.268E-002 -2.268E-002 -2.267E-002 -2.266E-002 -2.266E-002 -2.265E-002 -2.264E-002 -2.264E-002 -2.263E-002 -2.262E-002 -2.261E-002 -2.260E-002 -2.258E-002 -2.257E-002 -2.256E-002 -2.255E-002 -2.253E-002 -2.252E-002 -2.250E-002 -2.249E-002 -2.248E-002 -2.246E-002 -2.245E-002 -2.244E-002 -2.243E-002 -2.242E-002 -2.242E-002 -2.242E-002 -2.242E-002 -2.243E-002 -2.244E-002 -2.245E-002 -2.247E-002 
+0.00341250 -1.556E-002 -1.557E-002 -1.558E-002 -1.559E-002 -1.560E-002 -1.561E-002 -1.561E-002 -1.562E-002 -1.563E-002 -1.564E-002 -1.565E-002 -1.567E-002 -1.568E-002 -1.569E-002 -1.570E-002 -1.572E-002 -1.573E-002 -1.574E-002 -1.575E-002 -1.576E-002 -1.577E-002 -1.578E-002 -1.579E-002 -1.580E-002 -1.580E-002 -1.581E-002 -1.582E-002 -1.582E-002 -1.583E-002 -1.583E-002 -1.584E-002 -1.584E-002 -1.585E-002 -1.585E-002 -1.585E-002 -1.585E-002 -1.585E-002 -1.586E-002 -1.586E-002 -1.586E-002 -1.586E-002 -1.586E-002 -1.586E-002 -1.586E-002 -1.585E-002 -1.585E-002 -1.585E-002 -1.585E-002 -1.585E-002 -1.584E-002 -1.584E-002 -1.583E-002 -1.583E-002 -1.582E-002 -1.582E-002 -1.581E-002 -1.580E-002 -1.580E-002 -1.579E-002 -1.578E-002 -1.577E-002 -1.576E-002 -1.575E-002 -1.574E-002 -1.573E-002 -1.572E-002 -1.570E-002 -1.569E-002 -1.568E-002 -1.567E-002 -1.565E-002 -1.564E-002 -1.563E-002 -1.562E-002 -1.561E-002 -1.561E-002 -1.560E-002 -1.559E-002 -1.558E-002 -1.557E-002 -1.556E-002 
+0.00227500 -9.674E-003 -9.698E-003 -9.716E-003 -9.729E-003 -9.740E-003 -9.749E-003 -9.758E-003 -9.767E-003 -9.776E-003 -9.785E-003 -9.794E-003 -9.803E-003 -9.812E-003 -9.822E-003 -9.831E-003 -9.839E-003 -9.848E-003 -9.856E-003 -9.864E-003 -9.871E-003 -9.878E-003 -9.884E-003 -9.891E-003 -9.896E-003 -9.902E-003 -9.906E-003 -9.911E-003 -9.915E-003 -9.919E-003 -9.922E-003 -9.925E-003 -9.928E-003 -9.930E-003 -9.932E-003 -9.933E-003 -9.935E-003 -9.936E-003 -9.936E-003 -9.937E-003 -9.937E-003 -9.937E-003 -9.937E-003 -9.937E-003 -9.936E-003 -9.936E-003 -9.935E-003 -9.933E-003 -9.932E-003 -9.930E-003 -9.928E-003 -9.925E-003 -9.922E-003 -9.919E-003 -9.915E-003 -9.911E-003 -9.906E-003 -9.902E-003 -9.896E-003 -9.891E-003 -9.884E-003 -9.878E-003 -9.871E-003 -9.864E-003 -9.856E-003 -9.848E-003 -9.839E-003 -9.831E-003 -9.822E-003 -9.812E-003 -9.803E-003 -9.794E-003 -9.785E-003 -9.776E-003 -9.767E-003 -9.758E-003 -9.749E-003 -9.740E-003 -9.729E-003 -9.716E-003 -9.698E-003 -9.674E-003 
+0.00113750 -4.085E-003 -4.099E-003 -4.110E-003 -4.117E-003 -4.124E-003 -4.129E-003 -4.134E-003 -4.139E-003 -4.143E-003 -4.148E-003 -4.152E-003 -4.157E-003 -4.161E-003 -4.165E-003 -4.169E-003 -4.173E-003 -4.177E-003 -4.181E-003 -4.184E-003 -4.188E-003 -4.191E-003 -4.194E-003 -4.196E-003 -4.199E-003 -4.201E-003 -4.204E-003 -4.206E-003 -4.207E-003 -4.209E-003 -4.211E-003 -4.212E-003 -4.213E-003 -4.214E-003 -4.215E-003 -4.216E-003 -4.216E-003 -4.217E-003 -4.217E-003 -4.217E-003 -4.217E-003 -4.217E-003 -4.217E-003 -4.217E-003 -4.217E-003 -4.217E-003 -4.216E-003 -4.216E-003 -4.215E-003 -4.214E-003 -4.213E-003 -4.212E-003 -4.211E-003 -4.209E-003 -4.207E-003 -4.206E-003 -4.204E-003 -4.201E-003 -4.199E-003 -4.196E-003 -4.194E-003 -4.191E-003 -4.188E-003 -4.184E-003 -4.181E-003 -4.177E-003 -4.173E-003 -4.169E-003 -4.165E-003 -4.161E-003 -4.157E-003 -4.152E-003 -4.148E-003 -4.143E-003 -4.139E-003 -4.134E-003 -4.129E-003 -4.124E-003 -4.117E-003 -4.110E-003 -4.099E-003 -4.085E-003 
+0.00000000 +0.000E+000 +0.000E+000 +0.000E+000 +0.000E+000 +0.000E+000 +0.000E+000 +0.000E+000 +0.000E+000 +0.000E+000 +0.000E+000 +0.000E+000 +0.000E+000 +0.000E+000 +0.000E+000 +0.000E+000 +0.000E+000 +0.000E+000 -6.396E-017 +0.000E+000 +0.000E+000 +0.000E+000 +0.000E+000 +0.000E+000 +0.000E+000 +0.000E+000 +0.000E+000 +0.000E+000 +0.000E+000 +0.000E+000 +0.000E+000 +0.000E+000 +0.000E+000 +0.000E+000 +0.000E+000 +0.000E+000 +0.000E+000 +0.000E+000 +0.000E+000 +0.000E+000 +0.000E+000 +0.000E+000 +0.000E+000 +0.000E+000 +0.000E+000 +0.000E+000 +0.000E+000 +0.000E+000 +0.000E+000 +0.000E+000 +0.000E+000 +0.000E+000 +0.000E+000 +0.000E+000 +0.000E+000 +0.000E+000 +0.000E+000 +0.000E+000 +0.000E+000 +0.000E+000 +0.000E+000 +0.000E+000 +0.000E+000 +0.000E+000 -6.396E-017 +0.000E+000 +0.000E+000 +0.000E+000 +0.000E+000 +0.000E+000 +0.000E+000 +0.000E+000 +0.000E+000 +0.000E+000 +0.000E+000 +0.000E+000 +0.000E+000 +0.000E+000 +0.000E+000 +0.000E+000 +0.000E+000 +0.000E+000 
-0.00113750 +4.085E-003 +4.099E-003 +4.110E-003 +4.117E-003 +4.124E-003 +4.129E-003 +4.134E-003 +4.139E-003 +4.143E-003 +4.148E-003 +4.152E-003 +4.157E-003 +4.161E-003 +4.165E-003 +4.169E-003 +4.173E-003 +4.177E-003 +4.181E-003 +4.184E-003 +4.188E-003 +4.191E-003 +4.194E-003 +4.196E-003 +4.199E-003 +4.201E-003 +4.204E-003 +4.206E-003 +4.207E-003 +4.209E-003 +4.211E-003 +4.212E-003 +4.213E-003 +4.214E-003 +4.215E-003 +4.216E-003 +4.216E-003 +4.217E-003 +4.217E-003 +4.217E-003 +4.217E-003 +4.217E-003 +4.217E-003 +4.217E-003 +4.217E-003 +4.217E-003 +4.216E-003 +4.216E-003 +4.215E-003 +4.214E-003 +4.213E-003 +4.212E-003 +4.211E-003 +4.209E-003 +4.207E-003 +4.206E-003 +4.204E-003 +4.201E-003 +4.199E-003 +4.196E-003 +4.194E-003 +4.191E-003 +4.188E-003 +4.184E-003 +4.181E-003 +4.177E-003 +4.173E-003 +4.169E-003 +4.165E-003 +4.161E-003 +4.157E-003 +4.152E-003 +4.148E-003 +4.143E-003 +4.139E-003 +4.134E-003 +4.129E-003 +4.124E-003 +4.117E-003 +4.110E-003 +4.099E-003 +4.085E-003 
-0.00227500 +9.674E-003 +9.698E-003 +9.716E-003 +9.729E-003 +9.740E-003 +9.749E-003 +9.758E-003 +9.767E-003 +9.776E-003 +9.785E-003 +9.794E-003 +9.803E-003 +9.812E-003 +9.822E-003 +9.831E-003 +9.839E-003 +9.848E-003 +9.856E-003 +9.864E-003 +9.871E-003 +9.878E-003 +9.884E-003 +9.891E-003 +9.896E-003 +9.902E-003 +9.906E-003 +9.911E-003 +9.915E-003 +9.919E-003 +9.922E-003 +9.925E-003 +9.928E-003 +9.930E-003 +9.932E-003 +9.933E-003 +9.935E-003 +9.936E-003 +9.936E-003 +9.937E-003 +9.937E-003 +9.937E-003 +9.937E-003 +9.937E-003 +9.936E-003 +9.936E-003 +9.935E-003 +9.933E-003 +9.932E-003 +9.930E-003 +9.928E-003 +9.925E-003 +9.922E-003 +9.919E-003 +9.915E-003 +9.911E-003 +9.906E-003 +9.902E-003 +9.896E-003 +9.891E-003 +9.884E-003 +9.878E-003 +9.871E-003 +9.864E-003 +9.856E-003 +9.848E-003 +9.839E-003 +9.831E-003 +9.822E-003 +9.812E-003 +9.803E-003 +9.794E-003 +9.785E-003 +9.776E-003 +9.767E-003 +9.758E-003 +9.749E-003 +9.740E-003 +9.729E-003 +9.716E-003 +9.698E-003 +9.674E-003 
-0.00341250 +1.556E-002 +1.557E-002 +1.558E-002 +1.559E-002 +1.560E-002 +1.561E-002 +1.561E-002 +1.562E-002 +1.563E-002 +1.564E-002 +1.565E-002 +1.567E-002 +1.568E-002 +1.569E-002 +1.570E-002 +1.572E-002 +1.573E-002 +1.574E-002 +1.575E-002 +1.576E-002 +1.577E-002 +1.578E-002 +1.579E-002 +1.580E-002 +1.580E-002 +1.581E-002 +1.582E-002 +1.582E-002 +1.583E-002 +1.583E-002 +1.584E-002 +1.584E-002 +1.585E-002 +1.585E-002 +1.585E-002 +1.585E-002 +1.585E-002 +1.586E-002 +1.586E-002 +1.586E-002 +1.586E-002 +1.586E-002 +1.586E-002 +1.586E-002 +1.585E-002 +1.585E-002 +1.585E-002 +1.585E-002 +1.585E-002 +1.584E-002 +1.584E-002 +1.583E-002 +1.583E-002 +1.582E-002 +1.582E-002 +1.581E-002 +1.580E-002 +1.580E-002 +1.579E-002 +1.578E-002 +1.577E-002 +1.576E-002 +1.575E-002 +1.574E-002 +1.573E-002 +1.572E-002 +1.570E-002 +1.569E-002 +1.568E-002 +1.567E-002 +1.565E-002 +1.564E-002 +1.563E-002 +1.562E-002 +1.561E-002 +1.561E-002 +1.560E-002 +1.559E-002 +1.558E-002 +1.557E-002 +1.556E-002 
-0.00455000 +2.247E-002 +2.245E-002 +2.244E-002 +2.243E-002 +2.242E-002 +2.242E-002 +2.242E-002 +2.242E-002 +2.243E-002 +2.244E-002 +2.245E-002 +2.246E-002 +2.248E-002 +2.249E-002 +2.250E-002 +2.252E-002 +2.253E-002 +2.255E-002 +2.256E-002 +2.257E-002 +2.258E-002 +2.260E-002 +2.261E-002 +2.262E-002 +2.263E-002 +2.264E-002 +2.264E-002 +2.265E-002 +2.266E-002 +2.266E-002 +2.267E-002 +2.268E-002 +2.268E-002 +2.268E-002 +2.269E-002 +2.269E-002 +2.269E-002 +2.269E-002 +2.269E-002 +2.269E-002 +2.269E-002 +2.269E-002 +2.269E-002 +2.269E-002 +2.269E-002 +2.269E-002 +2.269E-002 +2.268E-002 +2.268E-002 +2.268E-002 +2.267E-002 +2.266E-002 +2.266E-002 +2.265E-002 +2.264E-002 +2.264E-002 +2.263E-002 +2.262E-002 +2.261E-002 +2.260E-002 +2.258E-002 +2.257E-002 +2.256E-002 +2.255E-002 +2.253E-002 +2.252E-002 +2.250E-002 +2.249E-002 +2.248E-002 +2.246E-002 +2.245E-002 +2.244E-002 +2.243E-002 +2.242E-002 +2.242E-002 +2.242E-002 +2.242E-002 +2.243E-002 +2.244E-002 +2.245E-002 +2.247E-002 
-0.00568750 +3.085E-002 +3.078E-002 +3.072E-002 +3.067E-002 +3.064E-002 +3.062E-002 +3.060E-002 +3.059E-002 +3.059E-002 +3.060E-002 +3.060E-002 +3.061E-002 +3.062E-002 +3.064E-002 +3.065E-002 +3.066E-002 +3.068E-002 +3.069E-002 +3.071E-002 +3.072E-002 +3.074E-002 +3.075E-002 +3.076E-002 +3.077E-002 +3.079E-002 +3.080E-002 +3.080E-002 +3.081E-002 +3.082E-002 +3.083E-002 +3.084E-002 +3.084E-002 +3.085E-002 +3.085E-002 +3.085E-002 +3.086E-002 +3.086E-002 +3.086E-002 +3.086E-002 +3.085E-002 +3.085E-002 +3.085E-002 +3.086E-002 +3.086E-002 +3.086E-002 +3.086E-002 +3.085E-002 +3.085E-002 +3.085E-002 +3.084E-002 +3.084E-002 +3.083E-002 +3.082E-002 +3.081E-002 +3.080E-002 +3.080E-002 +3.079E-002 +3.077E-002 +3.076E-002 +3.075E-002 +3.074E-002 +3.072E-002 +3.071E-002 +3.069E-002 +3.068E-002 +3.066E-002 +3.065E-002 +3.064E-002 +3.062E-002 +3.061E-002 +3.060E-002 +3.060E-002 +3.059E-002 +3.059E-002 +3.060E-002 +3.062E-002 +3.064E-002 +3.067E-002 +3.072E-002 +3.078E-002 +3.085E-002 
-0.00682500 +4.101E-002 +4.085E-002 +4.072E-002 +4.063E-002 +4.055E-002 +4.050E-002 +4.046E-002 +4.044E-002 +4.042E-002 +4.041E-002 +4.041E-002 +4.041E-002 +4.042E-002 +4.043E-002 +4.044E-002 +4.045E-002 +4.047E-002 +4.048E-002 +4.050E-002 +4.051E-002 +4.052E-002 +4.054E-002 +4.055E-002 +4.056E-002 +4.057E-002 +4.059E-002 +4.060E-002 +4.060E-002 +4.061E-002 +4.062E-002 +4.063E-002 +4.064E-002 +4.064E-002 +4.065E-002 +4.065E-002 +4.065E-002 +4.065E-002 +4.065E-002 +4.065E-002 +4.064E-002 +4.066E-002 +4.064E-002 +4.065E-002 +4.065E-002 +4.065E-002 +4.065E-002 +4.065E-002 +4.065E-002 +4.064E-002 +4.064E-002 +4.063E-002 +4.062E-002 +4.061E-002 +4.060E-002 +4.060E-002 +4.059E-002 +4.057E-002 +4.056E-002 +4.055E-002 +4.054E-002 +4.052E-002 +4.051E-002 +4.050E-002 +4.048E-002 +4.047E-002 +4.045E-002 +4.044E-002 +4.043E-002 +4.042E-002 +4.041E-002 +4.041E-002 +4.041E-002 +4.042E-002 +4.044E-002 +4.046E-002 +4.050E-002 +4.055E-002 +4.063E-002 +4.072E-002 +4.085E-002 +4.101E-002 
-0.00796250 +5.678E-002 +5.654E-002 +5.635E-002 +5.621E-002 +5.611E-002 +5.603E-002 +5.597E-002 +5.594E-002 +5.591E-002 +5.590E-002 +5.589E-002 +5.589E-002 +5.590E-002 +5.591E-002 +5.592E-002 +5.593E-002 +5.595E-002 +5.596E-002 +5.598E-002 +5.600E-002 +5.601E-002 +5.603E-002 +5.604E-002 +5.606E-002 +5.607E-002 +5.608E-002 +5.609E-002 +5.611E-002 +5.612E-002 +5.613E-002 +5.613E-002 +5.614E-002 +5.615E-002 +5.616E-002 +5.616E-002 +5.617E-002 +5.617E-002 +5.617E-002 +5.617E-002 +5.616E-002 +5.576E-002 +5.616E-002 +5.617E-002 +5.617E-002 +5.617E-002 +5.617E-002 +5.616E-002 +5.616E-002 +5.615E-002 +5.614E-002 +5.613E-002 +5.613E-002 +5.612E-002 +5.611E-002 +5.609E-002 +5.608E-002 +5.607E-002 +5.606E-002 +5.604E-002 +5.603E-002 +5.601E-002 +5.600E-002 +5.598E-002 +5.596E-002 +5.595E-002 +5.593E-002 +5.592E-002 +5.591E-002 +5.590E-002 +5.589E-002 +5.589E-002 +5.590E-002 +5.591E-002 +5.594E-002 +5.597E-002 +5.603E-002 +5.611E-002 +5.621E-002 +5.635E-002 +5.654E-002 +5.678E-002 
-0.00910000 +7.815E-002 +7.785E-002 +7.763E-002 +7.747E-002 +7.736E-002 +7.727E-002 +7.722E-002 +7.718E-002 +7.716E-002 +7.715E-002 +7.715E-002 +7.716E-002 +7.718E-002 +7.719E-002 +7.721E-002 +7.723E-002 +7.726E-002 +7.728E-002 +7.730E-002 +7.733E-002 +7.735E-002 +7.737E-002 +7.739E-002 +7.741E-002 +7.743E-002 +7.744E-002 +7.746E-002 +7.747E-002 +7.749E-002 +7.750E-002 +7.751E-002 +7.752E-002 +7.753E-002 +7.754E-002 +7.755E-002 +7.756E-002 +7.756E-002 +7.758E-002 +7.759E-002 +7.762E-002 +7.605E-002 +7.762E-002 +7.759E-002 +7.758E-002 +7.756E-002 +7.756E-002 +7.755E-002 +7.754E-002 +7.753E-002 +7.752E-002 +7.751E-002 +7.750E-002 +7.749E-002 +7.747E-002 +7.746E-002 +7.744E-002 +7.743E-002 +7.741E-002 +7.739E-002 +7.737E-002 +7.735E-002 +7.733E-002 +7.730E-002 +7.728E-002 +7.726E-002 +7.723E-002 +7.721E-002 +7.719E-002 +7.718E-002 +7.716E-002 +7.715E-002 +7.715E-002 +7.716E-002 +7.718E-002 +7.722E-002 +7.727E-002 +7.736E-002 +7.747E-002 +7.763E-002 +7.785E-002 +7.815E-002 
