# Author : Radia User
# 
# Total Length of Longitudinal Interval [m]
2
# Number of Horizontal Points
27
# Number of Vertical Points
17
# Total Horizontal 2nd Order Kick [T2m2]
START
                -1.30000e-02  -1.20000e-02  -1.10000e-02  -1.00000e-02  -9.00000e-03  -8.00000e-03  -7.00000e-03  -6.00000e-03  -5.00000e-03  -4.00000e-03  -3.00000e-03  -2.00000e-03  -1.00000e-03   0.00000e+00   1.00000e-03   2.00000e-03   3.00000e-03   4.00000e-03   5.00000e-03   6.00000e-03   7.00000e-03   8.00000e-03   9.00000e-03   1.00000e-02   1.10000e-02   1.20000e-02   1.30000e-02
   3.60000e-03  -1.45333e-04  -1.37069e-04  -1.20735e-04  -1.04965e-04  -9.00567e-05  -7.61702e-05  -6.33207e-05  -5.14491e-05  -4.04873e-05  -3.04117e-05  -2.12806e-05  -1.32139e-05  -6.23425e-06   0.00000e+00   6.23425e-06   1.32139e-05   2.12806e-05   3.04117e-05   4.04873e-05   5.14491e-05   6.33207e-05   7.61702e-05   9.00567e-05   1.04965e-04   1.20735e-04   1.37069e-04   1.45333e-04
   3.15000e-03  -1.46717e-04  -1.37998e-04  -1.21043e-04  -1.05077e-04  -9.01664e-05  -7.63545e-05  -6.36144e-05  -5.18756e-05  -4.10647e-05  -3.11395e-05  -2.21061e-05  -1.39896e-05  -6.72301e-06   0.00000e+00   6.72301e-06   1.39896e-05   2.21061e-05   3.11395e-05   4.10647e-05   5.18756e-05   6.36144e-05   7.63545e-05   9.01664e-05   1.05077e-04   1.21043e-04   1.37998e-04   1.46717e-04
   2.70000e-03  -1.48017e-04  -1.38912e-04  -1.21402e-04  -1.05220e-04  -9.02714e-05  -7.65045e-05  -6.38490e-05  -5.22167e-05  -4.15230e-05  -3.17055e-05  -2.27287e-05  -1.45550e-05  -7.06954e-06   0.00000e+00   7.06954e-06   1.45550e-05   2.27287e-05   3.17055e-05   4.15230e-05   5.22167e-05   6.38490e-05   7.65045e-05   9.02714e-05   1.05220e-04   1.21402e-04   1.38912e-04   1.48017e-04
   2.25000e-03  -1.49153e-04  -1.39735e-04  -1.21759e-04  -1.05371e-04  -9.03683e-05  -7.66255e-05  -6.40331e-05  -5.24838e-05  -4.18793e-05  -3.21382e-05  -2.31930e-05  -1.49654e-05  -7.31589e-06   0.00000e+00   7.31589e-06   1.49654e-05   2.31930e-05   3.21382e-05   4.18793e-05   5.24838e-05   6.40331e-05   7.66255e-05   9.03683e-05   1.05371e-04   1.21759e-04   1.39735e-04   1.49153e-04
   1.80000e-03  -1.50087e-04  -1.40427e-04  -1.22081e-04  -1.05514e-04  -9.04532e-05  -7.67208e-05  -6.41741e-05  -5.26874e-05  -4.21490e-05  -3.24612e-05  -2.35329e-05  -1.52597e-05  -7.48981e-06   0.00000e+00   7.48981e-06   1.52597e-05   2.35329e-05   3.24612e-05   4.21490e-05   5.26874e-05   6.41741e-05   7.67208e-05   9.04532e-05   1.05514e-04   1.22081e-04   1.40427e-04   1.50087e-04
   1.35000e-03  -1.50807e-04  -1.40969e-04  -1.22345e-04  -1.05634e-04  -9.05227e-05  -7.67929e-05  -6.42777e-05  -5.28363e-05  -4.23451e-05  -3.26934e-05  -2.37738e-05  -1.54651e-05  -7.60977e-06   0.00000e+00   7.60977e-06   1.54651e-05   2.37738e-05   3.26934e-05   4.23451e-05   5.28363e-05   6.42777e-05   7.67929e-05   9.05227e-05   1.05634e-04   1.22345e-04   1.40969e-04   1.50807e-04
   9.00000e-04  -1.51314e-04  -1.41356e-04  -1.22540e-04  -1.05726e-04  -9.05740e-05  -7.68433e-05  -6.43486e-05  -5.29375e-05  -4.24779e-05  -3.28494e-05  -2.39338e-05  -1.56001e-05  -7.68794e-06   0.00000e+00   7.68794e-06   1.56001e-05   2.39338e-05   3.28494e-05   4.24779e-05   5.29375e-05   6.43486e-05   7.68433e-05   9.05740e-05   1.05726e-04   1.22540e-04   1.41356e-04   1.51314e-04
   4.50000e-04  -1.51615e-04  -1.41586e-04  -1.22658e-04  -1.05782e-04  -9.06055e-05  -7.68732e-05  -6.43899e-05  -5.29963e-05  -4.25546e-05  -3.29391e-05  -2.40252e-05  -1.56766e-05  -7.73202e-06   0.00000e+00   7.73202e-06   1.56766e-05   2.40252e-05   3.29391e-05   4.25546e-05   5.29963e-05   6.43899e-05   7.68732e-05   9.06055e-05   1.05782e-04   1.22658e-04   1.41586e-04   1.51615e-04
   0.00000e+00  -1.51715e-04  -1.41663e-04  -1.22698e-04  -1.05801e-04  -9.06163e-05  -7.68832e-05  -6.44035e-05  -5.30155e-05  -4.25797e-05  -3.29683e-05  -2.40549e-05  -1.57014e-05  -7.74625e-06   0.00000e+00   7.74625e-06   1.57014e-05   2.40549e-05   3.29683e-05   4.25797e-05   5.30155e-05   6.44035e-05   7.68832e-05   9.06163e-05   1.05801e-04   1.22698e-04   1.41663e-04   1.51715e-04
  -4.50000e-04  -1.51615e-04  -1.41587e-04  -1.22659e-04  -1.05783e-04  -9.06059e-05  -7.68735e-05  -6.43902e-05  -5.29964e-05  -4.25547e-05  -3.29391e-05  -2.40252e-05  -1.56766e-05  -7.73200e-06   0.00000e+00   7.73200e-06   1.56766e-05   2.40252e-05   3.29391e-05   4.25547e-05   5.29964e-05   6.43902e-05   7.68735e-05   9.06059e-05   1.05783e-04   1.22659e-04   1.41587e-04   1.51615e-04
  -9.00000e-04  -1.51315e-04  -1.41357e-04  -1.22541e-04  -1.05727e-04  -9.05748e-05  -7.68440e-05  -6.43491e-05  -5.29379e-05  -4.24781e-05  -3.28495e-05  -2.39338e-05  -1.56001e-05  -7.68791e-06   0.00000e+00   7.68791e-06   1.56001e-05   2.39338e-05   3.28495e-05   4.24781e-05   5.29379e-05   6.43491e-05   7.68440e-05   9.05748e-05   1.05727e-04   1.22541e-04   1.41357e-04   1.51315e-04
  -1.35000e-03  -1.50808e-04  -1.40971e-04  -1.22347e-04  -1.05636e-04  -9.05240e-05  -7.67940e-05  -6.42785e-05  -5.28368e-05  -4.23455e-05  -3.26936e-05  -2.37738e-05  -1.54651e-05  -7.60971e-06   0.00000e+00   7.60971e-06   1.54651e-05   2.37738e-05   3.26936e-05   4.23455e-05   5.28368e-05   6.42785e-05   7.67940e-05   9.05240e-05   1.05636e-04   1.22347e-04   1.40971e-04   1.50808e-04
  -1.80000e-03  -1.50089e-04  -1.40429e-04  -1.22083e-04  -1.05516e-04  -9.04550e-05  -7.67223e-05  -6.41752e-05  -5.26881e-05  -4.21495e-05  -3.24613e-05  -2.35329e-05  -1.52596e-05  -7.48972e-06   0.00000e+00   7.48972e-06   1.52596e-05   2.35329e-05   3.24613e-05   4.21495e-05   5.26881e-05   6.41752e-05   7.67223e-05   9.04550e-05   1.05516e-04   1.22083e-04   1.40429e-04   1.50089e-04
  -2.25000e-03  -1.49156e-04  -1.39738e-04  -1.21762e-04  -1.05374e-04  -9.03706e-05  -7.66274e-05  -6.40345e-05  -5.24847e-05  -4.18798e-05  -3.21383e-05  -2.31929e-05  -1.49651e-05  -7.31574e-06   0.00000e+00   7.31574e-06   1.49651e-05   2.31929e-05   3.21383e-05   4.18798e-05   5.24847e-05   6.40345e-05   7.66274e-05   9.03706e-05   1.05374e-04   1.21762e-04   1.39738e-04   1.49156e-04
  -2.70000e-03  -1.48021e-04  -1.38916e-04  -1.21406e-04  -1.05223e-04  -9.02743e-05  -7.65069e-05  -6.38507e-05  -5.22178e-05  -4.15236e-05  -3.17056e-05  -2.27285e-05  -1.45546e-05  -7.06930e-06   0.00000e+00   7.06930e-06   1.45546e-05   2.27285e-05   3.17056e-05   4.15236e-05   5.22178e-05   6.38507e-05   7.65069e-05   9.02743e-05   1.05223e-04   1.21406e-04   1.38916e-04   1.48021e-04
  -3.15000e-03  -1.46721e-04  -1.38003e-04  -1.21048e-04  -1.05081e-04  -9.01699e-05  -7.63573e-05  -6.36164e-05  -5.18769e-05  -4.10653e-05  -3.11395e-05  -2.21057e-05  -1.39891e-05  -6.72265e-06   0.00000e+00   6.72265e-06   1.39891e-05   2.21057e-05   3.11395e-05   4.10653e-05   5.18769e-05   6.36164e-05   7.63573e-05   9.01699e-05   1.05081e-04   1.21048e-04   1.38003e-04   1.46721e-04
  -3.60000e-03  -1.45338e-04  -1.37074e-04  -1.20741e-04  -1.04970e-04  -9.00609e-05  -7.61735e-05  -6.33231e-05  -5.14506e-05  -4.04879e-05  -3.04116e-05  -2.12800e-05  -1.32131e-05  -6.23371e-06   0.00000e+00   6.23371e-06   1.32131e-05   2.12800e-05   3.04116e-05   4.04879e-05   5.14506e-05   6.33231e-05   7.61735e-05   9.00609e-05   1.04970e-04   1.20741e-04   1.37074e-04   1.45338e-04
# Total Vertical 2nd Order Kick [T2m2]
START
                -1.30000e-02  -1.20000e-02  -1.10000e-02  -1.00000e-02  -9.00000e-03  -8.00000e-03  -7.00000e-03  -6.00000e-03  -5.00000e-03  -4.00000e-03  -3.00000e-03  -2.00000e-03  -1.00000e-03   0.00000e+00   1.00000e-03   2.00000e-03   3.00000e-03   4.00000e-03   5.00000e-03   6.00000e-03   7.00000e-03   8.00000e-03   9.00000e-03   1.00000e-02   1.10000e-02   1.20000e-02   1.30000e-02
   3.60000e-03  -1.91436e-03  -1.91129e-03  -1.91023e-03  -1.90992e-03  -1.90973e-03  -1.90943e-03  -1.90891e-03  -1.90813e-03  -1.90702e-03  -1.90556e-03  -1.90378e-03  -1.90189e-03  -1.90034e-03  -1.89972e-03  -1.90034e-03  -1.90189e-03  -1.90378e-03  -1.90556e-03  -1.90702e-03  -1.90813e-03  -1.90891e-03  -1.90943e-03  -1.90973e-03  -1.90992e-03  -1.91023e-03  -1.91129e-03  -1.91436e-03
   3.15000e-03  -1.76901e-03  -1.76602e-03  -1.76491e-03  -1.76454e-03  -1.76434e-03  -1.76407e-03  -1.76360e-03  -1.76289e-03  -1.76190e-03  -1.76059e-03  -1.75902e-03  -1.75737e-03  -1.75604e-03  -1.75552e-03  -1.75604e-03  -1.75737e-03  -1.75902e-03  -1.76059e-03  -1.76190e-03  -1.76289e-03  -1.76360e-03  -1.76407e-03  -1.76434e-03  -1.76454e-03  -1.76491e-03  -1.76602e-03  -1.76901e-03
   2.70000e-03  -1.48600e-03  -1.48329e-03  -1.48214e-03  -1.48170e-03  -1.48149e-03  -1.48125e-03  -1.48088e-03  -1.48032e-03  -1.47953e-03  -1.47851e-03  -1.47731e-03  -1.47610e-03  -1.47515e-03  -1.47478e-03  -1.47515e-03  -1.47610e-03  -1.47731e-03  -1.47851e-03  -1.47953e-03  -1.48032e-03  -1.48088e-03  -1.48125e-03  -1.48149e-03  -1.48170e-03  -1.48214e-03  -1.48329e-03  -1.48600e-03
   2.25000e-03  -1.21714e-03  -1.21484e-03  -1.21377e-03  -1.21333e-03  -1.21312e-03  -1.21292e-03  -1.21264e-03  -1.21220e-03  -1.21159e-03  -1.21081e-03  -1.20991e-03  -1.20902e-03  -1.20835e-03  -1.20809e-03  -1.20835e-03  -1.20902e-03  -1.20991e-03  -1.21081e-03  -1.21159e-03  -1.21220e-03  -1.21264e-03  -1.21292e-03  -1.21312e-03  -1.21333e-03  -1.21377e-03  -1.21484e-03  -1.21714e-03
   1.80000e-03  -9.59923e-04  -9.58085e-04  -9.57180e-04  -9.56783e-04  -9.56596e-04  -9.56440e-04  -9.56224e-04  -9.55897e-04  -9.55440e-04  -9.54862e-04  -9.54206e-04  -9.53571e-04  -9.53096e-04  -9.52918e-04  -9.53096e-04  -9.53571e-04  -9.54206e-04  -9.54862e-04  -9.55440e-04  -9.55897e-04  -9.56224e-04  -9.56440e-04  -9.56596e-04  -9.56783e-04  -9.57180e-04  -9.58085e-04  -9.59923e-04
   1.35000e-03  -7.11941e-04  -7.10577e-04  -7.09878e-04  -7.09558e-04  -7.09407e-04  -7.09290e-04  -7.09135e-04  -7.08902e-04  -7.08579e-04  -7.08171e-04  -7.07716e-04  -7.07281e-04  -7.06960e-04  -7.06840e-04  -7.06960e-04  -7.07281e-04  -7.07716e-04  -7.08171e-04  -7.08579e-04  -7.08902e-04  -7.09135e-04  -7.09290e-04  -7.09407e-04  -7.09558e-04  -7.09878e-04  -7.10577e-04  -7.11941e-04
   9.00000e-04  -4.70834e-04  -4.69937e-04  -4.69463e-04  -4.69241e-04  -4.69135e-04  -4.69057e-04  -4.68957e-04  -4.68808e-04  -4.68601e-04  -4.68342e-04  -4.68055e-04  -4.67784e-04  -4.67585e-04  -4.67512e-04  -4.67585e-04  -4.67784e-04  -4.68055e-04  -4.68342e-04  -4.68601e-04  -4.68808e-04  -4.68957e-04  -4.69057e-04  -4.69135e-04  -4.69241e-04  -4.69463e-04  -4.69937e-04  -4.70834e-04
   4.50000e-04  -2.34287e-04  -2.33843e-04  -2.33604e-04  -2.33490e-04  -2.33436e-04  -2.33396e-04  -2.33347e-04  -2.33274e-04  -2.33174e-04  -2.33048e-04  -2.32909e-04  -2.32779e-04  -2.32684e-04  -2.32650e-04  -2.32684e-04  -2.32779e-04  -2.32909e-04  -2.33048e-04  -2.33174e-04  -2.33274e-04  -2.33347e-04  -2.33396e-04  -2.33436e-04  -2.33490e-04  -2.33604e-04  -2.33843e-04  -2.34287e-04
   0.00000e+00  -1.33617e-08  -1.28017e-08  -1.22345e-08  -1.16863e-08  -1.11841e-08  -1.07574e-08  -1.04162e-08  -1.01692e-08  -1.00088e-08  -9.92723e-09  -9.90538e-09  -9.91814e-09  -9.94039e-09  -9.94967e-09  -9.94082e-09  -9.91900e-09  -9.90494e-09  -9.92698e-09  -1.00104e-08  -1.01703e-08  -1.04191e-08  -1.07599e-08  -1.11827e-08  -1.16861e-08  -1.22372e-08  -1.28085e-08  -1.33649e-08
  -4.50000e-04   2.34261e-04   2.33817e-04   2.33580e-04   2.33467e-04   2.33413e-04   2.33375e-04   2.33326e-04   2.33254e-04   2.33154e-04   2.33028e-04   2.32890e-04   2.32759e-04   2.32665e-04   2.32630e-04   2.32665e-04   2.32759e-04   2.32890e-04   2.33028e-04   2.33154e-04   2.33254e-04   2.33326e-04   2.33375e-04   2.33413e-04   2.33467e-04   2.33580e-04   2.33817e-04   2.34261e-04
  -9.00000e-04   4.70807e-04   4.69911e-04   4.69439e-04   4.69218e-04   4.69113e-04   4.69035e-04   4.68936e-04   4.68787e-04   4.68581e-04   4.68322e-04   4.68035e-04   4.67764e-04   4.67565e-04   4.67492e-04   4.67565e-04   4.67764e-04   4.68035e-04   4.68322e-04   4.68581e-04   4.68787e-04   4.68936e-04   4.69035e-04   4.69113e-04   4.69218e-04   4.69439e-04   4.69911e-04   4.70807e-04
  -1.35000e-03   7.11914e-04   7.10551e-04   7.09853e-04   7.09535e-04   7.09384e-04   7.09269e-04   7.09114e-04   7.08882e-04   7.08559e-04   7.08152e-04   7.07696e-04   7.07261e-04   7.06940e-04   7.06820e-04   7.06940e-04   7.07261e-04   7.07696e-04   7.08152e-04   7.08559e-04   7.08882e-04   7.09114e-04   7.09269e-04   7.09384e-04   7.09535e-04   7.09853e-04   7.10551e-04   7.11914e-04
  -1.80000e-03   9.59895e-04   9.58058e-04   9.57155e-04   9.56760e-04   9.56573e-04   9.56419e-04   9.56203e-04   9.55877e-04   9.55421e-04   9.54842e-04   9.54187e-04   9.53551e-04   9.53076e-04   9.52898e-04   9.53076e-04   9.53551e-04   9.54187e-04   9.54842e-04   9.55421e-04   9.55877e-04   9.56203e-04   9.56419e-04   9.56573e-04   9.56760e-04   9.57155e-04   9.58058e-04   9.59895e-04
  -2.25000e-03   1.21711e-03   1.21481e-03   1.21374e-03   1.21330e-03   1.21310e-03   1.21290e-03   1.21262e-03   1.21218e-03   1.21157e-03   1.21079e-03   1.20989e-03   1.20900e-03   1.20833e-03   1.20807e-03   1.20833e-03   1.20900e-03   1.20989e-03   1.21079e-03   1.21157e-03   1.21218e-03   1.21262e-03   1.21290e-03   1.21310e-03   1.21330e-03   1.21374e-03   1.21481e-03   1.21711e-03
  -2.70000e-03   1.48597e-03   1.48327e-03   1.48211e-03   1.48168e-03   1.48146e-03   1.48123e-03   1.48086e-03   1.48030e-03   1.47951e-03   1.47849e-03   1.47729e-03   1.47608e-03   1.47513e-03   1.47476e-03   1.47513e-03   1.47608e-03   1.47729e-03   1.47849e-03   1.47951e-03   1.48030e-03   1.48086e-03   1.48123e-03   1.48146e-03   1.48168e-03   1.48211e-03   1.48327e-03   1.48597e-03
  -3.15000e-03   1.76898e-03   1.76600e-03   1.76488e-03   1.76452e-03   1.76432e-03   1.76404e-03   1.76358e-03   1.76287e-03   1.76188e-03   1.76057e-03   1.75900e-03   1.75735e-03   1.75602e-03   1.75550e-03   1.75602e-03   1.75735e-03   1.75900e-03   1.76057e-03   1.76188e-03   1.76287e-03   1.76358e-03   1.76404e-03   1.76432e-03   1.76452e-03   1.76488e-03   1.76600e-03   1.76898e-03
  -3.60000e-03   1.91433e-03   1.91126e-03   1.91021e-03   1.90989e-03   1.90971e-03   1.90941e-03   1.90889e-03   1.90811e-03   1.90700e-03   1.90554e-03   1.90376e-03   1.90187e-03   1.90032e-03   1.89970e-03   1.90032e-03   1.90187e-03   1.90376e-03   1.90554e-03   1.90700e-03   1.90811e-03   1.90889e-03   1.90941e-03   1.90971e-03   1.90989e-03   1.91021e-03   1.91126e-03   1.91433e-03
# Total Longitudinally Integrated Squared Transverse Magnetic Field [T2m]
START
                -1.30000e-02  -1.20000e-02  -1.10000e-02  -1.00000e-02  -9.00000e-03  -8.00000e-03  -7.00000e-03  -6.00000e-03  -5.00000e-03  -4.00000e-03  -3.00000e-03  -2.00000e-03  -1.00000e-03   0.00000e+00   1.00000e-03   2.00000e-03   3.00000e-03   4.00000e-03   5.00000e-03   6.00000e-03   7.00000e-03   8.00000e-03   9.00000e-03   1.00000e-02   1.10000e-02   1.20000e-02   1.30000e-02
   3.60000e-03   3.15817e-01   3.19143e-01   3.22089e-01   3.24665e-01   3.26888e-01   3.28780e-01   3.30366e-01   3.31669e-01   3.32712e-01   3.33514e-01   3.34096e-01   3.34481e-01   3.34696e-01   3.34764e-01   3.34696e-01   3.34481e-01   3.34096e-01   3.33514e-01   3.32712e-01   3.31669e-01   3.30366e-01   3.28780e-01   3.26888e-01   3.24665e-01   3.22089e-01   3.19143e-01   3.15817e-01
   3.15000e-03   2.95359e-01   2.98717e-01   3.01675e-01   3.04254e-01   3.06479e-01   3.08374e-01   3.09965e-01   3.11277e-01   3.12331e-01   3.13148e-01   3.13749e-01   3.14154e-01   3.14385e-01   3.14459e-01   3.14385e-01   3.14154e-01   3.13749e-01   3.13148e-01   3.12331e-01   3.11277e-01   3.09965e-01   3.08374e-01   3.06479e-01   3.04254e-01   3.01675e-01   2.98717e-01   2.95359e-01
   2.70000e-03   2.78042e-01   2.81430e-01   2.84400e-01   2.86984e-01   2.89210e-01   2.91108e-01   2.92704e-01   2.94022e-01   2.95085e-01   2.95914e-01   2.96529e-01   2.96949e-01   2.97191e-01   2.97270e-01   2.97191e-01   2.96949e-01   2.96529e-01   2.95914e-01   2.95085e-01   2.94022e-01   2.92704e-01   2.91108e-01   2.89210e-01   2.86984e-01   2.84400e-01   2.81430e-01   2.78042e-01
   2.25000e-03   2.63680e-01   2.67095e-01   2.70077e-01   2.72665e-01   2.74894e-01   2.76794e-01   2.78393e-01   2.79716e-01   2.80787e-01   2.81625e-01   2.82251e-01   2.82681e-01   2.82932e-01   2.83014e-01   2.82932e-01   2.82681e-01   2.82251e-01   2.81625e-01   2.80787e-01   2.79716e-01   2.78393e-01   2.76794e-01   2.74894e-01   2.72665e-01   2.70077e-01   2.67095e-01   2.63680e-01
   1.80000e-03   2.52126e-01   2.55562e-01   2.58554e-01   2.61147e-01   2.63378e-01   2.65280e-01   2.66882e-01   2.68209e-01   2.69285e-01   2.70130e-01   2.70764e-01   2.71202e-01   2.71458e-01   2.71543e-01   2.71458e-01   2.71202e-01   2.70764e-01   2.70130e-01   2.69285e-01   2.68209e-01   2.66882e-01   2.65280e-01   2.63378e-01   2.61147e-01   2.58554e-01   2.55562e-01   2.52126e-01
   1.35000e-03   2.43259e-01   2.46712e-01   2.49713e-01   2.52309e-01   2.54542e-01   2.56445e-01   2.58049e-01   2.59379e-01   2.60459e-01   2.61309e-01   2.61949e-01   2.62392e-01   2.62653e-01   2.62739e-01   2.62653e-01   2.62392e-01   2.61949e-01   2.61309e-01   2.60459e-01   2.59379e-01   2.58049e-01   2.56445e-01   2.54542e-01   2.52309e-01   2.49713e-01   2.46712e-01   2.43259e-01
   9.00000e-04   2.36989e-01   2.40454e-01   2.43461e-01   2.46061e-01   2.48295e-01   2.50199e-01   2.51804e-01   2.53135e-01   2.54218e-01   2.55072e-01   2.55715e-01   2.56162e-01   2.56425e-01   2.56512e-01   2.56425e-01   2.56162e-01   2.55715e-01   2.55072e-01   2.54218e-01   2.53135e-01   2.51804e-01   2.50199e-01   2.48295e-01   2.46061e-01   2.43461e-01   2.40454e-01   2.36989e-01
   4.50000e-04   2.33253e-01   2.36725e-01   2.39735e-01   2.42337e-01   2.44572e-01   2.46476e-01   2.48082e-01   2.49415e-01   2.50499e-01   2.51355e-01   2.52000e-01   2.52449e-01   2.52714e-01   2.52801e-01   2.52714e-01   2.52449e-01   2.52000e-01   2.51355e-01   2.50499e-01   2.49415e-01   2.48082e-01   2.46476e-01   2.44572e-01   2.42337e-01   2.39735e-01   2.36725e-01   2.33253e-01
   0.00000e+00   2.32012e-01   2.35486e-01   2.38498e-01   2.41099e-01   2.43335e-01   2.45240e-01   2.46845e-01   2.48179e-01   2.49263e-01   2.50120e-01   2.50766e-01   2.51216e-01   2.51481e-01   2.51568e-01   2.51481e-01   2.51216e-01   2.50766e-01   2.50120e-01   2.49263e-01   2.48179e-01   2.46845e-01   2.45240e-01   2.43335e-01   2.41099e-01   2.38498e-01   2.35486e-01   2.32012e-01
  -4.50000e-04   2.33253e-01   2.36725e-01   2.39735e-01   2.42337e-01   2.44572e-01   2.46476e-01   2.48082e-01   2.49415e-01   2.50499e-01   2.51355e-01   2.52000e-01   2.52449e-01   2.52714e-01   2.52801e-01   2.52714e-01   2.52449e-01   2.52000e-01   2.51355e-01   2.50499e-01   2.49415e-01   2.48082e-01   2.46476e-01   2.44572e-01   2.42337e-01   2.39735e-01   2.36725e-01   2.33253e-01
  -9.00000e-04   2.36989e-01   2.40454e-01   2.43461e-01   2.46061e-01   2.48295e-01   2.50199e-01   2.51804e-01   2.53135e-01   2.54218e-01   2.55072e-01   2.55715e-01   2.56162e-01   2.56425e-01   2.56512e-01   2.56425e-01   2.56162e-01   2.55715e-01   2.55072e-01   2.54218e-01   2.53135e-01   2.51804e-01   2.50199e-01   2.48295e-01   2.46061e-01   2.43461e-01   2.40454e-01   2.36989e-01
  -1.35000e-03   2.43259e-01   2.46712e-01   2.49713e-01   2.52309e-01   2.54542e-01   2.56445e-01   2.58049e-01   2.59379e-01   2.60459e-01   2.61309e-01   2.61949e-01   2.62392e-01   2.62653e-01   2.62739e-01   2.62653e-01   2.62392e-01   2.61949e-01   2.61309e-01   2.60459e-01   2.59379e-01   2.58049e-01   2.56445e-01   2.54542e-01   2.52309e-01   2.49713e-01   2.46712e-01   2.43259e-01
  -1.80000e-03   2.52126e-01   2.55562e-01   2.58554e-01   2.61147e-01   2.63378e-01   2.65280e-01   2.66882e-01   2.68209e-01   2.69285e-01   2.70130e-01   2.70764e-01   2.71202e-01   2.71458e-01   2.71543e-01   2.71458e-01   2.71202e-01   2.70764e-01   2.70130e-01   2.69285e-01   2.68209e-01   2.66882e-01   2.65280e-01   2.63378e-01   2.61147e-01   2.58554e-01   2.55562e-01   2.52126e-01
  -2.25000e-03   2.63680e-01   2.67095e-01   2.70077e-01   2.72665e-01   2.74894e-01   2.76794e-01   2.78393e-01   2.79716e-01   2.80787e-01   2.81625e-01   2.82251e-01   2.82681e-01   2.82932e-01   2.83014e-01   2.82932e-01   2.82681e-01   2.82251e-01   2.81625e-01   2.80787e-01   2.79716e-01   2.78393e-01   2.76794e-01   2.74894e-01   2.72665e-01   2.70077e-01   2.67095e-01   2.63680e-01
  -2.70000e-03   2.78042e-01   2.81430e-01   2.84400e-01   2.86984e-01   2.89210e-01   2.91108e-01   2.92704e-01   2.94022e-01   2.95085e-01   2.95914e-01   2.96529e-01   2.96949e-01   2.97191e-01   2.97270e-01   2.97191e-01   2.96949e-01   2.96529e-01   2.95914e-01   2.95085e-01   2.94022e-01   2.92704e-01   2.91108e-01   2.89210e-01   2.86984e-01   2.84400e-01   2.81430e-01   2.78042e-01
  -3.15000e-03   2.95359e-01   2.98717e-01   3.01675e-01   3.04254e-01   3.06479e-01   3.08374e-01   3.09965e-01   3.11277e-01   3.12331e-01   3.13148e-01   3.13749e-01   3.14154e-01   3.14385e-01   3.14459e-01   3.14385e-01   3.14154e-01   3.13749e-01   3.13148e-01   3.12331e-01   3.11277e-01   3.09965e-01   3.08374e-01   3.06479e-01   3.04254e-01   3.01675e-01   2.98717e-01   2.95359e-01
  -3.60000e-03   3.15817e-01   3.19143e-01   3.22089e-01   3.24665e-01   3.26888e-01   3.28780e-01   3.30366e-01   3.31669e-01   3.32712e-01   3.33514e-01   3.34096e-01   3.34481e-01   3.34696e-01   3.34764e-01   3.34696e-01   3.34481e-01   3.34096e-01   3.33514e-01   3.32712e-01   3.31669e-01   3.30366e-01   3.28780e-01   3.26888e-01   3.24665e-01   3.22089e-01   3.19143e-01   3.15817e-01
