# Author : Radia User
# 
# Total Length of Longitudinal Interval [m]
2
# Number of Horizontal Points
27
# Number of Vertical Points
17
# Total Horizontal 2nd Order Kick [T2m2]
START
                -1.30000e-02  -1.20000e-02  -1.10000e-02  -1.00000e-02  -9.00000e-03  -8.00000e-03  -7.00000e-03  -6.00000e-03  -5.00000e-03  -4.00000e-03  -3.00000e-03  -2.00000e-03  -1.00000e-03   0.00000e+00   1.00000e-03   2.00000e-03   3.00000e-03   4.00000e-03   5.00000e-03   6.00000e-03   7.00000e-03   8.00000e-03   9.00000e-03   1.00000e-02   1.10000e-02   1.20000e-02   1.30000e-02
   3.60000e-03  -7.52629e-07  -2.68144e-06  -5.57840e-06  -6.85932e-06  -7.06639e-06  -6.58673e-06  -5.66427e-06  -4.45979e-06  -3.10524e-06  -1.74843e-06  -5.86145e-07   1.46852e-07   2.97747e-07   0.00000e+00  -2.97748e-07  -1.46851e-07   5.86145e-07   1.74843e-06   3.10524e-06   4.45979e-06   5.66427e-06   6.58673e-06   7.06639e-06   6.85932e-06   5.57840e-06   2.68144e-06   7.52627e-07
   3.15000e-03  -1.09882e-06  -2.81341e-06  -5.46486e-06  -6.76359e-06  -7.09351e-06  -6.76551e-06  -5.99837e-06  -4.94829e-06  -3.74421e-06  -2.51803e-06  -1.42200e-06  -6.12013e-07  -1.70134e-07   0.00000e+00   1.70134e-07   6.12014e-07   1.42200e-06   2.51803e-06   3.74421e-06   4.94829e-06   5.99837e-06   6.76551e-06   7.09351e-06   6.76359e-06   5.46486e-06   2.81341e-06   1.09881e-06
   2.70000e-03  -1.42153e-06  -2.97361e-06  -5.42512e-06  -6.71431e-06  -7.12583e-06  -6.91286e-06  -6.26941e-06  -5.34223e-06  -4.25265e-06  -3.11603e-06  -2.05059e-06  -1.16275e-06  -5.00255e-07   0.00000e+00   5.00255e-07   1.16275e-06   2.05059e-06   3.11603e-06   4.25265e-06   5.34223e-06   6.26941e-06   6.91286e-06   7.12583e-06   6.71431e-06   5.42512e-06   2.97361e-06   1.42153e-06
   2.25000e-03  -1.67415e-06  -3.11315e-06  -5.41929e-06  -6.69245e-06  -7.15920e-06  -7.03250e-06  -6.48526e-06  -5.65349e-06  -4.64928e-06  -3.57308e-06  -2.51835e-06  -1.56126e-06  -7.34003e-07   0.00000e+00   7.34003e-07   1.56126e-06   2.51835e-06   3.57308e-06   4.64928e-06   5.65349e-06   6.48526e-06   7.03250e-06   7.15920e-06   6.69245e-06   5.41929e-06   3.11315e-06   1.67415e-06
   1.80000e-03  -1.84769e-06  -3.21430e-06  -5.42472e-06  -6.68482e-06  -7.18997e-06  -7.12701e-06  -6.65260e-06  -5.89278e-06  -4.95070e-06  -3.91454e-06  -2.86042e-06  -1.84640e-06  -8.98498e-07   0.00000e+00   8.98498e-07   1.84640e-06   2.86042e-06   3.91454e-06   4.95070e-06   5.89278e-06   6.65260e-06   7.12701e-06   7.18997e-06   6.68482e-06   5.42472e-06   3.21430e-06   1.84769e-06
   1.35000e-03  -1.95302e-06  -3.27730e-06  -5.43079e-06  -6.68340e-06  -7.21558e-06  -7.19837e-06  -6.77695e-06  -6.06921e-06  -5.17076e-06  -4.16044e-06  -3.10270e-06  -2.04505e-06  -1.01168e-06   0.00000e+00   1.01168e-06   2.04505e-06   3.10270e-06   4.16044e-06   5.17076e-06   6.06921e-06   6.77695e-06   7.19837e-06   7.21558e-06   6.68340e-06   5.43079e-06   3.27730e-06   1.95302e-06
   9.00000e-04  -2.00886e-06  -3.31092e-06  -5.43427e-06  -6.68397e-06  -7.23451e-06  -7.24815e-06  -6.86264e-06  -6.19001e-06  -5.32029e-06  -4.32580e-06  -3.26365e-06  -2.17544e-06  -1.08532e-06   0.00000e+00   1.08532e-06   2.17544e-06   3.26365e-06   4.32580e-06   5.32029e-06   6.19001e-06   6.86264e-06   7.24815e-06   7.23451e-06   6.68397e-06   5.43428e-06   3.31092e-06   2.00886e-06
   4.50000e-04  -2.03370e-06  -3.32574e-06  -5.43551e-06  -6.68472e-06  -7.24606e-06  -7.27756e-06  -6.91283e-06  -6.26042e-06  -5.40697e-06  -4.42100e-06  -3.35557e-06  -2.24933e-06  -1.12681e-06   0.00000e+00   1.12681e-06   2.24933e-06   3.35557e-06   4.42100e-06   5.40697e-06   6.26042e-06   6.91283e-06   7.27756e-06   7.24606e-06   6.68472e-06   5.43551e-06   3.32574e-06   2.03369e-06
   0.00000e+00  -2.04051e-06  -3.32978e-06  -5.43580e-06  -6.68507e-06  -7.25000e-06  -7.28734e-06  -6.92942e-06  -6.28361e-06  -5.43542e-06  -4.45213e-06  -3.38550e-06  -2.27330e-06  -1.14023e-06   0.00000e+00   1.14023e-06   2.27330e-06   3.38550e-06   4.45213e-06   5.43543e-06   6.28361e-06   6.92941e-06   7.28734e-06   7.25000e-06   6.68508e-06   5.43580e-06   3.32978e-06   2.04051e-06
  -4.50000e-04  -2.03397e-06  -3.32599e-06  -5.43574e-06  -6.68493e-06  -7.24627e-06  -7.27776e-06  -6.91304e-06  -6.26063e-06  -5.40718e-06  -4.42119e-06  -3.35574e-06  -2.24946e-06  -1.12688e-06   0.00000e+00   1.12688e-06   2.24946e-06   3.35574e-06   4.42119e-06   5.40718e-06   6.26063e-06   6.91304e-06   7.27776e-06   7.24627e-06   6.68493e-06   5.43574e-06   3.32600e-06   2.03397e-06
  -9.00000e-04  -2.00942e-06  -3.31144e-06  -5.43473e-06  -6.68440e-06  -7.23493e-06  -7.24857e-06  -6.86306e-06  -6.19043e-06  -5.32070e-06  -4.32618e-06  -3.26398e-06  -2.17569e-06  -1.08545e-06   0.00000e+00   1.08545e-06   2.17569e-06   3.26398e-06   4.32618e-06   5.32070e-06   6.19043e-06   6.86306e-06   7.24857e-06   7.23492e-06   6.68440e-06   5.43473e-06   3.31143e-06   2.00942e-06
  -1.35000e-03  -1.95385e-06  -3.27808e-06  -5.43149e-06  -6.68406e-06  -7.21621e-06  -7.19900e-06  -6.77758e-06  -6.06984e-06  -5.17138e-06  -4.16102e-06  -3.10320e-06  -2.04543e-06  -1.01189e-06   0.00000e+00   1.01189e-06   2.04543e-06   3.10320e-06   4.16102e-06   5.17138e-06   6.06984e-06   6.77758e-06   7.19900e-06   7.21621e-06   6.68406e-06   5.43149e-06   3.27808e-06   1.95385e-06
  -1.80000e-03  -1.84881e-06  -3.21535e-06  -5.42566e-06  -6.68571e-06  -7.19083e-06  -7.12786e-06  -6.65346e-06  -5.89364e-06  -4.95154e-06  -3.91532e-06  -2.86110e-06  -1.84692e-06  -8.98777e-07   0.00000e+00   8.98777e-07   1.84692e-06   2.86110e-06   3.91532e-06   4.95154e-06   5.89364e-06   6.65346e-06   7.12786e-06   7.19083e-06   6.68571e-06   5.42566e-06   3.21535e-06   1.84880e-06
  -2.25000e-03  -1.67556e-06  -3.11448e-06  -5.42050e-06  -6.69358e-06  -7.16030e-06  -7.03359e-06  -6.48634e-06  -5.65457e-06  -4.65033e-06  -3.57408e-06  -2.51922e-06  -1.56192e-06  -7.34361e-07   0.00000e+00   7.34361e-07   1.56192e-06   2.51922e-06   3.57408e-06   4.65033e-06   5.65457e-06   6.48635e-06   7.03359e-06   7.16030e-06   6.69358e-06   5.42049e-06   3.11448e-06   1.67556e-06
  -2.70000e-03  -1.42323e-06  -2.97523e-06  -5.42661e-06  -6.71571e-06  -7.12719e-06  -6.91420e-06  -6.27074e-06  -5.34354e-06  -4.25393e-06  -3.11724e-06  -2.05165e-06  -1.16357e-06  -5.00702e-07   0.00000e+00   5.00702e-07   1.16357e-06   2.05165e-06   3.11724e-06   4.25393e-06   5.34354e-06   6.27074e-06   6.91420e-06   7.12719e-06   6.71571e-06   5.42661e-06   2.97523e-06   1.42323e-06
  -3.15000e-03  -1.10083e-06  -2.81534e-06  -5.46665e-06  -6.76529e-06  -7.09516e-06  -6.76711e-06  -5.99995e-06  -4.94984e-06  -3.74572e-06  -2.51947e-06  -1.42328e-06  -6.13000e-07  -1.70680e-07   0.00000e+00   1.70680e-07   6.13000e-07   1.42328e-06   2.51947e-06   3.74572e-06   4.94984e-06   5.99995e-06   6.76711e-06   7.09516e-06   6.76529e-06   5.46665e-06   2.81534e-06   1.10083e-06
  -3.60000e-03  -7.54970e-07  -2.68372e-06  -5.58055e-06  -6.86136e-06  -7.06835e-06  -6.58863e-06  -5.66611e-06  -4.46160e-06  -3.10700e-06  -1.75010e-06  -5.87648e-07   1.45674e-07   2.97087e-07   0.00000e+00  -2.97087e-07  -1.45674e-07   5.87647e-07   1.75010e-06   3.10700e-06   4.46159e-06   5.66611e-06   6.58863e-06   7.06835e-06   6.86137e-06   5.58055e-06   2.68372e-06   7.54971e-07
# Total Vertical 2nd Order Kick [T2m2]
START
                -1.30000e-02  -1.20000e-02  -1.10000e-02  -1.00000e-02  -9.00000e-03  -8.00000e-03  -7.00000e-03  -6.00000e-03  -5.00000e-03  -4.00000e-03  -3.00000e-03  -2.00000e-03  -1.00000e-03   0.00000e+00   1.00000e-03   2.00000e-03   3.00000e-03   4.00000e-03   5.00000e-03   6.00000e-03   7.00000e-03   8.00000e-03   9.00000e-03   1.00000e-02   1.10000e-02   1.20000e-02   1.30000e-02
   3.60000e-03  -1.90825e-03  -1.90748e-03  -1.90766e-03  -1.90799e-03  -1.90809e-03  -1.90786e-03  -1.90729e-03  -1.90638e-03  -1.90512e-03  -1.90354e-03  -1.90170e-03  -1.89982e-03  -1.89833e-03  -1.89775e-03  -1.89833e-03  -1.89982e-03  -1.90170e-03  -1.90354e-03  -1.90512e-03  -1.90638e-03  -1.90729e-03  -1.90786e-03  -1.90809e-03  -1.90799e-03  -1.90766e-03  -1.90748e-03  -1.90825e-03
   3.15000e-03  -1.76328e-03  -1.76253e-03  -1.76263e-03  -1.76287e-03  -1.76295e-03  -1.76274e-03  -1.76222e-03  -1.76140e-03  -1.76026e-03  -1.75885e-03  -1.75722e-03  -1.75559e-03  -1.75431e-03  -1.75382e-03  -1.75431e-03  -1.75559e-03  -1.75722e-03  -1.75885e-03  -1.76026e-03  -1.76140e-03  -1.76222e-03  -1.76274e-03  -1.76295e-03  -1.76287e-03  -1.76263e-03  -1.76253e-03  -1.76328e-03
   2.70000e-03  -1.48104e-03  -1.48040e-03  -1.48037e-03  -1.48050e-03  -1.48053e-03  -1.48035e-03  -1.47993e-03  -1.47927e-03  -1.47837e-03  -1.47726e-03  -1.47602e-03  -1.47482e-03  -1.47391e-03  -1.47357e-03  -1.47391e-03  -1.47482e-03  -1.47602e-03  -1.47726e-03  -1.47837e-03  -1.47927e-03  -1.47993e-03  -1.48035e-03  -1.48053e-03  -1.48050e-03  -1.48037e-03  -1.48040e-03  -1.48104e-03
   2.25000e-03  -1.21295e-03  -1.21248e-03  -1.21242e-03  -1.21248e-03  -1.21248e-03  -1.21234e-03  -1.21201e-03  -1.21149e-03  -1.21078e-03  -1.20993e-03  -1.20901e-03  -1.20814e-03  -1.20749e-03  -1.20725e-03  -1.20749e-03  -1.20814e-03  -1.20901e-03  -1.20993e-03  -1.21078e-03  -1.21149e-03  -1.21201e-03  -1.21234e-03  -1.21248e-03  -1.21248e-03  -1.21242e-03  -1.21248e-03  -1.21295e-03
   1.80000e-03  -9.56539e-04  -9.56230e-04  -9.56175e-04  -9.56204e-04  -9.56195e-04  -9.56079e-04  -9.55826e-04  -9.55430e-04  -9.54902e-04  -9.54272e-04  -9.53597e-04  -9.52973e-04  -9.52522e-04  -9.52356e-04  -9.52522e-04  -9.52973e-04  -9.53597e-04  -9.54272e-04  -9.54902e-04  -9.55430e-04  -9.55826e-04  -9.56079e-04  -9.56195e-04  -9.56204e-04  -9.56175e-04  -9.56230e-04  -9.56539e-04
   1.35000e-03  -7.09380e-04  -7.09201e-04  -7.09165e-04  -7.09179e-04  -7.09167e-04  -7.09081e-04  -7.08898e-04  -7.08614e-04  -7.08237e-04  -7.07792e-04  -7.07323e-04  -7.06896e-04  -7.06592e-04  -7.06481e-04  -7.06592e-04  -7.06896e-04  -7.07323e-04  -7.07792e-04  -7.08237e-04  -7.08614e-04  -7.08898e-04  -7.09081e-04  -7.09167e-04  -7.09179e-04  -7.09165e-04  -7.09201e-04  -7.09380e-04
   9.00000e-04  -4.69114e-04  -4.69024e-04  -4.69006e-04  -4.69013e-04  -4.69003e-04  -4.68946e-04  -4.68827e-04  -4.68644e-04  -4.68402e-04  -4.68119e-04  -4.67823e-04  -4.67557e-04  -4.67369e-04  -4.67301e-04  -4.67369e-04  -4.67557e-04  -4.67823e-04  -4.68119e-04  -4.68402e-04  -4.68644e-04  -4.68827e-04  -4.68946e-04  -4.69003e-04  -4.69013e-04  -4.69006e-04  -4.69024e-04  -4.69114e-04
   4.50000e-04  -2.33421e-04  -2.33385e-04  -2.33379e-04  -2.33382e-04  -2.33376e-04  -2.33348e-04  -2.33289e-04  -2.33199e-04  -2.33081e-04  -2.32943e-04  -2.32800e-04  -2.32673e-04  -2.32583e-04  -2.32550e-04  -2.32583e-04  -2.32673e-04  -2.32800e-04  -2.32943e-04  -2.33081e-04  -2.33199e-04  -2.33289e-04  -2.33348e-04  -2.33376e-04  -2.33382e-04  -2.33379e-04  -2.33385e-04  -2.33421e-04
   0.00000e+00  -7.54355e-09  -7.24282e-09  -6.97585e-09  -6.73180e-09  -6.50115e-09  -6.27261e-09  -6.04260e-09  -5.81063e-09  -5.57883e-09  -5.35678e-09  -5.15454e-09  -4.98968e-09  -4.88012e-09  -4.84195e-09  -4.88092e-09  -4.99001e-09  -5.15412e-09  -5.35620e-09  -5.57908e-09  -5.81025e-09  -6.04250e-09  -6.27114e-09  -6.50120e-09  -6.73088e-09  -6.97345e-09  -7.24446e-09  -7.54747e-09
  -4.50000e-04   2.33405e-04   2.33371e-04   2.33365e-04   2.33368e-04   2.33363e-04   2.33335e-04   2.33277e-04   2.33188e-04   2.33070e-04   2.32933e-04   2.32790e-04   2.32663e-04   2.32573e-04   2.32541e-04   2.32573e-04   2.32663e-04   2.32790e-04   2.32933e-04   2.33070e-04   2.33188e-04   2.33277e-04   2.33335e-04   2.33363e-04   2.33368e-04   2.33365e-04   2.33371e-04   2.33405e-04
  -9.00000e-04   4.69098e-04   4.69009e-04   4.68992e-04   4.69000e-04   4.68990e-04   4.68933e-04   4.68815e-04   4.68632e-04   4.68391e-04   4.68108e-04   4.67813e-04   4.67547e-04   4.67359e-04   4.67291e-04   4.67359e-04   4.67547e-04   4.67813e-04   4.68108e-04   4.68391e-04   4.68632e-04   4.68815e-04   4.68933e-04   4.68990e-04   4.69000e-04   4.68992e-04   4.69009e-04   4.69098e-04
  -1.35000e-03   7.09365e-04   7.09186e-04   7.09151e-04   7.09166e-04   7.09154e-04   7.09068e-04   7.08886e-04   7.08602e-04   7.08226e-04   7.07782e-04   7.07313e-04   7.06886e-04   7.06582e-04   7.06472e-04   7.06582e-04   7.06886e-04   7.07313e-04   7.07782e-04   7.08226e-04   7.08602e-04   7.08886e-04   7.09068e-04   7.09154e-04   7.09166e-04   7.09151e-04   7.09186e-04   7.09365e-04
  -1.80000e-03   9.56524e-04   9.56215e-04   9.56160e-04   9.56190e-04   9.56182e-04   9.56066e-04   9.55814e-04   9.55419e-04   9.54891e-04   9.54261e-04   9.53587e-04   9.52963e-04   9.52512e-04   9.52347e-04   9.52512e-04   9.52963e-04   9.53587e-04   9.54261e-04   9.54891e-04   9.55419e-04   9.55814e-04   9.56066e-04   9.56182e-04   9.56190e-04   9.56160e-04   9.56215e-04   9.56524e-04
  -2.25000e-03   1.21294e-03   1.21246e-03   1.21240e-03   1.21247e-03   1.21247e-03   1.21233e-03   1.21200e-03   1.21147e-03   1.21077e-03   1.20992e-03   1.20900e-03   1.20813e-03   1.20748e-03   1.20724e-03   1.20748e-03   1.20813e-03   1.20900e-03   1.20992e-03   1.21077e-03   1.21147e-03   1.21200e-03   1.21233e-03   1.21247e-03   1.21247e-03   1.21240e-03   1.21246e-03   1.21294e-03
  -2.70000e-03   1.48102e-03   1.48038e-03   1.48036e-03   1.48048e-03   1.48051e-03   1.48034e-03   1.47992e-03   1.47926e-03   1.47836e-03   1.47725e-03   1.47601e-03   1.47481e-03   1.47390e-03   1.47356e-03   1.47390e-03   1.47481e-03   1.47601e-03   1.47725e-03   1.47836e-03   1.47926e-03   1.47992e-03   1.48034e-03   1.48051e-03   1.48048e-03   1.48036e-03   1.48038e-03   1.48102e-03
  -3.15000e-03   1.76326e-03   1.76252e-03   1.76261e-03   1.76286e-03   1.76293e-03   1.76273e-03   1.76221e-03   1.76138e-03   1.76025e-03   1.75884e-03   1.75721e-03   1.75558e-03   1.75430e-03   1.75381e-03   1.75430e-03   1.75558e-03   1.75721e-03   1.75884e-03   1.76025e-03   1.76138e-03   1.76221e-03   1.76273e-03   1.76293e-03   1.76286e-03   1.76261e-03   1.76252e-03   1.76326e-03
  -3.60000e-03   1.90823e-03   1.90746e-03   1.90765e-03   1.90797e-03   1.90808e-03   1.90785e-03   1.90728e-03   1.90637e-03   1.90511e-03   1.90353e-03   1.90169e-03   1.89982e-03   1.89832e-03   1.89774e-03   1.89832e-03   1.89982e-03   1.90169e-03   1.90353e-03   1.90511e-03   1.90637e-03   1.90728e-03   1.90785e-03   1.90808e-03   1.90797e-03   1.90765e-03   1.90746e-03   1.90823e-03
# Total Longitudinally Integrated Squared Transverse Magnetic Field [T2m]
START
                -1.30000e-02  -1.20000e-02  -1.10000e-02  -1.00000e-02  -9.00000e-03  -8.00000e-03  -7.00000e-03  -6.00000e-03  -5.00000e-03  -4.00000e-03  -3.00000e-03  -2.00000e-03  -1.00000e-03   0.00000e+00   1.00000e-03   2.00000e-03   3.00000e-03   4.00000e-03   5.00000e-03   6.00000e-03   7.00000e-03   8.00000e-03   9.00000e-03   1.00000e-02   1.10000e-02   1.20000e-02   1.30000e-02
   3.60000e-03   1.57886e-01   1.57849e-01   1.57907e-01   1.58017e-01   1.58146e-01   1.58276e-01   1.58393e-01   1.58488e-01   1.58558e-01   1.58598e-01   1.58612e-01   1.58606e-01   1.58592e-01   1.58585e-01   1.58592e-01   1.58606e-01   1.58612e-01   1.58598e-01   1.58558e-01   1.58488e-01   1.58393e-01   1.58276e-01   1.58146e-01   1.58017e-01   1.57907e-01   1.57849e-01   1.57886e-01
   3.15000e-03   1.37491e-01   1.37462e-01   1.37518e-01   1.37625e-01   1.37753e-01   1.37885e-01   1.38008e-01   1.38113e-01   1.38196e-01   1.38253e-01   1.38286e-01   1.38299e-01   1.38301e-01   1.38301e-01   1.38301e-01   1.38299e-01   1.38286e-01   1.38253e-01   1.38196e-01   1.38113e-01   1.38008e-01   1.37885e-01   1.37753e-01   1.37625e-01   1.37518e-01   1.37462e-01   1.37491e-01
   2.70000e-03   1.20228e-01   1.20206e-01   1.20263e-01   1.20368e-01   1.20496e-01   1.20630e-01   1.20757e-01   1.20870e-01   1.20963e-01   1.21034e-01   1.21081e-01   1.21109e-01   1.21122e-01   1.21126e-01   1.21122e-01   1.21109e-01   1.21081e-01   1.21034e-01   1.20963e-01   1.20870e-01   1.20757e-01   1.20630e-01   1.20496e-01   1.20368e-01   1.20263e-01   1.20206e-01   1.20228e-01
   2.25000e-03   1.05914e-01   1.05898e-01   1.05955e-01   1.06059e-01   1.06187e-01   1.06323e-01   1.06454e-01   1.06573e-01   1.06675e-01   1.06755e-01   1.06814e-01   1.06852e-01   1.06873e-01   1.06880e-01   1.06873e-01   1.06852e-01   1.06814e-01   1.06755e-01   1.06675e-01   1.06573e-01   1.06454e-01   1.06323e-01   1.06187e-01   1.06059e-01   1.05955e-01   1.05898e-01   1.05914e-01
   1.80000e-03   9.43983e-02   9.43864e-02   9.44445e-02   9.45477e-02   9.46757e-02   9.48128e-02   9.49475e-02   9.50714e-02   9.51791e-02   9.52672e-02   9.53341e-02   9.53803e-02   9.54069e-02   9.54155e-02   9.54069e-02   9.53803e-02   9.53341e-02   9.52672e-02   9.51791e-02   9.50714e-02   9.49475e-02   9.48128e-02   9.46757e-02   9.45477e-02   9.44445e-02   9.43864e-02   9.43983e-02
   1.35000e-03   8.55623e-02   8.55528e-02   8.56113e-02   8.57143e-02   8.58424e-02   8.59806e-02   8.61175e-02   8.62450e-02   8.63574e-02   8.64510e-02   8.65238e-02   8.65753e-02   8.66058e-02   8.66159e-02   8.66058e-02   8.65753e-02   8.65238e-02   8.64510e-02   8.63574e-02   8.62450e-02   8.61175e-02   8.59806e-02   8.58424e-02   8.57143e-02   8.56113e-02   8.55528e-02   8.55623e-02
   9.00000e-04   7.93149e-02   7.93065e-02   7.93653e-02   7.94682e-02   7.95964e-02   7.97353e-02   7.98738e-02   8.00037e-02   8.01193e-02   8.02166e-02   8.02934e-02   8.03484e-02   8.03814e-02   8.03924e-02   8.03814e-02   8.03484e-02   8.02934e-02   8.02166e-02   8.01193e-02   8.00037e-02   7.98738e-02   7.97353e-02   7.95964e-02   7.94682e-02   7.93653e-02   7.93065e-02   7.93149e-02
   4.50000e-04   7.55918e-02   7.55839e-02   7.56428e-02   7.57456e-02   7.58739e-02   7.60133e-02   7.61527e-02   7.62840e-02   7.64014e-02   7.65009e-02   7.65800e-02   7.66370e-02   7.66714e-02   7.66829e-02   7.66714e-02   7.66370e-02   7.65800e-02   7.65009e-02   7.64014e-02   7.62840e-02   7.61527e-02   7.60133e-02   7.58739e-02   7.57456e-02   7.56428e-02   7.55839e-02   7.55918e-02
   0.00000e+00   7.43550e-02   7.43473e-02   7.44061e-02   7.45089e-02   7.46373e-02   7.47768e-02   7.49165e-02   7.50483e-02   7.51663e-02   7.52665e-02   7.53463e-02   7.54040e-02   7.54388e-02   7.54505e-02   7.54388e-02   7.54040e-02   7.53463e-02   7.52665e-02   7.51663e-02   7.50483e-02   7.49165e-02   7.47768e-02   7.46373e-02   7.45089e-02   7.44061e-02   7.43473e-02   7.43550e-02
  -4.50000e-04   7.55918e-02   7.55839e-02   7.56428e-02   7.57456e-02   7.58739e-02   7.60133e-02   7.61527e-02   7.62840e-02   7.64014e-02   7.65009e-02   7.65800e-02   7.66370e-02   7.66714e-02   7.66829e-02   7.66714e-02   7.66370e-02   7.65800e-02   7.65009e-02   7.64014e-02   7.62840e-02   7.61527e-02   7.60133e-02   7.58739e-02   7.57456e-02   7.56428e-02   7.55839e-02   7.55918e-02
  -9.00000e-04   7.93149e-02   7.93065e-02   7.93653e-02   7.94682e-02   7.95964e-02   7.97353e-02   7.98738e-02   8.00037e-02   8.01193e-02   8.02166e-02   8.02934e-02   8.03484e-02   8.03814e-02   8.03924e-02   8.03814e-02   8.03484e-02   8.02934e-02   8.02166e-02   8.01193e-02   8.00037e-02   7.98738e-02   7.97353e-02   7.95964e-02   7.94682e-02   7.93653e-02   7.93065e-02   7.93149e-02
  -1.35000e-03   8.55623e-02   8.55528e-02   8.56113e-02   8.57143e-02   8.58424e-02   8.59806e-02   8.61175e-02   8.62450e-02   8.63574e-02   8.64510e-02   8.65238e-02   8.65753e-02   8.66058e-02   8.66159e-02   8.66058e-02   8.65753e-02   8.65238e-02   8.64510e-02   8.63574e-02   8.62450e-02   8.61175e-02   8.59806e-02   8.58424e-02   8.57143e-02   8.56113e-02   8.55528e-02   8.55623e-02
  -1.80000e-03   9.43983e-02   9.43864e-02   9.44445e-02   9.45477e-02   9.46757e-02   9.48128e-02   9.49475e-02   9.50714e-02   9.51791e-02   9.52672e-02   9.53341e-02   9.53803e-02   9.54069e-02   9.54155e-02   9.54069e-02   9.53803e-02   9.53341e-02   9.52672e-02   9.51791e-02   9.50714e-02   9.49475e-02   9.48128e-02   9.46757e-02   9.45477e-02   9.44445e-02   9.43864e-02   9.43983e-02
  -2.25000e-03   1.05914e-01   1.05898e-01   1.05955e-01   1.06059e-01   1.06187e-01   1.06323e-01   1.06454e-01   1.06573e-01   1.06675e-01   1.06755e-01   1.06814e-01   1.06852e-01   1.06873e-01   1.06880e-01   1.06873e-01   1.06852e-01   1.06814e-01   1.06755e-01   1.06675e-01   1.06573e-01   1.06454e-01   1.06323e-01   1.06187e-01   1.06059e-01   1.05955e-01   1.05898e-01   1.05914e-01
  -2.70000e-03   1.20228e-01   1.20206e-01   1.20263e-01   1.20368e-01   1.20496e-01   1.20630e-01   1.20757e-01   1.20870e-01   1.20963e-01   1.21034e-01   1.21081e-01   1.21109e-01   1.21122e-01   1.21126e-01   1.21122e-01   1.21109e-01   1.21081e-01   1.21034e-01   1.20963e-01   1.20870e-01   1.20757e-01   1.20630e-01   1.20496e-01   1.20368e-01   1.20263e-01   1.20206e-01   1.20228e-01
  -3.15000e-03   1.37491e-01   1.37462e-01   1.37518e-01   1.37625e-01   1.37753e-01   1.37885e-01   1.38008e-01   1.38113e-01   1.38196e-01   1.38253e-01   1.38286e-01   1.38299e-01   1.38301e-01   1.38301e-01   1.38301e-01   1.38299e-01   1.38286e-01   1.38253e-01   1.38196e-01   1.38113e-01   1.38008e-01   1.37885e-01   1.37753e-01   1.37625e-01   1.37518e-01   1.37462e-01   1.37491e-01
  -3.60000e-03   1.57886e-01   1.57849e-01   1.57907e-01   1.58017e-01   1.58146e-01   1.58276e-01   1.58393e-01   1.58488e-01   1.58558e-01   1.58598e-01   1.58612e-01   1.58606e-01   1.58592e-01   1.58585e-01   1.58592e-01   1.58606e-01   1.58612e-01   1.58598e-01   1.58558e-01   1.58488e-01   1.58393e-01   1.58276e-01   1.58146e-01   1.58017e-01   1.57907e-01   1.57849e-01   1.57886e-01
