# Author : Radia User
# 
# Total Length of Longitudinal Interval [m]
2
# Number of Horizontal Points
27
# Number of Vertical Points
17
# Total Horizontal 2nd Order Kick [T2m2]
START
                -1.30000e-02  -1.20000e-02  -1.10000e-02  -1.00000e-02  -9.00000e-03  -8.00000e-03  -7.00000e-03  -6.00000e-03  -5.00000e-03  -4.00000e-03  -3.00000e-03  -2.00000e-03  -1.00000e-03   0.00000e+00   1.00000e-03   2.00000e-03   3.00000e-03   4.00000e-03   5.00000e-03   6.00000e-03   7.00000e-03   8.00000e-03   9.00000e-03   1.00000e-02   1.10000e-02   1.20000e-02   1.30000e-02
   3.60000e-03  -3.44253e-04  -3.21899e-04  -2.79025e-04  -2.39784e-04  -2.04094e-04  -1.71783e-04  -1.42546e-04  -1.16018e-04  -9.18564e-05  -6.98011e-05  -4.97199e-05  -3.15754e-05  -1.52112e-05   0.00000e+00   1.52112e-05   3.15754e-05   4.97199e-05   6.98011e-05   9.18564e-05   1.16018e-04   1.42546e-04   1.71783e-04   2.04094e-04   2.39784e-04   2.79025e-04   3.21899e-04   3.44253e-04
   3.15000e-03  -3.47139e-04  -3.23974e-04  -2.79919e-04  -2.40162e-04  -2.04285e-04  -1.71940e-04  -1.42751e-04  -1.16331e-04  -9.23257e-05  -7.04529e-05  -5.05177e-05  -3.23655e-05  -1.57243e-05   0.00000e+00   1.57243e-05   3.23655e-05   5.05177e-05   7.04529e-05   9.23257e-05   1.16331e-04   1.42751e-04   1.71940e-04   2.04285e-04   2.40162e-04   2.79919e-04   3.23974e-04   3.47139e-04
   2.70000e-03  -3.49848e-04  -3.25969e-04  -2.80836e-04  -2.40555e-04  -2.04464e-04  -1.72064e-04  -1.42907e-04  -1.16574e-04  -9.26945e-05  -7.09590e-05  -5.11203e-05  -3.29430e-05  -1.60895e-05   0.00000e+00   1.60895e-05   3.29430e-05   5.11203e-05   7.09590e-05   9.26945e-05   1.16574e-04   1.42907e-04   1.72064e-04   2.04464e-04   2.40555e-04   2.80836e-04   3.25969e-04   3.49848e-04
   2.25000e-03  -3.52253e-04  -3.27771e-04  -2.81703e-04  -2.40935e-04  -2.04628e-04  -1.72163e-04  -1.43024e-04  -1.16760e-04  -9.29778e-05  -7.13442e-05  -5.15697e-05  -3.33632e-05  -1.63499e-05   0.00000e+00   1.63499e-05   3.33632e-05   5.15697e-05   7.13442e-05   9.29778e-05   1.16760e-04   1.43024e-04   1.72163e-04   2.04628e-04   2.40935e-04   2.81703e-04   3.27771e-04   3.52253e-04
   1.80000e-03  -3.54277e-04  -3.29307e-04  -2.82469e-04  -2.41277e-04  -2.04771e-04  -1.72240e-04  -1.43109e-04  -1.16897e-04  -9.31894e-05  -7.16304e-05  -5.18983e-05  -3.36647e-05  -1.65341e-05   0.00000e+00   1.65341e-05   3.36647e-05   5.18983e-05   7.16304e-05   9.31894e-05   1.16897e-04   1.43109e-04   1.72240e-04   2.04771e-04   2.41277e-04   2.82469e-04   3.29307e-04   3.54277e-04
   1.35000e-03  -3.55876e-04  -3.30533e-04  -2.83096e-04  -2.41561e-04  -2.04889e-04  -1.72298e-04  -1.43169e-04  -1.16994e-04  -9.33412e-05  -7.18350e-05  -5.21307e-05  -3.38752e-05  -1.66613e-05   0.00000e+00   1.66613e-05   3.38752e-05   5.21307e-05   7.18350e-05   9.33412e-05   1.16994e-04   1.43169e-04   1.72298e-04   2.04889e-04   2.41561e-04   2.83096e-04   3.30533e-04   3.55876e-04
   9.00000e-04  -3.57028e-04  -3.31422e-04  -2.83559e-04  -2.41774e-04  -2.04977e-04  -1.72339e-04  -1.43209e-04  -1.17059e-04  -9.34427e-05  -7.19716e-05  -5.22848e-05  -3.40134e-05  -1.67442e-05   0.00000e+00   1.67442e-05   3.40134e-05   5.22848e-05   7.19716e-05   9.34427e-05   1.17059e-04   1.43209e-04   1.72339e-04   2.04977e-04   2.41774e-04   2.83559e-04   3.31422e-04   3.57028e-04
   4.50000e-04  -3.57723e-04  -3.31960e-04  -2.83843e-04  -2.41906e-04  -2.05031e-04  -1.72363e-04  -1.43232e-04  -1.17096e-04  -9.35008e-05  -7.20498e-05  -5.23726e-05  -3.40917e-05  -1.67910e-05   0.00000e+00   1.67910e-05   3.40917e-05   5.23726e-05   7.20498e-05   9.35008e-05   1.17096e-04   1.43232e-04   1.72363e-04   2.05031e-04   2.41906e-04   2.83843e-04   3.31960e-04   3.57723e-04
   0.00000e+00  -3.57954e-04  -3.32140e-04  -2.83938e-04  -2.41950e-04  -2.05050e-04  -1.72371e-04  -1.43239e-04  -1.17108e-04  -9.35197e-05  -7.20753e-05  -5.24011e-05  -3.41171e-05  -1.68061e-05   0.00000e+00   1.68061e-05   3.41171e-05   5.24011e-05   7.20753e-05   9.35197e-05   1.17108e-04   1.43239e-04   1.72371e-04   2.05050e-04   2.41950e-04   2.83938e-04   3.32140e-04   3.57954e-04
  -4.50000e-04  -3.57723e-04  -3.31960e-04  -2.83843e-04  -2.41906e-04  -2.05031e-04  -1.72363e-04  -1.43232e-04  -1.17096e-04  -9.35008e-05  -7.20498e-05  -5.23726e-05  -3.40917e-05  -1.67910e-05   0.00000e+00   1.67910e-05   3.40917e-05   5.23726e-05   7.20498e-05   9.35008e-05   1.17096e-04   1.43232e-04   1.72363e-04   2.05031e-04   2.41906e-04   2.83843e-04   3.31960e-04   3.57723e-04
  -9.00000e-04  -3.57028e-04  -3.31422e-04  -2.83559e-04  -2.41774e-04  -2.04977e-04  -1.72339e-04  -1.43209e-04  -1.17059e-04  -9.34427e-05  -7.19716e-05  -5.22848e-05  -3.40134e-05  -1.67442e-05   0.00000e+00   1.67442e-05   3.40134e-05   5.22848e-05   7.19716e-05   9.34427e-05   1.17059e-04   1.43209e-04   1.72339e-04   2.04977e-04   2.41774e-04   2.83559e-04   3.31422e-04   3.57028e-04
  -1.35000e-03  -3.55876e-04  -3.30533e-04  -2.83096e-04  -2.41561e-04  -2.04889e-04  -1.72298e-04  -1.43169e-04  -1.16994e-04  -9.33412e-05  -7.18350e-05  -5.21307e-05  -3.38752e-05  -1.66613e-05   0.00000e+00   1.66613e-05   3.38752e-05   5.21307e-05   7.18350e-05   9.33412e-05   1.16994e-04   1.43169e-04   1.72298e-04   2.04889e-04   2.41561e-04   2.83096e-04   3.30533e-04   3.55876e-04
  -1.80000e-03  -3.54277e-04  -3.29307e-04  -2.82469e-04  -2.41277e-04  -2.04771e-04  -1.72240e-04  -1.43109e-04  -1.16897e-04  -9.31894e-05  -7.16304e-05  -5.18983e-05  -3.36647e-05  -1.65341e-05   0.00000e+00   1.65341e-05   3.36647e-05   5.18983e-05   7.16304e-05   9.31894e-05   1.16897e-04   1.43109e-04   1.72240e-04   2.04771e-04   2.41277e-04   2.82469e-04   3.29307e-04   3.54277e-04
  -2.25000e-03  -3.52253e-04  -3.27771e-04  -2.81703e-04  -2.40935e-04  -2.04628e-04  -1.72163e-04  -1.43024e-04  -1.16760e-04  -9.29778e-05  -7.13442e-05  -5.15697e-05  -3.33632e-05  -1.63499e-05   0.00000e+00   1.63499e-05   3.33632e-05   5.15697e-05   7.13442e-05   9.29778e-05   1.16760e-04   1.43024e-04   1.72163e-04   2.04628e-04   2.40935e-04   2.81703e-04   3.27771e-04   3.52253e-04
  -2.70000e-03  -3.49848e-04  -3.25969e-04  -2.80836e-04  -2.40555e-04  -2.04464e-04  -1.72064e-04  -1.42907e-04  -1.16574e-04  -9.26945e-05  -7.09590e-05  -5.11203e-05  -3.29430e-05  -1.60895e-05   0.00000e+00   1.60895e-05   3.29430e-05   5.11203e-05   7.09590e-05   9.26945e-05   1.16574e-04   1.42907e-04   1.72064e-04   2.04464e-04   2.40555e-04   2.80836e-04   3.25969e-04   3.49848e-04
  -3.15000e-03  -3.47139e-04  -3.23974e-04  -2.79919e-04  -2.40162e-04  -2.04285e-04  -1.71940e-04  -1.42751e-04  -1.16331e-04  -9.23257e-05  -7.04529e-05  -5.05177e-05  -3.23655e-05  -1.57243e-05   0.00000e+00   1.57243e-05   3.23654e-05   5.05177e-05   7.04529e-05   9.23257e-05   1.16331e-04   1.42751e-04   1.71940e-04   2.04285e-04   2.40162e-04   2.79919e-04   3.23974e-04   3.47139e-04
  -3.60000e-03  -3.44253e-04  -3.21899e-04  -2.79025e-04  -2.39784e-04  -2.04094e-04  -1.71783e-04  -1.42546e-04  -1.16018e-04  -9.18564e-05  -6.98011e-05  -4.97199e-05  -3.15754e-05  -1.52112e-05   0.00000e+00   1.52112e-05   3.15754e-05   4.97199e-05   6.98011e-05   9.18564e-05   1.16018e-04   1.42546e-04   1.71783e-04   2.04094e-04   2.39784e-04   2.79025e-04   3.21899e-04   3.44253e-04
# Total Vertical 2nd Order Kick [T2m2]
START
                -1.30000e-02  -1.20000e-02  -1.10000e-02  -1.00000e-02  -9.00000e-03  -8.00000e-03  -7.00000e-03  -6.00000e-03  -5.00000e-03  -4.00000e-03  -3.00000e-03  -2.00000e-03  -1.00000e-03   0.00000e+00   1.00000e-03   2.00000e-03   3.00000e-03   4.00000e-03   5.00000e-03   6.00000e-03   7.00000e-03   8.00000e-03   9.00000e-03   1.00000e-02   1.10000e-02   1.20000e-02   1.30000e-02
   3.60000e-03  -1.92251e-03  -1.91610e-03  -1.91329e-03  -1.91212e-03  -1.91161e-03  -1.91128e-03  -1.91091e-03  -1.91036e-03  -1.90952e-03  -1.90828e-03  -1.90662e-03  -1.90473e-03  -1.90311e-03  -1.90245e-03  -1.90311e-03  -1.90473e-03  -1.90662e-03  -1.90828e-03  -1.90952e-03  -1.91036e-03  -1.91091e-03  -1.91128e-03  -1.91161e-03  -1.91212e-03  -1.91329e-03  -1.91610e-03  -1.92251e-03
   3.15000e-03  -1.77666e-03  -1.77044e-03  -1.76761e-03  -1.76642e-03  -1.76590e-03  -1.76559e-03  -1.76527e-03  -1.76479e-03  -1.76404e-03  -1.76293e-03  -1.76146e-03  -1.75982e-03  -1.75842e-03  -1.75786e-03  -1.75842e-03  -1.75982e-03  -1.76146e-03  -1.76293e-03  -1.76404e-03  -1.76479e-03  -1.76527e-03  -1.76559e-03  -1.76590e-03  -1.76642e-03  -1.76761e-03  -1.77044e-03  -1.77666e-03
   2.70000e-03  -1.49264e-03  -1.48696e-03  -1.48420e-03  -1.48299e-03  -1.48249e-03  -1.48223e-03  -1.48199e-03  -1.48162e-03  -1.48104e-03  -1.48018e-03  -1.47906e-03  -1.47784e-03  -1.47684e-03  -1.47645e-03  -1.47684e-03  -1.47784e-03  -1.47906e-03  -1.48018e-03  -1.48104e-03  -1.48162e-03  -1.48199e-03  -1.48223e-03  -1.48249e-03  -1.48299e-03  -1.48420e-03  -1.48696e-03  -1.49264e-03
   2.25000e-03  -1.22274e-03  -1.21782e-03  -1.21532e-03  -1.21419e-03  -1.21372e-03  -1.21350e-03  -1.21333e-03  -1.21306e-03  -1.21261e-03  -1.21196e-03  -1.21112e-03  -1.21023e-03  -1.20951e-03  -1.20924e-03  -1.20951e-03  -1.21023e-03  -1.21112e-03  -1.21196e-03  -1.21261e-03  -1.21306e-03  -1.21333e-03  -1.21350e-03  -1.21372e-03  -1.21419e-03  -1.21532e-03  -1.21782e-03  -1.22274e-03
   1.80000e-03  -9.64453e-04  -9.60427e-04  -9.58315e-04  -9.57332e-04  -9.56923e-04  -9.56751e-04  -9.56622e-04  -9.56427e-04  -9.56101e-04  -9.55620e-04  -9.55011e-04  -9.54373e-04  -9.53873e-04  -9.53681e-04  -9.53873e-04  -9.54373e-04  -9.55011e-04  -9.55620e-04  -9.56101e-04  -9.56427e-04  -9.56622e-04  -9.56751e-04  -9.56923e-04  -9.57332e-04  -9.58315e-04  -9.60427e-04  -9.64453e-04
   1.35000e-03  -7.15369e-04  -7.12312e-04  -7.10669e-04  -7.09889e-04  -7.09563e-04  -7.09432e-04  -7.09343e-04  -7.09210e-04  -7.08983e-04  -7.08647e-04  -7.08224e-04  -7.07788e-04  -7.07450e-04  -7.07321e-04  -7.07450e-04  -7.07788e-04  -7.08224e-04  -7.08647e-04  -7.08983e-04  -7.09210e-04  -7.09343e-04  -7.09432e-04  -7.09563e-04  -7.09889e-04  -7.10669e-04  -7.12312e-04  -7.15369e-04
   9.00000e-04  -4.73133e-04  -4.71081e-04  -4.69961e-04  -4.69421e-04  -4.69195e-04  -4.69106e-04  -4.69050e-04  -4.68967e-04  -4.68825e-04  -4.68613e-04  -4.68347e-04  -4.68075e-04  -4.67866e-04  -4.67787e-04  -4.67866e-04  -4.68075e-04  -4.68347e-04  -4.68613e-04  -4.68825e-04  -4.68967e-04  -4.69050e-04  -4.69106e-04  -4.69195e-04  -4.69421e-04  -4.69961e-04  -4.71081e-04  -4.73133e-04
   4.50000e-04  -2.35435e-04  -2.34406e-04  -2.33839e-04  -2.33564e-04  -2.33448e-04  -2.33403e-04  -2.33376e-04  -2.33337e-04  -2.33268e-04  -2.33165e-04  -2.33038e-04  -2.32907e-04  -2.32807e-04  -2.32770e-04  -2.32807e-04  -2.32907e-04  -2.33038e-04  -2.33165e-04  -2.33268e-04  -2.33337e-04  -2.33376e-04  -2.33403e-04  -2.33448e-04  -2.33564e-04  -2.33839e-04  -2.34406e-04  -2.35435e-04
   0.00000e+00   0.00000e+00   0.00000e+00   0.00000e+00   0.00000e+00   0.00000e+00   0.00000e+00   0.00000e+00   0.00000e+00   0.00000e+00   0.00000e+00   0.00000e+00   0.00000e+00   0.00000e+00   0.00000e+00   0.00000e+00   0.00000e+00   0.00000e+00   0.00000e+00   0.00000e+00   0.00000e+00   0.00000e+00   0.00000e+00   0.00000e+00   0.00000e+00   0.00000e+00   0.00000e+00   0.00000e+00
  -4.50000e-04   2.35435e-04   2.34406e-04   2.33839e-04   2.33564e-04   2.33448e-04   2.33403e-04   2.33376e-04   2.33337e-04   2.33268e-04   2.33165e-04   2.33038e-04   2.32907e-04   2.32807e-04   2.32770e-04   2.32807e-04   2.32907e-04   2.33038e-04   2.33165e-04   2.33268e-04   2.33337e-04   2.33376e-04   2.33403e-04   2.33448e-04   2.33564e-04   2.33839e-04   2.34406e-04   2.35435e-04
  -9.00000e-04   4.73133e-04   4.71081e-04   4.69961e-04   4.69421e-04   4.69195e-04   4.69106e-04   4.69050e-04   4.68967e-04   4.68825e-04   4.68613e-04   4.68347e-04   4.68075e-04   4.67866e-04   4.67787e-04   4.67866e-04   4.68075e-04   4.68347e-04   4.68613e-04   4.68825e-04   4.68967e-04   4.69050e-04   4.69106e-04   4.69195e-04   4.69421e-04   4.69961e-04   4.71081e-04   4.73133e-04
  -1.35000e-03   7.15369e-04   7.12312e-04   7.10669e-04   7.09889e-04   7.09563e-04   7.09432e-04   7.09343e-04   7.09210e-04   7.08983e-04   7.08647e-04   7.08224e-04   7.07788e-04   7.07450e-04   7.07321e-04   7.07450e-04   7.07788e-04   7.08224e-04   7.08647e-04   7.08983e-04   7.09210e-04   7.09343e-04   7.09432e-04   7.09563e-04   7.09889e-04   7.10669e-04   7.12312e-04   7.15369e-04
  -1.80000e-03   9.64453e-04   9.60427e-04   9.58315e-04   9.57332e-04   9.56923e-04   9.56751e-04   9.56622e-04   9.56427e-04   9.56101e-04   9.55620e-04   9.55011e-04   9.54373e-04   9.53873e-04   9.53681e-04   9.53873e-04   9.54373e-04   9.55011e-04   9.55620e-04   9.56101e-04   9.56427e-04   9.56622e-04   9.56751e-04   9.56923e-04   9.57332e-04   9.58315e-04   9.60427e-04   9.64453e-04
  -2.25000e-03   1.22274e-03   1.21782e-03   1.21532e-03   1.21419e-03   1.21372e-03   1.21350e-03   1.21333e-03   1.21306e-03   1.21261e-03   1.21196e-03   1.21112e-03   1.21023e-03   1.20951e-03   1.20924e-03   1.20951e-03   1.21023e-03   1.21112e-03   1.21196e-03   1.21261e-03   1.21306e-03   1.21333e-03   1.21350e-03   1.21372e-03   1.21419e-03   1.21532e-03   1.21782e-03   1.22274e-03
  -2.70000e-03   1.49264e-03   1.48696e-03   1.48420e-03   1.48299e-03   1.48249e-03   1.48223e-03   1.48199e-03   1.48162e-03   1.48104e-03   1.48018e-03   1.47906e-03   1.47784e-03   1.47684e-03   1.47645e-03   1.47684e-03   1.47784e-03   1.47906e-03   1.48018e-03   1.48104e-03   1.48162e-03   1.48199e-03   1.48223e-03   1.48249e-03   1.48299e-03   1.48420e-03   1.48696e-03   1.49264e-03
  -3.15000e-03   1.77666e-03   1.77044e-03   1.76761e-03   1.76642e-03   1.76590e-03   1.76559e-03   1.76527e-03   1.76479e-03   1.76404e-03   1.76293e-03   1.76146e-03   1.75982e-03   1.75842e-03   1.75786e-03   1.75842e-03   1.75982e-03   1.76146e-03   1.76293e-03   1.76404e-03   1.76479e-03   1.76527e-03   1.76559e-03   1.76590e-03   1.76642e-03   1.76761e-03   1.77044e-03   1.77666e-03
  -3.60000e-03   1.92251e-03   1.91610e-03   1.91329e-03   1.91212e-03   1.91161e-03   1.91128e-03   1.91091e-03   1.91036e-03   1.90952e-03   1.90828e-03   1.90662e-03   1.90473e-03   1.90311e-03   1.90245e-03   1.90311e-03   1.90473e-03   1.90662e-03   1.90828e-03   1.90952e-03   1.91036e-03   1.91091e-03   1.91128e-03   1.91161e-03   1.91212e-03   1.91329e-03   1.91610e-03   1.92251e-03
# Total Longitudinally Integrated Squared Transverse Magnetic Field [T2m]
START
                -1.30000e-02  -1.20000e-02  -1.10000e-02  -1.00000e-02  -9.00000e-03  -8.00000e-03  -7.00000e-03  -6.00000e-03  -5.00000e-03  -4.00000e-03  -3.00000e-03  -2.00000e-03  -1.00000e-03   0.00000e+00   1.00000e-03   2.00000e-03   3.00000e-03   4.00000e-03   5.00000e-03   6.00000e-03   7.00000e-03   8.00000e-03   9.00000e-03   1.00000e-02   1.10000e-02   1.20000e-02   1.30000e-02
   3.60000e-03   5.38299e-01   5.46284e-01   5.53228e-01   5.59217e-01   5.64335e-01   5.68665e-01   5.72283e-01   5.75257e-01   5.77646e-01   5.79501e-01   5.80870e-01   5.81797e-01   5.82327e-01   5.82498e-01   5.82327e-01   5.81797e-01   5.80870e-01   5.79501e-01   5.77646e-01   5.75257e-01   5.72283e-01   5.68665e-01   5.64335e-01   5.59217e-01   5.53228e-01   5.46284e-01   5.38299e-01
   3.15000e-03   5.17757e-01   5.25811e-01   5.32784e-01   5.38785e-01   5.43908e-01   5.48241e-01   5.51863e-01   5.54842e-01   5.57240e-01   5.59108e-01   5.60493e-01   5.61440e-01   5.61987e-01   5.62166e-01   5.61987e-01   5.61440e-01   5.60493e-01   5.59108e-01   5.57240e-01   5.54842e-01   5.51863e-01   5.48241e-01   5.43908e-01   5.38785e-01   5.32784e-01   5.25811e-01   5.17757e-01
   2.70000e-03   5.00366e-01   5.08482e-01   5.15486e-01   5.21499e-01   5.26628e-01   5.30964e-01   5.34588e-01   5.37572e-01   5.39976e-01   5.41854e-01   5.43253e-01   5.44214e-01   5.44773e-01   5.44956e-01   5.44773e-01   5.44214e-01   5.43253e-01   5.41854e-01   5.39976e-01   5.37572e-01   5.34588e-01   5.30964e-01   5.26628e-01   5.21499e-01   5.15486e-01   5.08482e-01   5.00366e-01
   2.25000e-03   4.85942e-01   4.94114e-01   5.01145e-01   5.07171e-01   5.12305e-01   5.16643e-01   5.20269e-01   5.23256e-01   5.25665e-01   5.27551e-01   5.28959e-01   5.29931e-01   5.30499e-01   5.30686e-01   5.30499e-01   5.29931e-01   5.28959e-01   5.27551e-01   5.25665e-01   5.23256e-01   5.20269e-01   5.16643e-01   5.12305e-01   5.07171e-01   5.01145e-01   4.94114e-01   4.85942e-01
   1.80000e-03   4.74335e-01   4.82554e-01   4.89610e-01   4.95647e-01   5.00785e-01   5.05125e-01   5.08753e-01   5.11741e-01   5.14154e-01   5.16046e-01   5.17462e-01   5.18441e-01   5.19015e-01   5.19204e-01   5.19015e-01   5.18441e-01   5.17462e-01   5.16046e-01   5.14154e-01   5.11741e-01   5.08753e-01   5.05125e-01   5.00785e-01   4.95647e-01   4.89610e-01   4.82554e-01   4.74335e-01
   1.35000e-03   4.65427e-01   4.73683e-01   4.80759e-01   4.86805e-01   4.91947e-01   4.96288e-01   4.99917e-01   5.02907e-01   5.05323e-01   5.07219e-01   5.08640e-01   5.09625e-01   5.10203e-01   5.10394e-01   5.10203e-01   5.09625e-01   5.08640e-01   5.07219e-01   5.05323e-01   5.02907e-01   4.99917e-01   4.96288e-01   4.91947e-01   4.86805e-01   4.80759e-01   4.73683e-01   4.65427e-01
   9.00000e-04   4.59127e-01   4.67411e-01   4.74501e-01   4.80554e-01   4.85699e-01   4.90041e-01   4.93670e-01   4.96662e-01   4.99079e-01   5.00978e-01   5.02402e-01   5.03391e-01   5.03972e-01   5.04163e-01   5.03972e-01   5.03391e-01   5.02402e-01   5.00978e-01   4.99079e-01   4.96662e-01   4.93670e-01   4.90041e-01   4.85699e-01   4.80554e-01   4.74501e-01   4.67411e-01   4.59127e-01
   4.50000e-04   4.55373e-01   4.63673e-01   4.70771e-01   4.76829e-01   4.81975e-01   4.86318e-01   4.89948e-01   4.92940e-01   4.95359e-01   4.97258e-01   4.98685e-01   4.99676e-01   5.00258e-01   5.00450e-01   5.00258e-01   4.99676e-01   4.98685e-01   4.97258e-01   4.95359e-01   4.92940e-01   4.89948e-01   4.86318e-01   4.81975e-01   4.76829e-01   4.70771e-01   4.63673e-01   4.55373e-01
   0.00000e+00   4.54126e-01   4.62431e-01   4.69532e-01   4.75591e-01   4.80738e-01   4.85082e-01   4.88711e-01   4.91704e-01   4.94123e-01   4.96023e-01   4.97450e-01   4.98441e-01   4.99024e-01   4.99217e-01   4.99024e-01   4.98441e-01   4.97450e-01   4.96023e-01   4.94123e-01   4.91704e-01   4.88711e-01   4.85082e-01   4.80738e-01   4.75591e-01   4.69532e-01   4.62431e-01   4.54126e-01
  -4.50000e-04   4.55373e-01   4.63673e-01   4.70771e-01   4.76829e-01   4.81975e-01   4.86318e-01   4.89948e-01   4.92940e-01   4.95359e-01   4.97258e-01   4.98685e-01   4.99676e-01   5.00258e-01   5.00450e-01   5.00258e-01   4.99676e-01   4.98685e-01   4.97258e-01   4.95359e-01   4.92940e-01   4.89948e-01   4.86318e-01   4.81975e-01   4.76829e-01   4.70771e-01   4.63673e-01   4.55373e-01
  -9.00000e-04   4.59127e-01   4.67411e-01   4.74501e-01   4.80554e-01   4.85699e-01   4.90041e-01   4.93670e-01   4.96662e-01   4.99079e-01   5.00978e-01   5.02402e-01   5.03391e-01   5.03972e-01   5.04163e-01   5.03972e-01   5.03391e-01   5.02402e-01   5.00978e-01   4.99079e-01   4.96662e-01   4.93670e-01   4.90041e-01   4.85699e-01   4.80554e-01   4.74501e-01   4.67411e-01   4.59127e-01
  -1.35000e-03   4.65427e-01   4.73683e-01   4.80759e-01   4.86805e-01   4.91947e-01   4.96288e-01   4.99917e-01   5.02907e-01   5.05323e-01   5.07219e-01   5.08640e-01   5.09625e-01   5.10203e-01   5.10394e-01   5.10203e-01   5.09625e-01   5.08640e-01   5.07219e-01   5.05323e-01   5.02907e-01   4.99917e-01   4.96288e-01   4.91947e-01   4.86805e-01   4.80759e-01   4.73683e-01   4.65427e-01
  -1.80000e-03   4.74335e-01   4.82554e-01   4.89610e-01   4.95647e-01   5.00785e-01   5.05125e-01   5.08753e-01   5.11741e-01   5.14154e-01   5.16046e-01   5.17462e-01   5.18441e-01   5.19015e-01   5.19204e-01   5.19015e-01   5.18441e-01   5.17462e-01   5.16046e-01   5.14154e-01   5.11741e-01   5.08753e-01   5.05125e-01   5.00785e-01   4.95647e-01   4.89610e-01   4.82554e-01   4.74335e-01
  -2.25000e-03   4.85942e-01   4.94114e-01   5.01145e-01   5.07171e-01   5.12305e-01   5.16643e-01   5.20269e-01   5.23256e-01   5.25665e-01   5.27551e-01   5.28959e-01   5.29931e-01   5.30499e-01   5.30686e-01   5.30499e-01   5.29931e-01   5.28959e-01   5.27551e-01   5.25665e-01   5.23256e-01   5.20269e-01   5.16643e-01   5.12305e-01   5.07171e-01   5.01145e-01   4.94114e-01   4.85942e-01
  -2.70000e-03   5.00366e-01   5.08482e-01   5.15486e-01   5.21499e-01   5.26628e-01   5.30964e-01   5.34588e-01   5.37572e-01   5.39976e-01   5.41854e-01   5.43253e-01   5.44214e-01   5.44773e-01   5.44956e-01   5.44773e-01   5.44214e-01   5.43253e-01   5.41854e-01   5.39976e-01   5.37572e-01   5.34588e-01   5.30964e-01   5.26628e-01   5.21499e-01   5.15486e-01   5.08482e-01   5.00366e-01
  -3.15000e-03   5.17757e-01   5.25811e-01   5.32784e-01   5.38785e-01   5.43908e-01   5.48241e-01   5.51863e-01   5.54842e-01   5.57240e-01   5.59108e-01   5.60493e-01   5.61440e-01   5.61987e-01   5.62166e-01   5.61987e-01   5.61440e-01   5.60493e-01   5.59108e-01   5.57240e-01   5.54842e-01   5.51863e-01   5.48241e-01   5.43908e-01   5.38785e-01   5.32784e-01   5.25811e-01   5.17757e-01
  -3.60000e-03   5.38299e-01   5.46284e-01   5.53228e-01   5.59217e-01   5.64335e-01   5.68665e-01   5.72283e-01   5.75257e-01   5.77646e-01   5.79501e-01   5.80870e-01   5.81797e-01   5.82327e-01   5.82498e-01   5.82327e-01   5.81797e-01   5.80870e-01   5.79501e-01   5.77646e-01   5.75257e-01   5.72283e-01   5.68665e-01   5.64335e-01   5.59217e-01   5.53228e-01   5.46284e-01   5.38299e-01
