# Author : Radia User
# 
# Total Length of Longitudinal Interval [m]
2
# Number of Horizontal Points
27
# Number of Vertical Points
17
# Total Horizontal 2nd Order Kick [T2m2]
START
                -1.30000e-02  -1.20000e-02  -1.10000e-02  -1.00000e-02  -9.00000e-03  -8.00000e-03  -7.00000e-03  -6.00000e-03  -5.00000e-03  -4.00000e-03  -3.00000e-03  -2.00000e-03  -1.00000e-03   0.00000e+00   1.00000e-03   2.00000e-03   3.00000e-03   4.00000e-03   5.00000e-03   6.00000e-03   7.00000e-03   8.00000e-03   9.00000e-03   1.00000e-02   1.10000e-02   1.20000e-02   1.30000e-02
   3.60000e-03   6.11772e-05   5.49249e-05   4.38564e-05   3.53060e-05   2.86391e-05   2.33780e-05   1.91845e-05   1.58062e-05   1.30272e-05   1.06278e-05   8.35299e-06   5.91991e-06   3.12070e-06   0.00000e+00  -3.12070e-06  -5.91991e-06  -8.35299e-06  -1.06278e-05  -1.30272e-05  -1.58062e-05  -1.91845e-05  -2.33780e-05  -2.86391e-05  -3.53060e-05  -4.38564e-05  -5.49249e-05  -6.11772e-05
   3.15000e-03   6.12637e-05   5.51284e-05   4.41538e-05   3.54998e-05   2.86589e-05   2.32135e-05   1.88442e-05   1.53010e-05   1.23702e-05   9.84706e-06   7.51794e-06   5.17191e-06   2.66365e-06   0.00000e+00  -2.66365e-06  -5.17191e-06  -7.51794e-06  -9.84706e-06  -1.23702e-05  -1.53010e-05  -1.88442e-05  -2.32135e-05  -2.86589e-05  -3.54998e-05  -4.41538e-05  -5.51284e-05  -6.12637e-05
   2.70000e-03   6.13495e-05   5.52854e-05   4.43665e-05   3.56386e-05   2.86673e-05   2.30774e-05   1.85672e-05   1.48930e-05   1.18476e-05   9.24133e-06   6.89139e-06   4.63055e-06   2.34216e-06   0.00000e+00  -2.34216e-06  -4.63055e-06  -6.89139e-06  -9.24133e-06  -1.18476e-05  -1.48930e-05  -1.85672e-05  -2.30774e-05  -2.86673e-05  -3.56386e-05  -4.43665e-05  -5.52854e-05  -6.13495e-05
   2.25000e-03   6.14664e-05   5.54337e-05   4.45295e-05   3.57404e-05   2.86691e-05   2.29669e-05   1.83460e-05   1.45701e-05   1.14399e-05   8.77891e-06   6.42601e-06   4.23976e-06   2.11516e-06   0.00000e+00  -2.11516e-06  -4.23976e-06  -6.42601e-06  -8.77891e-06  -1.14399e-05  -1.45701e-05  -1.83460e-05  -2.29669e-05  -2.86691e-05  -3.57404e-05  -4.45295e-05  -5.54337e-05  -6.14664e-05
   1.80000e-03   6.16112e-05   5.55813e-05   4.46604e-05   3.58166e-05   2.86678e-05   2.28797e-05   1.81740e-05   1.43216e-05   1.11301e-05   8.43371e-06   6.08620e-06   3.96072e-06   1.95579e-06   0.00000e+00  -1.95579e-06  -3.96072e-06  -6.08620e-06  -8.43371e-06  -1.11301e-05  -1.43216e-05  -1.81740e-05  -2.28797e-05  -2.86678e-05  -3.58166e-05  -4.46604e-05  -5.55813e-05  -6.16112e-05
   1.35000e-03   6.17635e-05   5.57201e-05   4.47654e-05   3.58738e-05   2.86658e-05   2.28140e-05   1.80461e-05   1.41381e-05   1.09038e-05   8.18524e-06   5.84579e-06   3.76664e-06   1.84635e-06   0.00000e+00  -1.84635e-06  -3.76664e-06  -5.84579e-06  -8.18524e-06  -1.09038e-05  -1.41381e-05  -1.80461e-05  -2.28140e-05  -2.86658e-05  -3.58738e-05  -4.47654e-05  -5.57201e-05  -6.17635e-05
   9.00000e-04   6.18970e-05   5.58351e-05   4.48441e-05   3.59144e-05   2.86642e-05   2.27683e-05   1.79578e-05   1.40123e-05   1.07500e-05   8.01819e-06   5.68621e-06   3.63939e-06   1.77524e-06   0.00000e+00  -1.77524e-06  -3.63939e-06  -5.68621e-06  -8.01819e-06  -1.07500e-05  -1.40123e-05  -1.79578e-05  -2.27683e-05  -2.86642e-05  -3.59144e-05  -4.48441e-05  -5.58351e-05  -6.18970e-05
   4.50000e-04   6.19880e-05   5.59114e-05   4.48934e-05   3.59390e-05   2.86634e-05   2.27415e-05   1.79061e-05   1.39389e-05   1.06608e-05   7.92201e-06   5.59509e-06   3.56732e-06   1.73520e-06   0.00000e+00  -1.73520e-06  -3.56732e-06  -5.59509e-06  -7.92201e-06  -1.06608e-05  -1.39389e-05  -1.79061e-05  -2.27415e-05  -2.86634e-05  -3.59390e-05  -4.48934e-05  -5.59114e-05  -6.19880e-05
   0.00000e+00   6.20203e-05   5.59381e-05   4.49103e-05   3.59473e-05   2.86632e-05   2.27326e-05   1.78890e-05   1.39148e-05   1.06315e-05   7.89052e-06   5.56537e-06   3.54390e-06   1.72223e-06   0.00000e+00  -1.72223e-06  -3.54390e-06  -5.56537e-06  -7.89053e-06  -1.06315e-05  -1.39148e-05  -1.78890e-05  -2.27326e-05  -2.86632e-05  -3.59473e-05  -4.49103e-05  -5.59381e-05  -6.20203e-05
  -4.50000e-04   6.19882e-05   5.59116e-05   4.48937e-05   3.59393e-05   2.86636e-05   2.27416e-05   1.79061e-05   1.39388e-05   1.06605e-05   7.92170e-06   5.59476e-06   3.56705e-06   1.73505e-06   0.00000e+00  -1.73505e-06  -3.56705e-06  -5.59476e-06  -7.92170e-06  -1.06605e-05  -1.39388e-05  -1.79061e-05  -2.27416e-05  -2.86636e-05  -3.59393e-05  -4.48937e-05  -5.59116e-05  -6.19882e-05
  -9.00000e-04   6.18975e-05   5.58357e-05   4.48448e-05   3.59150e-05   2.86647e-05   2.27686e-05   1.79578e-05   1.40120e-05   1.07495e-05   8.01756e-06   5.68554e-06   3.63884e-06   1.77492e-06   0.00000e+00  -1.77492e-06  -3.63884e-06  -5.68554e-06  -8.01756e-06  -1.07495e-05  -1.40120e-05  -1.79578e-05  -2.27686e-05  -2.86647e-05  -3.59150e-05  -4.48448e-05  -5.58357e-05  -6.18975e-05
  -1.35000e-03   6.17643e-05   5.57210e-05   4.47664e-05   3.58748e-05   2.86666e-05   2.28144e-05   1.80460e-05   1.41377e-05   1.09030e-05   8.18426e-06   5.84476e-06   3.76578e-06   1.84585e-06   0.00000e+00  -1.84585e-06  -3.76578e-06  -5.84476e-06  -8.18426e-06  -1.09030e-05  -1.41377e-05  -1.80460e-05  -2.28144e-05  -2.86666e-05  -3.58748e-05  -4.47664e-05  -5.57210e-05  -6.17643e-05
  -1.80000e-03   6.16124e-05   5.55826e-05   4.46619e-05   3.58180e-05   2.86688e-05   2.28802e-05   1.81740e-05   1.43210e-05   1.11290e-05   8.43234e-06   6.08475e-06   3.95950e-06   1.95508e-06   0.00000e+00  -1.95508e-06  -3.95950e-06  -6.08475e-06  -8.43234e-06  -1.11290e-05  -1.43210e-05  -1.81740e-05  -2.28802e-05  -2.86688e-05  -3.58180e-05  -4.46619e-05  -5.55826e-05  -6.16124e-05
  -2.25000e-03   6.14680e-05   5.54355e-05   4.45315e-05   3.57422e-05   2.86704e-05   2.29676e-05   1.83459e-05   1.45694e-05   1.14386e-05   8.77710e-06   6.42407e-06   4.23811e-06   2.11419e-06   0.00000e+00  -2.11419e-06  -4.23811e-06  -6.42407e-06  -8.77710e-06  -1.14386e-05  -1.45694e-05  -1.83459e-05  -2.29676e-05  -2.86704e-05  -3.57422e-05  -4.45315e-05  -5.54355e-05  -6.14680e-05
  -2.70000e-03   6.13518e-05   5.52879e-05   4.43692e-05   3.56410e-05   2.86690e-05   2.30783e-05   1.85672e-05   1.48920e-05   1.18458e-05   9.23901e-06   6.88887e-06   4.62837e-06   2.34088e-06   0.00000e+00  -2.34088e-06  -4.62837e-06  -6.88887e-06  -9.23901e-06  -1.18458e-05  -1.48920e-05  -1.85672e-05  -2.30783e-05  -2.86690e-05  -3.56410e-05  -4.43692e-05  -5.52879e-05  -6.13518e-05
  -3.15000e-03   6.12668e-05   5.51318e-05   4.41573e-05   3.55028e-05   2.86610e-05   2.32145e-05   1.88442e-05   1.52998e-05   1.23680e-05   9.84414e-06   7.51473e-06   5.16908e-06   2.66196e-06   0.00000e+00  -2.66196e-06  -5.16908e-06  -7.51473e-06  -9.84414e-06  -1.23680e-05  -1.52998e-05  -1.88442e-05  -2.32145e-05  -2.86610e-05  -3.55028e-05  -4.41573e-05  -5.51318e-05  -6.12668e-05
  -3.60000e-03   6.11813e-05   5.49293e-05   4.38609e-05   3.53098e-05   2.86417e-05   2.33793e-05   1.91844e-05   1.58047e-05   1.30245e-05   1.06242e-05   8.34892e-06   5.91625e-06   3.11848e-06   0.00000e+00  -3.11848e-06  -5.91625e-06  -8.34893e-06  -1.06242e-05  -1.30245e-05  -1.58047e-05  -1.91844e-05  -2.33793e-05  -2.86417e-05  -3.53098e-05  -4.38609e-05  -5.49293e-05  -6.11813e-05
# Total Vertical 2nd Order Kick [T2m2]
START
                -1.30000e-02  -1.20000e-02  -1.10000e-02  -1.00000e-02  -9.00000e-03  -8.00000e-03  -7.00000e-03  -6.00000e-03  -5.00000e-03  -4.00000e-03  -3.00000e-03  -2.00000e-03  -1.00000e-03   0.00000e+00   1.00000e-03   2.00000e-03   3.00000e-03   4.00000e-03   5.00000e-03   6.00000e-03   7.00000e-03   8.00000e-03   9.00000e-03   1.00000e-02   1.10000e-02   1.20000e-02   1.30000e-02
   3.60000e-03  -1.90549e-03  -1.90569e-03  -1.90640e-03  -1.90701e-03  -1.90726e-03  -1.90710e-03  -1.90653e-03  -1.90558e-03  -1.90428e-03  -1.90266e-03  -1.90081e-03  -1.89895e-03  -1.89749e-03  -1.89692e-03  -1.89749e-03  -1.89895e-03  -1.90081e-03  -1.90266e-03  -1.90428e-03  -1.90558e-03  -1.90653e-03  -1.90710e-03  -1.90726e-03  -1.90701e-03  -1.90640e-03  -1.90569e-03  -1.90549e-03
   3.15000e-03  -1.76069e-03  -1.76088e-03  -1.76149e-03  -1.76202e-03  -1.76223e-03  -1.76208e-03  -1.76156e-03  -1.76071e-03  -1.75953e-03  -1.75809e-03  -1.75645e-03  -1.75484e-03  -1.75359e-03  -1.75311e-03  -1.75359e-03  -1.75484e-03  -1.75645e-03  -1.75809e-03  -1.75953e-03  -1.76071e-03  -1.76156e-03  -1.76208e-03  -1.76223e-03  -1.76202e-03  -1.76149e-03  -1.76088e-03  -1.76069e-03
   2.70000e-03  -1.47880e-03  -1.47902e-03  -1.47948e-03  -1.47986e-03  -1.48001e-03  -1.47988e-03  -1.47946e-03  -1.47877e-03  -1.47784e-03  -1.47671e-03  -1.47547e-03  -1.47428e-03  -1.47339e-03  -1.47306e-03  -1.47339e-03  -1.47428e-03  -1.47547e-03  -1.47671e-03  -1.47784e-03  -1.47877e-03  -1.47946e-03  -1.47988e-03  -1.48001e-03  -1.47986e-03  -1.47948e-03  -1.47902e-03  -1.47880e-03
   2.25000e-03  -1.21107e-03  -1.21136e-03  -1.21172e-03  -1.21201e-03  -1.21212e-03  -1.21201e-03  -1.21168e-03  -1.21114e-03  -1.21041e-03  -1.20954e-03  -1.20862e-03  -1.20775e-03  -1.20713e-03  -1.20690e-03  -1.20713e-03  -1.20775e-03  -1.20862e-03  -1.20954e-03  -1.21041e-03  -1.21114e-03  -1.21168e-03  -1.21201e-03  -1.21212e-03  -1.21201e-03  -1.21172e-03  -1.21136e-03  -1.21107e-03
   1.80000e-03  -9.55013e-04  -9.55343e-04  -9.55649e-04  -9.55867e-04  -9.55946e-04  -9.55860e-04  -9.55606e-04  -9.55194e-04  -9.54646e-04  -9.54002e-04  -9.53327e-04  -9.52713e-04  -9.52275e-04  -9.52116e-04  -9.52275e-04  -9.52713e-04  -9.53327e-04  -9.54002e-04  -9.54646e-04  -9.55194e-04  -9.55606e-04  -9.55860e-04  -9.55946e-04  -9.55867e-04  -9.55649e-04  -9.55343e-04  -9.55013e-04
   1.35000e-03  -7.08222e-04  -7.08540e-04  -7.08786e-04  -7.08948e-04  -7.09003e-04  -7.08940e-04  -7.08756e-04  -7.08459e-04  -7.08069e-04  -7.07615e-04  -7.07145e-04  -7.06726e-04  -7.06431e-04  -7.06325e-04  -7.06431e-04  -7.06726e-04  -7.07145e-04  -7.07615e-04  -7.08069e-04  -7.08459e-04  -7.08756e-04  -7.08940e-04  -7.09003e-04  -7.08948e-04  -7.08786e-04  -7.08540e-04  -7.08222e-04
   9.00000e-04  -4.68332e-04  -4.68582e-04  -4.68758e-04  -4.68866e-04  -4.68902e-04  -4.68861e-04  -4.68741e-04  -4.68550e-04  -4.68299e-04  -4.68010e-04  -4.67714e-04  -4.67452e-04  -4.67271e-04  -4.67205e-04  -4.67271e-04  -4.67452e-04  -4.67714e-04  -4.68010e-04  -4.68299e-04  -4.68550e-04  -4.68741e-04  -4.68861e-04  -4.68902e-04  -4.68866e-04  -4.68758e-04  -4.68582e-04  -4.68332e-04
   4.50000e-04  -2.33022e-04  -2.33159e-04  -2.33251e-04  -2.33306e-04  -2.33324e-04  -2.33304e-04  -2.33245e-04  -2.33151e-04  -2.33028e-04  -2.32887e-04  -2.32744e-04  -2.32619e-04  -2.32532e-04  -2.32501e-04  -2.32532e-04  -2.32619e-04  -2.32744e-04  -2.32887e-04  -2.33028e-04  -2.33151e-04  -2.33245e-04  -2.33304e-04  -2.33324e-04  -2.33306e-04  -2.33251e-04  -2.33159e-04  -2.33022e-04
   0.00000e+00   5.75140e-09   5.48332e-09   5.12389e-09   4.74774e-09   4.43299e-09   4.23331e-09   4.17088e-09   4.25392e-09   4.47098e-09   4.79208e-09   5.16251e-09   5.51147e-09   5.76223e-09   5.85396e-09   5.76227e-09   5.51183e-09   5.16325e-09   4.79119e-09   4.47229e-09   4.25312e-09   4.16997e-09   4.23332e-09   4.43632e-09   4.75037e-09   5.12239e-09   5.48566e-09   5.75357e-09
  -4.50000e-04   2.33033e-04   2.33170e-04   2.33261e-04   2.33315e-04   2.33333e-04   2.33312e-04   2.33253e-04   2.33159e-04   2.33037e-04   2.32897e-04   2.32755e-04   2.32630e-04   2.32544e-04   2.32513e-04   2.32544e-04   2.32630e-04   2.32755e-04   2.32897e-04   2.33037e-04   2.33159e-04   2.33253e-04   2.33312e-04   2.33333e-04   2.33315e-04   2.33261e-04   2.33170e-04   2.33033e-04
  -9.00000e-04   4.68344e-04   4.68593e-04   4.68768e-04   4.68876e-04   4.68911e-04   4.68869e-04   4.68750e-04   4.68558e-04   4.68308e-04   4.68019e-04   4.67724e-04   4.67464e-04   4.67283e-04   4.67217e-04   4.67283e-04   4.67464e-04   4.67724e-04   4.68019e-04   4.68308e-04   4.68558e-04   4.68750e-04   4.68869e-04   4.68911e-04   4.68876e-04   4.68768e-04   4.68593e-04   4.68344e-04
  -1.35000e-03   7.08234e-04   7.08551e-04   7.08797e-04   7.08957e-04   7.09012e-04   7.08948e-04   7.08764e-04   7.08468e-04   7.08077e-04   7.07624e-04   7.07156e-04   7.06737e-04   7.06443e-04   7.06337e-04   7.06443e-04   7.06737e-04   7.07156e-04   7.07624e-04   7.08077e-04   7.08468e-04   7.08764e-04   7.08948e-04   7.09012e-04   7.08957e-04   7.08797e-04   7.08551e-04   7.08234e-04
  -1.80000e-03   9.55026e-04   9.55355e-04   9.55660e-04   9.55877e-04   9.55955e-04   9.55868e-04   9.55614e-04   9.55202e-04   9.54655e-04   9.54012e-04   9.53337e-04   9.52724e-04   9.52288e-04   9.52128e-04   9.52288e-04   9.52724e-04   9.53337e-04   9.54012e-04   9.54655e-04   9.55202e-04   9.55614e-04   9.55868e-04   9.55955e-04   9.55877e-04   9.55660e-04   9.55355e-04   9.55026e-04
  -2.25000e-03   1.21108e-03   1.21137e-03   1.21173e-03   1.21202e-03   1.21213e-03   1.21202e-03   1.21169e-03   1.21115e-03   1.21042e-03   1.20955e-03   1.20863e-03   1.20777e-03   1.20714e-03   1.20691e-03   1.20714e-03   1.20777e-03   1.20863e-03   1.20955e-03   1.21042e-03   1.21115e-03   1.21169e-03   1.21202e-03   1.21213e-03   1.21202e-03   1.21173e-03   1.21137e-03   1.21108e-03
  -2.70000e-03   1.47881e-03   1.47904e-03   1.47949e-03   1.47987e-03   1.48002e-03   1.47989e-03   1.47947e-03   1.47878e-03   1.47785e-03   1.47672e-03   1.47548e-03   1.47429e-03   1.47341e-03   1.47307e-03   1.47341e-03   1.47429e-03   1.47548e-03   1.47672e-03   1.47785e-03   1.47878e-03   1.47947e-03   1.47989e-03   1.48002e-03   1.47987e-03   1.47949e-03   1.47904e-03   1.47881e-03
  -3.15000e-03   1.76071e-03   1.76090e-03   1.76150e-03   1.76203e-03   1.76224e-03   1.76209e-03   1.76157e-03   1.76071e-03   1.75954e-03   1.75810e-03   1.75646e-03   1.75485e-03   1.75360e-03   1.75312e-03   1.75360e-03   1.75485e-03   1.75646e-03   1.75810e-03   1.75954e-03   1.76071e-03   1.76157e-03   1.76209e-03   1.76224e-03   1.76203e-03   1.76150e-03   1.76090e-03   1.76071e-03
  -3.60000e-03   1.90551e-03   1.90570e-03   1.90641e-03   1.90702e-03   1.90727e-03   1.90710e-03   1.90654e-03   1.90559e-03   1.90429e-03   1.90267e-03   1.90082e-03   1.89897e-03   1.89750e-03   1.89694e-03   1.89750e-03   1.89897e-03   1.90082e-03   1.90267e-03   1.90429e-03   1.90559e-03   1.90654e-03   1.90710e-03   1.90727e-03   1.90702e-03   1.90641e-03   1.90570e-03   1.90551e-03
# Total Longitudinally Integrated Squared Transverse Magnetic Field [T2m]
START
                -1.30000e-02  -1.20000e-02  -1.10000e-02  -1.00000e-02  -9.00000e-03  -8.00000e-03  -7.00000e-03  -6.00000e-03  -5.00000e-03  -4.00000e-03  -3.00000e-03  -2.00000e-03  -1.00000e-03   0.00000e+00   1.00000e-03   2.00000e-03   3.00000e-03   4.00000e-03   5.00000e-03   6.00000e-03   7.00000e-03   8.00000e-03   9.00000e-03   1.00000e-02   1.10000e-02   1.20000e-02   1.30000e-02
   3.60000e-03   9.30347e-02   9.15918e-02   9.04417e-02   8.95178e-02   8.87694e-02   8.81591e-02   8.76588e-02   8.72469e-02   8.69068e-02   8.66270e-02   8.64014e-02   8.62302e-02   8.61205e-02   8.60823e-02   8.61205e-02   8.62302e-02   8.64014e-02   8.66270e-02   8.69068e-02   8.72469e-02   8.76588e-02   8.81591e-02   8.87694e-02   8.95178e-02   9.04417e-02   9.15918e-02   9.30347e-02
   3.15000e-03   7.26669e-02   7.12223e-02   7.00651e-02   6.91349e-02   6.83840e-02   6.77756e-02   6.72813e-02   6.68793e-02   6.65528e-02   6.62900e-02   6.60838e-02   6.59321e-02   6.58378e-02   6.58055e-02   6.58378e-02   6.59321e-02   6.60838e-02   6.62900e-02   6.65528e-02   6.68793e-02   6.72813e-02   6.77756e-02   6.83840e-02   6.91349e-02   7.00651e-02   7.12223e-02   7.26669e-02
   2.70000e-03   5.54281e-02   5.39818e-02   5.28195e-02   5.18849e-02   5.11322e-02   5.05253e-02   5.00359e-02   4.96419e-02   4.93264e-02   4.90771e-02   4.88856e-02   4.87483e-02   4.86648e-02   4.86367e-02   4.86648e-02   4.87483e-02   4.88856e-02   4.90771e-02   4.93264e-02   4.96419e-02   5.00359e-02   5.05253e-02   5.11322e-02   5.18849e-02   5.28195e-02   5.39818e-02   5.54281e-02
   2.25000e-03   4.11344e-02   3.96856e-02   3.85192e-02   3.75813e-02   3.68274e-02   3.62218e-02   3.57363e-02   3.53488e-02   3.50419e-02   3.48029e-02   3.46227e-02   3.44959e-02   3.44201e-02   3.43948e-02   3.44201e-02   3.44959e-02   3.46227e-02   3.48029e-02   3.50419e-02   3.53488e-02   3.57363e-02   3.62218e-02   3.68274e-02   3.75813e-02   3.85192e-02   3.96856e-02   4.11344e-02
   1.80000e-03   2.96361e-02   2.81839e-02   2.70142e-02   2.60737e-02   2.53188e-02   2.47143e-02   2.42319e-02   2.38494e-02   2.35491e-02   2.33179e-02   2.31459e-02   2.30267e-02   2.29563e-02   2.29330e-02   2.29563e-02   2.30267e-02   2.31459e-02   2.33179e-02   2.35491e-02   2.38494e-02   2.42319e-02   2.47143e-02   2.53188e-02   2.60737e-02   2.70142e-02   2.81839e-02   2.96361e-02
   1.35000e-03   2.08135e-02   1.93578e-02   1.81852e-02   1.72428e-02   1.64873e-02   1.58836e-02   1.54035e-02   1.50246e-02   1.47293e-02   1.45037e-02   1.43377e-02   1.42237e-02   1.41571e-02   1.41351e-02   1.41571e-02   1.42237e-02   1.43377e-02   1.45037e-02   1.47293e-02   1.50246e-02   1.54035e-02   1.58836e-02   1.64873e-02   1.72428e-02   1.81852e-02   1.93578e-02   2.08135e-02
   9.00000e-04   1.45756e-02   1.31169e-02   1.19421e-02   1.09983e-02   1.02423e-02   9.63918e-03   9.16067e-03   8.78434e-03   8.49232e-03   8.27061e-03   8.10847e-03   7.99799e-03   7.93379e-03   7.91273e-03   7.93379e-03   7.99799e-03   8.10847e-03   8.27061e-03   8.49232e-03   8.78434e-03   9.16067e-03   9.63918e-03   1.02423e-02   1.09983e-02   1.19421e-02   1.31169e-02   1.45756e-02
   4.50000e-04   1.08584e-02   9.39754e-03   8.22128e-03   7.27667e-03   6.52044e-03   5.91761e-03   5.44004e-03   5.06519e-03   4.77510e-03   4.55561e-03   4.39573e-03   4.28723e-03   4.22440e-03   4.20383e-03   4.22440e-03   4.28723e-03   4.39573e-03   4.55561e-03   4.77510e-03   5.06519e-03   5.44004e-03   5.91761e-03   6.52044e-03   7.27667e-03   8.22128e-03   9.39754e-03   1.08584e-02
   0.00000e+00   9.62352e-03   8.16193e-03   6.98518e-03   6.04028e-03   5.28397e-03   4.68125e-03   4.20398e-03   3.82962e-03   3.54017e-03   3.32140e-03   3.16225e-03   3.05440e-03   2.99201e-03   2.97159e-03   2.99201e-03   3.05440e-03   3.16225e-03   3.32140e-03   3.54017e-03   3.82962e-03   4.20398e-03   4.68125e-03   5.28397e-03   6.04028e-03   6.98518e-03   8.16193e-03   9.62352e-03
  -4.50000e-04   1.08584e-02   9.39754e-03   8.22128e-03   7.27667e-03   6.52044e-03   5.91761e-03   5.44004e-03   5.06519e-03   4.77510e-03   4.55561e-03   4.39573e-03   4.28723e-03   4.22440e-03   4.20383e-03   4.22440e-03   4.28723e-03   4.39573e-03   4.55561e-03   4.77510e-03   5.06519e-03   5.44004e-03   5.91761e-03   6.52044e-03   7.27667e-03   8.22128e-03   9.39754e-03   1.08584e-02
  -9.00000e-04   1.45756e-02   1.31169e-02   1.19421e-02   1.09983e-02   1.02423e-02   9.63918e-03   9.16067e-03   8.78434e-03   8.49232e-03   8.27061e-03   8.10847e-03   7.99799e-03   7.93379e-03   7.91273e-03   7.93379e-03   7.99799e-03   8.10847e-03   8.27061e-03   8.49232e-03   8.78434e-03   9.16067e-03   9.63918e-03   1.02423e-02   1.09983e-02   1.19421e-02   1.31169e-02   1.45756e-02
  -1.35000e-03   2.08135e-02   1.93578e-02   1.81852e-02   1.72428e-02   1.64873e-02   1.58836e-02   1.54035e-02   1.50246e-02   1.47293e-02   1.45037e-02   1.43377e-02   1.42237e-02   1.41571e-02   1.41351e-02   1.41571e-02   1.42237e-02   1.43377e-02   1.45037e-02   1.47293e-02   1.50246e-02   1.54035e-02   1.58836e-02   1.64873e-02   1.72428e-02   1.81852e-02   1.93578e-02   2.08135e-02
  -1.80000e-03   2.96361e-02   2.81839e-02   2.70142e-02   2.60737e-02   2.53188e-02   2.47143e-02   2.42319e-02   2.38494e-02   2.35491e-02   2.33179e-02   2.31459e-02   2.30267e-02   2.29563e-02   2.29330e-02   2.29563e-02   2.30267e-02   2.31459e-02   2.33179e-02   2.35491e-02   2.38494e-02   2.42319e-02   2.47143e-02   2.53188e-02   2.60737e-02   2.70142e-02   2.81839e-02   2.96361e-02
  -2.25000e-03   4.11344e-02   3.96856e-02   3.85192e-02   3.75813e-02   3.68274e-02   3.62218e-02   3.57363e-02   3.53488e-02   3.50419e-02   3.48029e-02   3.46227e-02   3.44959e-02   3.44201e-02   3.43948e-02   3.44201e-02   3.44959e-02   3.46227e-02   3.48029e-02   3.50419e-02   3.53488e-02   3.57363e-02   3.62218e-02   3.68274e-02   3.75813e-02   3.85192e-02   3.96856e-02   4.11344e-02
  -2.70000e-03   5.54281e-02   5.39818e-02   5.28195e-02   5.18849e-02   5.11322e-02   5.05253e-02   5.00359e-02   4.96419e-02   4.93264e-02   4.90771e-02   4.88856e-02   4.87483e-02   4.86648e-02   4.86367e-02   4.86648e-02   4.87483e-02   4.88856e-02   4.90771e-02   4.93264e-02   4.96419e-02   5.00359e-02   5.05253e-02   5.11322e-02   5.18849e-02   5.28195e-02   5.39818e-02   5.54281e-02
  -3.15000e-03   7.26669e-02   7.12223e-02   7.00651e-02   6.91349e-02   6.83840e-02   6.77756e-02   6.72813e-02   6.68793e-02   6.65528e-02   6.62900e-02   6.60838e-02   6.59321e-02   6.58378e-02   6.58055e-02   6.58378e-02   6.59321e-02   6.60838e-02   6.62900e-02   6.65528e-02   6.68793e-02   6.72813e-02   6.77756e-02   6.83840e-02   6.91349e-02   7.00651e-02   7.12223e-02   7.26669e-02
  -3.60000e-03   9.30347e-02   9.15918e-02   9.04417e-02   8.95178e-02   8.87694e-02   8.81591e-02   8.76588e-02   8.72469e-02   8.69068e-02   8.66270e-02   8.64014e-02   8.62302e-02   8.61205e-02   8.60823e-02   8.61205e-02   8.62302e-02   8.64014e-02   8.66270e-02   8.69068e-02   8.72469e-02   8.76588e-02   8.81591e-02   8.87694e-02   8.95178e-02   9.04417e-02   9.15918e-02   9.30347e-02
