# IVU25t KICKMAP 
# Author: Ximenes R. Resende @ LNLS, Date: 07-Jan-2016 17:08:36
# ID Length [m]
2.0000
# Number of Horizontal Points
81 
# Number of Vertical Points
17 
# Horizontal KickTable in T2m2
START
            -0.01200000 -0.01170000 -0.01140000 -0.01110000 -0.01080000 -0.01050000 -0.01020000 -0.00990000 -0.00960000 -0.00930000 -0.00900000 -0.00870000 -0.00840000 -0.00810000 -0.00780000 -0.00750000 -0.00720000 -0.00690000 -0.00660000 -0.00630000 -0.00600000 -0.00570000 -0.00540000 -0.00510000 -0.00480000 -0.00450000 -0.00420000 -0.00390000 -0.00360000 -0.00330000 -0.00300000 -0.00270000 -0.00240000 -0.00210000 -0.00180000 -0.00150000 -0.00120000 -0.00090000 -0.00060000 -0.00030000 +0.00000000 +0.00030000 +0.00060000 +0.00090000 +0.00120000 +0.00150000 +0.00180000 +0.00210000 +0.00240000 +0.00270000 +0.00300000 +0.00330000 +0.00360000 +0.00390000 +0.00420000 +0.00450000 +0.00480000 +0.00510000 +0.00540000 +0.00570000 +0.00600000 +0.00630000 +0.00660000 +0.00690000 +0.00720000 +0.00750000 +0.00780000 +0.00810000 +0.00840000 +0.00870000 +0.00900000 +0.00930000 +0.00960000 +0.00990000 +0.01020000 +0.01050000 +0.01080000 +0.01110000 +0.01140000 +0.01170000 +0.01200000 
+0.00390000 +1.581E-08 +1.776E-08 +2.005E-08 +2.249E-08 +2.509E-08 +2.788E-08 +3.089E-08 +3.411E-08 +3.760E-08 +4.137E-08 +4.544E-08 +4.986E-08 +5.467E-08 +5.989E-08 +6.559E-08 +7.181E-08 +7.862E-08 +8.608E-08 +9.429E-08 +1.033E-07 +1.134E-07 +1.245E-07 +1.370E-07 +1.511E-07 +1.670E-07 +1.852E-07 +2.063E-07 +2.311E-07 +2.605E-07 +2.965E-07 +3.400E-07 +3.997E-07 +4.628E-07 +6.104E-07 +5.993E-07 +1.458E-06 -3.720E-07 +9.192E-06 -1.921E-05 +1.233E-04 +0.000E+00 -1.233E-04 +1.921E-05 -9.192E-06 +3.720E-07 -1.458E-06 -5.993E-07 -6.104E-07 -4.628E-07 -3.997E-07 -3.400E-07 -2.965E-07 -2.605E-07 -2.311E-07 -2.063E-07 -1.852E-07 -1.670E-07 -1.511E-07 -1.370E-07 -1.245E-07 -1.134E-07 -1.033E-07 -9.429E-08 -8.608E-08 -7.862E-08 -7.181E-08 -6.559E-08 -5.989E-08 -5.467E-08 -4.986E-08 -4.544E-08 -4.137E-08 -3.760E-08 -3.411E-08 -3.089E-08 -2.788E-08 -2.509E-08 -2.249E-08 -2.005E-08 -1.776E-08 -1.581E-08 
+0.00341250 +1.562E-08 +1.754E-08 +1.980E-08 +2.223E-08 +2.483E-08 +2.763E-08 +3.065E-08 +3.392E-08 +3.747E-08 +4.133E-08 +4.553E-08 +5.011E-08 +5.512E-08 +6.062E-08 +6.665E-08 +7.330E-08 +8.064E-08 +8.878E-08 +9.782E-08 +1.079E-07 +1.193E-07 +1.321E-07 +1.468E-07 +1.636E-07 +1.831E-07 +2.061E-07 +2.336E-07 +2.670E-07 +3.084E-07 +3.611E-07 +4.299E-07 +5.230E-07 +6.537E-07 +8.458E-07 +1.145E-06 +1.635E-06 +2.514E-06 +4.085E-06 +7.005E-06 +8.295E-06 +0.000E+00 -8.295E-06 -7.005E-06 -4.085E-06 -2.514E-06 -1.635E-06 -1.145E-06 -8.458E-07 -6.537E-07 -5.230E-07 -4.299E-07 -3.611E-07 -3.084E-07 -2.670E-07 -2.336E-07 -2.061E-07 -1.831E-07 -1.636E-07 -1.468E-07 -1.321E-07 -1.193E-07 -1.079E-07 -9.782E-08 -8.878E-08 -8.064E-08 -7.330E-08 -6.665E-08 -6.062E-08 -5.512E-08 -5.011E-08 -4.553E-08 -4.133E-08 -3.747E-08 -3.392E-08 -3.065E-08 -2.763E-08 -2.483E-08 -2.223E-08 -1.980E-08 -1.754E-08 -1.562E-08 
+0.00292500 +1.543E-08 +1.731E-08 +1.955E-08 +2.195E-08 +2.454E-08 +2.734E-08 +3.037E-08 +3.366E-08 +3.724E-08 +4.115E-08 +4.543E-08 +5.012E-08 +5.527E-08 +6.094E-08 +6.719E-08 +7.411E-08 +8.179E-08 +9.034E-08 +9.989E-08 +1.106E-07 +1.227E-07 +1.365E-07 +1.522E-07 +1.704E-07 +1.916E-07 +2.166E-07 +2.465E-07 +2.828E-07 +3.277E-07 +3.843E-07 +4.571E-07 +5.527E-07 +6.812E-07 +8.570E-07 +1.100E-06 +1.435E-06 +1.869E-06 +2.332E-06 +2.519E-06 +1.805E-06 +0.000E+00 -1.805E-06 -2.519E-06 -2.332E-06 -1.869E-06 -1.435E-06 -1.100E-06 -8.570E-07 -6.812E-07 -5.527E-07 -4.571E-07 -3.843E-07 -3.277E-07 -2.828E-07 -2.465E-07 -2.166E-07 -1.916E-07 -1.704E-07 -1.522E-07 -1.365E-07 -1.227E-07 -1.106E-07 -9.989E-08 -9.034E-08 -8.179E-08 -7.411E-08 -6.719E-08 -6.094E-08 -5.527E-08 -5.012E-08 -4.543E-08 -4.115E-08 -3.724E-08 -3.366E-08 -3.037E-08 -2.734E-08 -2.454E-08 -2.195E-08 -1.955E-08 -1.731E-08 -1.543E-08 
+0.00243750 +1.520E-08 +1.705E-08 +1.926E-08 +2.163E-08 +2.420E-08 +2.698E-08 +3.000E-08 +3.329E-08 +3.688E-08 +4.081E-08 +4.512E-08 +4.985E-08 +5.507E-08 +6.082E-08 +6.717E-08 +7.422E-08 +8.204E-08 +9.076E-08 +1.005E-07 +1.114E-07 +1.238E-07 +1.377E-07 +1.536E-07 +1.718E-07 +1.929E-07 +2.175E-07 +2.464E-07 +2.808E-07 +3.221E-07 +3.724E-07 +4.342E-07 +5.103E-07 +6.043E-07 +7.188E-07 +8.533E-07 +9.980E-07 +1.123E-06 +1.163E-06 +1.020E-06 +6.145E-07 +0.000E+00 -6.145E-07 -1.020E-06 -1.163E-06 -1.123E-06 -9.980E-07 -8.533E-07 -7.188E-07 -6.043E-07 -5.103E-07 -4.342E-07 -3.724E-07 -3.221E-07 -2.808E-07 -2.464E-07 -2.175E-07 -1.929E-07 -1.718E-07 -1.536E-07 -1.377E-07 -1.238E-07 -1.114E-07 -1.005E-07 -9.076E-08 -8.204E-08 -7.422E-08 -6.717E-08 -6.082E-08 -5.507E-08 -4.985E-08 -4.512E-08 -4.081E-08 -3.688E-08 -3.329E-08 -3.000E-08 -2.698E-08 -2.420E-08 -2.163E-08 -1.926E-08 -1.705E-08 -1.520E-08 
+0.00195000 +1.497E-08 +1.679E-08 +1.896E-08 +2.131E-08 +2.385E-08 +2.660E-08 +2.960E-08 +3.288E-08 +3.646E-08 +4.038E-08 +4.469E-08 +4.943E-08 +5.465E-08 +6.041E-08 +6.679E-08 +7.385E-08 +8.168E-08 +9.040E-08 +1.001E-07 +1.110E-07 +1.231E-07 +1.368E-07 +1.521E-07 +1.696E-07 +1.893E-07 +2.119E-07 +2.378E-07 +2.675E-07 +3.019E-07 +3.415E-07 +3.870E-07 +4.388E-07 +4.961E-07 +5.566E-07 +6.144E-07 +6.578E-07 +6.679E-07 +6.197E-07 +4.898E-07 +2.737E-07 +0.000E+00 -2.737E-07 -4.898E-07 -6.197E-07 -6.679E-07 -6.578E-07 -6.144E-07 -5.566E-07 -4.961E-07 -4.388E-07 -3.870E-07 -3.415E-07 -3.019E-07 -2.675E-07 -2.378E-07 -2.119E-07 -1.893E-07 -1.696E-07 -1.521E-07 -1.368E-07 -1.231E-07 -1.110E-07 -1.001E-07 -9.040E-08 -8.168E-08 -7.385E-08 -6.679E-08 -6.041E-08 -5.465E-08 -4.943E-08 -4.469E-08 -4.038E-08 -3.646E-08 -3.288E-08 -2.960E-08 -2.660E-08 -2.385E-08 -2.131E-08 -1.896E-08 -1.679E-08 -1.497E-08 
+0.00146250 +1.476E-08 +1.656E-08 +1.870E-08 +2.102E-08 +2.353E-08 +2.626E-08 +2.923E-08 +3.248E-08 +3.604E-08 +3.995E-08 +4.424E-08 +4.896E-08 +5.416E-08 +5.990E-08 +6.624E-08 +7.325E-08 +8.102E-08 +8.963E-08 +9.917E-08 +1.098E-07 +1.216E-07 +1.347E-07 +1.492E-07 +1.654E-07 +1.835E-07 +2.035E-07 +2.258E-07 +2.503E-07 +2.772E-07 +3.064E-07 +3.374E-07 +3.693E-07 +4.002E-07 +4.268E-07 +4.444E-07 +4.459E-07 +4.228E-07 +3.669E-07 +2.739E-07 +1.471E-07 +0.000E+00 -1.471E-07 -2.739E-07 -3.669E-07 -4.228E-07 -4.459E-07 -4.444E-07 -4.268E-07 -4.002E-07 -3.693E-07 -3.374E-07 -3.064E-07 -2.772E-07 -2.503E-07 -2.258E-07 -2.035E-07 -1.835E-07 -1.654E-07 -1.492E-07 -1.347E-07 -1.216E-07 -1.098E-07 -9.917E-08 -8.963E-08 -8.102E-08 -7.325E-08 -6.624E-08 -5.990E-08 -5.416E-08 -4.896E-08 -4.424E-08 -3.995E-08 -3.604E-08 -3.248E-08 -2.923E-08 -2.626E-08 -2.353E-08 -2.102E-08 -1.870E-08 -1.656E-08 -1.476E-08 
+0.00097500 +1.460E-08 +1.637E-08 +1.849E-08 +2.078E-08 +2.327E-08 +2.598E-08 +2.893E-08 +3.216E-08 +3.570E-08 +3.958E-08 +4.385E-08 +4.854E-08 +5.371E-08 +5.941E-08 +6.571E-08 +7.265E-08 +8.032E-08 +8.880E-08 +9.815E-08 +1.085E-07 +1.199E-07 +1.324E-07 +1.462E-07 +1.612E-07 +1.776E-07 +1.954E-07 +2.145E-07 +2.346E-07 +2.557E-07 +2.769E-07 +2.976E-07 +3.164E-07 +3.314E-07 +3.402E-07 +3.394E-07 +3.255E-07 +2.950E-07 +2.456E-07 +1.772E-07 +9.304E-08 +0.000E+00 -9.304E-08 -1.772E-07 -2.456E-07 -2.950E-07 -3.255E-07 -3.394E-07 -3.402E-07 -3.314E-07 -3.164E-07 -2.976E-07 -2.769E-07 -2.557E-07 -2.346E-07 -2.145E-07 -1.954E-07 -1.776E-07 -1.612E-07 -1.462E-07 -1.324E-07 -1.199E-07 -1.085E-07 -9.815E-08 -8.880E-08 -8.032E-08 -7.265E-08 -6.571E-08 -5.941E-08 -5.371E-08 -4.854E-08 -4.385E-08 -3.958E-08 -3.570E-08 -3.216E-08 -2.893E-08 -2.598E-08 -2.327E-08 -2.078E-08 -1.849E-08 -1.637E-08 -1.460E-08 
+0.00048750 +1.449E-08 +1.625E-08 +1.836E-08 +2.064E-08 +2.311E-08 +2.580E-08 +2.874E-08 +3.195E-08 +3.548E-08 +3.934E-08 +4.359E-08 +4.826E-08 +5.340E-08 +5.907E-08 +6.533E-08 +7.222E-08 +7.981E-08 +8.818E-08 +9.739E-08 +1.075E-07 +1.186E-07 +1.307E-07 +1.439E-07 +1.582E-07 +1.735E-07 +1.897E-07 +2.067E-07 +2.241E-07 +2.414E-07 +2.580E-07 +2.728E-07 +2.845E-07 +2.915E-07 +2.920E-07 +2.837E-07 +2.648E-07 +2.337E-07 +1.899E-07 +1.344E-07 +6.970E-08 +0.000E+00 -6.970E-08 -1.344E-07 -1.899E-07 -2.337E-07 -2.648E-07 -2.837E-07 -2.920E-07 -2.915E-07 -2.845E-07 -2.728E-07 -2.580E-07 -2.414E-07 -2.241E-07 -2.067E-07 -1.897E-07 -1.735E-07 -1.582E-07 -1.439E-07 -1.307E-07 -1.186E-07 -1.075E-07 -9.739E-08 -8.818E-08 -7.981E-08 -7.222E-08 -6.533E-08 -5.907E-08 -5.340E-08 -4.826E-08 -4.359E-08 -3.934E-08 -3.548E-08 -3.195E-08 -2.874E-08 -2.580E-08 -2.311E-08 -2.064E-08 -1.836E-08 -1.625E-08 -1.449E-08 
+0.00000000 +1.446E-08 +1.621E-08 +1.831E-08 +2.058E-08 +2.305E-08 +2.574E-08 +2.867E-08 +3.188E-08 +3.540E-08 +3.926E-08 +4.350E-08 +4.816E-08 +5.330E-08 +5.895E-08 +6.519E-08 +7.206E-08 +7.963E-08 +8.796E-08 +9.712E-08 +1.072E-07 +1.181E-07 +1.301E-07 +1.431E-07 +1.571E-07 +1.720E-07 +1.877E-07 +2.039E-07 +2.204E-07 +2.365E-07 +2.515E-07 +2.644E-07 +2.739E-07 +2.786E-07 +2.766E-07 +2.664E-07 +2.463E-07 +2.154E-07 +1.737E-07 +1.221E-07 +6.307E-08 +0.000E+00 -6.307E-08 -1.221E-07 -1.737E-07 -2.154E-07 -2.463E-07 -2.664E-07 -2.766E-07 -2.786E-07 -2.739E-07 -2.644E-07 -2.515E-07 -2.365E-07 -2.204E-07 -2.039E-07 -1.877E-07 -1.720E-07 -1.571E-07 -1.431E-07 -1.301E-07 -1.181E-07 -1.072E-07 -9.712E-08 -8.796E-08 -7.963E-08 -7.206E-08 -6.519E-08 -5.895E-08 -5.330E-08 -4.816E-08 -4.350E-08 -3.926E-08 -3.540E-08 -3.188E-08 -2.867E-08 -2.574E-08 -2.305E-08 -2.058E-08 -1.831E-08 -1.621E-08 -1.446E-08 
-0.00048750 +1.449E-08 +1.625E-08 +1.836E-08 +2.064E-08 +2.311E-08 +2.580E-08 +2.874E-08 +3.195E-08 +3.548E-08 +3.934E-08 +4.359E-08 +4.826E-08 +5.340E-08 +5.907E-08 +6.533E-08 +7.222E-08 +7.981E-08 +8.818E-08 +9.739E-08 +1.075E-07 +1.186E-07 +1.307E-07 +1.439E-07 +1.582E-07 +1.735E-07 +1.897E-07 +2.067E-07 +2.241E-07 +2.414E-07 +2.580E-07 +2.728E-07 +2.845E-07 +2.915E-07 +2.920E-07 +2.837E-07 +2.648E-07 +2.337E-07 +1.899E-07 +1.344E-07 +6.970E-08 +0.000E+00 -6.970E-08 -1.344E-07 -1.899E-07 -2.337E-07 -2.648E-07 -2.837E-07 -2.920E-07 -2.915E-07 -2.845E-07 -2.728E-07 -2.580E-07 -2.414E-07 -2.241E-07 -2.067E-07 -1.897E-07 -1.735E-07 -1.582E-07 -1.439E-07 -1.307E-07 -1.186E-07 -1.075E-07 -9.739E-08 -8.818E-08 -7.981E-08 -7.222E-08 -6.533E-08 -5.907E-08 -5.340E-08 -4.826E-08 -4.359E-08 -3.934E-08 -3.548E-08 -3.195E-08 -2.874E-08 -2.580E-08 -2.311E-08 -2.064E-08 -1.836E-08 -1.625E-08 -1.449E-08 
-0.00097500 +1.460E-08 +1.637E-08 +1.849E-08 +2.078E-08 +2.327E-08 +2.598E-08 +2.893E-08 +3.216E-08 +3.570E-08 +3.958E-08 +4.385E-08 +4.854E-08 +5.371E-08 +5.941E-08 +6.571E-08 +7.265E-08 +8.032E-08 +8.880E-08 +9.815E-08 +1.085E-07 +1.199E-07 +1.324E-07 +1.462E-07 +1.612E-07 +1.776E-07 +1.954E-07 +2.145E-07 +2.346E-07 +2.557E-07 +2.769E-07 +2.976E-07 +3.164E-07 +3.314E-07 +3.402E-07 +3.394E-07 +3.255E-07 +2.950E-07 +2.456E-07 +1.772E-07 +9.304E-08 +0.000E+00 -9.304E-08 -1.772E-07 -2.456E-07 -2.950E-07 -3.255E-07 -3.394E-07 -3.402E-07 -3.314E-07 -3.164E-07 -2.976E-07 -2.769E-07 -2.557E-07 -2.346E-07 -2.145E-07 -1.954E-07 -1.776E-07 -1.612E-07 -1.462E-07 -1.324E-07 -1.199E-07 -1.085E-07 -9.815E-08 -8.880E-08 -8.032E-08 -7.265E-08 -6.571E-08 -5.941E-08 -5.371E-08 -4.854E-08 -4.385E-08 -3.958E-08 -3.570E-08 -3.216E-08 -2.893E-08 -2.598E-08 -2.327E-08 -2.078E-08 -1.849E-08 -1.637E-08 -1.460E-08 
-0.00146250 +1.476E-08 +1.656E-08 +1.870E-08 +2.102E-08 +2.353E-08 +2.626E-08 +2.923E-08 +3.248E-08 +3.604E-08 +3.995E-08 +4.424E-08 +4.896E-08 +5.416E-08 +5.990E-08 +6.624E-08 +7.325E-08 +8.102E-08 +8.963E-08 +9.917E-08 +1.098E-07 +1.216E-07 +1.347E-07 +1.492E-07 +1.654E-07 +1.835E-07 +2.035E-07 +2.258E-07 +2.503E-07 +2.772E-07 +3.064E-07 +3.374E-07 +3.693E-07 +4.002E-07 +4.268E-07 +4.444E-07 +4.459E-07 +4.228E-07 +3.669E-07 +2.739E-07 +1.471E-07 +0.000E+00 -1.471E-07 -2.739E-07 -3.669E-07 -4.228E-07 -4.459E-07 -4.444E-07 -4.268E-07 -4.002E-07 -3.693E-07 -3.374E-07 -3.064E-07 -2.772E-07 -2.503E-07 -2.258E-07 -2.035E-07 -1.835E-07 -1.654E-07 -1.492E-07 -1.347E-07 -1.216E-07 -1.098E-07 -9.917E-08 -8.963E-08 -8.102E-08 -7.325E-08 -6.624E-08 -5.990E-08 -5.416E-08 -4.896E-08 -4.424E-08 -3.995E-08 -3.604E-08 -3.248E-08 -2.923E-08 -2.626E-08 -2.353E-08 -2.102E-08 -1.870E-08 -1.656E-08 -1.476E-08 
-0.00195000 +1.497E-08 +1.679E-08 +1.896E-08 +2.131E-08 +2.385E-08 +2.660E-08 +2.960E-08 +3.288E-08 +3.646E-08 +4.038E-08 +4.469E-08 +4.943E-08 +5.465E-08 +6.041E-08 +6.679E-08 +7.385E-08 +8.168E-08 +9.040E-08 +1.001E-07 +1.110E-07 +1.231E-07 +1.368E-07 +1.521E-07 +1.696E-07 +1.893E-07 +2.119E-07 +2.378E-07 +2.675E-07 +3.019E-07 +3.415E-07 +3.870E-07 +4.388E-07 +4.961E-07 +5.566E-07 +6.144E-07 +6.578E-07 +6.679E-07 +6.197E-07 +4.898E-07 +2.737E-07 +0.000E+00 -2.737E-07 -4.898E-07 -6.197E-07 -6.679E-07 -6.578E-07 -6.144E-07 -5.566E-07 -4.961E-07 -4.388E-07 -3.870E-07 -3.415E-07 -3.019E-07 -2.675E-07 -2.378E-07 -2.119E-07 -1.893E-07 -1.696E-07 -1.521E-07 -1.368E-07 -1.231E-07 -1.110E-07 -1.001E-07 -9.040E-08 -8.168E-08 -7.385E-08 -6.679E-08 -6.041E-08 -5.465E-08 -4.943E-08 -4.469E-08 -4.038E-08 -3.646E-08 -3.288E-08 -2.960E-08 -2.660E-08 -2.385E-08 -2.131E-08 -1.896E-08 -1.679E-08 -1.497E-08 
-0.00243750 +1.520E-08 +1.705E-08 +1.926E-08 +2.163E-08 +2.420E-08 +2.698E-08 +3.000E-08 +3.329E-08 +3.688E-08 +4.081E-08 +4.512E-08 +4.985E-08 +5.507E-08 +6.082E-08 +6.717E-08 +7.422E-08 +8.204E-08 +9.076E-08 +1.005E-07 +1.114E-07 +1.238E-07 +1.377E-07 +1.536E-07 +1.718E-07 +1.929E-07 +2.175E-07 +2.464E-07 +2.808E-07 +3.221E-07 +3.724E-07 +4.342E-07 +5.103E-07 +6.043E-07 +7.188E-07 +8.533E-07 +9.980E-07 +1.123E-06 +1.163E-06 +1.020E-06 +6.145E-07 +0.000E+00 -6.145E-07 -1.020E-06 -1.163E-06 -1.123E-06 -9.980E-07 -8.533E-07 -7.188E-07 -6.043E-07 -5.103E-07 -4.342E-07 -3.724E-07 -3.221E-07 -2.808E-07 -2.464E-07 -2.175E-07 -1.929E-07 -1.718E-07 -1.536E-07 -1.377E-07 -1.238E-07 -1.114E-07 -1.005E-07 -9.076E-08 -8.204E-08 -7.422E-08 -6.717E-08 -6.082E-08 -5.507E-08 -4.985E-08 -4.512E-08 -4.081E-08 -3.688E-08 -3.329E-08 -3.000E-08 -2.698E-08 -2.420E-08 -2.163E-08 -1.926E-08 -1.705E-08 -1.520E-08 
-0.00292500 +1.543E-08 +1.731E-08 +1.955E-08 +2.195E-08 +2.454E-08 +2.734E-08 +3.037E-08 +3.366E-08 +3.724E-08 +4.115E-08 +4.543E-08 +5.012E-08 +5.527E-08 +6.094E-08 +6.719E-08 +7.411E-08 +8.179E-08 +9.034E-08 +9.989E-08 +1.106E-07 +1.227E-07 +1.365E-07 +1.522E-07 +1.704E-07 +1.916E-07 +2.166E-07 +2.465E-07 +2.828E-07 +3.277E-07 +3.843E-07 +4.571E-07 +5.527E-07 +6.812E-07 +8.570E-07 +1.100E-06 +1.435E-06 +1.869E-06 +2.332E-06 +2.519E-06 +1.805E-06 +0.000E+00 -1.805E-06 -2.519E-06 -2.332E-06 -1.869E-06 -1.435E-06 -1.100E-06 -8.570E-07 -6.812E-07 -5.527E-07 -4.571E-07 -3.843E-07 -3.277E-07 -2.828E-07 -2.465E-07 -2.166E-07 -1.916E-07 -1.704E-07 -1.522E-07 -1.365E-07 -1.227E-07 -1.106E-07 -9.989E-08 -9.034E-08 -8.179E-08 -7.411E-08 -6.719E-08 -6.094E-08 -5.527E-08 -5.012E-08 -4.543E-08 -4.115E-08 -3.724E-08 -3.366E-08 -3.037E-08 -2.734E-08 -2.454E-08 -2.195E-08 -1.955E-08 -1.731E-08 -1.543E-08 
-0.00341250 +1.562E-08 +1.754E-08 +1.980E-08 +2.223E-08 +2.483E-08 +2.763E-08 +3.065E-08 +3.392E-08 +3.747E-08 +4.133E-08 +4.553E-08 +5.011E-08 +5.512E-08 +6.062E-08 +6.665E-08 +7.330E-08 +8.064E-08 +8.878E-08 +9.782E-08 +1.079E-07 +1.193E-07 +1.321E-07 +1.468E-07 +1.636E-07 +1.831E-07 +2.061E-07 +2.336E-07 +2.670E-07 +3.084E-07 +3.611E-07 +4.299E-07 +5.230E-07 +6.537E-07 +8.458E-07 +1.145E-06 +1.635E-06 +2.514E-06 +4.085E-06 +7.005E-06 +8.295E-06 +0.000E+00 -8.295E-06 -7.005E-06 -4.085E-06 -2.514E-06 -1.635E-06 -1.145E-06 -8.458E-07 -6.537E-07 -5.230E-07 -4.299E-07 -3.611E-07 -3.084E-07 -2.670E-07 -2.336E-07 -2.061E-07 -1.831E-07 -1.636E-07 -1.468E-07 -1.321E-07 -1.193E-07 -1.079E-07 -9.782E-08 -8.878E-08 -8.064E-08 -7.330E-08 -6.665E-08 -6.062E-08 -5.512E-08 -5.011E-08 -4.553E-08 -4.133E-08 -3.747E-08 -3.392E-08 -3.065E-08 -2.763E-08 -2.483E-08 -2.223E-08 -1.980E-08 -1.754E-08 -1.562E-08 
-0.00390000 +1.581E-08 +1.776E-08 +2.005E-08 +2.249E-08 +2.509E-08 +2.788E-08 +3.089E-08 +3.411E-08 +3.760E-08 +4.137E-08 +4.544E-08 +4.986E-08 +5.467E-08 +5.989E-08 +6.559E-08 +7.181E-08 +7.862E-08 +8.608E-08 +9.429E-08 +1.033E-07 +1.134E-07 +1.245E-07 +1.370E-07 +1.511E-07 +1.670E-07 +1.852E-07 +2.063E-07 +2.311E-07 +2.605E-07 +2.965E-07 +3.400E-07 +3.997E-07 +4.628E-07 +6.104E-07 +5.993E-07 +1.458E-06 -3.720E-07 +9.192E-06 -1.921E-05 +1.233E-04 +0.000E+00 -1.233E-04 +1.921E-05 -9.192E-06 +3.720E-07 -1.458E-06 -5.993E-07 -6.104E-07 -4.628E-07 -3.997E-07 -3.400E-07 -2.965E-07 -2.605E-07 -2.311E-07 -2.063E-07 -1.852E-07 -1.670E-07 -1.511E-07 -1.370E-07 -1.245E-07 -1.134E-07 -1.033E-07 -9.429E-08 -8.608E-08 -7.862E-08 -7.181E-08 -6.559E-08 -5.989E-08 -5.467E-08 -4.986E-08 -4.544E-08 -4.137E-08 -3.760E-08 -3.411E-08 -3.089E-08 -2.788E-08 -2.509E-08 -2.249E-08 -2.005E-08 -1.776E-08 -1.581E-08 
# Vertical KickTable in T2m2
START
            -0.01200000 -0.01170000 -0.01140000 -0.01110000 -0.01080000 -0.01050000 -0.01020000 -0.00990000 -0.00960000 -0.00930000 -0.00900000 -0.00870000 -0.00840000 -0.00810000 -0.00780000 -0.00750000 -0.00720000 -0.00690000 -0.00660000 -0.00630000 -0.00600000 -0.00570000 -0.00540000 -0.00510000 -0.00480000 -0.00450000 -0.00420000 -0.00390000 -0.00360000 -0.00330000 -0.00300000 -0.00270000 -0.00240000 -0.00210000 -0.00180000 -0.00150000 -0.00120000 -0.00090000 -0.00060000 -0.00030000 +0.00000000 +0.00030000 +0.00060000 +0.00090000 +0.00120000 +0.00150000 +0.00180000 +0.00210000 +0.00240000 +0.00270000 +0.00300000 +0.00330000 +0.00360000 +0.00390000 +0.00420000 +0.00450000 +0.00480000 +0.00510000 +0.00540000 +0.00570000 +0.00600000 +0.00630000 +0.00660000 +0.00690000 +0.00720000 +0.00750000 +0.00780000 +0.00810000 +0.00840000 +0.00870000 +0.00900000 +0.00930000 +0.00960000 +0.00990000 +0.01020000 +0.01050000 +0.01080000 +0.01110000 +0.01140000 +0.01170000 +0.01200000 
+0.00390000 -6.374E-03 -6.374E-03 -6.374E-03 -6.374E-03 -6.374E-03 -6.374E-03 -6.374E-03 -6.374E-03 -6.374E-03 -6.374E-03 -6.374E-03 -6.374E-03 -6.374E-03 -6.374E-03 -6.374E-03 -6.374E-03 -6.374E-03 -6.374E-03 -6.374E-03 -6.374E-03 -6.374E-03 -6.374E-03 -6.374E-03 -6.374E-03 -6.374E-03 -6.374E-03 -6.374E-03 -6.375E-03 -6.375E-03 -6.375E-03 -6.375E-03 -6.375E-03 -6.375E-03 -6.375E-03 -6.375E-03 -6.376E-03 -6.377E-03 -6.379E-03 -6.382E-03 -6.380E-03 -6.235E-03 -6.380E-03 -6.382E-03 -6.379E-03 -6.377E-03 -6.376E-03 -6.375E-03 -6.375E-03 -6.375E-03 -6.375E-03 -6.375E-03 -6.375E-03 -6.375E-03 -6.375E-03 -6.374E-03 -6.374E-03 -6.374E-03 -6.374E-03 -6.374E-03 -6.374E-03 -6.374E-03 -6.374E-03 -6.374E-03 -6.374E-03 -6.374E-03 -6.374E-03 -6.374E-03 -6.374E-03 -6.374E-03 -6.374E-03 -6.374E-03 -6.374E-03 -6.374E-03 -6.374E-03 -6.374E-03 -6.374E-03 -6.374E-03 -6.374E-03 -6.374E-03 -6.374E-03 -6.374E-03 
+0.00341250 -4.836E-03 -4.836E-03 -4.836E-03 -4.836E-03 -4.836E-03 -4.836E-03 -4.836E-03 -4.836E-03 -4.836E-03 -4.836E-03 -4.836E-03 -4.836E-03 -4.836E-03 -4.836E-03 -4.836E-03 -4.836E-03 -4.836E-03 -4.836E-03 -4.836E-03 -4.836E-03 -4.836E-03 -4.836E-03 -4.836E-03 -4.836E-03 -4.836E-03 -4.836E-03 -4.836E-03 -4.836E-03 -4.836E-03 -4.836E-03 -4.836E-03 -4.836E-03 -4.836E-03 -4.836E-03 -4.836E-03 -4.836E-03 -4.836E-03 -4.836E-03 -4.835E-03 -4.830E-03 -4.802E-03 -4.830E-03 -4.835E-03 -4.836E-03 -4.836E-03 -4.836E-03 -4.836E-03 -4.836E-03 -4.836E-03 -4.836E-03 -4.836E-03 -4.836E-03 -4.836E-03 -4.836E-03 -4.836E-03 -4.836E-03 -4.836E-03 -4.836E-03 -4.836E-03 -4.836E-03 -4.836E-03 -4.836E-03 -4.836E-03 -4.836E-03 -4.836E-03 -4.836E-03 -4.836E-03 -4.836E-03 -4.836E-03 -4.836E-03 -4.836E-03 -4.836E-03 -4.836E-03 -4.836E-03 -4.836E-03 -4.836E-03 -4.836E-03 -4.836E-03 -4.836E-03 -4.836E-03 -4.836E-03 
+0.00292500 -3.633E-03 -3.633E-03 -3.633E-03 -3.633E-03 -3.633E-03 -3.633E-03 -3.633E-03 -3.633E-03 -3.633E-03 -3.633E-03 -3.633E-03 -3.633E-03 -3.633E-03 -3.633E-03 -3.633E-03 -3.633E-03 -3.633E-03 -3.633E-03 -3.633E-03 -3.633E-03 -3.633E-03 -3.633E-03 -3.633E-03 -3.633E-03 -3.633E-03 -3.633E-03 -3.633E-03 -3.633E-03 -3.633E-03 -3.633E-03 -3.633E-03 -3.633E-03 -3.633E-03 -3.632E-03 -3.632E-03 -3.632E-03 -3.632E-03 -3.631E-03 -3.630E-03 -3.627E-03 -3.632E-03 -3.627E-03 -3.630E-03 -3.631E-03 -3.632E-03 -3.632E-03 -3.632E-03 -3.632E-03 -3.633E-03 -3.633E-03 -3.633E-03 -3.633E-03 -3.633E-03 -3.633E-03 -3.633E-03 -3.633E-03 -3.633E-03 -3.633E-03 -3.633E-03 -3.633E-03 -3.633E-03 -3.633E-03 -3.633E-03 -3.633E-03 -3.633E-03 -3.633E-03 -3.633E-03 -3.633E-03 -3.633E-03 -3.633E-03 -3.633E-03 -3.633E-03 -3.633E-03 -3.633E-03 -3.633E-03 -3.633E-03 -3.633E-03 -3.633E-03 -3.633E-03 -3.633E-03 -3.633E-03 
+0.00243750 -2.758E-03 -2.758E-03 -2.758E-03 -2.758E-03 -2.758E-03 -2.758E-03 -2.758E-03 -2.758E-03 -2.758E-03 -2.758E-03 -2.758E-03 -2.758E-03 -2.758E-03 -2.758E-03 -2.758E-03 -2.758E-03 -2.758E-03 -2.758E-03 -2.758E-03 -2.758E-03 -2.758E-03 -2.758E-03 -2.758E-03 -2.758E-03 -2.758E-03 -2.758E-03 -2.758E-03 -2.758E-03 -2.758E-03 -2.758E-03 -2.758E-03 -2.758E-03 -2.758E-03 -2.758E-03 -2.757E-03 -2.757E-03 -2.757E-03 -2.757E-03 -2.756E-03 -2.756E-03 -2.754E-03 -2.756E-03 -2.756E-03 -2.757E-03 -2.757E-03 -2.757E-03 -2.757E-03 -2.758E-03 -2.758E-03 -2.758E-03 -2.758E-03 -2.758E-03 -2.758E-03 -2.758E-03 -2.758E-03 -2.758E-03 -2.758E-03 -2.758E-03 -2.758E-03 -2.758E-03 -2.758E-03 -2.758E-03 -2.758E-03 -2.758E-03 -2.758E-03 -2.758E-03 -2.758E-03 -2.758E-03 -2.758E-03 -2.758E-03 -2.758E-03 -2.758E-03 -2.758E-03 -2.758E-03 -2.758E-03 -2.758E-03 -2.758E-03 -2.758E-03 -2.758E-03 -2.758E-03 -2.758E-03 
+0.00195000 -2.025E-03 -2.025E-03 -2.025E-03 -2.025E-03 -2.025E-03 -2.025E-03 -2.025E-03 -2.025E-03 -2.025E-03 -2.025E-03 -2.025E-03 -2.025E-03 -2.025E-03 -2.025E-03 -2.025E-03 -2.025E-03 -2.025E-03 -2.025E-03 -2.025E-03 -2.025E-03 -2.025E-03 -2.025E-03 -2.025E-03 -2.025E-03 -2.025E-03 -2.025E-03 -2.025E-03 -2.025E-03 -2.025E-03 -2.025E-03 -2.025E-03 -2.025E-03 -2.025E-03 -2.025E-03 -2.024E-03 -2.024E-03 -2.024E-03 -2.024E-03 -2.024E-03 -2.023E-03 -2.024E-03 -2.023E-03 -2.024E-03 -2.024E-03 -2.024E-03 -2.024E-03 -2.024E-03 -2.025E-03 -2.025E-03 -2.025E-03 -2.025E-03 -2.025E-03 -2.025E-03 -2.025E-03 -2.025E-03 -2.025E-03 -2.025E-03 -2.025E-03 -2.025E-03 -2.025E-03 -2.025E-03 -2.025E-03 -2.025E-03 -2.025E-03 -2.025E-03 -2.025E-03 -2.025E-03 -2.025E-03 -2.025E-03 -2.025E-03 -2.025E-03 -2.025E-03 -2.025E-03 -2.025E-03 -2.025E-03 -2.025E-03 -2.025E-03 -2.025E-03 -2.025E-03 -2.025E-03 -2.025E-03 
+0.00146250 -1.421E-03 -1.421E-03 -1.421E-03 -1.421E-03 -1.421E-03 -1.421E-03 -1.421E-03 -1.421E-03 -1.421E-03 -1.421E-03 -1.421E-03 -1.421E-03 -1.421E-03 -1.421E-03 -1.421E-03 -1.421E-03 -1.421E-03 -1.421E-03 -1.421E-03 -1.421E-03 -1.421E-03 -1.421E-03 -1.421E-03 -1.421E-03 -1.421E-03 -1.421E-03 -1.421E-03 -1.421E-03 -1.421E-03 -1.421E-03 -1.421E-03 -1.421E-03 -1.421E-03 -1.421E-03 -1.421E-03 -1.421E-03 -1.421E-03 -1.421E-03 -1.421E-03 -1.421E-03 -1.421E-03 -1.421E-03 -1.421E-03 -1.421E-03 -1.421E-03 -1.421E-03 -1.421E-03 -1.421E-03 -1.421E-03 -1.421E-03 -1.421E-03 -1.421E-03 -1.421E-03 -1.421E-03 -1.421E-03 -1.421E-03 -1.421E-03 -1.421E-03 -1.421E-03 -1.421E-03 -1.421E-03 -1.421E-03 -1.421E-03 -1.421E-03 -1.421E-03 -1.421E-03 -1.421E-03 -1.421E-03 -1.421E-03 -1.421E-03 -1.421E-03 -1.421E-03 -1.421E-03 -1.421E-03 -1.421E-03 -1.421E-03 -1.421E-03 -1.421E-03 -1.421E-03 -1.421E-03 -1.421E-03 
+0.00097500 -9.022E-04 -9.022E-04 -9.022E-04 -9.022E-04 -9.022E-04 -9.022E-04 -9.022E-04 -9.022E-04 -9.022E-04 -9.022E-04 -9.022E-04 -9.022E-04 -9.022E-04 -9.022E-04 -9.022E-04 -9.022E-04 -9.022E-04 -9.022E-04 -9.022E-04 -9.022E-04 -9.022E-04 -9.022E-04 -9.022E-04 -9.022E-04 -9.022E-04 -9.022E-04 -9.022E-04 -9.022E-04 -9.022E-04 -9.022E-04 -9.021E-04 -9.021E-04 -9.021E-04 -9.021E-04 -9.020E-04 -9.020E-04 -9.019E-04 -9.019E-04 -9.018E-04 -9.018E-04 -9.018E-04 -9.018E-04 -9.018E-04 -9.019E-04 -9.019E-04 -9.020E-04 -9.020E-04 -9.021E-04 -9.021E-04 -9.021E-04 -9.021E-04 -9.022E-04 -9.022E-04 -9.022E-04 -9.022E-04 -9.022E-04 -9.022E-04 -9.022E-04 -9.022E-04 -9.022E-04 -9.022E-04 -9.022E-04 -9.022E-04 -9.022E-04 -9.022E-04 -9.022E-04 -9.022E-04 -9.022E-04 -9.022E-04 -9.022E-04 -9.022E-04 -9.022E-04 -9.022E-04 -9.022E-04 -9.022E-04 -9.022E-04 -9.022E-04 -9.022E-04 -9.022E-04 -9.022E-04 -9.022E-04 
+0.00048750 -4.380E-04 -4.380E-04 -4.380E-04 -4.380E-04 -4.380E-04 -4.380E-04 -4.380E-04 -4.379E-04 -4.379E-04 -4.379E-04 -4.379E-04 -4.379E-04 -4.379E-04 -4.379E-04 -4.379E-04 -4.379E-04 -4.379E-04 -4.379E-04 -4.379E-04 -4.379E-04 -4.379E-04 -4.379E-04 -4.379E-04 -4.379E-04 -4.379E-04 -4.379E-04 -4.379E-04 -4.379E-04 -4.379E-04 -4.379E-04 -4.379E-04 -4.379E-04 -4.379E-04 -4.379E-04 -4.378E-04 -4.378E-04 -4.378E-04 -4.378E-04 -4.378E-04 -4.378E-04 -4.377E-04 -4.378E-04 -4.378E-04 -4.378E-04 -4.378E-04 -4.378E-04 -4.378E-04 -4.379E-04 -4.379E-04 -4.379E-04 -4.379E-04 -4.379E-04 -4.379E-04 -4.379E-04 -4.379E-04 -4.379E-04 -4.379E-04 -4.379E-04 -4.379E-04 -4.379E-04 -4.379E-04 -4.379E-04 -4.379E-04 -4.379E-04 -4.379E-04 -4.379E-04 -4.379E-04 -4.379E-04 -4.379E-04 -4.379E-04 -4.379E-04 -4.379E-04 -4.379E-04 -4.379E-04 -4.380E-04 -4.380E-04 -4.380E-04 -4.380E-04 -4.380E-04 -4.380E-04 -4.380E-04 
+0.00000000 +0.000E+00 +0.000E+00 +0.000E+00 +0.000E+00 +0.000E+00 +0.000E+00 +0.000E+00 +0.000E+00 +0.000E+00 +0.000E+00 +0.000E+00 +0.000E+00 +0.000E+00 +0.000E+00 +0.000E+00 +0.000E+00 +0.000E+00 +0.000E+00 +0.000E+00 +0.000E+00 +0.000E+00 +0.000E+00 +0.000E+00 +0.000E+00 +0.000E+00 +0.000E+00 +0.000E+00 +0.000E+00 +0.000E+00 +0.000E+00 +0.000E+00 +0.000E+00 +0.000E+00 +0.000E+00 +0.000E+00 +0.000E+00 +0.000E+00 +0.000E+00 +0.000E+00 +0.000E+00 +0.000E+00 +0.000E+00 +0.000E+00 +0.000E+00 +0.000E+00 +0.000E+00 +0.000E+00 +0.000E+00 +0.000E+00 +0.000E+00 +0.000E+00 +0.000E+00 +0.000E+00 +0.000E+00 +0.000E+00 +0.000E+00 +0.000E+00 +0.000E+00 +0.000E+00 +0.000E+00 +0.000E+00 +0.000E+00 +0.000E+00 +0.000E+00 +0.000E+00 +0.000E+00 +0.000E+00 +0.000E+00 +0.000E+00 +0.000E+00 +0.000E+00 +0.000E+00 +0.000E+00 +0.000E+00 +0.000E+00 +0.000E+00 +0.000E+00 +0.000E+00 +0.000E+00 +0.000E+00 +0.000E+00 
-0.00048750 +4.380E-04 +4.380E-04 +4.380E-04 +4.380E-04 +4.380E-04 +4.380E-04 +4.380E-04 +4.379E-04 +4.379E-04 +4.379E-04 +4.379E-04 +4.379E-04 +4.379E-04 +4.379E-04 +4.379E-04 +4.379E-04 +4.379E-04 +4.379E-04 +4.379E-04 +4.379E-04 +4.379E-04 +4.379E-04 +4.379E-04 +4.379E-04 +4.379E-04 +4.379E-04 +4.379E-04 +4.379E-04 +4.379E-04 +4.379E-04 +4.379E-04 +4.379E-04 +4.379E-04 +4.379E-04 +4.378E-04 +4.378E-04 +4.378E-04 +4.378E-04 +4.378E-04 +4.378E-04 +4.377E-04 +4.378E-04 +4.378E-04 +4.378E-04 +4.378E-04 +4.378E-04 +4.378E-04 +4.379E-04 +4.379E-04 +4.379E-04 +4.379E-04 +4.379E-04 +4.379E-04 +4.379E-04 +4.379E-04 +4.379E-04 +4.379E-04 +4.379E-04 +4.379E-04 +4.379E-04 +4.379E-04 +4.379E-04 +4.379E-04 +4.379E-04 +4.379E-04 +4.379E-04 +4.379E-04 +4.379E-04 +4.379E-04 +4.379E-04 +4.379E-04 +4.379E-04 +4.379E-04 +4.379E-04 +4.380E-04 +4.380E-04 +4.380E-04 +4.380E-04 +4.380E-04 +4.380E-04 +4.380E-04 
-0.00097500 +9.022E-04 +9.022E-04 +9.022E-04 +9.022E-04 +9.022E-04 +9.022E-04 +9.022E-04 +9.022E-04 +9.022E-04 +9.022E-04 +9.022E-04 +9.022E-04 +9.022E-04 +9.022E-04 +9.022E-04 +9.022E-04 +9.022E-04 +9.022E-04 +9.022E-04 +9.022E-04 +9.022E-04 +9.022E-04 +9.022E-04 +9.022E-04 +9.022E-04 +9.022E-04 +9.022E-04 +9.022E-04 +9.022E-04 +9.022E-04 +9.021E-04 +9.021E-04 +9.021E-04 +9.021E-04 +9.020E-04 +9.020E-04 +9.019E-04 +9.019E-04 +9.018E-04 +9.018E-04 +9.018E-04 +9.018E-04 +9.018E-04 +9.019E-04 +9.019E-04 +9.020E-04 +9.020E-04 +9.021E-04 +9.021E-04 +9.021E-04 +9.021E-04 +9.022E-04 +9.022E-04 +9.022E-04 +9.022E-04 +9.022E-04 +9.022E-04 +9.022E-04 +9.022E-04 +9.022E-04 +9.022E-04 +9.022E-04 +9.022E-04 +9.022E-04 +9.022E-04 +9.022E-04 +9.022E-04 +9.022E-04 +9.022E-04 +9.022E-04 +9.022E-04 +9.022E-04 +9.022E-04 +9.022E-04 +9.022E-04 +9.022E-04 +9.022E-04 +9.022E-04 +9.022E-04 +9.022E-04 +9.022E-04 
-0.00146250 +1.421E-03 +1.421E-03 +1.421E-03 +1.421E-03 +1.421E-03 +1.421E-03 +1.421E-03 +1.421E-03 +1.421E-03 +1.421E-03 +1.421E-03 +1.421E-03 +1.421E-03 +1.421E-03 +1.421E-03 +1.421E-03 +1.421E-03 +1.421E-03 +1.421E-03 +1.421E-03 +1.421E-03 +1.421E-03 +1.421E-03 +1.421E-03 +1.421E-03 +1.421E-03 +1.421E-03 +1.421E-03 +1.421E-03 +1.421E-03 +1.421E-03 +1.421E-03 +1.421E-03 +1.421E-03 +1.421E-03 +1.421E-03 +1.421E-03 +1.421E-03 +1.421E-03 +1.421E-03 +1.421E-03 +1.421E-03 +1.421E-03 +1.421E-03 +1.421E-03 +1.421E-03 +1.421E-03 +1.421E-03 +1.421E-03 +1.421E-03 +1.421E-03 +1.421E-03 +1.421E-03 +1.421E-03 +1.421E-03 +1.421E-03 +1.421E-03 +1.421E-03 +1.421E-03 +1.421E-03 +1.421E-03 +1.421E-03 +1.421E-03 +1.421E-03 +1.421E-03 +1.421E-03 +1.421E-03 +1.421E-03 +1.421E-03 +1.421E-03 +1.421E-03 +1.421E-03 +1.421E-03 +1.421E-03 +1.421E-03 +1.421E-03 +1.421E-03 +1.421E-03 +1.421E-03 +1.421E-03 +1.421E-03 
-0.00195000 +2.025E-03 +2.025E-03 +2.025E-03 +2.025E-03 +2.025E-03 +2.025E-03 +2.025E-03 +2.025E-03 +2.025E-03 +2.025E-03 +2.025E-03 +2.025E-03 +2.025E-03 +2.025E-03 +2.025E-03 +2.025E-03 +2.025E-03 +2.025E-03 +2.025E-03 +2.025E-03 +2.025E-03 +2.025E-03 +2.025E-03 +2.025E-03 +2.025E-03 +2.025E-03 +2.025E-03 +2.025E-03 +2.025E-03 +2.025E-03 +2.025E-03 +2.025E-03 +2.025E-03 +2.025E-03 +2.024E-03 +2.024E-03 +2.024E-03 +2.024E-03 +2.024E-03 +2.023E-03 +2.024E-03 +2.023E-03 +2.024E-03 +2.024E-03 +2.024E-03 +2.024E-03 +2.024E-03 +2.025E-03 +2.025E-03 +2.025E-03 +2.025E-03 +2.025E-03 +2.025E-03 +2.025E-03 +2.025E-03 +2.025E-03 +2.025E-03 +2.025E-03 +2.025E-03 +2.025E-03 +2.025E-03 +2.025E-03 +2.025E-03 +2.025E-03 +2.025E-03 +2.025E-03 +2.025E-03 +2.025E-03 +2.025E-03 +2.025E-03 +2.025E-03 +2.025E-03 +2.025E-03 +2.025E-03 +2.025E-03 +2.025E-03 +2.025E-03 +2.025E-03 +2.025E-03 +2.025E-03 +2.025E-03 
-0.00243750 +2.758E-03 +2.758E-03 +2.758E-03 +2.758E-03 +2.758E-03 +2.758E-03 +2.758E-03 +2.758E-03 +2.758E-03 +2.758E-03 +2.758E-03 +2.758E-03 +2.758E-03 +2.758E-03 +2.758E-03 +2.758E-03 +2.758E-03 +2.758E-03 +2.758E-03 +2.758E-03 +2.758E-03 +2.758E-03 +2.758E-03 +2.758E-03 +2.758E-03 +2.758E-03 +2.758E-03 +2.758E-03 +2.758E-03 +2.758E-03 +2.758E-03 +2.758E-03 +2.758E-03 +2.758E-03 +2.757E-03 +2.757E-03 +2.757E-03 +2.757E-03 +2.756E-03 +2.756E-03 +2.754E-03 +2.756E-03 +2.756E-03 +2.757E-03 +2.757E-03 +2.757E-03 +2.757E-03 +2.758E-03 +2.758E-03 +2.758E-03 +2.758E-03 +2.758E-03 +2.758E-03 +2.758E-03 +2.758E-03 +2.758E-03 +2.758E-03 +2.758E-03 +2.758E-03 +2.758E-03 +2.758E-03 +2.758E-03 +2.758E-03 +2.758E-03 +2.758E-03 +2.758E-03 +2.758E-03 +2.758E-03 +2.758E-03 +2.758E-03 +2.758E-03 +2.758E-03 +2.758E-03 +2.758E-03 +2.758E-03 +2.758E-03 +2.758E-03 +2.758E-03 +2.758E-03 +2.758E-03 +2.758E-03 
-0.00292500 +3.633E-03 +3.633E-03 +3.633E-03 +3.633E-03 +3.633E-03 +3.633E-03 +3.633E-03 +3.633E-03 +3.633E-03 +3.633E-03 +3.633E-03 +3.633E-03 +3.633E-03 +3.633E-03 +3.633E-03 +3.633E-03 +3.633E-03 +3.633E-03 +3.633E-03 +3.633E-03 +3.633E-03 +3.633E-03 +3.633E-03 +3.633E-03 +3.633E-03 +3.633E-03 +3.633E-03 +3.633E-03 +3.633E-03 +3.633E-03 +3.633E-03 +3.633E-03 +3.633E-03 +3.632E-03 +3.632E-03 +3.632E-03 +3.632E-03 +3.631E-03 +3.630E-03 +3.627E-03 +3.632E-03 +3.627E-03 +3.630E-03 +3.631E-03 +3.632E-03 +3.632E-03 +3.632E-03 +3.632E-03 +3.633E-03 +3.633E-03 +3.633E-03 +3.633E-03 +3.633E-03 +3.633E-03 +3.633E-03 +3.633E-03 +3.633E-03 +3.633E-03 +3.633E-03 +3.633E-03 +3.633E-03 +3.633E-03 +3.633E-03 +3.633E-03 +3.633E-03 +3.633E-03 +3.633E-03 +3.633E-03 +3.633E-03 +3.633E-03 +3.633E-03 +3.633E-03 +3.633E-03 +3.633E-03 +3.633E-03 +3.633E-03 +3.633E-03 +3.633E-03 +3.633E-03 +3.633E-03 +3.633E-03 
-0.00341250 +4.836E-03 +4.836E-03 +4.836E-03 +4.836E-03 +4.836E-03 +4.836E-03 +4.836E-03 +4.836E-03 +4.836E-03 +4.836E-03 +4.836E-03 +4.836E-03 +4.836E-03 +4.836E-03 +4.836E-03 +4.836E-03 +4.836E-03 +4.836E-03 +4.836E-03 +4.836E-03 +4.836E-03 +4.836E-03 +4.836E-03 +4.836E-03 +4.836E-03 +4.836E-03 +4.836E-03 +4.836E-03 +4.836E-03 +4.836E-03 +4.836E-03 +4.836E-03 +4.836E-03 +4.836E-03 +4.836E-03 +4.836E-03 +4.836E-03 +4.836E-03 +4.835E-03 +4.830E-03 +4.802E-03 +4.830E-03 +4.835E-03 +4.836E-03 +4.836E-03 +4.836E-03 +4.836E-03 +4.836E-03 +4.836E-03 +4.836E-03 +4.836E-03 +4.836E-03 +4.836E-03 +4.836E-03 +4.836E-03 +4.836E-03 +4.836E-03 +4.836E-03 +4.836E-03 +4.836E-03 +4.836E-03 +4.836E-03 +4.836E-03 +4.836E-03 +4.836E-03 +4.836E-03 +4.836E-03 +4.836E-03 +4.836E-03 +4.836E-03 +4.836E-03 +4.836E-03 +4.836E-03 +4.836E-03 +4.836E-03 +4.836E-03 +4.836E-03 +4.836E-03 +4.836E-03 +4.836E-03 +4.836E-03 
-0.00390000 +6.374E-03 +6.374E-03 +6.374E-03 +6.374E-03 +6.374E-03 +6.374E-03 +6.374E-03 +6.374E-03 +6.374E-03 +6.374E-03 +6.374E-03 +6.374E-03 +6.374E-03 +6.374E-03 +6.374E-03 +6.374E-03 +6.374E-03 +6.374E-03 +6.374E-03 +6.374E-03 +6.374E-03 +6.374E-03 +6.374E-03 +6.374E-03 +6.374E-03 +6.374E-03 +6.374E-03 +6.375E-03 +6.375E-03 +6.375E-03 +6.375E-03 +6.375E-03 +6.375E-03 +6.375E-03 +6.375E-03 +6.376E-03 +6.377E-03 +6.379E-03 +6.382E-03 +6.380E-03 +6.235E-03 +6.380E-03 +6.382E-03 +6.379E-03 +6.377E-03 +6.376E-03 +6.375E-03 +6.375E-03 +6.375E-03 +6.375E-03 +6.375E-03 +6.375E-03 +6.375E-03 +6.375E-03 +6.374E-03 +6.374E-03 +6.374E-03 +6.374E-03 +6.374E-03 +6.374E-03 +6.374E-03 +6.374E-03 +6.374E-03 +6.374E-03 +6.374E-03 +6.374E-03 +6.374E-03 +6.374E-03 +6.374E-03 +6.374E-03 +6.374E-03 +6.374E-03 +6.374E-03 +6.374E-03 +6.374E-03 +6.374E-03 +6.374E-03 +6.374E-03 +6.374E-03 +6.374E-03 +6.374E-03 
