# Author : Radia User
# 
# Total Length of Longitudinal Interval [m]
2.0
# Number of Horizontal Points
81
# Number of Vertical Points
17
# Total Horizontal 2nd Order Kick [T2m2]
START
                -4.00000e-03  -3.90000e-03  -3.80000e-03  -3.70000e-03  -3.60000e-03  -3.50000e-03  -3.40000e-03  -3.30000e-03  -3.20000e-03  -3.10000e-03  -3.00000e-03  -2.90000e-03  -2.80000e-03  -2.70000e-03  -2.60000e-03  -2.50000e-03  -2.40000e-03  -2.30000e-03  -2.20000e-03  -2.10000e-03  -2.00000e-03  -1.90000e-03  -1.80000e-03  -1.70000e-03  -1.60000e-03  -1.50000e-03  -1.40000e-03  -1.30000e-03  -1.20000e-03  -1.10000e-03  -1.00000e-03  -9.00000e-04  -8.00000e-04  -7.00000e-04  -6.00000e-04  -5.00000e-04  -4.00000e-04  -3.00000e-04  -2.00000e-04  -1.00000e-04   0.00000e+00   1.00000e-04   2.00000e-04   3.00000e-04   4.00000e-04   5.00000e-04   6.00000e-04   7.00000e-04   8.00000e-04   9.00000e-04   1.00000e-03   1.10000e-03   1.20000e-03   1.30000e-03   1.40000e-03   1.50000e-03   1.60000e-03   1.70000e-03   1.80000e-03   1.90000e-03   2.00000e-03   2.10000e-03   2.20000e-03   2.30000e-03   2.40000e-03   2.50000e-03   2.60000e-03   2.70000e-03   2.80000e-03   2.90000e-03   3.00000e-03   3.10000e-03   3.20000e-03   3.30000e-03   3.40000e-03   3.50000e-03   3.60000e-03   3.70000e-03   3.80000e-03   3.90000e-03   4.00000e-03
   2.30000e-03  -1.67113e-03  -1.86647e-03  -2.28232e-03  -2.74889e-03  -3.26276e-03  -3.80753e-03  -4.34073e-03  -4.76882e-03  -4.89898e-03  -4.34232e-03  -2.29164e-03   3.17808e-03   1.85851e-02   1.21195e-01   2.87356e-01   3.03446e-01   1.61521e-01   5.21539e-02   1.76602e-02   7.12783e-03   4.00479e-03   3.07182e-03   2.74229e-03   2.56002e-03   2.40591e-03   2.25445e-03   2.10278e-03   1.95184e-03   1.80223e-03   1.65389e-03   1.50636e-03   1.35909e-03   1.21155e-03   1.06336e-03   9.14239e-04   7.64061e-04   6.12813e-04   4.60581e-04   3.07538e-04   1.53919e-04   0.00000e+00  -1.53918e-04  -3.07537e-04  -4.60580e-04  -6.12812e-04  -7.64060e-04  -9.14238e-04  -1.06336e-03  -1.21155e-03  -1.35909e-03  -1.50636e-03  -1.65389e-03  -1.80223e-03  -1.95184e-03  -2.10278e-03  -2.25445e-03  -2.40591e-03  -2.56002e-03  -2.74229e-03  -3.07182e-03  -4.00479e-03  -7.12783e-03  -1.76602e-02  -5.21539e-02  -1.61521e-01  -3.03443e-01  -2.87356e-01  -1.21198e-01  -1.85853e-02  -3.17817e-03   2.29163e-03   4.34235e-03   4.89902e-03   4.76886e-03   4.34077e-03   3.80756e-03   3.26279e-03   2.74892e-03   2.28234e-03   1.86649e-03   1.67115e-03
   2.01250e-03  -2.87753e-03  -3.16386e-03  -3.74667e-03  -4.32264e-03  -4.80638e-03  -5.02130e-03  -4.61120e-03  -2.84259e-03   1.98749e-03   1.53125e-02   7.68344e-02   2.63062e-01   3.39281e-01   1.85592e-01   5.97434e-02   1.98392e-02   7.61684e-03   3.99439e-03   2.93197e-03   2.58358e-03   2.41385e-03   2.28078e-03   2.15283e-03   2.02586e-03   1.90067e-03   1.77795e-03   1.65767e-03   1.53937e-03   1.42242e-03   1.30622e-03   1.19027e-03   1.07414e-03   9.57538e-04   8.40276e-04   7.22241e-04   6.03402e-04   4.83792e-04   3.63499e-04   2.42656e-04   1.21428e-04   0.00000e+00  -1.21427e-04  -2.42656e-04  -3.63499e-04  -4.83791e-04  -6.03401e-04  -7.22240e-04  -8.40275e-04  -9.57537e-04  -1.07413e-03  -1.19026e-03  -1.30622e-03  -1.42242e-03  -1.53937e-03  -1.65767e-03  -1.77795e-03  -1.90067e-03  -2.02586e-03  -2.15283e-03  -2.28078e-03  -2.41385e-03  -2.58357e-03  -2.93197e-03  -3.99439e-03  -7.61684e-03  -1.98392e-02  -5.97433e-02  -1.85592e-01  -3.39281e-01  -2.63062e-01  -7.68347e-02  -1.53127e-02  -1.98757e-03   2.84259e-03   4.61124e-03   5.02134e-03   4.80642e-03   4.32268e-03   3.74671e-03   3.16389e-03   2.87756e-03
   1.72500e-03  -4.47578e-03  -4.72059e-03  -5.03393e-03  -4.77683e-03  -3.28147e-03   9.66016e-04   1.25413e-02   5.92460e-02   2.34575e-01   3.46859e-01   2.12875e-01   6.84987e-02   2.23511e-02   8.16781e-03   3.95965e-03   2.74059e-03   2.36444e-03   2.20363e-03   2.08918e-03   1.98229e-03   1.87716e-03   1.77435e-03   1.67457e-03   1.57783e-03   1.48367e-03   1.39144e-03   1.30051e-03   1.21031e-03   1.12037e-03   1.03032e-03   9.39900e-04   8.48909e-04   7.57226e-04   6.64786e-04   5.71574e-04   4.77620e-04   3.82990e-04   2.87782e-04   1.92118e-04   9.61393e-05   0.00000e+00  -9.61387e-05  -1.92117e-04  -2.87781e-04  -3.82989e-04  -4.77619e-04  -5.71573e-04  -6.64785e-04  -7.57226e-04  -8.48909e-04  -9.39899e-04  -1.03032e-03  -1.12037e-03  -1.21031e-03  -1.30051e-03  -1.39144e-03  -1.48367e-03  -1.57783e-03  -1.67457e-03  -1.77435e-03  -1.87716e-03  -1.98229e-03  -2.08918e-03  -2.20363e-03  -2.36444e-03  -2.74059e-03  -3.95965e-03  -8.16781e-03  -2.23510e-02  -6.84986e-02  -2.12875e-01  -3.46859e-01  -2.34575e-01  -5.92463e-02  -1.25415e-02  -9.66076e-04   3.28147e-03   4.77687e-03   5.03397e-03   4.72063e-03   4.47581e-03
   1.43750e-03  -4.55078e-03  -3.55848e-03   1.39888e-04   1.02117e-02   4.71844e-02   2.02166e-01   3.47265e-01   2.43136e-01   7.85919e-02   2.52427e-02   8.78638e-03   3.89349e-03   2.48765e-03   2.07533e-03   1.92161e-03   1.82578e-03   1.74027e-03   1.65714e-03   1.57655e-03   1.49917e-03   1.42500e-03   1.35358e-03   1.28422e-03   1.21625e-03   1.14908e-03   1.08219e-03   1.01520e-03   9.47809e-04   8.79794e-04   8.10997e-04   7.41315e-04   6.70694e-04   5.99119e-04   5.26611e-04   4.53219e-04   3.79021e-04   3.04116e-04   2.28623e-04   1.52674e-04   7.64156e-05   0.00000e+00  -7.64151e-05  -1.52674e-04  -2.28622e-04  -3.04116e-04  -3.79021e-04  -4.53219e-04  -5.26610e-04  -5.99119e-04  -6.70694e-04  -7.41314e-04  -8.10996e-04  -8.79794e-04  -9.47809e-04  -1.01520e-03  -1.08219e-03  -1.14907e-03  -1.21625e-03  -1.28422e-03  -1.35358e-03  -1.42500e-03  -1.49917e-03  -1.57655e-03  -1.65714e-03  -1.74027e-03  -1.82577e-03  -1.92161e-03  -2.07533e-03  -2.48765e-03  -3.89349e-03  -8.78638e-03  -2.52427e-02  -7.85918e-02  -2.43136e-01  -3.47265e-01  -2.02166e-01  -4.71847e-02  -1.02119e-02  -1.39937e-04   3.55849e-03   4.55081e-03
   1.15000e-03   1.47223e-02   3.82838e-02   1.67274e-01   3.42726e-01   2.74978e-01   9.02230e-02   2.85680e-02   9.47666e-03   3.78393e-03   2.15679e-03   1.69969e-03   1.55266e-03   1.47752e-03   1.41614e-03   1.35779e-03   1.30198e-03   1.24924e-03   1.19952e-03   1.15228e-03   1.10680e-03   1.06237e-03   1.01834e-03   9.74214e-04   9.29580e-04   8.84135e-04   8.37657e-04   7.89988e-04   7.41028e-04   6.90720e-04   6.39044e-04   5.86015e-04   5.31672e-04   4.76080e-04   4.19325e-04   3.61511e-04   3.02759e-04   2.43203e-04   1.82990e-04   1.22276e-04   6.12232e-05   0.00000e+00  -6.12228e-05  -1.22275e-04  -1.82990e-04  -2.43203e-04  -3.02758e-04  -3.61510e-04  -4.19324e-04  -4.76079e-04  -5.31671e-04  -5.86014e-04  -6.39044e-04  -6.90719e-04  -7.41028e-04  -7.89988e-04  -8.37657e-04  -8.84135e-04  -9.29580e-04  -9.74214e-04  -1.01834e-03  -1.06236e-03  -1.10680e-03  -1.15228e-03  -1.19951e-03  -1.24924e-03  -1.30198e-03  -1.35779e-03  -1.41613e-03  -1.47752e-03  -1.55265e-03  -1.69968e-03  -2.15679e-03  -3.78393e-03  -9.47665e-03  -2.85680e-02  -9.02229e-02  -2.74978e-01  -3.42726e-01  -1.67274e-01  -3.82842e-02  -1.47225e-02
   8.62500e-04   4.50170e-01   3.04017e-01   1.03632e-01   3.23930e-02   1.02427e-02   3.61377e-03   1.72457e-03   1.21353e-03   1.07446e-03   1.02471e-03   9.93113e-04   9.65314e-04   9.39816e-04   9.16837e-04   8.96182e-04   8.77227e-04   8.59185e-04   8.41296e-04   8.22914e-04   8.03524e-04   7.82743e-04   7.60290e-04   7.35974e-04   7.09673e-04   6.81320e-04   6.50890e-04   6.18393e-04   5.83869e-04   5.47379e-04   5.09006e-04   4.68850e-04   4.27024e-04   3.83657e-04   3.38889e-04   2.92871e-04   2.45764e-04   1.97735e-04   1.48961e-04   9.96231e-05   4.99066e-05   0.00000e+00  -4.99063e-05  -9.96228e-05  -1.48961e-04  -1.97735e-04  -2.45763e-04  -2.92871e-04  -3.38889e-04  -3.83657e-04  -4.27024e-04  -4.68849e-04  -5.09006e-04  -5.47379e-04  -5.83869e-04  -6.18393e-04  -6.50889e-04  -6.81320e-04  -7.09673e-04  -7.35974e-04  -7.60289e-04  -7.82742e-04  -8.03524e-04  -8.22913e-04  -8.41296e-04  -8.59185e-04  -8.77227e-04  -8.96182e-04  -9.16836e-04  -9.39816e-04  -9.65313e-04  -9.93112e-04  -1.02471e-03  -1.07446e-03  -1.21353e-03  -1.72457e-03  -3.61377e-03  -1.02427e-02  -3.23929e-02  -1.03632e-01  -3.04018e-01  -4.50172e-01
   5.75000e-04   1.70906e-02   1.10951e-02   3.36384e-03   1.16224e-03   5.87310e-04   4.60305e-04   4.44697e-04   4.52868e-04   4.65508e-04   4.79592e-04   4.94828e-04   5.10818e-04   5.26852e-04   5.42113e-04   5.55856e-04   5.67475e-04   5.76519e-04   5.82676e-04   5.85749e-04   5.85631e-04   5.82281e-04   5.75709e-04   5.65966e-04   5.53130e-04   5.37299e-04   5.18591e-04   4.97135e-04   4.73071e-04   4.46549e-04   4.17727e-04   3.86769e-04   3.53845e-04   3.19135e-04   2.82819e-04   2.45087e-04   2.06130e-04   1.66147e-04   1.25337e-04   8.39052e-05   4.20569e-05   0.00000e+00  -4.20567e-05  -8.39050e-05  -1.25337e-04  -1.66147e-04  -2.06130e-04  -2.45086e-04  -2.82819e-04  -3.19134e-04  -3.53845e-04  -3.86768e-04  -4.17727e-04  -4.46549e-04  -4.73071e-04  -4.97135e-04  -5.18591e-04  -5.37299e-04  -5.53130e-04  -5.65966e-04  -5.75709e-04  -5.82280e-04  -5.85631e-04  -5.85749e-04  -5.82676e-04  -5.76519e-04  -5.67475e-04  -5.55856e-04  -5.42113e-04  -5.26852e-04  -5.10818e-04  -4.94827e-04  -4.79592e-04  -4.65507e-04  -4.52868e-04  -4.44696e-04  -4.60304e-04  -5.87310e-04  -1.16224e-03  -3.36384e-03  -1.10951e-02  -1.70906e-02
   2.87500e-04  -6.71636e-05  -1.79024e-04  -2.88905e-04  -2.58527e-04  -1.97161e-04  -1.31210e-04  -6.59709e-05  -2.41548e-06   5.89185e-05   1.17368e-04   1.72243e-04   2.22954e-04   2.69066e-04   3.10303e-04   3.46523e-04   3.77693e-04   4.03858e-04   4.25122e-04   4.41626e-04   4.53537e-04   4.61042e-04   4.64335e-04   4.63617e-04   4.59092e-04   4.50965e-04   4.39441e-04   4.24726e-04   4.07026e-04   3.86545e-04   3.63490e-04   3.38066e-04   3.10481e-04   2.80944e-04   2.49665e-04   2.16857e-04   1.82734e-04   1.47512e-04   1.11407e-04   7.46405e-05   3.74310e-05   0.00000e+00  -3.74308e-05  -7.46403e-05  -1.11407e-04  -1.47512e-04  -1.82734e-04  -2.16857e-04  -2.49665e-04  -2.80944e-04  -3.10481e-04  -3.38066e-04  -3.63490e-04  -3.86545e-04  -4.07026e-04  -4.24726e-04  -4.39441e-04  -4.50965e-04  -4.59092e-04  -4.63617e-04  -4.64335e-04  -4.61042e-04  -4.53537e-04  -4.41626e-04  -4.25122e-04  -4.03858e-04  -3.77693e-04  -3.46523e-04  -3.10303e-04  -2.69066e-04  -2.22954e-04  -1.72243e-04  -1.17368e-04  -5.89187e-05   2.41539e-06   6.59709e-05   1.31211e-04   1.97161e-04   2.58528e-04   2.88905e-04   1.79024e-04   6.71633e-05
   0.00000e+00  -7.57506e-04  -7.24063e-04  -6.45178e-04  -5.50766e-04  -4.52534e-04  -3.55240e-04  -2.61285e-04  -1.72114e-04  -8.86514e-05  -1.14691e-05   5.91209e-05   1.23000e-04   1.80189e-04   2.30808e-04   2.75042e-04   3.13117e-04   3.45288e-04   3.71821e-04   3.92986e-04   4.09055e-04   4.20297e-04   4.26973e-04   4.29340e-04   4.27646e-04   4.22135e-04   4.13044e-04   4.00606e-04   3.85049e-04   3.66598e-04   3.45476e-04   3.21903e-04   2.96100e-04   2.68287e-04   2.38684e-04   2.07512e-04   1.74992e-04   1.41347e-04   1.06800e-04   7.15769e-05   3.59016e-05   0.00000e+00  -3.59013e-05  -7.15767e-05  -1.06800e-04  -1.41347e-04  -1.74992e-04  -2.07512e-04  -2.38684e-04  -2.68287e-04  -2.96100e-04  -3.21903e-04  -3.45475e-04  -3.66598e-04  -3.85049e-04  -4.00606e-04  -4.13044e-04  -4.22135e-04  -4.27646e-04  -4.29340e-04  -4.26973e-04  -4.20297e-04  -4.09055e-04  -3.92986e-04  -3.71821e-04  -3.45288e-04  -3.13118e-04  -2.75042e-04  -2.30808e-04  -1.80190e-04  -1.23000e-04  -5.91212e-05   1.14687e-05   8.86509e-05   1.72114e-04   2.61285e-04   3.55239e-04   4.52534e-04   5.50766e-04   6.45178e-04   7.24063e-04   7.57506e-04
  -2.87500e-04   5.97742e-04   2.94494e-04  -9.60452e-05  -1.94181e-04  -1.87680e-04  -1.42343e-04  -8.26296e-05  -1.85284e-05   4.53665e-05   1.06685e-04   1.64103e-04   2.16866e-04   2.64556e-04   3.06975e-04   3.44069e-04   3.75879e-04   4.02513e-04   4.24119e-04   4.40873e-04   4.52970e-04   4.60611e-04   4.64005e-04   4.63363e-04   4.58895e-04   4.50811e-04   4.39321e-04   4.24631e-04   4.06951e-04   3.86485e-04   3.63442e-04   3.38027e-04   3.10450e-04   2.80919e-04   2.49646e-04   2.16842e-04   1.82722e-04   1.47503e-04   1.11401e-04   7.46363e-05   3.74290e-05   0.00000e+00  -3.74287e-05  -7.46361e-05  -1.11401e-04  -1.47502e-04  -1.82722e-04  -2.16842e-04  -2.49646e-04  -2.80919e-04  -3.10450e-04  -3.38027e-04  -3.63442e-04  -3.86485e-04  -4.06951e-04  -4.24631e-04  -4.39320e-04  -4.50811e-04  -4.58895e-04  -4.63363e-04  -4.64005e-04  -4.60611e-04  -4.52970e-04  -4.40874e-04  -4.24119e-04  -4.02513e-04  -3.75879e-04  -3.44069e-04  -3.06975e-04  -2.64556e-04  -2.16866e-04  -1.64103e-04  -1.06685e-04  -4.53669e-05   1.85281e-05   8.26293e-05   1.42343e-04   1.87680e-04   1.94181e-04   9.60466e-05  -2.94491e-04  -5.97737e-04
  -5.75000e-04   2.23124e-02   1.50204e-02   5.30925e-03   2.07737e-03   9.87012e-04   6.13809e-04   4.87315e-04   4.49871e-04   4.46901e-04   4.58262e-04   4.75676e-04   4.95218e-04   5.14745e-04   5.32960e-04   5.49031e-04   5.62419e-04   5.72782e-04   5.79911e-04   5.83697e-04   5.84100e-04   5.81133e-04   5.74843e-04   5.65308e-04   5.52626e-04   5.36911e-04   5.18290e-04   4.96900e-04   4.72887e-04   4.46404e-04   4.17612e-04   3.86677e-04   3.53773e-04   3.19077e-04   2.82773e-04   2.45051e-04   2.06102e-04   1.66126e-04   1.25322e-04   8.38956e-05   4.20522e-05   0.00000e+00  -4.20520e-05  -8.38953e-05  -1.25322e-04  -1.66126e-04  -2.06102e-04  -2.45050e-04  -2.82773e-04  -3.19077e-04  -3.53772e-04  -3.86677e-04  -4.17612e-04  -4.46404e-04  -4.72887e-04  -4.96900e-04  -5.18290e-04  -5.36911e-04  -5.52626e-04  -5.65308e-04  -5.74843e-04  -5.81133e-04  -5.84100e-04  -5.83697e-04  -5.79911e-04  -5.72782e-04  -5.62419e-04  -5.49031e-04  -5.32960e-04  -5.14745e-04  -4.95218e-04  -4.75676e-04  -4.58262e-04  -4.46901e-04  -4.49870e-04  -4.87314e-04  -6.13808e-04  -9.87009e-04  -2.07737e-03  -5.30923e-03  -1.50203e-02  -2.23123e-02
  -8.62500e-04   4.82487e-01   3.28875e-01   1.16841e-01   3.92499e-02   1.37697e-02   5.35705e-03   2.53914e-03   1.56457e-03   1.20522e-03   1.05717e-03   9.85901e-04   9.45194e-04   9.18133e-04   8.97783e-04   8.80818e-04   8.65367e-04   8.50243e-04   8.34637e-04   8.17983e-04   7.99878e-04   7.80042e-04   7.58282e-04   7.34474e-04   7.08546e-04   6.80468e-04   6.50241e-04   6.17896e-04   5.83485e-04   5.47081e-04   5.08774e-04   4.68667e-04   4.26880e-04   3.83544e-04   3.38800e-04   2.92802e-04   2.45710e-04   1.97695e-04   1.48933e-04   9.96050e-05   4.98978e-05   0.00000e+00  -4.98974e-05  -9.96047e-05  -1.48933e-04  -1.97695e-04  -2.45710e-04  -2.92802e-04  -3.38800e-04  -3.83544e-04  -4.26880e-04  -4.68667e-04  -5.08774e-04  -5.47081e-04  -5.83485e-04  -6.17896e-04  -6.50241e-04  -6.80467e-04  -7.08546e-04  -7.34474e-04  -7.58282e-04  -7.80042e-04  -7.99878e-04  -8.17983e-04  -8.34637e-04  -8.50243e-04  -8.65367e-04  -8.80818e-04  -8.97783e-04  -9.18133e-04  -9.45193e-04  -9.85901e-04  -1.05717e-03  -1.20522e-03  -1.56457e-03  -2.53913e-03  -5.35703e-03  -1.37696e-02  -3.92498e-02  -1.16841e-01  -3.28875e-01  -4.82487e-01
  -1.15000e-03   2.20842e-02   3.93291e-02   9.27395e-02   2.86213e-01   2.98276e-01   1.02262e-01   3.48390e-02   1.26949e-02   5.36679e-03   2.89106e-03   2.01236e-03   1.66615e-03   1.50292e-03   1.40656e-03   1.33732e-03   1.28071e-03   1.23082e-03   1.18477e-03   1.14094e-03   1.09828e-03   1.05603e-03   1.01365e-03   9.70751e-04   9.27016e-04   8.82230e-04   8.36234e-04   7.88919e-04   7.40220e-04   6.90105e-04   6.38573e-04   5.85652e-04   5.31392e-04   4.75863e-04   4.19157e-04   3.61381e-04   3.02660e-04   2.43130e-04   1.82939e-04   1.22243e-04   6.12071e-05   0.00000e+00  -6.12067e-05  -1.22242e-04  -1.82938e-04  -2.43130e-04  -3.02660e-04  -3.61381e-04  -4.19156e-04  -4.75862e-04  -5.31391e-04  -5.85652e-04  -6.38573e-04  -6.90104e-04  -7.40220e-04  -7.88919e-04  -8.36234e-04  -8.82230e-04  -9.27016e-04  -9.70750e-04  -1.01365e-03  -1.05603e-03  -1.09827e-03  -1.14094e-03  -1.18477e-03  -1.23081e-03  -1.28071e-03  -1.33732e-03  -1.40656e-03  -1.50292e-03  -1.66614e-03  -2.01236e-03  -2.89105e-03  -5.36677e-03  -1.26949e-02  -3.48388e-02  -1.02262e-01  -2.98276e-01  -2.42511e-01  -3.88237e-02  -2.51985e-02  -1.42514e-02
  -1.43750e-03   4.72231e-03   6.08845e-03   9.99632e-03   1.83632e-02   4.57301e-02   1.29687e-01   2.93868e-01   2.64717e-01   8.96498e-02   3.10099e-02   1.17353e-02   5.33560e-03   3.15145e-03   2.35449e-03   2.02022e-03   1.84527e-03   1.72889e-03   1.63660e-03   1.55584e-03   1.48145e-03   1.41091e-03   1.34279e-03   1.27613e-03   1.21025e-03   1.14464e-03   1.07892e-03   1.01278e-03   9.46017e-04   8.78457e-04   8.09995e-04   7.40560e-04   6.70123e-04   5.98685e-04   5.26281e-04   4.52969e-04   3.78834e-04   3.03979e-04   2.28526e-04   1.52613e-04   7.63859e-05   0.00000e+00  -7.63855e-05  -1.52613e-04  -2.28526e-04  -3.03979e-04  -3.78834e-04  -4.52969e-04  -5.26281e-04  -5.98685e-04  -6.70122e-04  -7.40560e-04  -8.09994e-04  -8.78457e-04  -9.46016e-04  -1.01278e-03  -1.07892e-03  -1.14464e-03  -1.21025e-03  -1.27613e-03  -1.34279e-03  -1.41091e-03  -1.48145e-03  -1.55584e-03  -1.63660e-03  -1.72888e-03  -1.84527e-03  -2.02022e-03  -2.35449e-03  -3.15144e-03  -5.33558e-03  -1.17352e-02  -3.10098e-02  -8.96495e-02  -2.64717e-01  -2.53083e-01  -7.65737e-02  -2.91151e-02  -1.18357e-02  -6.41968e-03  -3.91716e-03  -3.04866e-03
  -1.72500e-03   1.46441e-03   1.77586e-03   2.61635e-03   4.02895e-03   6.41539e-03   1.07273e-02   2.01776e-02   5.45356e-02   1.64256e-01   2.97338e-01   2.32753e-01   7.86813e-02   2.76622e-02   1.08719e-02   5.27398e-03   3.34059e-03   2.61340e-03   2.28893e-03   2.10347e-03   1.96940e-03   1.85665e-03   1.75422e-03   1.65754e-03   1.56437e-03   1.47341e-03   1.38377e-03   1.29484e-03   1.20613e-03   1.11729e-03   1.02805e-03   9.38223e-04   8.47665e-04   7.56301e-04   6.64097e-04   5.71062e-04   4.77243e-04   3.82718e-04   2.87593e-04   1.91999e-04   9.60820e-05   0.00000e+00  -9.60814e-05  -1.91999e-04  -2.87593e-04  -3.82717e-04  -4.77242e-04  -5.71061e-04  -6.64096e-04  -7.56300e-04  -8.47665e-04  -9.38222e-04  -1.02805e-03  -1.11729e-03  -1.20613e-03  -1.29484e-03  -1.38377e-03  -1.47341e-03  -1.56437e-03  -1.65754e-03  -1.75422e-03  -1.85665e-03  -1.96940e-03  -2.10347e-03  -2.28893e-03  -2.61340e-03  -3.34059e-03  -5.27396e-03  -1.08719e-02  -2.76621e-02  -7.86810e-02  -2.32752e-01  -2.60548e-01  -1.11992e-01  -3.43386e-02  -1.30510e-02  -6.90918e-03  -4.12078e-03  -2.58447e-03  -1.68341e-03  -1.15936e-03  -9.69560e-04
  -2.01250e-03   6.23325e-04   6.93500e-04   8.91598e-04   1.23747e-03   1.81591e-03   2.76542e-03   4.31903e-03   6.91643e-03   1.16440e-02   2.23423e-02   6.75601e-02   1.94896e-01   2.94897e-01   2.03860e-01   6.91293e-02   2.47308e-02   1.00957e-02   5.19153e-03   3.47372e-03   2.80511e-03   2.48714e-03   2.29044e-03   2.13864e-03   2.00544e-03   1.88112e-03   1.76159e-03   1.64483e-03   1.52961e-03   1.41515e-03   1.30086e-03   1.18633e-03   1.07125e-03   9.55428e-04   8.38732e-04   7.21114e-04   6.02586e-04   4.83212e-04   3.63104e-04   2.42410e-04   1.21309e-04   0.00000e+00  -1.21309e-04  -2.42409e-04  -3.63103e-04  -4.83211e-04  -6.02585e-04  -7.21114e-04  -8.38731e-04  -9.55427e-04  -1.07125e-03  -1.18633e-03  -1.30086e-03  -1.41515e-03  -1.52961e-03  -1.64482e-03  -1.76159e-03  -1.88112e-03  -2.00544e-03  -2.13864e-03  -2.29044e-03  -2.48714e-03  -2.80510e-03  -3.47371e-03  -5.19152e-03  -1.00957e-02  -2.47307e-02  -6.91290e-02  -2.03860e-01  -2.64798e-01  -1.43574e-01  -4.11001e-02  -1.45183e-02  -7.55440e-03  -4.48256e-03  -2.79466e-03  -1.78527e-03  -1.17166e-03  -8.03691e-04  -5.91532e-04  -4.79897e-04  -4.43932e-04
  -2.30000e-03   3.71673e-04   3.86048e-04   4.32836e-04   5.23636e-04   6.79194e-04   9.33224e-04   1.34079e-03   1.99177e-03   3.03350e-03   4.71595e-03   7.52268e-03   1.27011e-02   2.48770e-02   9.90450e-02   2.21325e-01   2.72458e-01   1.78301e-01   6.08090e-02   2.21638e-02   9.39871e-03   5.09419e-03   3.56026e-03   2.93885e-03   2.62247e-03   2.41146e-03   2.23917e-03   2.08251e-03   1.93286e-03   1.78652e-03   1.64164e-03   1.49711e-03   1.35223e-03   1.20653e-03   1.05970e-03   9.11599e-04   7.62174e-04   6.11488e-04   4.59688e-04   3.06987e-04   1.53656e-04   0.00000e+00  -1.53655e-04  -3.06986e-04  -4.59687e-04  -6.11487e-04  -7.62173e-04  -9.11598e-04  -1.05970e-03  -1.20653e-03  -1.35223e-03  -1.49711e-03  -1.64163e-03  -1.78652e-03  -1.93286e-03  -2.08251e-03  -2.23917e-03  -2.41146e-03  -2.62247e-03  -2.93885e-03  -3.56026e-03  -5.09417e-03  -9.39868e-03  -2.21638e-02  -6.08088e-02  -1.78300e-01  -2.73255e-01  -1.71072e-01  -4.21468e-02  -1.62371e-02  -8.31035e-03  -4.93680e-03  -3.10408e-03  -2.00066e-03  -1.31546e-03  -8.87495e-04  -6.21353e-04  -4.58523e-04  -3.63050e-04  -3.12854e-04  -2.94286e-04  -2.91600e-04
# Total Vertical 2nd Order Kick [T2m2]
START
                -4.00000e-03  -3.90000e-03  -3.80000e-03  -3.70000e-03  -3.60000e-03  -3.50000e-03  -3.40000e-03  -3.30000e-03  -3.20000e-03  -3.10000e-03  -3.00000e-03  -2.90000e-03  -2.80000e-03  -2.70000e-03  -2.60000e-03  -2.50000e-03  -2.40000e-03  -2.30000e-03  -2.20000e-03  -2.10000e-03  -2.00000e-03  -1.90000e-03  -1.80000e-03  -1.70000e-03  -1.60000e-03  -1.50000e-03  -1.40000e-03  -1.30000e-03  -1.20000e-03  -1.10000e-03  -1.00000e-03  -9.00000e-04  -8.00000e-04  -7.00000e-04  -6.00000e-04  -5.00000e-04  -4.00000e-04  -3.00000e-04  -2.00000e-04  -1.00000e-04   0.00000e+00   1.00000e-04   2.00000e-04   3.00000e-04   4.00000e-04   5.00000e-04   6.00000e-04   7.00000e-04   8.00000e-04   9.00000e-04   1.00000e-03   1.10000e-03   1.20000e-03   1.30000e-03   1.40000e-03   1.50000e-03   1.60000e-03   1.70000e-03   1.80000e-03   1.90000e-03   2.00000e-03   2.10000e-03   2.20000e-03   2.30000e-03   2.40000e-03   2.50000e-03   2.60000e-03   2.70000e-03   2.80000e-03   2.90000e-03   3.00000e-03   3.10000e-03   3.20000e-03   3.30000e-03   3.40000e-03   3.50000e-03   3.60000e-03   3.70000e-03   3.80000e-03   3.90000e-03   4.00000e-03
   2.30000e-03   1.07151e-03   1.49113e-03   1.97404e-03   2.50981e-03   3.06882e-03   3.58364e-03   3.91318e-03   3.77179e-03   2.57319e-03  -1.01880e-03  -1.10997e-02  -5.60630e-02  -1.91889e-01  -2.79156e-01  -2.36687e-01  -1.20816e-01  -3.93951e-02  -1.37526e-02  -5.89276e-03  -3.50691e-03  -2.73154e-03  -2.40017e-03  -2.18125e-03  -1.99011e-03  -1.80966e-03  -1.63864e-03  -1.47818e-03  -1.32900e-03  -1.19125e-03  -1.06478e-03  -9.49392e-04  -8.44890e-04  -7.51164e-04  -6.68183e-04  -5.95976e-04  -5.34619e-04  -4.84213e-04  -4.44865e-04  -4.16678e-04  -3.99730e-04  -3.94075e-04  -3.99730e-04  -4.16677e-04  -4.44865e-04  -4.84212e-04  -5.34619e-04  -5.95975e-04  -6.68182e-04  -7.51164e-04  -8.44889e-04  -9.49392e-04  -1.06478e-03  -1.19124e-03  -1.32900e-03  -1.47818e-03  -1.63864e-03  -1.80965e-03  -1.99011e-03  -2.18125e-03  -2.40017e-03  -2.73153e-03  -3.50691e-03  -5.89276e-03  -1.37526e-02  -3.93950e-02  -1.20816e-01  -2.36685e-01  -2.79156e-01  -1.91889e-01  -5.60632e-02  -1.10999e-02  -1.01884e-03   2.57321e-03   3.77183e-03   3.91322e-03   3.58368e-03   3.06886e-03   2.50984e-03   1.97407e-03   1.49115e-03   1.07153e-03
   2.01250e-03   1.56264e-03   2.05040e-03   2.55537e-03   3.00748e-03   3.26074e-03   3.01399e-03   1.60038e-03  -2.85801e-03  -2.06656e-02  -8.61533e-02  -1.42823e-01  -1.60994e-01  -1.65543e-01  -1.62304e-01  -1.26229e-01  -6.37310e-02  -2.16360e-02  -8.37217e-03  -4.26199e-03  -2.95618e-03  -2.47223e-03  -2.21613e-03  -2.02094e-03  -1.84475e-03  -1.67931e-03  -1.52397e-03  -1.37913e-03  -1.24492e-03  -1.12121e-03  -1.00775e-03  -9.04316e-04  -8.10722e-04  -7.26862e-04  -6.52695e-04  -5.88228e-04  -5.33507e-04  -4.88596e-04  -4.53568e-04  -4.28492e-04  -4.13422e-04  -4.08395e-04  -4.13422e-04  -4.28492e-04  -4.53568e-04  -4.88596e-04  -5.33506e-04  -5.88227e-04  -6.52694e-04  -7.26862e-04  -8.10721e-04  -9.04315e-04  -1.00775e-03  -1.12121e-03  -1.24492e-03  -1.37913e-03  -1.52397e-03  -1.67930e-03  -1.84475e-03  -2.02094e-03  -2.21613e-03  -2.47223e-03  -2.95618e-03  -4.26198e-03  -8.37217e-03  -2.16360e-02  -6.37309e-02  -1.26228e-01  -1.62304e-01  -1.65543e-01  -1.60994e-01  -1.42823e-01  -8.61534e-02  -2.06657e-02  -2.85807e-03   1.60038e-03   3.01402e-03   3.26078e-03   3.00752e-03   2.55540e-03   2.05043e-03   1.56266e-03
   1.72500e-03   2.52826e-03   2.81926e-03   2.66552e-03   1.46741e-03  -2.38989e-03  -1.66163e-02  -7.44549e-02  -1.39008e-01  -1.60013e-01  -1.65653e-01  -1.63467e-01  -1.41984e-01  -7.33213e-02  -2.48387e-02  -9.48933e-03  -4.72677e-03  -3.22380e-03  -2.68275e-03  -2.41084e-03  -2.21130e-03  -2.03365e-03  -1.86735e-03  -1.71115e-03  -1.56523e-03  -1.42955e-03  -1.30380e-03  -1.18754e-03  -1.08033e-03  -9.81782e-04  -8.91591e-04  -8.09529e-04  -7.35435e-04  -6.69202e-04  -6.10767e-04  -5.60101e-04  -5.17195e-04  -4.82055e-04  -4.54699e-04  -4.35142e-04  -4.23401e-04  -4.19486e-04  -4.23400e-04  -4.35142e-04  -4.54699e-04  -4.82055e-04  -5.17194e-04  -5.60101e-04  -6.10767e-04  -6.69201e-04  -7.35434e-04  -8.09529e-04  -8.91591e-04  -9.81782e-04  -1.08033e-03  -1.18754e-03  -1.30380e-03  -1.42955e-03  -1.56522e-03  -1.71115e-03  -1.86735e-03  -2.03365e-03  -2.21130e-03  -2.41084e-03  -2.68275e-03  -3.22379e-03  -4.72677e-03  -9.48933e-03  -2.48387e-02  -7.33212e-02  -1.41984e-01  -1.63467e-01  -1.65653e-01  -1.60013e-01  -1.39008e-01  -7.44550e-02  -1.66165e-02  -2.38994e-03   1.46742e-03   2.66555e-03   2.81930e-03   2.52830e-03
   1.43750e-03   1.19503e-03  -2.14375e-03  -1.37630e-02  -6.20771e-02  -1.34634e-01  -1.58863e-01  -1.65680e-01  -1.64437e-01  -1.48369e-01  -8.41622e-02  -2.84720e-02  -1.07099e-02  -5.18645e-03  -3.44958e-03  -2.83804e-03  -2.54459e-03  -2.33766e-03  -2.15669e-03  -1.98840e-03  -1.83081e-03  -1.68388e-03  -1.54741e-03  -1.42092e-03  -1.30380e-03  -1.19544e-03  -1.09527e-03  -1.00282e-03  -9.17698e-04  -8.39592e-04  -7.68255e-04  -7.03495e-04  -6.45164e-04  -5.93152e-04  -5.47374e-04  -5.07774e-04  -4.74309e-04  -4.46953e-04  -4.25687e-04  -4.10503e-04  -4.01395e-04  -3.98359e-04  -4.01394e-04  -4.10503e-04  -4.25687e-04  -4.46952e-04  -4.74309e-04  -5.07774e-04  -5.47374e-04  -5.93151e-04  -6.45164e-04  -7.03495e-04  -7.68255e-04  -8.39591e-04  -9.17698e-04  -1.00282e-03  -1.09527e-03  -1.19544e-03  -1.30380e-03  -1.42092e-03  -1.54741e-03  -1.68388e-03  -1.83081e-03  -1.98840e-03  -2.15669e-03  -2.33765e-03  -2.54459e-03  -2.83804e-03  -3.44958e-03  -5.18645e-03  -1.07099e-02  -2.84720e-02  -8.41621e-02  -1.48368e-01  -1.64437e-01  -1.65680e-01  -1.58863e-01  -1.34634e-01  -6.20771e-02  -1.37631e-02  -2.14379e-03   1.19505e-03
   1.15000e-03  -5.05594e-02  -1.29641e-01  -1.57542e-01  -1.65639e-01  -1.65258e-01  -1.52789e-01  -9.61960e-02  -3.26012e-02  -1.20489e-02  -5.63864e-03  -3.62527e-03  -2.92794e-03  -2.60677e-03  -2.38956e-03  -2.20382e-03  -2.03289e-03  -1.87389e-03  -1.72643e-03  -1.59012e-03  -1.46429e-03  -1.34815e-03  -1.24090e-03  -1.14179e-03  -1.05020e-03  -9.65591e-04  -8.87506e-04  -8.15575e-04  -7.49487e-04  -6.88987e-04  -6.33864e-04  -5.83947e-04  -5.39094e-04  -4.99192e-04  -4.64150e-04  -4.33897e-04  -4.08377e-04  -3.87547e-04  -3.71375e-04  -3.59838e-04  -3.52922e-04  -3.50618e-04  -3.52922e-04  -3.59838e-04  -3.71375e-04  -3.87547e-04  -4.08377e-04  -4.33897e-04  -4.64150e-04  -4.99192e-04  -5.39094e-04  -5.83946e-04  -6.33864e-04  -6.88986e-04  -7.49486e-04  -8.15574e-04  -8.87506e-04  -9.65591e-04  -1.05020e-03  -1.14179e-03  -1.24090e-03  -1.34815e-03  -1.46429e-03  -1.59012e-03  -1.72643e-03  -1.87389e-03  -2.03289e-03  -2.20382e-03  -2.38956e-03  -2.60677e-03  -2.92794e-03  -3.62527e-03  -5.63864e-03  -1.20489e-02  -3.26012e-02  -9.61960e-02  -1.52789e-01  -1.65258e-01  -1.65639e-01  -1.57542e-01  -1.29641e-01  -5.05592e-02
   8.62500e-04  -1.65541e-01  -1.65953e-01  -1.56084e-01  -1.08940e-01  -3.72789e-02  -1.35002e-02  -6.05713e-03  -3.71821e-03  -2.91842e-03  -2.56397e-03  -2.33505e-03  -2.14489e-03  -1.97267e-03  -1.81423e-03  -1.66866e-03  -1.53529e-03  -1.41318e-03  -1.30130e-03  -1.19863e-03  -1.10425e-03  -1.01736e-03  -9.37264e-04  -8.63397e-04  -7.95265e-04  -7.32457e-04  -6.74626e-04  -6.21478e-04  -5.72764e-04  -5.28275e-04  -4.87835e-04  -4.51296e-04  -4.18532e-04  -3.89443e-04  -3.63943e-04  -3.41963e-04  -3.23447e-04  -3.08353e-04  -2.96645e-04  -2.88300e-04  -2.83299e-04  -2.81633e-04  -2.83299e-04  -2.88300e-04  -2.96645e-04  -3.08353e-04  -3.23447e-04  -3.41963e-04  -3.63943e-04  -3.89443e-04  -4.18532e-04  -4.51295e-04  -4.87835e-04  -5.28275e-04  -5.72764e-04  -6.21478e-04  -6.74626e-04  -7.32457e-04  -7.95265e-04  -8.63396e-04  -9.37264e-04  -1.01736e-03  -1.10425e-03  -1.19863e-03  -1.30130e-03  -1.41318e-03  -1.53529e-03  -1.66866e-03  -1.81422e-03  -1.97267e-03  -2.14489e-03  -2.33505e-03  -2.56397e-03  -2.91842e-03  -3.71821e-03  -6.05713e-03  -1.35002e-02  -3.72789e-02  -1.08940e-01  -1.56084e-01  -1.65953e-01  -1.65541e-01
   5.75000e-04  -1.20798e-01  -4.24963e-02  -1.49909e-02  -6.34991e-03  -3.63390e-03  -2.71867e-03  -2.33130e-03  -2.09587e-03  -1.90836e-03  -1.74264e-03  -1.59277e-03  -1.45712e-03  -1.33455e-03  -1.22381e-03  -1.12359e-03  -1.03263e-03  -9.49835e-04  -8.74254e-04  -8.05079e-04  -7.41632e-04  -6.83344e-04  -6.29736e-04  -5.80404e-04  -5.35003e-04  -4.93245e-04  -4.54880e-04  -4.19697e-04  -3.87518e-04  -3.58187e-04  -3.31575e-04  -3.07572e-04  -2.86085e-04  -2.67036e-04  -2.50359e-04  -2.36001e-04  -2.23920e-04  -2.14078e-04  -2.06451e-04  -2.01016e-04  -1.97761e-04  -1.96677e-04  -1.97761e-04  -2.01016e-04  -2.06450e-04  -2.14078e-04  -2.23919e-04  -2.36001e-04  -2.50359e-04  -2.67036e-04  -2.86085e-04  -3.07572e-04  -3.31575e-04  -3.58187e-04  -3.87517e-04  -4.19697e-04  -4.54880e-04  -4.93245e-04  -5.35003e-04  -5.80403e-04  -6.29736e-04  -6.83344e-04  -7.41632e-04  -8.05078e-04  -8.74253e-04  -9.49835e-04  -1.03263e-03  -1.12359e-03  -1.22381e-03  -1.33455e-03  -1.45712e-03  -1.59277e-03  -1.74264e-03  -1.90836e-03  -2.09587e-03  -2.33130e-03  -2.71867e-03  -3.63390e-03  -6.34991e-03  -1.49909e-02  -4.24962e-02  -1.20799e-01
   2.87500e-04  -6.18883e-03  -3.08481e-03  -2.07781e-03  -1.69037e-03  -1.48198e-03  -1.32869e-03  -1.19832e-03  -1.08313e-03  -9.80931e-04  -8.90378e-04  -8.10127e-04  -7.38828e-04  -6.75233e-04  -6.18250e-04  -5.66953e-04  -5.20575e-04  -4.78481e-04  -4.40147e-04  -4.05140e-04  -3.73099e-04  -3.43723e-04  -3.16757e-04  -2.91988e-04  -2.69235e-04  -2.48342e-04  -2.29178e-04  -2.11630e-04  -1.95603e-04  -1.81014e-04  -1.67794e-04  -1.55883e-04  -1.45232e-04  -1.35797e-04  -1.27545e-04  -1.20446e-04  -1.14476e-04  -1.09615e-04  -1.05850e-04  -1.03168e-04  -1.01562e-04  -1.01027e-04  -1.01562e-04  -1.03168e-04  -1.05850e-04  -1.09615e-04  -1.14476e-04  -1.20446e-04  -1.27545e-04  -1.35797e-04  -1.45231e-04  -1.55883e-04  -1.67793e-04  -1.81014e-04  -1.95603e-04  -2.11630e-04  -2.29178e-04  -2.48342e-04  -2.69235e-04  -2.91988e-04  -3.16757e-04  -3.43723e-04  -3.73099e-04  -4.05140e-04  -4.40147e-04  -4.78481e-04  -5.20575e-04  -5.66953e-04  -6.18250e-04  -6.75233e-04  -7.38828e-04  -8.10126e-04  -8.90378e-04  -9.80930e-04  -1.08313e-03  -1.19831e-03  -1.32869e-03  -1.48198e-03  -1.69037e-03  -2.07781e-03  -3.08481e-03  -6.18883e-03
   0.00000e+00   1.69135e-04   5.34989e-05   4.43277e-06  -1.35828e-05  -1.79487e-05  -1.68803e-05  -1.40766e-05  -1.10860e-05  -8.47209e-06  -6.37223e-06  -4.75617e-06  -3.54103e-06  -2.63861e-06  -1.97233e-06  -1.48119e-06  -1.11870e-06  -8.50328e-07  -6.50723e-07  -5.01447e-07  -3.89124e-07  -3.04050e-07  -2.39176e-07  -1.89367e-07  -1.50866e-07  -1.20911e-07  -9.74585e-08  -7.89910e-08  -6.43721e-08  -5.27464e-08  -4.34660e-08  -3.60375e-08  -3.00829e-08  -2.53116e-08  -2.14995e-08  -1.84738e-08  -1.61016e-08  -1.42815e-08  -1.29374e-08  -1.20142e-08  -1.14747e-08  -1.12973e-08  -1.14749e-08  -1.20146e-08  -1.29379e-08  -1.42822e-08  -1.61025e-08  -1.84749e-08  -2.15008e-08  -2.53130e-08  -3.00845e-08  -3.60394e-08  -4.34681e-08  -5.27487e-08  -6.43746e-08  -7.89937e-08  -9.74614e-08  -1.20914e-07  -1.50869e-07  -1.89371e-07  -2.39179e-07  -3.04053e-07  -3.89128e-07  -5.01451e-07  -6.50725e-07  -8.50330e-07  -1.11870e-06  -1.48118e-06  -1.97232e-06  -2.63860e-06  -3.54101e-06  -4.75614e-06  -6.37218e-06  -8.47202e-06  -1.10859e-05  -1.40764e-05  -1.68801e-05  -1.79484e-05  -1.35825e-05   4.43295e-06   5.34987e-05   1.69134e-04
  -2.87500e-04   7.90475e-03   3.89260e-03   2.42842e-03   1.82150e-03   1.51428e-03   1.32078e-03   1.17722e-03   1.06040e-03   9.60881e-04   8.74122e-04   7.97496e-04   7.29234e-04   6.68029e-04   6.12866e-04   5.62933e-04   5.17566e-04   4.76219e-04   4.38438e-04   4.03840e-04   3.72103e-04   3.42955e-04   3.16161e-04   2.91522e-04   2.68867e-04   2.48050e-04   2.28945e-04   2.11443e-04   1.95451e-04   1.80891e-04   1.67693e-04   1.55800e-04   1.45163e-04   1.35740e-04   1.27497e-04   1.20404e-04   1.14440e-04   1.09583e-04   1.05821e-04   1.03141e-04   1.01536e-04   1.01002e-04   1.01536e-04   1.03141e-04   1.05821e-04   1.09583e-04   1.14440e-04   1.20404e-04   1.27497e-04   1.35740e-04   1.45163e-04   1.55800e-04   1.67693e-04   1.80891e-04   1.95451e-04   2.11443e-04   2.28945e-04   2.48050e-04   2.68867e-04   2.91522e-04   3.16160e-04   3.42955e-04   3.72103e-04   4.03840e-04   4.38438e-04   4.76219e-04   5.17566e-04   5.62933e-04   6.12866e-04   6.68029e-04   7.29233e-04   7.97496e-04   8.74122e-04   9.60880e-04   1.06040e-03   1.17722e-03   1.32078e-03   1.51428e-03   1.82149e-03   2.42842e-03   3.89259e-03   7.90473e-03
  -5.75000e-04   1.32377e-01   4.85705e-02   1.80883e-02   7.89665e-03   4.36858e-03   3.04191e-03   2.45575e-03   2.12999e-03   1.90511e-03   1.72656e-03   1.57450e-03   1.44072e-03   1.32117e-03   1.21339e-03   1.11567e-03   1.02670e-03   9.45414e-04   8.70963e-04   8.02625e-04   7.39795e-04   6.81961e-04   6.28688e-04   5.79604e-04   5.34389e-04   4.92769e-04   4.54508e-04   4.19405e-04   3.87286e-04   3.58002e-04   3.31426e-04   3.07451e-04   2.85986e-04   2.66954e-04   2.50291e-04   2.35944e-04   2.23870e-04   2.14035e-04   2.06411e-04   2.00980e-04   1.97727e-04   1.96643e-04   1.97727e-04   2.00980e-04   2.06411e-04   2.14035e-04   2.23870e-04   2.35944e-04   2.50291e-04   2.66954e-04   2.85986e-04   3.07451e-04   3.31426e-04   3.58001e-04   3.87285e-04   4.19405e-04   4.54508e-04   4.92768e-04   5.34388e-04   5.79603e-04   6.28688e-04   6.81961e-04   7.39794e-04   8.02624e-04   8.70963e-04   9.45413e-04   1.02669e-03   1.11567e-03   1.21339e-03   1.32117e-03   1.44072e-03   1.57450e-03   1.72656e-03   1.90510e-03   2.12999e-03   2.45575e-03   3.04191e-03   4.36857e-03   7.89663e-03   1.80882e-02   4.85703e-02   1.32377e-01
  -8.62500e-04   1.50111e-01   1.50151e-01   1.41656e-01   1.19740e-01   4.28260e-02   1.63350e-02   7.46992e-03   4.38660e-03   3.21077e-03   2.67533e-03   2.36458e-03   2.14083e-03   1.95730e-03   1.79712e-03   1.65344e-03   1.52293e-03   1.40360e-03   1.29405e-03   1.19322e-03   1.10023e-03   1.01437e-03   9.35048e-04   8.61743e-04   7.94024e-04   7.31520e-04   6.73913e-04   6.20931e-04   5.72341e-04   5.27946e-04   4.87576e-04   4.51090e-04   4.18367e-04   3.89309e-04   3.63833e-04   3.41871e-04   3.23370e-04   3.08286e-04   2.96586e-04   2.88245e-04   2.83248e-04   2.81583e-04   2.83248e-04   2.88245e-04   2.96586e-04   3.08286e-04   3.23370e-04   3.41871e-04   3.63833e-04   3.89309e-04   4.18367e-04   4.51089e-04   4.87576e-04   5.27945e-04   5.72341e-04   6.20931e-04   6.73913e-04   7.31520e-04   7.94024e-04   8.61742e-04   9.35047e-04   1.01437e-03   1.10023e-03   1.19322e-03   1.29405e-03   1.40360e-03   1.52293e-03   1.65344e-03   1.79712e-03   1.95730e-03   2.14083e-03   2.36458e-03   2.67533e-03   3.21077e-03   4.38659e-03   7.46990e-03   1.63349e-02   4.28258e-02   1.19740e-01   1.26455e-01   1.31397e-01   1.29995e-01
  -1.15000e-03   2.98883e-02   1.12978e-01   1.42162e-01   1.50141e-01   1.49427e-01   1.39025e-01   1.06182e-01   3.76929e-02   1.46503e-02   6.92956e-03   4.23197e-03   3.19064e-03   2.70487e-03   2.41384e-03   2.19819e-03   2.01752e-03   1.85736e-03   1.71191e-03   1.57841e-03   1.45526e-03   1.34135e-03   1.23583e-03   1.13804e-03   1.04743e-03   9.63532e-04   8.85973e-04   8.14426e-04   7.48621e-04   6.88329e-04   6.33360e-04   5.83556e-04   5.38788e-04   4.98950e-04   4.63956e-04   4.33739e-04   4.08246e-04   3.87435e-04   3.71278e-04   3.59751e-04   3.52840e-04   3.50537e-04   3.52840e-04   3.59751e-04   3.71278e-04   3.87435e-04   4.08246e-04   4.33739e-04   4.63956e-04   4.98950e-04   5.38788e-04   5.83556e-04   6.33359e-04   6.88328e-04   7.48620e-04   8.14426e-04   8.85973e-04   9.63531e-04   1.04743e-03   1.13804e-03   1.23583e-03   1.34135e-03   1.45526e-03   1.57841e-03   1.71191e-03   1.85736e-03   2.01752e-03   2.19819e-03   2.41384e-03   2.70487e-03   3.19064e-03   4.23196e-03   6.92954e-03   1.46503e-02   3.76928e-02   1.06181e-01   1.24839e-01   1.30952e-01   1.30176e-01   1.21417e-01   9.17688e-02   8.38819e-03
  -1.43750e-03   7.07228e-03   1.06583e-02   2.01343e-02   4.20055e-02   1.18285e-01   1.43522e-01   1.50123e-01   1.48622e-01   1.35570e-01   9.33561e-02   3.31537e-02   1.30986e-02   6.36577e-03   3.99969e-03   3.07347e-03   2.63042e-03   2.35699e-03   2.14952e-03   1.97294e-03   1.81473e-03   1.66994e-03   1.53625e-03   1.41235e-03   1.29737e-03   1.19066e-03   1.09174e-03   1.00021e-03   9.15767e-04   8.38156e-04   7.67180e-04   7.02684e-04   6.44547e-04   5.92676e-04   5.47003e-04   5.07480e-04   4.74071e-04   4.46755e-04   4.25519e-04   4.10354e-04   4.01256e-04   3.98223e-04   4.01256e-04   4.10354e-04   4.25519e-04   4.46755e-04   4.74071e-04   5.07479e-04   5.47003e-04   5.92676e-04   6.44547e-04   7.02684e-04   7.67180e-04   8.38155e-04   9.15766e-04   1.00021e-03   1.09174e-03   1.19066e-03   1.29737e-03   1.41235e-03   1.53625e-03   1.66994e-03   1.81473e-03   1.97294e-03   2.14952e-03   2.35699e-03   2.63042e-03   3.07347e-03   3.99969e-03   6.36576e-03   1.30985e-02   3.31535e-02   9.33558e-02   1.22773e-01   1.30443e-01   1.30302e-01   1.22864e-01   9.71354e-02   2.05496e-02   1.36828e-02   7.63126e-03   5.32138e-03
  -1.72500e-03   3.04048e-03   3.75335e-03   4.91698e-03   6.92021e-03   1.08738e-02   2.21947e-02   5.50205e-02   1.22907e-01   1.44690e-01   1.50040e-01   1.47705e-01   1.30622e-01   8.17712e-02   2.91457e-02   1.16822e-02   5.80344e-03   3.72200e-03   2.89325e-03   2.48550e-03   2.22616e-03   2.02510e-03   1.85182e-03   1.69548e-03   1.55182e-03   1.41889e-03   1.29565e-03   1.18144e-03   1.07581e-03   9.78448e-04   8.89133e-04   8.07711e-04   7.34082e-04   6.68187e-04   6.09998e-04   5.59509e-04   5.16730e-04   4.81682e-04   4.54388e-04   4.34872e-04   4.23154e-04   4.19247e-04   4.23154e-04   4.34872e-04   4.54388e-04   4.81682e-04   5.16730e-04   5.59508e-04   6.09997e-04   6.68187e-04   7.34082e-04   8.07711e-04   8.89133e-04   9.78448e-04   1.07581e-03   1.18144e-03   1.29565e-03   1.41889e-03   1.55181e-03   1.69548e-03   1.85182e-03   2.02509e-03   2.22616e-03   2.48550e-03   2.89324e-03   3.72199e-03   5.80343e-03   1.16822e-02   2.91456e-02   8.17709e-02   1.20153e-01   1.29854e-01   1.30367e-01   1.24118e-01   1.01812e-01   3.36016e-02   1.47551e-02   7.58824e-03   5.03564e-03   3.75103e-03   3.00846e-03   2.55546e-03
  -2.01250e-03   1.75722e-03   1.94727e-03   2.24064e-03   2.70675e-03   3.45988e-03   4.70195e-03   6.86652e-03   1.12539e-02   2.51426e-02   6.73314e-02   1.26924e-01   1.45672e-01   1.49874e-01   1.46641e-01   1.19205e-01   7.14930e-02   2.55989e-02   1.03843e-02   5.24409e-03   3.40677e-03   2.65999e-03   2.28067e-03   2.03180e-03   1.83500e-03   1.66377e-03   1.50872e-03   1.36624e-03   1.23474e-03   1.11346e-03   1.00197e-03   9.00042e-04   8.07574e-04   7.24541e-04   6.50973e-04   5.86938e-04   5.32525e-04   4.87832e-04   4.52953e-04   4.27973e-04   4.12957e-04   4.07947e-04   4.12957e-04   4.27973e-04   4.52953e-04   4.87831e-04   5.32525e-04   5.86938e-04   6.50972e-04   7.24540e-04   8.07573e-04   9.00042e-04   1.00197e-03   1.11346e-03   1.23474e-03   1.36624e-03   1.50872e-03   1.66376e-03   1.83500e-03   2.03180e-03   2.28067e-03   2.65998e-03   3.40676e-03   5.24408e-03   1.03843e-02   2.55988e-02   7.14927e-02   1.19482e-01   1.29162e-01   1.30360e-01   1.25188e-01   1.05883e-01   4.59478e-02   1.63377e-02   7.69001e-03   4.85141e-03   3.45923e-03   2.66434e-03   2.18540e-03   1.89167e-03   1.70868e-03   1.59077e-03
  -2.30000e-03   1.38341e-03   1.47094e-03   1.59729e-03   1.79008e-03   2.09387e-03   2.58083e-03   3.36844e-03   4.65266e-03   6.79429e-03   1.06426e-02   1.90561e-02   5.24077e-02   1.45800e-01   2.40248e-01   2.18715e-01   1.34373e-01   4.63830e-02   1.73605e-02   7.69262e-03   4.35867e-03   3.10577e-03   2.54508e-03   2.22242e-03   1.98841e-03   1.79318e-03   1.61948e-03   1.46095e-03   1.31500e-03   1.18044e-03   1.05666e-03   9.43377e-04   8.40466e-04   7.47914e-04   6.65787e-04   5.94195e-04   5.33276e-04   4.83177e-04   4.44040e-04   4.15988e-04   3.99117e-04   3.93486e-04   3.99117e-04   4.15988e-04   4.44040e-04   4.83177e-04   5.33276e-04   5.94194e-04   6.65786e-04   7.47914e-04   8.40465e-04   9.43377e-04   1.05666e-03   1.18043e-03   1.31500e-03   1.46095e-03   1.61948e-03   1.79318e-03   1.98841e-03   2.22242e-03   2.54508e-03   3.10576e-03   4.35866e-03   7.69260e-03   1.73604e-02   4.63828e-02   1.34372e-01   2.19269e-01   2.05290e-01   1.06773e-01   3.23780e-02   1.26766e-02   7.22087e-03   4.73625e-03   3.35739e-03   2.53305e-03   2.03067e-03   1.72337e-03   1.53457e-03   1.41684e-03   1.34070e-03   1.28772e-03
# Total Longitudinally Integrated Squared Transverse Magnetic Field [T2m]
START
                -4.00000e-03  -3.90000e-03  -3.80000e-03  -3.70000e-03  -3.60000e-03  -3.50000e-03  -3.40000e-03  -3.30000e-03  -3.20000e-03  -3.10000e-03  -3.00000e-03  -2.90000e-03  -2.80000e-03  -2.70000e-03  -2.60000e-03  -2.50000e-03  -2.40000e-03  -2.30000e-03  -2.20000e-03  -2.10000e-03  -2.00000e-03  -1.90000e-03  -1.80000e-03  -1.70000e-03  -1.60000e-03  -1.50000e-03  -1.40000e-03  -1.30000e-03  -1.20000e-03  -1.10000e-03  -1.00000e-03  -9.00000e-04  -8.00000e-04  -7.00000e-04  -6.00000e-04  -5.00000e-04  -4.00000e-04  -3.00000e-04  -2.00000e-04  -1.00000e-04   0.00000e+00   1.00000e-04   2.00000e-04   3.00000e-04   4.00000e-04   5.00000e-04   6.00000e-04   7.00000e-04   8.00000e-04   9.00000e-04   1.00000e-03   1.10000e-03   1.20000e-03   1.30000e-03   1.40000e-03   1.50000e-03   1.60000e-03   1.70000e-03   1.80000e-03   1.90000e-03   2.00000e-03   2.10000e-03   2.20000e-03   2.30000e-03   2.40000e-03   2.50000e-03   2.60000e-03   2.70000e-03   2.80000e-03   2.90000e-03   3.00000e-03   3.10000e-03   3.20000e-03   3.30000e-03   3.40000e-03   3.50000e-03   3.60000e-03   3.70000e-03   3.80000e-03   3.90000e-03   4.00000e-03
   2.30000e-03   1.72941e+00   1.71343e+00   1.69786e+00   1.68255e+00   1.66731e+00   1.65196e+00   1.63635e+00   1.62029e+00   1.60363e+00   1.58622e+00   1.56791e+00   1.54856e+00   1.52795e+00   1.50557e+00   1.48246e+00   1.31191e+00   1.18920e+00   1.08516e+00   9.93040e-01   9.09715e-01   8.33420e-01   7.63035e-01   6.97797e-01   6.37169e-01   5.80758e-01   5.28279e-01   4.79519e-01   4.34325e-01   3.92586e-01   3.54228e-01   3.19203e-01   2.87481e-01   2.59052e-01   2.33917e-01   2.12085e-01   1.93570e-01   1.78389e-01   1.66560e-01   1.58098e-01   1.53016e-01   1.51321e-01   1.53016e-01   1.58098e-01   1.66560e-01   1.78389e-01   1.93570e-01   2.12085e-01   2.33917e-01   2.59052e-01   2.87481e-01   3.19202e-01   3.54228e-01   3.92586e-01   4.34324e-01   4.79519e-01   5.28278e-01   5.80758e-01   6.37168e-01   6.97797e-01   7.63034e-01   8.33420e-01   9.09714e-01   9.93039e-01   1.08516e+00   1.18920e+00   1.31191e+00   1.48246e+00   1.50557e+00   1.52795e+00   1.54856e+00   1.56791e+00   1.58622e+00   1.60363e+00   1.62029e+00   1.63635e+00   1.65196e+00   1.66731e+00   1.68255e+00   1.69786e+00   1.71343e+00   1.72941e+00
   2.01250e-03   1.62453e+00   1.60775e+00   1.59185e+00   1.57660e+00   1.56176e+00   1.54711e+00   1.53242e+00   1.51748e+00   1.50206e+00   1.48592e+00   1.46854e+00   1.44698e+00   1.30075e+00   1.18110e+00   1.08131e+00   9.93719e-01   9.14895e-01   8.42921e-01   7.76584e-01   7.15056e-01   6.57748e-01   6.04225e-01   5.54163e-01   5.07315e-01   4.63495e-01   4.22565e-01   3.84418e-01   3.48979e-01   3.16195e-01   2.86031e-01   2.58466e-01   2.33490e-01   2.11103e-01   1.91309e-01   1.74118e-01   1.59542e-01   1.47593e-01   1.38285e-01   1.31628e-01   1.27630e-01   1.26297e-01   1.27630e-01   1.31628e-01   1.38285e-01   1.47593e-01   1.59541e-01   1.74117e-01   1.91308e-01   2.11103e-01   2.33490e-01   2.58466e-01   2.86031e-01   3.16195e-01   3.48979e-01   3.84418e-01   4.22564e-01   4.63495e-01   5.07314e-01   5.54162e-01   6.04225e-01   6.57748e-01   7.15056e-01   7.76583e-01   8.42921e-01   9.14894e-01   9.93718e-01   1.08131e+00   1.18110e+00   1.30075e+00   1.44698e+00   1.46854e+00   1.48592e+00   1.50206e+00   1.51748e+00   1.53242e+00   1.54711e+00   1.56176e+00   1.57660e+00   1.59185e+00   1.60775e+00   1.62453e+00
   1.72500e-03   1.49390e+00   1.47720e+00   1.46195e+00   1.44782e+00   1.43448e+00   1.42158e+00   1.40877e+00   1.39551e+00   1.37943e+00   1.25400e+00   1.13819e+00   1.04376e+00   9.61896e-01   8.88831e-01   8.22477e-01   7.61518e-01   7.05061e-01   6.52467e-01   6.03264e-01   5.57098e-01   5.13698e-01   4.72858e-01   4.34419e-01   3.98259e-01   3.64290e-01   3.32442e-01   3.02670e-01   2.74940e-01   2.49233e-01   2.25539e-01   2.03856e-01   1.84187e-01   1.66542e-01   1.50929e-01   1.37363e-01   1.25856e-01   1.16420e-01   1.09069e-01   1.03810e-01   1.00652e-01   9.95986e-02   1.00652e-01   1.03810e-01   1.09069e-01   1.16420e-01   1.25856e-01   1.37363e-01   1.50929e-01   1.66541e-01   1.84187e-01   2.03856e-01   2.25539e-01   2.49233e-01   2.74940e-01   3.02670e-01   3.32442e-01   3.64289e-01   3.98259e-01   4.34418e-01   4.72858e-01   5.13698e-01   5.57098e-01   6.03264e-01   6.52466e-01   7.05060e-01   7.61517e-01   8.22476e-01   8.88831e-01   9.61895e-01   1.04376e+00   1.13819e+00   1.25400e+00   1.37943e+00   1.39551e+00   1.40877e+00   1.42158e+00   1.43448e+00   1.44782e+00   1.46195e+00   1.47720e+00   1.49390e+00
   1.43750e-03   1.33416e+00   1.31909e+00   1.30612e+00   1.29469e+00   1.28411e+00   1.27243e+00   1.16856e+00   1.05758e+00   9.69907e-01   8.95314e-01   8.29608e-01   7.70496e-01   7.16543e-01   6.66776e-01   6.20500e-01   5.77205e-01   5.36511e-01   4.98125e-01   4.61827e-01   4.27448e-01   3.94861e-01   3.63968e-01   3.34701e-01   3.07009e-01   2.80858e-01   2.56228e-01   2.33109e-01   2.11498e-01   1.91400e-01   1.72825e-01   1.55785e-01   1.40297e-01   1.26377e-01   1.14043e-01   1.03312e-01   9.42007e-02   8.67238e-02   8.08943e-02   7.67226e-02   7.42164e-02   7.33805e-02   7.42164e-02   7.67226e-02   8.08943e-02   8.67238e-02   9.42007e-02   1.03312e-01   1.14043e-01   1.26377e-01   1.40297e-01   1.55785e-01   1.72824e-01   1.91400e-01   2.11497e-01   2.33108e-01   2.56228e-01   2.80858e-01   3.07009e-01   3.34701e-01   3.63968e-01   3.94860e-01   4.27448e-01   4.61827e-01   4.98125e-01   5.36510e-01   5.77205e-01   6.20499e-01   6.66775e-01   7.16543e-01   7.70496e-01   8.29608e-01   8.95314e-01   9.69906e-01   1.05758e+00   1.16856e+00   1.27243e+00   1.28411e+00   1.29469e+00   1.30612e+00   1.31909e+00   1.33416e+00
   1.15000e-03   1.14278e+00   1.13177e+00   1.12221e+00   1.03987e+00   9.34808e-01   8.55641e-01   7.90298e-01   7.34030e-01   6.84269e-01   6.39415e-01   5.98386e-01   5.60418e-01   5.24954e-01   4.91581e-01   4.59991e-01   4.29953e-01   4.01295e-01   3.73892e-01   3.47652e-01   3.22510e-01   2.98425e-01   2.75371e-01   2.53336e-01   2.32320e-01   2.12330e-01   1.93379e-01   1.75486e-01   1.58673e-01   1.42964e-01   1.28385e-01   1.14963e-01   1.02724e-01   9.16935e-02   8.18967e-02   7.33560e-02   6.60922e-02   6.01233e-02   5.54645e-02   5.21280e-02   5.01225e-02   4.94534e-02   5.01225e-02   5.21280e-02   5.54645e-02   6.01233e-02   6.60922e-02   7.33560e-02   8.18966e-02   9.16934e-02   1.02724e-01   1.14963e-01   1.28385e-01   1.42964e-01   1.58673e-01   1.75486e-01   1.93379e-01   2.12330e-01   2.32320e-01   2.53336e-01   2.75370e-01   2.98424e-01   3.22510e-01   3.47652e-01   3.73892e-01   4.01295e-01   4.29952e-01   4.59990e-01   4.91581e-01   5.24954e-01   5.60418e-01   5.98386e-01   6.39414e-01   6.84269e-01   7.34030e-01   7.90298e-01   8.55641e-01   9.34807e-01   1.03987e+00   1.12221e+00   1.13177e+00   1.14278e+00
   8.62500e-04   8.62556e-01   7.64209e-01   6.95598e-01   6.42035e-01   5.97958e-01   5.60368e-01   5.27400e-01   4.97807e-01   4.70718e-01   4.45513e-01   4.21744e-01   3.99089e-01   3.77314e-01   3.56256e-01   3.35802e-01   3.15877e-01   2.96437e-01   2.77460e-01   2.58942e-01   2.40893e-01   2.23331e-01   2.06284e-01   1.89784e-01   1.73867e-01   1.58573e-01   1.43942e-01   1.30016e-01   1.16836e-01   1.04444e-01   9.28781e-02   8.21775e-02   7.23779e-02   6.35133e-02   5.56146e-02   4.87100e-02   4.28242e-02   3.79787e-02   3.41913e-02   3.14759e-02   2.98426e-02   2.92975e-02   2.98426e-02   3.14759e-02   3.41912e-02   3.79787e-02   4.28242e-02   4.87099e-02   5.56146e-02   6.35132e-02   7.23779e-02   8.21774e-02   9.28781e-02   1.04444e-01   1.16836e-01   1.30016e-01   1.43942e-01   1.58573e-01   1.73867e-01   1.89784e-01   2.06284e-01   2.23331e-01   2.40893e-01   2.58942e-01   2.77460e-01   2.96436e-01   3.15877e-01   3.35802e-01   3.56256e-01   3.77314e-01   3.99089e-01   4.21744e-01   4.45513e-01   4.70718e-01   4.97806e-01   5.27400e-01   5.60368e-01   5.97958e-01   6.42035e-01   6.95598e-01   7.64208e-01   8.62555e-01
   5.75000e-04   4.46209e-01   4.17990e-01   3.96417e-01   3.79118e-01   3.64550e-01   3.51676e-01   3.39791e-01   3.28416e-01   3.17227e-01   3.06013e-01   2.94638e-01   2.83029e-01   2.71150e-01   2.58998e-01   2.46593e-01   2.33968e-01   2.21171e-01   2.08255e-01   1.95280e-01   1.82310e-01   1.69410e-01   1.56644e-01   1.44080e-01   1.31781e-01   1.19812e-01   1.08232e-01   9.71022e-02   8.64780e-02   7.64133e-02   6.69586e-02   5.81613e-02   5.00651e-02   4.27102e-02   3.61329e-02   3.03658e-02   2.54371e-02   2.13712e-02   1.81879e-02   1.59029e-02   1.45275e-02   1.40682e-02   1.45275e-02   1.59029e-02   1.81879e-02   2.13711e-02   2.54371e-02   3.03657e-02   3.61329e-02   4.27102e-02   5.00651e-02   5.81613e-02   6.69586e-02   7.64132e-02   8.64779e-02   9.71021e-02   1.08232e-01   1.19812e-01   1.31781e-01   1.44080e-01   1.56644e-01   1.69410e-01   1.82310e-01   1.95280e-01   2.08255e-01   2.21171e-01   2.33968e-01   2.46593e-01   2.58998e-01   2.71150e-01   2.83029e-01   2.94638e-01   3.06013e-01   3.17227e-01   3.28416e-01   3.39791e-01   3.51676e-01   3.64550e-01   3.79118e-01   3.96417e-01   4.17989e-01   4.46209e-01
   2.87500e-04   2.02554e-01   2.07125e-01   2.12105e-01   2.16710e-01   2.20471e-01   2.23118e-01   2.24513e-01   2.24603e-01   2.23393e-01   2.20927e-01   2.17272e-01   2.12514e-01   2.06750e-01   2.00082e-01   1.92614e-01   1.84454e-01   1.75706e-01   1.66475e-01   1.56861e-01   1.46962e-01   1.36873e-01   1.26685e-01   1.16485e-01   1.06355e-01   9.63743e-02   8.66172e-02   7.71542e-02   6.80512e-02   5.93702e-02   5.11686e-02   4.34996e-02   3.64119e-02   2.99499e-02   2.41534e-02   1.90577e-02   1.46936e-02   1.10873e-02   8.25999e-03   6.22855e-03   5.00489e-03   4.59620e-03   5.00488e-03   6.22854e-03   8.25997e-03   1.10872e-02   1.46936e-02   1.90577e-02   2.41533e-02   2.99498e-02   3.64118e-02   4.34995e-02   5.11686e-02   5.93702e-02   6.80512e-02   7.71541e-02   8.66172e-02   9.63742e-02   1.06355e-01   1.16485e-01   1.26685e-01   1.36873e-01   1.46962e-01   1.56861e-01   1.66475e-01   1.75706e-01   1.84454e-01   1.92614e-01   2.00082e-01   2.06750e-01   2.12514e-01   2.17272e-01   2.20927e-01   2.23393e-01   2.24603e-01   2.24513e-01   2.23118e-01   2.20471e-01   2.16710e-01   2.12105e-01   2.07125e-01   2.02554e-01
   0.00000e+00   1.16672e-01   1.33417e-01   1.48148e-01   1.60702e-01   1.71040e-01   1.79203e-01   1.85276e-01   1.89375e-01   1.91632e-01   1.92188e-01   1.91188e-01   1.88777e-01   1.85100e-01   1.80297e-01   1.74504e-01   1.67854e-01   1.60474e-01   1.52483e-01   1.43999e-01   1.35131e-01   1.25985e-01   1.16660e-01   1.07249e-01   9.78433e-02   8.85257e-02   7.93756e-02   7.04673e-02   6.18701e-02   5.36487e-02   4.58629e-02   3.85681e-02   3.18147e-02   2.56485e-02   2.01104e-02   1.52370e-02   1.10597e-02   7.60529e-03   4.89571e-03   2.94806e-03   1.77457e-03   1.38259e-03   1.77457e-03   2.94805e-03   4.89569e-03   7.60527e-03   1.10597e-02   1.52370e-02   2.01104e-02   2.56484e-02   3.18147e-02   3.85681e-02   4.58629e-02   5.36486e-02   6.18700e-02   7.04672e-02   7.93756e-02   8.85257e-02   9.78432e-02   1.07249e-01   1.16659e-01   1.25985e-01   1.35131e-01   1.43999e-01   1.52483e-01   1.60474e-01   1.67854e-01   1.74504e-01   1.80297e-01   1.85100e-01   1.88777e-01   1.91188e-01   1.92188e-01   1.91632e-01   1.89375e-01   1.85276e-01   1.79203e-01   1.71040e-01   1.60702e-01   1.48148e-01   1.33417e-01   1.16672e-01
  -2.87500e-04   2.01645e-01   2.06390e-01   2.11508e-01   2.16224e-01   2.20074e-01   2.22794e-01   2.24247e-01   2.24385e-01   2.23214e-01   2.20779e-01   2.17150e-01   2.12414e-01   2.06667e-01   2.00013e-01   1.92557e-01   1.84407e-01   1.75667e-01   1.66442e-01   1.56834e-01   1.46939e-01   1.36854e-01   1.26670e-01   1.16472e-01   1.06344e-01   9.63651e-02   8.66095e-02   7.71477e-02   6.80458e-02   5.93656e-02   5.11647e-02   4.34962e-02   3.64090e-02   2.99474e-02   2.41512e-02   1.90558e-02   1.46920e-02   1.10858e-02   8.25861e-03   6.22725e-03   5.00364e-03   4.59497e-03   5.00364e-03   6.22724e-03   8.25860e-03   1.10857e-02   1.46920e-02   1.90558e-02   2.41512e-02   2.99474e-02   3.64090e-02   4.34962e-02   5.11647e-02   5.93656e-02   6.80457e-02   7.71477e-02   8.66095e-02   9.63651e-02   1.06344e-01   1.16472e-01   1.26670e-01   1.36854e-01   1.46939e-01   1.56834e-01   1.66442e-01   1.75667e-01   1.84407e-01   1.92557e-01   2.00013e-01   2.06667e-01   2.12414e-01   2.17150e-01   2.20779e-01   2.23214e-01   2.24385e-01   2.24247e-01   2.22794e-01   2.20074e-01   2.16224e-01   2.11508e-01   2.06390e-01   2.01645e-01
  -5.75000e-04   4.44369e-01   4.16476e-01   3.95172e-01   3.78095e-01   3.63708e-01   3.50982e-01   3.39219e-01   3.27944e-01   3.16838e-01   3.05691e-01   2.94372e-01   2.82808e-01   2.70968e-01   2.58847e-01   2.46467e-01   2.33864e-01   2.21084e-01   2.08183e-01   1.95221e-01   1.82260e-01   1.69368e-01   1.56610e-01   1.44051e-01   1.31757e-01   1.19791e-01   1.08215e-01   9.70879e-02   8.64659e-02   7.64031e-02   6.69500e-02   5.81540e-02   5.00588e-02   4.27048e-02   3.61283e-02   3.03617e-02   2.54335e-02   2.13679e-02   1.81849e-02   1.59001e-02   1.45247e-02   1.40655e-02   1.45247e-02   1.59001e-02   1.81849e-02   2.13679e-02   2.54334e-02   3.03616e-02   3.61282e-02   4.27048e-02   5.00588e-02   5.81539e-02   6.69500e-02   7.64030e-02   8.64659e-02   9.70878e-02   1.08215e-01   1.19791e-01   1.31757e-01   1.44051e-01   1.56610e-01   1.69368e-01   1.82260e-01   1.95220e-01   2.08183e-01   2.21084e-01   2.33864e-01   2.46467e-01   2.58847e-01   2.70967e-01   2.82808e-01   2.94372e-01   3.05691e-01   3.16837e-01   3.27944e-01   3.39218e-01   3.50981e-01   3.63707e-01   3.78095e-01   3.95172e-01   4.16476e-01   4.44369e-01
  -8.62500e-04   8.60249e-01   7.61996e-01   6.93668e-01   6.40404e-01   5.96592e-01   5.59227e-01   5.26449e-01   4.97014e-01   4.70058e-01   4.44964e-01   4.21288e-01   3.98709e-01   3.76999e-01   3.55994e-01   3.35584e-01   3.15695e-01   2.96285e-01   2.77334e-01   2.58837e-01   2.40805e-01   2.23258e-01   2.06223e-01   1.89733e-01   1.73825e-01   1.58537e-01   1.43912e-01   1.29991e-01   1.16815e-01   1.04426e-01   9.28630e-02   8.21646e-02   7.23669e-02   6.35039e-02   5.56064e-02   4.87028e-02   4.28179e-02   3.79730e-02   3.41861e-02   3.14710e-02   2.98379e-02   2.92928e-02   2.98379e-02   3.14710e-02   3.41861e-02   3.79730e-02   4.28178e-02   4.87028e-02   5.56064e-02   6.35038e-02   7.23669e-02   8.21645e-02   9.28629e-02   1.04426e-01   1.16815e-01   1.29991e-01   1.43912e-01   1.58537e-01   1.73824e-01   1.89733e-01   2.06223e-01   2.23258e-01   2.40805e-01   2.58837e-01   2.77334e-01   2.96285e-01   3.15695e-01   3.35583e-01   3.55994e-01   3.76999e-01   3.98709e-01   4.21288e-01   4.44964e-01   4.70058e-01   4.97014e-01   5.26448e-01   5.59227e-01   5.96592e-01   6.40404e-01   6.93667e-01   7.61996e-01   8.60249e-01
  -1.15000e-03   1.14172e+00   1.13049e+00   1.12061e+00   1.03799e+00   9.32962e-01   8.54006e-01   7.88896e-01   7.32840e-01   6.83264e-01   6.38567e-01   5.97674e-01   5.59820e-01   5.24453e-01   4.91161e-01   4.59640e-01   4.29659e-01   4.01050e-01   3.73688e-01   3.47481e-01   3.22367e-01   2.98305e-01   2.75271e-01   2.53253e-01   2.32250e-01   2.12271e-01   1.93330e-01   1.75445e-01   1.58638e-01   1.42935e-01   1.28360e-01   1.14942e-01   1.02706e-01   9.16782e-02   8.18834e-02   7.33445e-02   6.60821e-02   6.01142e-02   5.54562e-02   5.21202e-02   5.01151e-02   4.94461e-02   5.01150e-02   5.21202e-02   5.54562e-02   6.01142e-02   6.60820e-02   7.33445e-02   8.18834e-02   9.16781e-02   1.02706e-01   1.14942e-01   1.28360e-01   1.42935e-01   1.58638e-01   1.75445e-01   1.93330e-01   2.12271e-01   2.32250e-01   2.53252e-01   2.75271e-01   2.98305e-01   3.22367e-01   3.47481e-01   3.73687e-01   4.01050e-01   4.29659e-01   4.59639e-01   4.91161e-01   5.24453e-01   5.59820e-01   5.97673e-01   6.38567e-01   6.83263e-01   7.32840e-01   7.88896e-01   8.54006e-01   9.32962e-01   1.03799e+00   1.13520e+00   1.14181e+00   1.15148e+00
  -1.43750e-03   1.33436e+00   1.31909e+00   1.30590e+00   1.29421e+00   1.28331e+00   1.27122e+00   1.16702e+00   1.05604e+00   9.68519e-01   8.94110e-01   8.28575e-01   7.69614e-01   7.15793e-01   6.66140e-01   6.19963e-01   5.76753e-01   5.36130e-01   4.97805e-01   4.61558e-01   4.27223e-01   3.94672e-01   3.63810e-01   3.34568e-01   3.06898e-01   2.80765e-01   2.56150e-01   2.33043e-01   2.11442e-01   1.91353e-01   1.72785e-01   1.55752e-01   1.40269e-01   1.26353e-01   1.14022e-01   1.03294e-01   9.41848e-02   8.67096e-02   8.08814e-02   7.67105e-02   7.42049e-02   7.33691e-02   7.42048e-02   7.67105e-02   8.08813e-02   8.67096e-02   9.41848e-02   1.03294e-01   1.14022e-01   1.26353e-01   1.40269e-01   1.55752e-01   1.72785e-01   1.91353e-01   2.11442e-01   2.33043e-01   2.56150e-01   2.80765e-01   3.06898e-01   3.34568e-01   3.63810e-01   3.94671e-01   4.27223e-01   4.61558e-01   4.97805e-01   5.36130e-01   5.76753e-01   6.19962e-01   6.66140e-01   7.15793e-01   7.69614e-01   8.28574e-01   8.94109e-01   9.68518e-01   1.05604e+00   1.16702e+00   1.28725e+00   1.29555e+00   1.30481e+00   1.31543e+00   1.32784e+00   1.34249e+00
  -1.72500e-03   1.49532e+00   1.47845e+00   1.46301e+00   1.44865e+00   1.43505e+00   1.42186e+00   1.40873e+00   1.39507e+00   1.37850e+00   1.25272e+00   1.13688e+00   1.04257e+00   9.60851e-01   8.87926e-01   8.21697e-01   7.60850e-01   7.04492e-01   6.51983e-01   6.02855e-01   5.56752e-01   5.13407e-01   4.72612e-01   4.34212e-01   3.98086e-01   3.64144e-01   3.32320e-01   3.02567e-01   2.74853e-01   2.49160e-01   2.25477e-01   2.03804e-01   1.84143e-01   1.66504e-01   1.50897e-01   1.37335e-01   1.25831e-01   1.16399e-01   1.09049e-01   1.03792e-01   1.00634e-01   9.95812e-02   1.00634e-01   1.03792e-01   1.09049e-01   1.16399e-01   1.25831e-01   1.37335e-01   1.50897e-01   1.66504e-01   1.84143e-01   2.03804e-01   2.25477e-01   2.49160e-01   2.74853e-01   3.02566e-01   3.32319e-01   3.64143e-01   3.98085e-01   4.34212e-01   4.72612e-01   5.13406e-01   5.56752e-01   6.02854e-01   6.51983e-01   7.04492e-01   7.60850e-01   8.21697e-01   8.87925e-01   9.60851e-01   1.04257e+00   1.13688e+00   1.25272e+00   1.39607e+00   1.40801e+00   1.41993e+00   1.43198e+00   1.44438e+00   1.45737e+00   1.47122e+00   1.48624e+00   1.50274e+00
  -2.01250e-03   1.62698e+00   1.61007e+00   1.59403e+00   1.57861e+00   1.56357e+00   1.54869e+00   1.53373e+00   1.51848e+00   1.50272e+00   1.48619e+00   1.46835e+00   1.44625e+00   1.29967e+00   1.17997e+00   1.08028e+00   9.92802e-01   9.14094e-01   8.42227e-01   7.75986e-01   7.14544e-01   6.57311e-01   6.03854e-01   5.53848e-01   5.07048e-01   4.63271e-01   4.22375e-01   3.84258e-01   3.48845e-01   3.16082e-01   2.85936e-01   2.58385e-01   2.33422e-01   2.11044e-01   1.91259e-01   1.74075e-01   1.59504e-01   1.47560e-01   1.38255e-01   1.31600e-01   1.27603e-01   1.26271e-01   1.27603e-01   1.31600e-01   1.38255e-01   1.47560e-01   1.59504e-01   1.74074e-01   1.91259e-01   2.11044e-01   2.33422e-01   2.58385e-01   2.85936e-01   3.16082e-01   3.48844e-01   3.84258e-01   4.22375e-01   4.63270e-01   5.07048e-01   5.53847e-01   6.03853e-01   6.57311e-01   7.14544e-01   7.75985e-01   8.42226e-01   9.14093e-01   9.92802e-01   1.08028e+00   1.17997e+00   1.29967e+00   1.46587e+00   1.48188e+00   1.49785e+00   1.51326e+00   1.52822e+00   1.54285e+00   1.55730e+00   1.57177e+00   1.58645e+00   1.60156e+00   1.61733e+00   1.63399e+00
  -2.30000e-03   1.73269e+00   1.71662e+00   1.70096e+00   1.68552e+00   1.67013e+00   1.65462e+00   1.63881e+00   1.62252e+00   1.60559e+00   1.58788e+00   1.56923e+00   1.54950e+00   1.52846e+00   1.50557e+00   1.48187e+00   1.31098e+00   1.18822e+00   1.08425e+00   9.92227e-01   9.08999e-01   8.32797e-01   7.62495e-01   6.97333e-01   6.36772e-01   5.80420e-01   5.27992e-01   4.79276e-01   4.34119e-01   3.92413e-01   3.54082e-01   3.19078e-01   2.87376e-01   2.58963e-01   2.33841e-01   2.12019e-01   1.93513e-01   1.78339e-01   1.66514e-01   1.58056e-01   1.52976e-01   1.51281e-01   1.52975e-01   1.58056e-01   1.66514e-01   1.78339e-01   1.93513e-01   2.12019e-01   2.33841e-01   2.58963e-01   2.87376e-01   3.19078e-01   3.54081e-01   3.92412e-01   4.34119e-01   4.79275e-01   5.27991e-01   5.80420e-01   6.36772e-01   6.97333e-01   7.62495e-01   8.32796e-01   9.08999e-01   9.92227e-01   1.08425e+00   1.18822e+00   1.31098e+00   1.50658e+00   1.51957e+00   1.54045e+00   1.56032e+00   1.57924e+00   1.59727e+00   1.61448e+00   1.63099e+00   1.64693e+00   1.66244e+00   1.67769e+00   1.69283e+00   1.70806e+00   1.72354e+00   1.73944e+00
