Arquivo: c:\arq\medidas\BBA_1203_071921\BBA_AMP03B_H.dat
Data: 1203	 Hora:  0735
Comentário: 
NomeParametro	 ValorParametro
Nmedias	5
PausaCorretora	3000
PausaShunt	2000
PausaLeitura	500
NumCiclos	3
 NPassosCor	9
DeltaShunt	1.50
TetaIni	-0.20
TetaFim	0.20
I[mA]	 131.7
ACH09B	DeltaPos^2	AMP03B	AMP01B_0	AMP02A_0	AMP02B_0	AMP03A_0	AMP03B_0	AMP04A_0	AMP04B_0	AMP05A_0	AMP05B_0	AMP06A_0	AMP06B_0	AMP07A_0	AMP07B_0	AMP08A_0	AMP08B_0	AMP09A_0	AMP09B_0	AMP10A_0	AMP10B_0	AMP11A_0	AMU11A_0	AMU11B_0	AMP11B_0	AMP12A_0	AMP12B_0	AMP01A_0	AMP01B_1	AMP02A_1	AMP02B_1	AMP03A_1	AMP03B_1	AMP04A_1	AMP04B_1	AMP05A_1	AMP05B_1	AMP06A_1	AMP06B_1	AMP07A_1	AMP07B_1	AMP08A_1	AMP08B_1	AMP09A_1	AMP09B_1	AMP10A_1	AMP10B_1	AMP11A_1	AMU11A_1	AMU11B_1	AMP11B_1	AMP12A_1	AMP12B_1	AMP01A_1	
-0.2000	 6.19636667579186E-0003	1.4051	0.8905	-0.5221	-2.9851	1.8987	1.4051	-0.8679	-1.1939	-1.2399	0.7489	1.0407	-1.0266	-1.8661	-1.3018	0.6446	0.8588	-2.5485	-2.2804	-0.0990	0.0160	-0.0800	0.9171	0.5736	-1.4419	-1.4144	-1.3819	2.0848	0.8816	-0.4715	-2.9647	1.7723	1.2964	-0.8703	-1.1595	-1.1952	0.7534	0.9883	-1.0469	-1.7301	-1.1876	0.5734	0.7960	-2.4048	-2.1275	-0.1471	-0.0523	-0.0573	0.9926	0.6780	-1.4919	-1.4110	-1.4154	2.0381	
-0.1500	 3.72079705204967E-0003	0.8208	0.4343	-0.2502	-2.7460	1.3604	0.8208	-0.7215	-0.9417	-1.4077	0.4305	0.9713	-0.9456	-1.5761	-1.1604	0.4057	0.7269	-1.9817	-1.7594	-0.1220	-0.1664	-0.0797	0.8135	0.6071	-1.6743	-1.2214	-1.3267	1.5432	0.4277	-0.2120	-2.7310	1.2636	0.7372	-0.7240	-0.9152	-1.3721	0.4351	0.9304	-0.9622	-1.4704	-1.0715	0.3500	0.6781	-1.8698	-1.6406	-0.1594	-0.2191	-0.0772	0.8719	0.6879	-1.7122	-1.2191	-1.3525	1.5076	
-0.1000	 1.85759679110735E-0003	0.2244	-0.0340	0.0253	-2.5012	0.8110	0.2244	-0.5731	-0.6858	-1.5765	0.1079	0.9004	-0.8643	-1.2818	-1.0162	0.1626	0.5933	-1.4044	-1.2294	-0.1432	-0.3501	-0.0859	0.7033	0.6364	-1.9096	-1.0232	-1.2680	0.9860	-0.0386	0.0519	-2.4907	0.7432	0.1660	-0.5751	-0.6676	-1.5511	0.1116	0.8714	-0.8760	-1.2068	-0.9532	0.1236	0.5585	-1.3249	-1.1450	-0.1695	-0.3875	-0.0554	0.7447	0.6936	-1.9360	-1.0216	-1.2861	0.9614	
-0.0500	 6.24062084108002E-0004	-0.3755	-0.5076	0.3013	-2.2548	0.2577	-0.3755	-0.4251	-0.4296	-1.7463	-0.2162	0.8295	-0.7826	-0.9857	-0.8719	-0.0817	0.4585	-0.8228	-0.6962	-0.1634	-0.5343	-0.0707	0.5899	0.6632	-2.1454	-0.8223	-1.2077	0.4222	-0.5091	0.3158	-2.2493	0.2203	-0.4075	-0.4271	-0.4198	-1.7305	-0.2128	0.8124	-0.7897	-0.9417	-0.8346	-0.1043	0.4382	-0.7765	-0.6467	-0.1788	-0.5562	-0.1116	0.6144	0.6970	-2.1597	-0.8220	-1.2187	0.4087	
0.0000	 4.57950877557547E-0005	-0.9761	-0.9826	0.5770	-2.0063	-0.2973	-0.9761	-0.2767	-0.1729	-1.9171	-0.5411	0.7595	-0.6999	-0.6905	-0.7293	-0.3254	0.3241	-0.2424	-0.1640	-0.1817	-0.7174	-0.0815	0.4727	0.6863	-2.3809	-0.6202	-1.1463	-0.1446	-0.9820	0.5800	-2.0053	-0.3045	-0.9821	-0.2778	-0.1714	-1.9111	-0.5381	0.7545	-0.7026	-0.6780	-0.7182	-0.3318	0.3186	-0.2295	-0.1505	-0.1862	-0.7230	-0.0741	0.4803	0.6962	-2.3835	-0.6205	-1.1493	-0.1469	
0.0500	 1.41714538348231E-0004	-1.5751	-1.4590	0.8525	-1.7573	-0.8523	-1.5751	-0.1279	0.0833	-2.0892	-0.8664	0.6897	-0.6173	-0.3962	-0.5879	-0.5695	0.1905	0.3368	0.3666	-0.1988	-0.8993	-0.0812	0.3528	0.7066	-2.6154	-0.4167	-1.0833	-0.7145	-1.4562	0.8435	-1.7611	-0.8288	-1.5548	-0.1289	0.0764	-2.0924	-0.8634	0.6967	-0.6156	-0.4152	-0.6027	-0.5589	0.1994	0.3161	0.3446	-0.1922	-0.8894	-0.0821	0.3431	0.6925	-2.6062	-0.4176	-1.0788	-0.7056	
0.1000	 8.98729445851548E-0004	-2.1710	-1.9352	1.1271	-1.5070	-1.4058	-2.1710	0.0214	0.3383	-2.2628	-1.1917	0.6215	-0.5337	-0.1053	-0.4502	-0.8115	0.0586	0.9116	0.8925	-0.2138	-1.0793	-0.0595	0.2293	0.7225	-2.8489	-0.2121	-1.0181	-1.2839	-1.9294	1.1063	-1.5157	-1.3525	-2.1249	0.0212	0.3233	-2.2756	-1.1889	0.6407	-0.5274	-0.1556	-0.4908	-0.7842	0.0820	0.8574	0.8355	-0.1963	-1.0537	-0.0795	0.2031	0.6853	-2.8281	-0.2143	-1.0061	-1.2635	
0.1500	 2.31279691947038E-0003	-2.7617	-2.4098	1.4003	-1.2566	-1.9576	-2.7617	0.1718	0.5928	-2.4384	-1.5179	0.5553	-0.4486	0.1814	-0.3167	-1.0511	-0.0714	1.4794	1.4119	-0.2261	-1.2562	-0.0866	0.1015	0.7338	-3.0813	-0.0065	-0.9510	-1.8521	-2.4014	1.3680	-1.2701	-1.8733	-2.6895	0.1714	0.5699	-2.4605	-1.5152	0.5864	-0.4378	0.0999	-0.3829	-1.0073	-0.0335	1.3921	1.3198	-0.1984	-1.2151	-0.0685	0.0590	0.6732	-3.0490	-0.0100	-0.9318	-1.8200	
0.2000	 4.31649000389451E-0003	-3.3447	-2.8800	1.6719	-1.0069	-2.5033	-3.3447	0.3227	0.8468	-2.6170	-1.8445	0.4918	-0.3617	0.4614	-0.1890	-1.2877	-0.1986	2.0367	1.9218	-0.2369	-1.4300	-0.0780	-0.0295	0.7399	-3.3117	0.1994	-0.8819	-2.4145	-2.8679	1.6282	-1.0254	-2.3900	-3.2472	0.3223	0.8152	-2.6471	-1.8410	0.5346	-0.3472	0.3493	-0.2803	-1.2277	-0.1467	1.9180	1.7959	-0.1981	-1.3735	-0.0562	-0.0887	0.6565	-3.2677	0.1947	-0.8551	-2.3715	
