Arquivo: c:\arq\medidas\BBA_1203_071921\BBA_AMP07A_V.dat
Data: 1203	 Hora:  0804
Comentário: 
NomeParametro	 ValorParametro
Nmedias	5
PausaCorretora	3000
PausaShunt	2000
PausaLeitura	500
NumCiclos	3
 NPassosCor	9
DeltaShunt	1.50
TetaIni	-0.20
TetaFim	0.20
I[mA]	  87.4
ACV09B	DeltaPos^2	AMP07A	AMP01B_0	AMP02A_0	AMP02B_0	AMP03A_0	AMP03B_0	AMP04A_0	AMP04B_0	AMP05A_0	AMP05B_0	AMP06A_0	AMP06B_0	AMP07A_0	AMP07B_0	AMP08A_0	AMP08B_0	AMP09A_0	AMP09B_0	AMP10A_0	AMP10B_0	AMP11A_0	AMU11A_0	AMU11B_0	AMP11B_0	AMP12A_0	AMP12B_0	AMP01A_0	AMP01B_1	AMP02A_1	AMP02B_1	AMP03A_1	AMP03B_1	AMP04A_1	AMP04B_1	AMP05A_1	AMP05B_1	AMP06A_1	AMP06B_1	AMP07A_1	AMP07B_1	AMP08A_1	AMP08B_1	AMP09A_1	AMP09B_1	AMP10A_1	AMP10B_1	AMP11A_1	AMU11A_1	AMU11B_1	AMP11B_1	AMP12A_1	AMP12B_1	AMP01A_1	
-0.2000	 5.12037032198322E-0003	-2.0728	0.5888	1.0064	1.7003	2.0287	0.4606	-0.7799	-0.2327	1.7193	1.4103	0.8729	-2.1546	-2.0728	2.0534	2.4115	0.9513	0.7418	-1.7699	-0.7145	-0.0360	-0.0622	0.9152	2.6551	-3.1927	1.4708	-0.1690	-1.4326	0.6940	1.0880	1.7460	2.0538	0.3813	-0.8185	-0.1832	1.8203	1.3699	0.8149	-2.2392	-2.1821	2.1163	2.4759	1.0224	0.8164	-1.8836	-0.7810	-0.0257	-0.0951	0.9671	2.6757	-3.3385	1.4516	-0.2475	-1.5423	
-0.1500	 3.01270719834535E-0003	-1.5621	0.3567	0.7455	1.3950	1.6781	0.8612	-0.4754	-0.2531	1.5084	1.3021	0.9307	-1.8259	-1.5621	1.6425	2.0765	0.7097	0.5613	-1.3308	-0.4004	0.1232	-0.0972	0.9291	2.3853	-2.3424	1.3592	0.0345	-1.0424	0.4368	0.8084	1.4304	1.6980	0.8003	-0.5063	-0.2157	1.5853	1.2723	0.8869	-1.8908	-1.6460	1.6914	2.1259	0.7644	0.6187	-1.4186	-0.4516	0.1309	-0.0940	0.9684	2.4015	-2.4562	1.3447	-0.0256	-1.1268	
-0.1000	 1.36462337009775E-0003	-1.0334	0.1150	0.4748	1.0784	1.3149	1.2728	-0.1619	-0.2728	1.2920	1.1889	0.9893	-1.4863	-1.0334	1.2192	1.7290	0.4585	0.3724	-0.8743	-0.0756	0.2868	-0.0890	0.9418	2.1056	-1.4517	1.2448	0.2461	-0.6356	0.1688	0.5169	1.1022	1.3287	1.2323	-0.1822	-0.2477	1.3435	1.1688	0.9601	-1.5301	-1.0899	1.2518	1.7625	0.4952	0.4115	-0.9339	-0.1097	0.2917	-0.0897	0.9683	2.1173	-1.5296	1.2354	0.2058	-0.6927	
-0.0500	 3.36899098310508E-0004	-0.4925	-0.1325	0.1974	0.7543	0.9451	1.6921	0.1585	-0.2915	1.0728	1.0712	1.0477	-1.1402	-0.4925	0.7868	1.3741	0.2004	0.1780	-0.4066	0.2567	0.4524	-0.0984	0.9535	1.8200	-0.5364	1.1289	0.4628	-0.2207	-0.1059	0.2184	0.7663	0.9523	1.6716	0.1485	-0.2794	1.0983	1.0617	1.0335	-1.1618	-0.5206	0.8033	1.3911	0.2191	0.1973	-0.4360	0.2394	0.4548	-0.0992	0.9667	1.8257	-0.5758	1.1239	0.4429	-0.2488	
0.0000	 7.93517785256282E-0007	0.0560	-0.3853	-0.0846	0.4246	0.5673	2.1155	0.4845	-0.3089	0.8524	0.9497	1.1050	-0.7890	0.0560	0.3497	1.0141	-0.0621	-0.0223	0.0692	0.5936	0.6203	-0.0779	0.9649	1.5287	0.3947	1.0110	0.6829	0.2011	-0.3865	-0.0855	0.4241	0.5673	2.1163	0.4851	-0.3097	0.8513	0.9505	1.1059	-0.7879	0.0576	0.3487	1.0133	-0.0628	-0.0230	0.0706	0.5945	0.6201	-0.0680	0.9644	1.5284	0.3962	1.0105	0.6839	0.2023	
0.0500	 4.10707265371967E-0004	0.6086	-0.6417	-0.3699	0.0910	0.1838	2.5411	0.8154	-0.3249	0.6315	0.8252	1.1612	-0.4346	0.6086	-0.0917	0.6498	-0.3283	-0.2254	0.5513	0.9351	0.7911	-0.1040	0.9763	1.2328	1.3335	0.8900	0.9047	0.6284	-0.6712	-0.3928	0.0776	0.1764	2.5626	0.8261	-0.3385	0.6039	0.8356	1.1776	-0.4103	0.6404	-0.1100	0.6311	-0.3485	-0.2467	0.5840	0.9547	0.7888	-0.0865	0.9623	1.2263	1.3763	0.8952	0.9267	0.6595	
0.1000	 1.53572005061005E-0003	1.1637	-0.8988	-0.6566	-0.2462	-0.2028	2.9656	1.1473	-0.3390	0.4118	0.6970	1.2165	-0.0784	1.1637	-0.5348	0.2839	-0.5958	-0.4307	1.0355	1.2790	0.9644	-0.0712	0.9891	0.9328	2.2705	0.7688	1.1284	1.0587	-0.9561	-0.7013	-0.2718	-0.2178	3.0073	1.1698	-0.3650	0.3579	0.7172	1.2469	-0.0318	1.2245	-0.5695	0.2480	-0.6353	-0.4724	1.0988	1.3161	0.9601	-0.0892	0.9619	0.9205	2.3520	0.7780	1.1712	1.1191	
0.1500	 3.31483372167631E-0003	1.7171	-1.1551	-0.9429	-0.5838	-0.5907	3.3873	1.4800	-0.3512	0.1939	0.5662	1.2701	0.2767	1.7171	-0.9771	-0.0822	-0.8638	-0.6356	1.5185	1.6229	1.1386	-0.0623	1.0043	0.6310	3.1939	0.6447	1.3507	1.4879	-1.2394	-1.0092	-0.6214	-0.6127	3.4486	1.5127	-0.3894	0.1141	0.5964	1.3145	0.3451	1.8054	-1.0273	-0.1348	-0.9221	-0.6974	1.6119	1.6770	1.1323	-0.0930	0.9641	0.6122	3.3123	0.6586	1.4131	1.5768	
0.2000	 5.65253643468929E-0003	2.2636	-1.4079	-1.2267	-0.9197	-0.9780	3.8029	1.8118	-0.3613	-0.0207	0.4336	1.3208	0.6288	2.2636	-1.4147	-0.4456	-1.1294	-0.8390	1.9963	1.9634	1.3142	-0.0967	1.0220	0.3277	4.0950	0.5192	1.5704	1.9127	-1.5185	-1.3132	-0.9690	-1.0067	3.8822	1.8547	-0.4112	-0.1252	0.4731	1.3788	0.7180	2.3783	-1.4796	-0.5136	-1.2056	-0.9203	2.1181	2.0347	1.3060	-0.0745	0.9696	0.3027	4.2459	0.5368	1.6527	2.0288	
