Arquivo: c:\arq\medidas\BBA_1203_071921\BBA_AMP04A_V.dat
Data: 1203	 Hora:  0740
Comentário: 
NomeParametro	 ValorParametro
Nmedias	5
PausaCorretora	3000
PausaShunt	2000
PausaLeitura	500
NumCiclos	3
 NPassosCor	9
DeltaShunt	3.00
TetaIni	-0.20
TetaFim	0.20
I[mA]	 131.1
ACV03B	DeltaPos^2	AMP04A	AMP01B_0	AMP02A_0	AMP02B_0	AMP03A_0	AMP03B_0	AMP04A_0	AMP04B_0	AMP05A_0	AMP05B_0	AMP06A_0	AMP06B_0	AMP07A_0	AMP07B_0	AMP08A_0	AMP08B_0	AMP09A_0	AMP09B_0	AMP10A_0	AMP10B_0	AMP11A_0	AMU11A_0	AMU11B_0	AMP11B_0	AMP12A_0	AMP12B_0	AMP01A_0	AMP01B_1	AMP02A_1	AMP02B_1	AMP03A_1	AMP03B_1	AMP04A_1	AMP04B_1	AMP05A_1	AMP05B_1	AMP06A_1	AMP06B_1	AMP07A_1	AMP07B_1	AMP08A_1	AMP08B_1	AMP09A_1	AMP09B_1	AMP10A_1	AMP10B_1	AMP11A_1	AMU11A_1	AMU11B_1	AMP11B_1	AMP12A_1	AMP12B_1	AMP01A_1	
-0.2000	 1.30893277693181E-0003	-0.8776	1.4095	1.4076	1.4476	1.3499	0.5077	-0.8776	-0.9002	0.7284	2.2060	1.5566	-1.6831	-1.7141	1.1413	1.9877	1.2678	1.5090	-1.9637	-0.6763	0.5669	-0.2074	1.6356	2.1328	-2.9185	0.8590	-0.6969	-1.8593	1.4389	1.4407	1.4879	1.3956	0.4568	-0.9162	-0.9343	0.6956	2.2621	1.5886	-1.6892	-1.7444	1.1355	1.9986	1.3070	1.5636	-2.0154	-0.7162	0.5454	-0.2151	1.6325	2.1696	-3.0268	0.8750	-0.7234	-1.9101	
-0.1500	 7.93934124189776E-0004	-0.5629	1.0495	1.0964	1.2132	1.1506	0.8649	-0.5629	-0.7339	0.8019	1.8780	1.4185	-1.5034	-1.3326	0.9891	1.7826	0.9659	1.1514	-1.5114	-0.3838	0.5999	-0.1944	1.5058	1.9768	-2.1805	0.8672	-0.4150	-1.4261	1.0722	1.1222	1.2446	1.1862	0.8252	-0.5929	-0.7605	0.7765	1.9218	1.4436	-1.5078	-1.3557	0.9843	1.7915	0.9962	1.1936	-1.5514	-0.4149	0.5833	-0.1916	1.5029	2.0060	-2.2654	0.8803	-0.4353	-1.4659	
-0.1000	 4.03615687465961E-0004	-0.2420	0.6818	0.7784	0.9730	0.9461	1.2279	-0.2420	-0.5660	0.8754	1.5437	1.2788	-1.3190	-0.9425	0.8319	1.5732	0.6577	0.7867	-1.0482	-0.0856	0.6333	-0.1933	1.3735	1.8177	-1.4190	0.8756	-0.1276	-0.9833	0.6989	0.7973	0.9952	0.9715	1.1995	-0.2630	-0.5845	0.8576	1.5748	1.2965	-1.3224	-0.9586	0.8288	1.5788	0.6793	0.8167	-1.0770	-0.1076	0.6214	-0.1802	1.3716	1.8387	-1.4802	0.8853	-0.1423	-1.0122	
-0.0500	 1.42288096234623E-0004	0.0832	0.3107	0.4571	0.7288	0.7381	1.5939	0.0832	-0.3958	0.9492	1.2044	1.1374	-1.1327	-0.5457	0.6725	1.3598	0.3453	0.4178	-0.5776	0.2163	0.6685	-0.2081	1.2407	1.6549	-0.6432	0.8833	0.1629	-0.5334	0.3214	0.4684	0.7418	0.7528	1.5771	0.0704	-0.4065	0.9390	1.2230	1.1475	-1.1344	-0.5551	0.6706	1.3633	0.3581	0.4349	-0.5944	0.2033	0.6609	-0.1919	1.2393	1.6681	-0.6794	0.8890	0.1541	-0.5512	
0.0000	 1.04679711374479E-0005	0.4170	-0.0702	0.1266	0.4773	0.5228	1.9686	0.4170	-0.2210	1.0253	0.8550	0.9918	-0.9402	-0.1375	0.5082	1.1405	0.0238	0.0378	-0.0930	0.5261	0.7045	-0.1998	1.1042	1.4873	0.1559	0.8906	0.4607	-0.0717	-0.0661	0.1301	0.4807	0.5258	1.9642	0.4138	-0.2239	1.0226	0.8601	0.9947	-0.9403	-0.1389	0.5074	1.1411	0.0272	0.0420	-0.0970	0.5230	0.7025	-0.2094	1.1034	1.4916	0.1462	0.8928	0.4583	-0.0771	
0.0500	 3.36255042935689E-0005	0.7634	-0.4653	-0.2158	0.2169	0.2989	2.3540	0.7634	-0.0393	1.1056	0.4925	0.8403	-0.7413	0.2844	0.3384	0.9130	-0.3091	-0.3552	0.4088	0.8477	0.7430	-0.2069	0.9635	1.3124	0.9807	0.8972	0.7677	0.4061	-0.4682	-0.2203	0.2104	0.2905	2.3625	0.7696	-0.0336	1.1110	0.4837	0.8349	-0.7397	0.2907	0.3388	0.9106	-0.3154	-0.3649	0.4176	0.8540	0.7463	-0.1906	0.9637	1.3082	0.9984	0.8954	0.7715	0.4126	
0.1000	 2.21769631131465E-0004	1.1138	-0.8661	-0.5626	-0.0479	0.0719	2.7416	1.1138	0.1465	1.1888	0.1229	0.6854	-0.5402	0.7115	0.1673	0.6825	-0.6463	-0.7551	0.9171	1.1734	0.7831	-0.2221	0.8220	1.1345	1.8112	0.9031	1.0790	0.8906	-0.8760	-0.5754	-0.0647	0.0516	2.7621	1.1294	0.1608	1.2022	0.0996	0.6723	-0.5367	0.7257	0.1690	0.6772	-0.6626	-0.7787	0.9391	1.1903	0.7915	-0.1766	0.8224	1.1208	1.8564	0.8978	1.0894	0.9099	
0.1500	 5.76312481435367E-0004	1.4640	-1.2664	-0.9096	-0.3123	-0.1551	3.1266	1.4640	0.3344	1.2746	-0.2502	0.5291	-0.3398	1.1385	-0.0030	0.4530	-0.9844	-1.1551	1.4254	1.4999	0.8238	-0.1931	0.6804	0.9541	2.6324	0.9089	1.3899	1.3750	-1.2833	-0.9304	-0.3392	-0.1866	3.1593	1.4897	0.3573	1.2968	-0.2878	0.5075	-0.3347	1.1602	0.0002	0.4446	-1.0107	-1.1926	1.4610	1.5272	0.8381	-0.2002	0.6817	0.9317	2.7037	0.8991	1.4064	1.4066	
0.2000	 1.08018370938798E-0003	1.8132	-1.6665	-1.2558	-0.5760	-0.3804	3.5077	1.8132	0.5243	1.3641	-0.6256	0.3698	-0.1409	1.5629	-0.1707	0.2243	-1.3224	-1.5562	1.9326	1.8261	0.8655	-0.1980	0.5399	0.7726	3.4396	0.9128	1.6999	1.8581	-1.6901	-1.2848	-0.6127	-0.4239	3.5516	1.8485	0.5560	1.3949	-0.6774	0.3399	-0.1346	1.5923	-0.1658	0.2133	-1.3582	-1.6071	1.9806	1.8634	0.8853	-0.2101	0.5421	0.7409	3.5352	0.8995	1.7228	1.9014	
