Arquivo: c:\arq\medidas\BBA_1203_071921\BBA_AMP04A_H.dat
Data: 1203	 Hora:  0739
Comentário: 
NomeParametro	 ValorParametro
Nmedias	5
PausaCorretora	3000
PausaShunt	2000
PausaLeitura	500
NumCiclos	3
 NPassosCor	9
DeltaShunt	3.00
TetaIni	-0.20
TetaFim	0.20
I[mA]	 131.2
ACH11B	DeltaPos^2	AMP04A	AMP01B_0	AMP02A_0	AMP02B_0	AMP03A_0	AMP03B_0	AMP04A_0	AMP04B_0	AMP05A_0	AMP05B_0	AMP06A_0	AMP06B_0	AMP07A_0	AMP07B_0	AMP08A_0	AMP08B_0	AMP09A_0	AMP09B_0	AMP10A_0	AMP10B_0	AMP11A_0	AMU11A_0	AMU11B_0	AMP11B_0	AMP12A_0	AMP12B_0	AMP01A_0	AMP01B_1	AMP02A_1	AMP02B_1	AMP03A_1	AMP03B_1	AMP04A_1	AMP04B_1	AMP05A_1	AMP05B_1	AMP06A_1	AMP06B_1	AMP07A_1	AMP07B_1	AMP08A_1	AMP08B_1	AMP09A_1	AMP09B_1	AMP10A_1	AMP10B_1	AMP11A_1	AMU11A_1	AMU11B_1	AMP11B_1	AMP12A_1	AMP12B_1	AMP01A_1	
-0.2000	 5.29787131537784E-0003	-1.3294	-0.9620	-0.2206	-2.2918	1.7580	0.7567	-1.3294	-1.1152	0.1891	1.6901	0.0591	-1.7027	0.3489	0.8202	-0.2808	-0.1783	-0.9361	-0.2686	0.6025	-0.4115	-0.0874	-1.5476	-1.1484	-1.9173	-0.6348	-0.5768	0.4971	-0.8602	-0.2394	-2.3451	1.7092	0.7449	-1.2998	-1.0769	0.1128	1.5870	0.0405	-1.6902	0.3728	0.8070	-0.3453	-0.2121	-0.8263	-0.1817	0.5171	-0.4857	-0.0703	-1.4153	-1.0091	-1.9037	-0.7005	-0.6616	0.5670	
-0.1500	 3.81237868418764E-0003	-1.0828	-0.9676	-0.0323	-2.2245	1.2753	0.3480	-1.0828	-0.8927	-0.3042	1.1680	0.2202	-1.4687	0.1143	0.4640	-0.2976	-0.0651	-0.7612	-0.2317	0.4178	-0.4882	-0.0775	-1.0758	-0.7155	-2.0274	-0.6312	-0.7120	0.3441	-0.8822	-0.0474	-2.2690	1.2330	0.3375	-1.0567	-0.8590	-0.3694	1.0796	0.2046	-1.4572	0.1348	0.4526	-0.3522	-0.0933	-0.6677	-0.1582	0.3453	-0.5510	-0.0767	-0.9638	-0.5974	-2.0160	-0.6868	-0.7836	0.4025	
-0.1000	 2.61751086236627E-0003	-0.8320	-0.9769	0.1598	-2.1544	0.7834	-0.0683	-0.8320	-0.6664	-0.8040	0.6376	0.3841	-1.2310	-0.1250	0.1017	-0.3129	0.0509	-0.5865	-0.1968	0.2321	-0.5641	-0.0843	-0.6001	-0.2805	-2.1395	-0.6263	-0.8467	0.1868	-0.9060	0.1468	-2.1918	0.7490	-0.0764	-0.8106	-0.6388	-0.8573	0.5648	0.3709	-1.2221	-0.1076	0.0927	-0.3587	0.0270	-0.5094	-0.1359	0.1715	-0.6166	-0.0744	-0.5069	-0.1827	-2.1302	-0.6723	-0.9063	0.2351	
-0.0500	 1.61244942642851E-0003	-0.5806	-0.9882	0.3517	-2.0840	0.2885	-0.4865	-0.5806	-0.4393	-1.3050	0.1039	0.5480	-0.9930	-0.3654	-0.2622	-0.3281	0.1671	-0.4127	-0.1631	0.0450	-0.6404	-0.0908	-0.1228	0.1543	-2.2527	-0.6206	-0.9812	0.0276	-0.9327	0.3421	-2.1126	0.2600	-0.4943	-0.5631	-0.4166	-1.3472	0.0457	0.5379	-0.9854	-0.3520	-0.2700	-0.3638	0.1488	-0.3516	-0.1151	-0.0024	-0.6809	-0.0930	-0.0500	0.2308	-2.2452	-0.6560	-1.0271	0.0649	
0.0000	 8.43345622098918E-0004	-0.3287	-1.0020	0.5447	-2.0120	-0.2099	-0.9078	-0.3287	-0.2114	-1.8064	-0.4324	0.7125	-0.7538	-0.6086	-0.6287	-0.3420	0.2843	-0.2403	-0.1313	-0.1416	-0.7152	-0.0541	0.3535	0.5877	-2.3667	-0.6131	-1.1141	-0.1346	-0.9622	0.5382	-2.0323	-0.2309	-0.9136	-0.3159	-0.1943	-1.8375	-0.4755	0.7054	-0.7478	-0.5986	-0.6346	-0.3683	0.2711	-0.1962	-0.0969	-0.1755	-0.7446	-0.0710	0.4057	0.6427	-2.3612	-0.6386	-1.1473	-0.1080	
0.0500	 2.92900759830042E-0004	-0.0774	-1.0186	0.7377	-1.9394	-0.7084	-1.3297	-0.0774	0.0157	-2.3059	-0.9682	0.8771	-0.5148	-0.8520	-0.9956	-0.3550	0.4021	-0.0703	-0.1018	-0.3273	-0.7893	-0.0761	0.8276	1.0174	-2.4808	-0.6047	-1.2463	-0.2989	-0.9971	0.7363	-1.9488	-0.7237	-1.3353	-0.0665	0.0298	-2.3269	-0.9971	0.8743	-0.5083	-0.8473	-1.0009	-0.3698	0.3952	-0.0447	-0.0822	-0.3471	-0.8057	-0.0486	0.8573	1.0491	-2.4785	-0.6184	-1.2640	-0.2862	
0.1000	 4.52673631758300E-0005	0.1750	-1.0392	0.9324	-1.8642	-1.2079	-1.7531	0.1750	0.2448	-2.8039	-1.5037	1.0432	-0.2746	-1.0984	-1.3639	-0.3666	0.5206	0.0975	-0.0751	-0.5118	-0.8618	-0.0859	1.2976	1.4422	-2.5967	-0.5944	-1.3763	-0.4671	-1.0319	0.9337	-1.8658	-1.2166	-1.7576	0.1815	0.2529	-2.8135	-1.5174	1.0430	-0.2701	-1.0976	-1.3673	-0.3712	0.5195	0.1070	-0.0683	-0.5185	-0.8667	-0.0554	1.3080	1.4536	-2.5961	-0.5981	-1.3815	-0.4641	
0.1500	 3.48079613427051E-0005	0.4262	-1.0625	1.1272	-1.7877	-1.7057	-2.1756	0.4262	0.4730	-3.2977	-2.0363	1.2093	-0.0346	-1.3450	-1.7313	-0.3777	0.6395	0.2629	-0.0500	-0.6961	-0.9339	-0.0816	1.7631	1.8638	-2.7132	-0.5829	-1.5054	-0.6377	-1.0710	1.1316	-1.7807	-1.7074	-2.1786	0.4290	0.4765	-3.2964	-2.0353	1.2119	-0.0315	-1.3482	-1.7334	-0.3721	0.6437	0.2552	-0.0566	-0.6889	-0.9266	-0.0832	1.7533	1.8540	-2.7146	-0.5760	-1.4968	-0.6455	
0.2000	 2.72212733608911E-0004	0.6779	-1.0880	1.3219	-1.7104	-2.2017	-2.5974	0.6779	0.7013	-3.7869	-2.5651	1.3745	0.2048	-1.5936	-2.0990	-0.3868	0.7594	0.4258	-0.0276	-0.8786	-1.0036	-0.0670	2.2241	2.2798	-2.8303	-0.5697	-1.6324	-0.8105	-1.1125	1.3296	-1.6943	-2.1972	-2.5992	0.6770	0.6999	-3.7757	-2.5500	1.3807	0.2073	-1.6009	-2.1001	-0.3709	0.7692	0.4009	-0.0478	-0.8578	-0.9844	-0.0962	2.1944	2.2489	-2.8336	-0.5528	-1.6102	-0.8293	
