Arquivo: c:\arq\medidas\BBA_1203_071921\BBA_AMP06B_H.dat
Data: 1203	 Hora:  0758
Comentário: 
NomeParametro	 ValorParametro
Nmedias	5
PausaCorretora	3000
PausaShunt	2000
PausaLeitura	500
NumCiclos	3
 NPassosCor	9
DeltaShunt	3.00
TetaIni	-0.20
TetaFim	0.20
I[mA]	 129.1
ACH11A	DeltaPos^2	AMP06B	AMP01B_0	AMP02A_0	AMP02B_0	AMP03A_0	AMP03B_0	AMP04A_0	AMP04B_0	AMP05A_0	AMP05B_0	AMP06A_0	AMP06B_0	AMP07A_0	AMP07B_0	AMP08A_0	AMP08B_0	AMP09A_0	AMP09B_0	AMP10A_0	AMP10B_0	AMP11A_0	AMU11A_0	AMU11B_0	AMP11B_0	AMP12A_0	AMP12B_0	AMP01A_0	AMP01B_1	AMP02A_1	AMP02B_1	AMP03A_1	AMP03B_1	AMP04A_1	AMP04B_1	AMP05A_1	AMP05B_1	AMP06A_1	AMP06B_1	AMP07A_1	AMP07B_1	AMP08A_1	AMP08B_1	AMP09A_1	AMP09B_1	AMP10A_1	AMP10B_1	AMP11A_1	AMU11A_1	AMU11B_1	AMP11B_1	AMP12A_1	AMP12B_1	AMP01A_1	
-0.2000	 3.21888737542286E-0003	-1.8200	-1.6095	-0.0211	-2.0167	1.4615	0.3182	-1.3628	-0.9763	0.4240	1.7257	-0.2312	-1.8200	1.0959	1.4399	-0.6725	-0.5298	-0.1622	0.5657	0.3529	-0.7819	-0.0623	-1.2467	-1.3382	-2.1341	-0.3653	-0.4009	-0.1721	-1.5065	-0.0531	-2.0711	1.4625	0.3491	-1.3516	-0.9954	0.3382	1.6670	-0.1911	-1.7942	1.0648	1.3818	-0.7016	-0.5319	-0.1114	0.5894	0.2934	-0.8219	-0.0745	-1.1463	-1.2424	-2.1088	-0.4261	-0.4652	-0.0851	
-0.1500	 2.08646137274779E-0003	-1.5766	-1.4827	0.1141	-2.0098	1.0736	0.0283	-1.1252	-0.7971	-0.0850	1.2318	-0.0171	-1.5766	0.7172	0.9776	-0.6026	-0.3477	-0.1670	0.4195	0.2355	-0.7729	-0.0615	-0.8706	-0.8825	-2.1908	-0.4171	-0.5673	-0.1822	-1.3994	0.0885	-2.0531	1.0739	0.0524	-1.1153	-0.8125	-0.1546	1.1846	0.0154	-1.5559	0.6923	0.9305	-0.6259	-0.3492	-0.1260	0.4388	0.1876	-0.8047	-0.0882	-0.7895	-0.8053	-2.1706	-0.4655	-0.6187	-0.1125	
-0.1000	 1.14668264503104E-0003	-1.3315	-1.3545	0.2499	-2.0027	0.6794	-0.2658	-0.8858	-0.6169	-0.6001	0.7313	0.1979	-1.3315	0.3344	0.5087	-0.5320	-0.1643	-0.1726	0.2719	0.1165	-0.7636	-0.0823	-0.4900	-0.4209	-2.2485	-0.4690	-0.7355	-0.1937	-1.2941	0.2325	-2.0332	0.6776	-0.2494	-0.8763	-0.6264	-0.6543	0.6938	0.2242	-1.3134	0.3148	0.4716	-0.5486	-0.1640	-0.1426	0.2854	0.0812	-0.7865	-0.0810	-0.4303	-0.3642	-2.2341	-0.5041	-0.7730	-0.1434	
-0.0500	 4.81399903940870E-0004	-1.0840	-1.2296	0.3879	-1.9935	0.2816	-0.5635	-0.6441	-0.4340	-1.1177	0.2262	0.4147	-1.0840	-0.0518	0.0351	-0.4598	0.0207	-0.1809	0.1210	-0.0015	-0.7529	-0.0730	-0.1105	0.0404	-2.3080	-0.5197	-0.9030	-0.2086	-1.1918	0.3783	-2.0109	0.2768	-0.5557	-0.6352	-0.4383	-1.1568	0.1983	0.4348	-1.0696	-0.0666	0.0083	-0.4688	0.0231	-0.1621	0.1285	-0.0233	-0.7657	-0.0723	-0.0728	0.0760	-2.2992	-0.5407	-0.9252	-0.1780	
0.0000	 1.31088150321698E-0004	-0.8351	-1.1087	0.5271	-1.9828	-0.1198	-0.8644	-0.4018	-0.2500	-1.6358	-0.2819	0.6314	-0.8351	-0.4403	-0.4403	-0.3858	0.2070	-0.1916	-0.0323	-0.1184	-0.7404	-0.0665	0.2669	0.4996	-2.3685	-0.5683	-1.0688	-0.2273	-1.0901	0.5236	-1.9900	-0.1246	-0.8622	-0.3948	-0.2508	-1.6580	-0.2982	0.6442	-0.8257	-0.4487	-0.4558	-0.3897	0.2097	-0.1825	-0.0294	-0.1292	-0.7461	-0.0678	0.2857	0.5172	-2.3644	-0.5781	-1.0790	-0.2129	
0.0500	 1.64225479152489E-0005	-0.5865	-0.9896	0.6670	-1.9707	-0.5217	-1.1664	-0.1595	-0.0658	-2.1512	-0.7896	0.8478	-0.5865	-0.8292	-0.9160	-0.3112	0.3931	-0.2047	-0.1869	-0.2340	-0.7272	-0.0574	0.6418	0.9560	-2.4298	-0.6157	-1.2334	-0.2479	-0.9922	0.6707	-1.9659	-0.5275	-1.1711	-0.1540	-0.0619	-2.1581	-0.7954	0.8540	-0.5812	-0.8318	-0.9206	-0.3090	0.3968	-0.2058	-0.1890	-0.2327	-0.7244	-0.0727	0.6402	0.9541	-2.4308	-0.6130	-1.2306	-0.2518	
0.1000	 1.49630241653428E-0004	-0.3381	-0.8742	0.8079	-1.9570	-0.9237	-1.4694	0.0823	0.1191	-2.6622	-1.2953	1.0635	-0.3381	-1.2167	-1.3897	-0.2357	0.5791	-0.2199	-0.3429	-0.3480	-0.7124	-0.0625	1.0126	1.4070	-2.4925	-0.6614	-1.3965	-0.2723	-0.8971	0.8182	-1.9411	-0.9306	-1.4805	0.0864	0.1271	-2.6536	-1.2906	1.0629	-0.3372	-1.2140	-1.3835	-0.2276	0.5834	-0.2308	-0.3497	-0.3349	-0.7016	-0.0803	0.9914	1.3866	-2.4983	-0.6467	-1.3805	-0.2934	
0.1500	 3.68119227890415E-0004	-0.0890	-0.7641	0.9507	-1.9395	-1.3265	-1.7750	0.3245	0.3050	-3.1700	-1.8001	1.2798	-0.0890	-1.6052	-1.8628	-0.1581	0.7656	-0.2389	-0.5017	-0.4593	-0.6954	-0.0627	1.3770	1.8517	-2.5567	-0.7041	-1.5565	-0.3014	-0.7991	0.9629	-1.9195	-1.3287	-1.7863	0.3230	0.3127	-3.1433	-1.7813	1.2693	-0.0964	-1.5934	-1.8428	-0.1484	0.7674	-0.2547	-0.5092	-0.4392	-0.6814	-0.0601	1.3432	1.8195	-2.5649	-0.6830	-1.5338	-0.3322	
0.2000	 8.19870550686530E-0004	0.1577	-0.6544	1.0923	-1.9234	-1.7276	-2.0801	0.5643	0.4897	-3.6712	-2.3002	1.4940	0.1577	-1.9913	-2.3319	-0.0814	0.9503	-0.2586	-0.6606	-0.5706	-0.6787	-0.1030	1.7399	2.2943	-2.6212	-0.7475	-1.7169	-0.3312	-0.7066	1.1094	-1.8946	-1.7293	-2.0959	0.5602	0.5003	-3.6294	-2.2705	1.4761	0.1450	-1.9732	-2.3017	-0.0669	0.9524	-0.2826	-0.6717	-0.5406	-0.6582	-0.0649	1.6898	2.2465	-2.6332	-0.7163	-1.6836	-0.3759	
