Arquivo: c:\arq\medidas\BBA_1203_071921\BBA_AMP07B_V.dat
Data: 1203	 Hora:  0808
Comentário: 
NomeParametro	 ValorParametro
Nmedias	5
PausaCorretora	3000
PausaShunt	2000
PausaLeitura	500
NumCiclos	3
 NPassosCor	9
DeltaShunt	1.50
TetaIni	-0.20
TetaFim	0.20
I[mA]	  58.1
ACV01B	DeltaPos^2	AMP07B	AMP01B_0	AMP02A_0	AMP02B_0	AMP03A_0	AMP03B_0	AMP04A_0	AMP04B_0	AMP05A_0	AMP05B_0	AMP06A_0	AMP06B_0	AMP07A_0	AMP07B_0	AMP08A_0	AMP08B_0	AMP09A_0	AMP09B_0	AMP10A_0	AMP10B_0	AMP11A_0	AMU11A_0	AMU11B_0	AMP11B_0	AMP12A_0	AMP12B_0	AMP01A_0	AMP01B_1	AMP02A_1	AMP02B_1	AMP03A_1	AMP03B_1	AMP04A_1	AMP04B_1	AMP05A_1	AMP05B_1	AMP06A_1	AMP06B_1	AMP07A_1	AMP07B_1	AMP08A_1	AMP08B_1	AMP09A_1	AMP09B_1	AMP10A_1	AMP10B_1	AMP11A_1	AMU11A_1	AMU11B_1	AMP11B_1	AMP12A_1	AMP12B_1	AMP01A_1	
-0.2000	 6.48439365312439E-0003	-2.0463	-2.4642	-1.6605	-0.5590	-0.0965	3.6876	1.3710	-1.1516	-0.9936	1.5501	2.1044	0.8695	2.1865	-2.0463	-0.6063	-0.5545	0.1869	1.3791	0.9098	-0.6743	-0.0251	-0.8336	2.4819	3.4839	2.3084	2.0474	1.5016	-2.5954	-1.7443	-0.5673	-0.0575	3.7305	1.3693	-1.2347	-1.1240	1.6484	2.1924	0.9420	2.2509	-2.1705	-0.7001	-0.6106	0.1548	1.4884	0.9566	-0.7277	-0.0487	-0.9274	2.5062	3.5425	2.3649	2.1377	1.6070	
-0.1500	 4.08967883055146E-0003	-1.4923	-1.9809	-1.2937	-0.3315	0.0550	3.3274	1.1705	-0.9547	-0.5633	1.4084	1.8717	0.4852	1.6971	-1.4923	-0.2292	-0.4414	0.1357	1.0771	0.8389	-0.3673	-0.0284	-0.4095	2.2547	2.7825	2.0048	1.7305	1.2021	-2.0855	-1.3604	-0.3383	0.0854	3.3622	1.1688	-1.0206	-0.6666	1.4861	1.9415	0.5434	1.7493	-1.5912	-0.3038	-0.4851	0.1111	1.1634	0.8755	-0.4096	-0.0461	-0.4839	2.2741	2.8306	2.0504	1.8024	1.2856	
-0.1000	 2.06483501363382E-0003	-0.9300	-1.4905	-0.9231	-0.1035	0.2045	2.9633	0.9685	-0.7538	-0.1262	1.2628	1.6345	0.0970	1.2013	-0.9300	0.1506	-0.3271	0.0847	0.7714	0.7679	-0.0576	-0.0579	0.0186	2.0252	2.0694	1.6968	1.4091	0.8977	-1.5649	-0.9705	-0.1085	0.2261	2.9879	0.9669	-0.8001	-0.1994	1.3179	1.6843	0.1383	1.2389	-1.0008	0.0977	-0.3580	0.0671	0.8323	0.7933	-0.0880	-0.0351	-0.0342	2.0393	2.1041	1.7293	1.4604	0.9569	
-0.0500	 5.99941394943348E-0004	-0.3212	-0.9595	-0.5230	0.1409	0.3634	2.5692	0.7519	-0.5350	0.3474	1.1025	1.3766	-0.3219	0.6656	-0.3212	0.5604	-0.2040	0.0294	0.4416	0.6909	0.2760	-0.0366	0.4795	1.7776	1.2955	1.3629	1.0616	0.5685	-1.0002	-0.5484	0.1382	0.3750	2.5819	0.7516	-0.5602	0.3079	1.1322	1.4035	-0.2999	0.6858	-0.3598	0.5320	-0.2206	0.0202	0.4743	0.7044	0.2596	-0.0307	0.4513	1.7851	1.3138	1.3806	1.0889	0.6005	
0.0000	 9.28493415710928E-0006	0.2875	-0.4282	-0.1234	0.3832	0.5202	2.1733	0.5390	-0.3146	0.8202	0.9404	1.1174	-0.7411	0.1304	0.2875	0.9694	-0.0811	-0.0254	0.1121	0.6140	0.6083	-0.0378	0.9395	1.5299	0.5185	1.0279	0.7132	0.2393	-0.4336	-0.1265	0.3834	0.5224	2.1741	0.5387	-0.3179	0.8152	0.9443	1.1209	-0.7385	0.1329	0.2825	0.9660	-0.0831	-0.0264	0.1159	0.6155	0.6067	-0.0233	0.9362	1.5306	0.5201	1.0299	0.7163	0.2433	
0.0500	 3.54844010683094E-0004	0.8947	0.1008	0.2754	0.6250	0.6769	1.7755	0.3261	-0.0939	1.2935	0.7777	0.8572	-1.1595	-0.4051	0.8947	1.3778	0.0418	-0.0801	-0.2173	0.5381	0.9413	-0.0339	1.3970	1.2816	-0.2587	0.6913	0.3649	-0.0881	0.1311	0.2952	0.6278	0.6694	1.7634	0.3261	-0.0749	1.3238	0.7558	0.8368	-1.1767	-0.4216	0.9239	1.3995	0.0545	-0.0731	-0.2427	0.5276	0.9542	-0.0479	1.4192	1.2754	-0.2759	0.6773	0.3433	-0.1127	
0.1000	 1.62075911762195E-0003	1.5007	0.6277	0.6726	0.8671	0.8345	1.3757	0.1125	0.1269	1.7653	0.6139	0.5959	-1.5770	-0.9410	1.5007	1.7849	0.1646	-0.1352	-0.5461	0.4620	1.2739	-0.0305	1.8543	1.0323	-1.0380	0.3537	0.0173	-0.4154	0.6931	0.7146	0.8725	0.8176	1.3507	0.1118	0.1676	1.8294	0.5665	0.5523	-1.6142	-0.9755	1.5631	1.8320	0.1923	-0.1201	-0.6006	0.4391	1.3008	-0.0225	1.9015	1.0193	-1.0725	0.3241	-0.0283	-0.4678	
0.1500	 3.68794025649675E-0003	2.1038	1.1520	1.0682	1.1095	0.9934	0.9736	-0.1025	0.3471	2.2342	0.4509	0.3358	-1.9936	-1.4757	2.1038	2.1905	0.2870	-0.1908	-0.8744	0.3859	1.6058	-0.0386	2.3091	0.7804	-1.8153	0.0153	-0.3279	-0.7392	1.2504	1.1315	1.1181	0.9674	0.9365	-0.1029	0.4088	2.3308	0.3787	0.2695	-2.0493	-1.5275	2.1978	2.2610	0.3289	-0.1675	-0.9571	0.3509	1.6464	-0.0494	2.3795	0.7611	-1.8667	-0.0295	-0.3968	-0.8186	
0.2000	 6.43708003885207E-0003	2.6982	1.6680	1.4592	1.3515	1.1548	0.5728	-0.3174	0.5639	2.6953	0.2906	0.0778	-2.4057	-2.0056	2.6982	2.5914	0.4078	-0.2475	-1.1993	0.3116	1.9359	-0.0486	2.7579	0.5279	-2.5836	-0.3215	-0.6686	-1.0567	1.7977	1.5431	1.3625	1.1202	0.5236	-0.3182	0.6461	2.8227	0.1942	-0.0101	-2.4786	-2.0733	2.8213	2.6839	0.4640	-0.2158	-1.3090	0.2646	1.9896	-0.0495	2.8500	0.5022	-2.6501	-0.3806	-0.7598	-1.1616	
