Arquivo: c:\arq\medidas\BBA_1203_071921\BBA_AMP04B_H.dat
Data: 1203	 Hora:  0742
Comentário: 
NomeParametro	 ValorParametro
Nmedias	5
PausaCorretora	3000
PausaShunt	2000
PausaLeitura	500
NumCiclos	3
 NPassosCor	9
DeltaShunt	3.00
TetaIni	-0.20
TetaFim	0.20
I[mA]	 130.9
ACH09A	DeltaPos^2	AMP04B	AMP01B_0	AMP02A_0	AMP02B_0	AMP03A_0	AMP03B_0	AMP04A_0	AMP04B_0	AMP05A_0	AMP05B_0	AMP06A_0	AMP06B_0	AMP07A_0	AMP07B_0	AMP08A_0	AMP08B_0	AMP09A_0	AMP09B_0	AMP10A_0	AMP10B_0	AMP11A_0	AMU11A_0	AMU11B_0	AMP11B_0	AMP12A_0	AMP12B_0	AMP01A_0	AMP01B_1	AMP02A_1	AMP02B_1	AMP03A_1	AMP03B_1	AMP04A_1	AMP04B_1	AMP05A_1	AMP05B_1	AMP06A_1	AMP06B_1	AMP07A_1	AMP07B_1	AMP08A_1	AMP08B_1	AMP09A_1	AMP09B_1	AMP10A_1	AMP10B_1	AMP11A_1	AMU11A_1	AMU11B_1	AMP11B_1	AMP12A_1	AMP12B_1	AMP01A_1	
-0.2000	 2.85553062885870E-0004	-1.2758	0.4295	-0.5376	-2.8452	2.0885	1.4337	-1.1004	-1.2758	-0.6464	1.2309	0.7121	-1.3101	-1.1851	-0.5882	0.4077	0.5364	-2.2033	-2.5364	0.1646	0.1908	-0.0716	0.3020	-0.0372	-1.5088	-1.2229	-1.1180	1.7619	0.4380	-0.5351	-2.8503	2.0660	1.4176	-1.0922	-1.2696	-0.6483	1.2201	0.6998	-1.3138	-1.1637	-0.5743	0.3878	0.5213	-2.1719	-2.5061	0.1462	0.1705	-0.0959	0.3254	-0.0088	-1.5115	-1.2309	-1.1337	1.7609	
-0.1500	 4.39829950080486E-0005	-1.0122	0.0810	-0.2690	-2.6410	1.5256	0.8593	-0.9083	-1.0122	-0.9370	0.8181	0.7149	-1.1705	-1.0476	-0.6029	0.2257	0.4769	-1.7235	-1.9540	0.0871	-0.0308	-0.0559	0.3242	0.1236	-1.7208	-1.0742	-1.1191	1.2999	0.0835	-0.2672	-2.6423	1.5161	0.8526	-0.9048	-1.0096	-0.9373	0.8140	0.7101	-1.1715	-1.0387	-0.5973	0.2177	0.4711	-1.7109	-1.9423	0.0800	-0.0387	-0.0547	0.3327	0.1344	-1.7219	-1.0770	-1.1250	1.2985	
-0.1000	 1.54235256987107E-0005	-0.7434	-0.2762	0.0040	-2.4316	0.9476	0.2710	-0.7130	-0.7434	-1.2330	0.3974	0.7186	-1.0280	-0.9089	-0.6191	0.0406	0.4172	-1.2351	-1.3579	0.0096	-0.2554	-0.0647	0.3440	0.2849	-1.9363	-0.9216	-1.1191	0.8251	-0.2790	0.0048	-2.4295	0.9521	0.2740	-0.7149	-0.7442	-1.2319	0.4000	0.7208	-1.0265	-0.9128	-0.6221	0.0447	0.4208	-1.2416	-1.3648	0.0139	-0.2509	-0.0571	0.3375	0.2779	-1.9359	-0.9182	-1.1143	0.8233	
-0.0500	 2.41376637599393E-0004	-0.4765	-0.6327	0.2753	-2.2233	0.3690	-0.3179	-0.5195	-0.4765	-1.5289	-0.0236	0.7224	-0.8860	-0.7718	-0.6365	-0.1444	0.3577	-0.7468	-0.7614	-0.0680	-0.4801	-0.0757	0.3625	0.4446	-2.1510	-0.7691	-1.1191	0.3501	-0.6448	0.2768	-2.2151	0.3860	-0.3062	-0.5246	-0.4785	-1.5270	-0.0155	0.7333	-0.8801	-0.7898	-0.6492	-0.1269	0.3716	-0.7749	-0.7882	-0.0505	-0.4612	-0.0855	0.3386	0.4173	-2.1497	-0.7581	-1.1025	0.3445	
0.0000	 7.00151030555217E-0004	-0.2086	-0.9927	0.5468	-2.0126	-0.2123	-0.9074	-0.3238	-0.2086	-1.8259	-0.4463	0.7278	-0.7425	-0.6377	-0.6571	-0.3273	0.3001	-0.2618	-0.1666	-0.1430	-0.7027	-0.0675	0.3770	0.5999	-2.3657	-0.6145	-1.1164	-0.1278	-1.0111	0.5489	-1.9990	-0.1819	-0.8866	-0.3334	-0.2133	-1.8237	-0.4325	0.7472	-0.7329	-0.6693	-0.6789	-0.2972	0.3237	-0.3099	-0.2128	-0.1133	-0.6703	-0.0665	0.3370	0.5539	-2.3629	-0.5970	-1.0891	-0.1349	
0.0500	 1.36747622804321E-0003	0.0587	-1.3529	0.8180	-1.8015	-0.7929	-1.4951	-0.1281	0.0587	-2.1248	-0.8695	0.7352	-0.5982	-0.5071	-0.6812	-0.5087	0.2442	0.2207	0.4254	-0.2168	-0.9242	-0.0634	0.3891	0.7525	-2.5791	-0.4594	-1.1127	-0.6070	-1.3776	0.8184	-1.7848	-0.7492	-1.4649	-0.1430	0.0502	-2.1204	-0.8485	0.7611	-0.5863	-0.5519	-0.7115	-0.4656	0.2775	0.1528	0.3608	-0.1758	-0.8787	-0.0706	0.3344	0.6890	-2.5746	-0.4354	-1.0746	-0.6147	
0.1000	 2.25755505759551E-0003	0.3253	-1.7141	1.0884	-1.5897	-1.3726	-2.0806	0.0674	0.3253	-2.4246	-1.2930	0.7437	-0.4527	-0.3803	-0.7086	-0.6890	0.1897	0.6997	1.0140	-0.2896	-1.1443	-0.0978	0.3981	0.9018	-2.7923	-0.3029	-1.1079	-1.0870	-1.7443	1.0877	-1.5692	-1.3150	-2.0406	0.0475	0.3133	-2.4187	-1.2651	0.7773	-0.4382	-0.4380	-0.7474	-0.6328	0.2329	0.6126	0.9310	-0.2366	-1.0863	-0.0747	0.3287	0.8207	-2.7861	-0.2733	-1.0590	-1.0954	
0.1500	 3.39036299487752E-0003	0.5908	-2.0737	1.3569	-1.3778	-1.9491	-2.6610	0.2644	0.5908	-2.7261	-1.7160	0.7544	-0.3060	-0.2586	-0.7406	-0.8663	0.1381	1.1721	1.5954	-0.3599	-1.3612	-0.0806	0.4049	1.0475	-3.0037	-0.1462	-1.1007	-1.5647	-2.1101	1.3561	-1.3528	-1.8785	-2.6119	0.2395	0.5762	-2.7186	-1.6819	0.7956	-0.2887	-0.3289	-0.7876	-0.7976	0.1907	1.0656	1.4935	-0.2947	-1.2899	-0.0830	0.3193	0.9476	-2.9961	-0.1104	-1.0411	-1.5743	
0.2000	 4.67268634428420E-0003	0.8552	-2.4310	1.6240	-1.1666	-2.5190	-3.2337	0.4608	0.8552	-3.0282	-2.1377	0.7671	-0.1585	-0.1417	-0.7769	-1.0411	0.0884	1.6372	2.1676	-0.4287	-1.5760	-0.0591	0.4083	1.1887	-3.2142	0.0102	-1.0930	-2.0391	-2.4735	1.6222	-1.1377	-2.4365	-3.1761	0.4313	0.8374	-3.0193	-2.0974	0.8158	-0.1382	-0.2250	-0.8324	-0.9603	0.1505	1.5124	2.0483	-0.3516	-1.4918	-0.1224	0.3082	1.0718	-3.2048	0.0522	-1.0228	-2.0498	
