# multipoles are divided by excitation current and units are [T], [m] and [A]
# harmonics (dipole n=0): 00 01 02 03 04 05 06 07 08 09 10 11 
# MAG_LABEL   CURRENT[A]   <NORMAL_MULTIPOLES/CURRENT>[T/m^(n-1)/A]   <SKEW_MULTIPOLES/CURRENT>[T/m^(n-1)/A]
BC-011   +9.000474e+00   +3.405551e-04 +3.462404e-05 +1.962532e-03 -3.560476e-03 -7.291337e+00 +1.351757e+02 -4.558150e+04 -7.724704e+04 -5.843446e+06 -3.375410e+08 +6.417391e+10 +2.805989e+11   -2.614813e-07 +1.059573e-05 +3.119661e-04 -7.587791e-03 -1.244948e+00 +3.993031e+01 +3.579778e+03 -3.736028e+04 +1.968887e+06 -1.044389e+08 +1.057491e+10 -9.579399e+10   
BC-014   +9.001110e+00   +3.400071e-04 +3.920832e-05 +2.223754e-03 +1.071379e-02 -8.122668e+00 +1.038714e+02 -4.752024e+04 +1.505926e+04 -2.019051e+06 +5.529972e+07 +5.920506e+10 +1.554808e+11   +1.720584e-08 +2.113896e-05 +3.641026e-04 -1.149375e-02 -1.366349e+00 +3.939423e+01 +6.375527e+03 -4.775391e+04 -2.617927e+06 -1.143671e+08 +7.987039e+09 -5.775468e+11   
BC-015   +9.000667e+00   +3.392006e-04 +4.744517e-05 +2.469471e-03 +2.087390e-03 -7.704996e+00 +1.246615e+02 -4.809265e+04 -4.025286e+04 -5.926136e+06 -2.927663e+08 +6.847030e+10 +3.619158e+11   -3.904028e-07 +1.336873e-05 +3.344432e-04 -6.211027e-04 -1.056759e+00 +3.126153e+01 +4.613391e+03 -1.427515e+04 -4.574970e+06 -7.825893e+07 +1.123203e+09 -1.487650e+11   
BC-018   +8.999896e+00   +3.397837e-04 +5.679656e-05 +1.659595e-03 +1.317245e-02 -8.188190e+00 +1.151903e+02 -4.674176e+04 -5.574271e+04 +3.937569e+05 -4.282969e+08 +8.141317e+10 +6.018452e+11   -4.478447e-07 +1.108828e-05 +1.772218e-04 +8.695712e-03 -1.166989e+00 +4.707289e+01 +3.476711e+03 -1.076644e+05 -7.605558e+06 -3.589137e+06 -7.617577e+09 -3.119179e+11   
BC-019   +8.998588e+00   +3.389835e-04 +5.274515e-05 +2.318011e-03 +2.402908e-02 -8.578320e+00 +1.473309e+02 -4.966134e+04 -4.991593e+04 -1.473977e+07 +4.228842e+07 +5.711409e+10 +2.667501e+12   -7.218010e-07 +1.018774e-05 -1.926793e-04 -1.366333e-02 -1.764914e+00 -9.957039e+00 +4.432667e+03 -3.557229e+04 +3.778987e+06 +6.053583e+08 +3.174452e+10 +1.662988e+12   
BC-024   +9.000657e+00   +3.395627e-04 +5.238671e-05 +2.361872e-03 +5.090098e-03 -7.851779e+00 +1.383001e+02 -4.789274e+04 +3.626236e+04 -5.984649e+06 -6.518971e+08 +8.580771e+10 -2.087984e+11   -5.009484e-07 +4.709958e-06 +1.254740e-04 -8.946527e-04 -1.321731e+00 +3.558047e+01 +5.890550e+03 +6.467515e+04 -2.460956e+05 -1.878495e+07 +9.507519e+08 +3.339568e+11   
BC-025   +9.001462e+00   +3.399376e-04 +5.407857e-05 +2.064642e-03 +7.713656e-03 -7.715219e+00 +1.541306e+02 -4.953285e+04 +1.116967e+05 -1.157720e+07 +5.029510e+06 +7.777767e+10 +6.355804e+11   +1.851893e-08 +2.688108e-05 +7.685229e-04 -2.149193e-03 -3.392148e-01 -3.398740e+00 +4.305252e+03 +1.916168e+05 +3.003773e+06 +3.437928e+08 +3.089540e+09 -9.248343e+11   
BC-026   +9.000189e+00   +3.390634e-04 +5.160757e-05 +1.969433e-03 +1.290293e-03 -8.334585e+00 +1.418934e+02 -4.702423e+04 +8.493821e+03 -3.264787e+06 -4.001290e+08 +7.662356e+10 +1.451452e+12   -1.275289e-07 +2.998741e-05 +6.245410e-04 -2.852320e-03 -7.475061e-01 +4.886875e+01 +4.169596e+03 +9.573801e+04 -5.642898e+06 +1.843700e+08 +7.486352e+09 -1.636797e+11   
BC-027   +8.999974e+00   +3.393833e-04 +5.533697e-05 +2.252318e-03 +9.932895e-03 -7.964996e+00 +1.287895e+02 -4.813539e+04 -4.426793e+04 -5.378557e+06 -4.472890e+08 +6.134349e+10 +4.782442e+11   -3.409637e-07 +2.342753e-05 +3.449662e-04 -7.512824e-03 -1.287804e+00 +2.740929e+01 +5.151256e+03 -1.518444e+04 -1.550352e+06 -1.455695e+08 +5.335738e+09 -2.265859e+10   
BC-028   +9.001836e+00   +3.392877e-04 +4.958490e-05 +2.032611e-03 +6.804213e-03 -8.696334e+00 +2.014897e+02 -4.787331e+04 +7.222580e+04 -1.724127e+06 -6.965399e+08 +7.133526e+10 -6.163888e+11   -7.072557e-07 +3.619642e-06 +2.058496e-04 -2.912922e-03 -1.508687e+00 +6.834207e+01 +4.608655e+03 +6.044857e+04 -3.926412e+06 +7.962563e+06 +1.004161e+09 +1.634098e+12   
BC-029   +9.001657e+00   +3.399457e-04 +4.655027e-05 +1.940112e-03 -1.730170e-03 -7.404091e+00 +1.335367e+02 -4.662231e+04 -8.263310e+04 -9.879841e+06 -1.034815e+08 +4.902056e+10 +4.931800e+11   -2.701395e-07 +1.702429e-05 +6.839319e-04 +1.763021e-03 -8.845134e-01 +6.194392e+01 +5.627607e+03 +1.805783e+04 +2.214462e+06 -2.739287e+08 +1.809970e+10 -3.407052e+10   
BC-038   +9.001728e+00   +3.394154e-04 +2.607466e-05 +2.254912e-03 -3.680862e-03 -7.707145e+00 +1.767463e+02 -4.777630e+04 -1.748089e+04 +3.742919e+06 -4.617161e+07 +5.008432e+10 +2.119348e+11   -6.202332e-07 +1.353606e-06 +4.779154e-04 +9.272670e-03 -1.392133e-02 +1.392609e+00 -1.586500e+03 +5.775673e+04 +1.683306e+06 +2.808802e+08 -1.939525e+09 +3.142679e+11   
BC-041   +8.999635e+00   +3.395543e-04 +5.144800e-05 +2.174882e-03 +4.388046e-03 -7.603288e+00 +1.796955e+02 -4.863626e+04 +1.216075e+05 +3.429935e+06 -1.160288e+07 +6.496205e+10 +8.207963e+11   -2.668387e-07 +1.427036e-05 +4.362559e-04 -1.124454e-02 -4.756817e-01 +3.408226e+01 -2.224651e+03 +1.918779e+05 -7.261440e+05 -2.777813e+08 -1.389826e+10 -1.919513e+12   
BC-043   +8.999706e+00   +3.400739e-04 +4.309594e-05 +2.156687e-03 -3.567288e-03 -8.554255e+00 +1.811346e+02 -4.843060e+04 +1.011516e+05 +4.214500e+06 -8.585302e+08 +6.458690e+10 -4.800537e+11   -3.648623e-07 +5.603329e-06 +3.804967e-04 +6.158446e-03 -1.885706e-01 -1.895869e+01 +6.329327e+02 +4.186282e+04 +5.435504e+06 -3.874123e+08 -1.663083e+09 -2.247499e+12   
BC-044   +8.999800e+00   +3.389292e-04 +2.821352e-05 +2.180002e-03 +2.280233e-03 -8.294694e+00 +1.697094e+02 -4.895381e+04 +9.228226e+04 +3.414774e+05 -3.835471e+08 +7.614065e+10 -1.197072e+11   -3.079692e-07 +1.329605e-05 +4.608337e-04 -5.838361e-03 -4.671448e-01 -3.638179e+00 -1.817207e+03 +5.814757e+04 -4.431736e+06 +1.007726e+08 -3.886331e+09 -1.150622e+11   
BC-045   +8.999031e+00   +3.387070e-04 +3.994726e-05 +2.264747e-03 -6.917180e-03 -7.664223e+00 +1.356023e+02 -4.852168e+04 +1.618967e+04 -1.387537e+06 -1.493246e+08 +5.185513e+10 +8.338969e+11   -3.815992e-07 -4.253479e-07 +4.224045e-04 +4.001462e-05 +4.058948e-02 -1.820286e+01 +1.052210e+03 -5.803792e+04 +4.569624e+06 +2.942801e+08 +1.408762e+10 +1.069490e+12   
BC-046   +8.999662e+00   +3.388621e-04 +4.305446e-05 +2.323257e-03 +1.541022e-02 -8.351484e+00 +1.782132e+02 -4.689088e+04 -5.422421e+03 +4.648981e+06 -2.797252e+08 +7.710685e+10 -7.817838e+11   -4.436213e-07 +2.515393e-06 +3.903980e-04 -2.104761e-03 +2.554250e-02 +2.536211e+01 -2.573166e+03 +2.471136e+05 +4.680892e+06 +2.003341e+08 +9.066307e+09 -1.959234e+12   
BC-047   +9.000110e+00   +3.386022e-04 +4.414884e-05 +2.013525e-03 +1.207531e-02 -8.253462e+00 +1.339540e+02 -5.096898e+04 +3.568626e+04 -5.936812e+05 -3.434395e+08 +7.972176e+10 +2.374641e+12   -6.282643e-07 -5.443638e-06 +4.474705e-04 +1.515359e-02 +5.674917e-02 +1.747435e+01 -8.976234e+02 +4.635657e+04 -9.119800e+06 +5.547192e+07 +5.952779e+09 +2.874756e+11   
BC-048   +8.998940e+00   +3.388820e-04 +3.703257e-05 +2.214417e-03 +3.451073e-03 -7.994707e+00 +1.611130e+02 -4.735998e+04 -1.173935e+05 +1.019302e+07 -8.360565e+08 +7.769963e+10 -1.295384e+10   +4.867197e-08 -5.595117e-06 +5.049773e-04 +4.840545e-03 +2.090023e-01 -2.683309e+01 +1.505984e+03 +5.441640e+04 +1.031447e+07 +2.783217e+08 -9.339370e+07 +3.797446e+11   
BC-057   +9.000268e+00   +3.392451e-04 +4.002004e-05 +1.925313e-03 -2.614013e-03 -7.967208e+00 +1.757764e+02 -4.771726e+04 -3.331787e+03 +9.054297e+05 -4.754430e+08 +5.709587e+10 +7.494107e+11   -5.217986e-07 +1.163925e-05 +1.473203e-04 -7.226220e-03 -2.491276e-01 -4.148249e+00 +1.222035e+02 +1.950583e+04 -9.662454e+05 +4.422419e+06 +8.996982e+08 +2.323339e+10   
BC-058   +9.002388e+00   +3.389496e-04 +5.989902e-05 +2.123640e-03 +9.318972e-03 -7.698896e+00 +1.694874e+02 -4.822330e+04 +7.306471e+03 +2.370569e+05 -3.865995e+08 +6.794557e+10 +1.059345e+11   -3.985792e-07 +3.931890e-06 +3.124929e-04 -6.332859e-03 -8.424110e-02 -3.121689e+00 +1.543196e+02 +1.452148e+04 -2.356798e+06 +5.907420e+07 +1.465192e+09 -2.273447e+11   
BC-059   +8.999149e+00   +3.385721e-04 +2.921631e-05 +2.338178e-03 +8.319537e-03 -7.905920e+00 +1.533945e+02 -4.887194e+04 +2.152409e+04 +1.982550e+06 -2.929659e+08 +6.102947e+10 -1.192772e+11   -4.050920e-07 +5.171423e-06 +3.181184e-04 -4.969993e-03 -3.564168e-01 +2.182671e+00 -7.927593e+02 +2.963601e+04 +5.922288e+05 -5.212463e+07 +1.443748e+09 +2.468656e+11   
BC-060   +9.002644e+00   +3.389912e-04 +3.969133e-05 +2.189902e-03 +1.077907e-03 -7.747005e+00 +1.443897e+02 -4.799693e+04 -2.586834e+04 -1.675122e+06 -3.188664e+08 +6.312103e+10 +6.586663e+10   -5.871004e-07 -2.353796e-06 +3.433950e-04 -8.712605e-03 -3.670071e-01 -7.714015e+00 +3.266547e+02 -2.218536e+02 +2.030378e+06 -1.960955e+07 -4.470159e+09 +1.068859e+11   
BC-061   +9.000423e+00   +3.395553e-04 +4.185660e-05 +2.004814e-03 -2.344728e-03 -7.684715e+00 +1.669225e+02 -4.843416e+04 -1.592103e+04 -1.024213e+06 -2.010239e+08 +6.751416e+10 -2.199101e+10   -8.827812e-07 +8.812938e-06 +3.382424e-04 -6.668028e-03 -3.823764e-01 +5.302761e+00 +5.609021e+01 +1.558923e+04 -5.712818e+04 +2.472929e+07 +1.536418e+09 +1.915600e+11   
BC-062   +8.999967e+00   +3.385414e-04 +3.988591e-05 +2.067379e-03 -3.833273e-04 -7.761791e+00 +1.535649e+02 -4.908127e+04 -3.693266e+04 +4.746674e+05 -2.780519e+08 +6.079021e+10 +3.186733e+11   -2.117706e-07 +5.106370e-06 +3.755025e-04 +3.029033e-03 -3.523812e-01 +8.546901e+00 -1.098747e+03 +3.445899e+03 -2.204436e+04 -1.678077e+08 +3.630332e+09 +1.941374e+11   
