Arquivo: c:\arq\medidas\BBA_2003_073142\BBA_AMP03B_V.dat
Data: 2003	 Hora:  0745
Comentário: 
NomeParametro	 ValorParametro
Nmedias	5
PausaCorretora	3000
PausaShunt	2000
PausaLeitura	500
NumCiclos	3
 NPassosCor	7
DeltaShunt	3.00
TetaIni	-0.20
TetaFim	0.20
I[mA]	  89.0
ACV09B	DeltaPos^2	AMP03B	AMP01B_0	AMP02A_0	AMP02B_0	AMP03A_0	AMP03B_0	AMP03C_0	AMP04A_0	AMP04B_0	AMP05A_0	AMP05B_0	AMP06A_0	AMP06B_0	AMP07A_0	AMP07B_0	AMP08A_0	AMP08B_0	AMP09A_0	AMP09B_0	AMP10A_0	AMP10B_0	AMU11A_0	AMU11B_0	AMP12A_0	AMP12B_0	AMP01A_0	AMP01B_1	AMP02A_1	AMP02B_1	AMP03A_1	AMP03B_1	AMP03C_1	AMP04A_1	AMP04B_1	AMP05A_1	AMP05B_1	AMP06A_1	AMP06B_1	AMP07A_1	AMP07B_1	AMP08A_1	AMP08B_1	AMP09A_1	AMP09B_1	AMP10A_1	AMP10B_1	AMU11A_1	AMU11B_1	AMP12A_1	AMP12B_1	AMP01A_1	
-0.2000	 2.27365756973906E-0002	0.5454	0.4213	0.8858	1.6432	1.9704	0.5454	-2.9020	-0.7216	-0.2548	1.6436	1.3898	0.8890	-2.0777	-1.9656	1.9187	2.2993	0.8486	0.6454	-1.6145	-0.6421	-0.1128	0.7589	2.6294	1.5532	-0.0467	-1.2726	0.6061	1.0423	1.7558	2.0612	0.3712	-3.2680	-0.8773	-0.3331	1.6139	1.5489	0.9534	-2.1703	-2.1570	2.0012	2.4045	0.9975	0.8198	-1.8384	-0.7849	-0.1233	0.8301	2.7012	1.5437	-0.1890	-1.4892	
-0.1333	 1.13741894390776E-0002	1.0519	0.1479	0.5656	1.2497	1.5153	1.0519	-1.8105	-0.3363	-0.2813	1.3742	1.2556	0.9648	-1.6608	-1.3190	1.3870	1.8714	0.5528	0.4347	-1.0687	-0.2477	0.1030	0.7962	2.2768	1.3863	0.1976	-0.7888	0.2779	0.6757	1.3296	1.5800	0.9299	-2.0725	-0.4455	-0.3355	1.3541	1.3670	1.0096	-1.7260	-1.4547	1.4459	1.9460	0.6575	0.5572	-1.2272	-0.3479	0.0955	0.8462	2.3283	1.3798	0.0978	-0.9420	
-0.0667	 3.37380559249010E-0003	1.5715	-0.1369	0.2330	0.8415	1.0452	1.5715	-0.6685	0.0620	-0.3064	1.0984	1.1146	1.0410	-1.2298	-0.6500	0.8392	1.4289	0.2449	0.2138	-0.5007	0.1606	0.3243	0.8321	1.9110	1.2159	0.4518	-0.2864	-0.0662	0.2927	0.8853	1.0807	1.5061	-0.8123	0.0026	-0.3356	1.0880	1.1756	1.0655	-1.2652	-0.7236	0.8706	1.4693	0.3023	0.2803	-0.5870	0.1062	0.3200	0.8592	1.9397	1.2128	0.3976	-0.3693	
0.0000	 4.61835988027709E-0005	2.0999	-0.4299	-0.1081	0.4240	0.5627	2.0999	0.5011	0.4694	-0.3301	0.8196	0.9683	1.1169	-0.7904	0.0334	0.2799	0.9761	-0.0714	-0.0155	0.0813	0.5785	0.5497	0.8674	1.5361	1.0418	0.7116	0.2270	-0.4213	-0.1010	0.4290	0.5671	2.0927	0.4848	0.4626	-0.3336	0.8184	0.9756	1.1199	-0.7940	0.0256	0.2834	0.9811	-0.0645	-0.0069	0.0709	0.5721	0.5490	0.8707	1.5402	1.0422	0.7054	0.2172	
0.0667	 2.03621510224769E-0003	2.6309	-0.7288	-0.4539	-0.0007	0.0718	2.6309	1.6813	0.8827	-0.3517	0.5402	0.8157	1.1906	-0.3455	0.7237	-0.2849	0.5172	-0.3925	-0.2489	0.6711	1.0022	0.7785	0.9025	1.1543	0.8649	0.9748	0.7487	-0.7828	-0.4999	-0.0349	0.0444	2.6820	1.7924	0.9295	-0.3280	0.5495	0.7683	1.1718	-0.3171	0.7823	-0.3098	0.4860	-0.4363	-0.2999	0.7388	1.0445	0.7820	0.8825	1.1330	0.8681	1.0170	0.8132	
0.1333	 9.26606045920393E-0003	3.1601	-1.0279	-0.8013	-0.4285	-0.4230	3.1601	2.8514	1.2991	-0.3700	0.2628	0.6588	1.2619	0.1004	1.4159	-0.8511	0.0567	-0.7155	-0.4846	1.2636	1.4277	1.0101	0.9400	0.7671	0.6859	1.2395	1.2731	-1.1443	-0.9005	-0.5020	-0.4826	3.2681	3.0843	1.3989	-0.3186	0.2839	0.5551	1.2203	0.1603	1.5397	-0.9039	-0.0106	-0.8102	-0.5951	1.4079	1.5189	1.0182	0.8968	0.7200	0.6914	1.3294	1.4112	
0.2000	 2.10124942888769E-0002	3.6824	-1.3237	-1.1465	-0.8554	-0.9176	3.6824	3.9916	1.7146	-0.3852	-0.0105	0.4980	1.3300	0.5438	2.1012	-1.4128	-0.4018	-1.0365	-0.7186	1.8514	1.8512	1.2432	0.9811	0.3781	0.5035	1.5015	1.7936	-1.5009	-1.2968	-0.9665	-1.0077	3.8436	4.3345	1.8658	-0.3058	0.0237	0.3381	1.2648	0.6332	2.2875	-1.4915	-0.5039	-1.1807	-0.8874	2.0691	1.9895	1.2558	0.9153	0.3055	0.5110	1.6377	2.0026	
