Arquivo: c:\arq\medidas\BBA_2003_073142\BBA_AMU11A_H.dat
Data: 2003	 Hora:  0833
Comentário: 
NomeParametro	 ValorParametro
Nmedias	5
PausaCorretora	3000
PausaShunt	2000
PausaLeitura	500
NumCiclos	3
 NPassosCor	7
DeltaShunt	3.00
TetaIni	-0.20
TetaFim	0.20
I[mA]	  28.9
ACH05A	DeltaPos^2	AMU11A	AMP01B_0	AMP02A_0	AMP02B_0	AMP03A_0	AMP03B_0	AMP03C_0	AMP04A_0	AMP04B_0	AMP05A_0	AMP05B_0	AMP06A_0	AMP06B_0	AMP07A_0	AMP07B_0	AMP08A_0	AMP08B_0	AMP09A_0	AMP09B_0	AMP10A_0	AMP10B_0	AMU11A_0	AMU11B_0	AMP12A_0	AMP12B_0	AMP01A_0	AMP01B_1	AMP02A_1	AMP02B_1	AMP03A_1	AMP03B_1	AMP03C_1	AMP04A_1	AMP04B_1	AMP05A_1	AMP05B_1	AMP06A_1	AMP06B_1	AMP07A_1	AMP07B_1	AMP08A_1	AMP08B_1	AMP09A_1	AMP09B_1	AMP10A_1	AMP10B_1	AMU11A_1	AMU11B_1	AMP12A_1	AMP12B_1	AMP01A_1	
-0.2000	 9.17466042775402E-0003	2.3786	0.9291	0.2881	-2.7361	-0.3121	-0.4737	-2.0192	0.2362	-0.2914	-3.3425	-2.3601	0.9741	-0.0169	-0.6604	-1.2755	-0.7989	0.3240	1.1098	0.7706	-1.0515	-1.3604	2.3786	2.5607	-1.5563	-2.0787	1.3899	0.8979	0.2315	-2.7487	-0.1610	-0.3525	-1.9992	0.1469	-0.3639	-3.1720	-2.1885	0.8998	-0.1080	-0.5332	-1.1178	-0.8258	0.2588	1.1164	0.8264	-1.0117	-1.3678	2.2447	2.3915	-1.5443	-2.0199	1.4144	
-0.1333	 4.90634450599387E-0003	1.7540	0.2990	0.3751	-2.5037	-0.3183	-0.6601	-2.1690	0.0584	-0.2846	-2.8286	-1.7516	0.8500	-0.2692	-0.5499	-0.9981	-0.7005	0.2639	0.7518	0.5644	-0.7809	-1.1989	1.7540	1.9611	-1.2683	-1.7846	0.8689	0.2807	0.3340	-2.5126	-0.2079	-0.5716	-2.1490	-0.0053	-0.3368	-2.6982	-1.6211	0.7953	-0.3341	-0.4528	-0.8790	-0.7208	0.2166	0.7590	0.6061	-0.7545	-1.2048	1.6631	1.8467	-1.2612	-1.7446	0.8882	
-0.0667	 1.15287466449064E-0003	1.1166	-0.3430	0.4638	-2.2668	-0.3265	-0.8509	-2.3215	-0.1217	-0.2774	-2.3036	-1.1315	0.7232	-0.5252	-0.4371	-0.7156	-0.6012	0.2023	0.3904	0.3563	-0.5071	-1.0358	1.1166	1.3494	-0.9757	-1.4861	0.3346	-0.3614	0.4443	-2.2711	-0.2758	-0.8108	-2.3208	-0.1538	-0.3028	-2.2456	-1.0726	0.6981	-0.5581	-0.3972	-0.6626	-0.6097	0.1800	0.3880	0.3720	-0.4904	-1.0376	1.0621	1.2811	-0.9703	-1.4636	0.3385	
0.0000	 3.07871039442963E-0005	0.4726	-0.9907	0.5542	-2.0267	-0.3372	-1.0449	-2.4744	-0.3017	-0.2685	-1.7734	-0.5071	0.5954	-0.7822	-0.3232	-0.4312	-0.5025	0.1403	0.0275	0.1483	-0.2329	-0.8724	0.4726	0.7324	-0.6801	-1.1863	-0.2066	-1.0012	0.5535	-2.0270	-0.3355	-1.0441	-2.4820	-0.3046	-0.2706	-1.7733	-0.5063	0.5956	-0.7855	-0.3264	-0.4312	-0.5014	0.1397	0.0205	0.1440	-0.2281	-0.8713	0.4597	0.7162	-0.6786	-1.1822	-0.2117	
0.0667	 7.87613939610798E-0004	-0.1762	-1.6406	0.6463	-1.7847	-0.3505	-1.2416	-2.6288	-0.4814	-0.2587	-1.2399	0.1191	0.4678	-1.0392	-0.2103	-0.1467	-0.4029	0.0781	-0.3366	-0.0618	0.0413	-0.7085	-0.1762	0.1094	-0.3828	-0.8853	-0.7548	-1.6313	0.6618	-1.7822	-0.3929	-1.2741	-2.6359	-0.4561	-0.2389	-1.2938	0.0660	0.4909	-1.0130	-0.2512	-0.1957	-0.3939	0.0982	-0.3423	-0.0811	0.0322	-0.7053	-0.1408	0.1528	-0.3869	-0.9011	-0.7598	
0.1333	 3.73477976669025E-0003	-0.8278	-2.2905	0.7399	-1.5399	-0.3669	-1.4414	-2.7839	-0.6599	-0.2469	-0.7062	0.7435	0.3401	-1.2953	-0.0981	0.1368	-0.3030	0.0164	-0.7017	-0.2727	0.3160	-0.5442	-0.8278	-0.5168	-0.0836	-0.5824	-1.3077	-2.2701	0.7739	-1.5344	-0.4596	-1.5132	-2.7995	-0.6047	-0.2038	-0.8229	0.6290	0.3899	-1.2388	-0.1856	0.0307	-0.2837	0.0592	-0.7120	-0.3131	0.2951	-0.5376	-0.7490	-0.4191	-0.0921	-0.6173	-1.3182	
0.2000	 9.22121434674623E-0003	-1.4786	-2.9344	0.8349	-1.2946	-0.3861	-1.6431	-2.9391	-0.8378	-0.2337	-0.1744	1.3629	0.2135	-1.5506	0.0113	0.4176	-0.2021	-0.0440	-1.0690	-0.4860	0.5905	-0.3786	-1.4786	-1.1441	0.2160	-0.2797	-1.8607	-2.9188	0.8899	-1.2841	-0.5368	-1.7622	-2.9743	-0.7511	-0.1645	-0.3582	1.1837	0.2923	-1.4629	-0.1301	0.2500	-0.1713	0.0233	-1.0908	-0.5534	0.5593	-0.3678	-1.3650	-1.0003	0.2061	-0.3317	-1.8896	
