Arquivo: c:\arq\medidas\BBA_2003_073142\BBA_AMP03C_V.dat
Data: 2003	 Hora:  0748
Comentário: 
NomeParametro	 ValorParametro
Nmedias	5
PausaCorretora	3000
PausaShunt	2000
PausaLeitura	500
NumCiclos	3
 NPassosCor	7
DeltaShunt	3.00
TetaIni	-0.20
TetaFim	0.20
I[mA]	  88.8
ACV09B	DeltaPos^2	AMP03C	AMP01B_0	AMP02A_0	AMP02B_0	AMP03A_0	AMP03B_0	AMP03C_0	AMP04A_0	AMP04B_0	AMP05A_0	AMP05B_0	AMP06A_0	AMP06B_0	AMP07A_0	AMP07B_0	AMP08A_0	AMP08B_0	AMP09A_0	AMP09B_0	AMP10A_0	AMP10B_0	AMU11A_0	AMU11B_0	AMP12A_0	AMP12B_0	AMP01A_0	AMP01B_1	AMP02A_1	AMP02B_1	AMP03A_1	AMP03B_1	AMP03C_1	AMP04A_1	AMP04B_1	AMP05A_1	AMP05B_1	AMP06A_1	AMP06B_1	AMP07A_1	AMP07B_1	AMP08A_1	AMP08B_1	AMP09A_1	AMP09B_1	AMP10A_1	AMP10B_1	AMU11A_1	AMU11B_1	AMP12A_1	AMP12B_1	AMP01A_1	
-0.2000	 5.52557321998296E-0002	-2.8932	0.4158	0.8822	1.6405	1.9680	0.5494	-2.8932	-0.7181	-0.2513	1.6464	1.3841	0.8852	-2.0769	-1.9615	1.9179	2.2976	0.8445	0.6394	-1.6078	-0.6378	-0.1111	0.7577	2.6269	1.5529	-0.0433	-1.2669	0.1376	0.6414	1.4583	1.8137	0.8260	-2.3272	-0.4763	-0.1211	1.7076	1.1269	0.7763	-1.9400	-1.6670	1.8023	2.1411	0.6113	0.3613	-1.2566	-0.4120	-0.0849	0.6576	2.5069	1.5589	0.1739	-0.9303	
-0.1333	 2.41586854773152E-0002	-1.8108	0.1474	0.5656	1.2500	1.5154	1.0513	-1.8108	-0.3364	-0.2801	1.3760	1.2539	0.9631	-1.6619	-1.3199	1.3884	1.8725	0.5526	0.4342	-1.0677	-0.2468	0.1044	0.7965	2.2761	1.3861	0.1975	-0.7887	-0.0350	0.4072	1.1295	1.4128	1.2321	-1.4322	-0.1773	-0.1944	1.4157	1.0854	0.8922	-1.5711	-1.1253	1.3118	1.7689	0.3987	0.2510	-0.8355	-0.0978	0.1223	0.7310	2.1961	1.3893	0.3401	-0.5665	
-0.0667	 5.00170674003393E-0003	-0.6786	-0.1326	0.2370	0.8451	1.0481	1.5663	-0.6786	0.0578	-0.3076	1.0986	1.1176	1.0419	-1.2330	-0.6557	0.8419	1.4316	0.2487	0.2182	-0.5057	0.1574	0.3252	0.8340	1.9126	1.2157	0.4479	-0.2921	-0.2153	0.1655	0.7900	1.0014	1.6478	-0.5053	0.1304	-0.2687	1.1171	1.0412	1.0098	-1.1914	-0.5670	0.8068	1.3850	0.1788	0.1352	-0.3998	0.2253	0.3333	0.8043	1.8760	1.2167	0.5124	-0.1912	
0.0000	 2.98396581314965E-0004	0.4797	-0.4208	-0.0994	0.4306	0.5688	2.0893	0.4797	0.4607	-0.3341	0.8187	0.9761	1.1199	-0.7958	0.0220	0.2853	0.9820	-0.0632	-0.0052	0.0687	0.5708	0.5496	0.8710	1.5401	1.0413	0.7039	0.2150	-0.3998	-0.0815	0.4449	0.5808	2.0686	0.4383	0.4431	-0.3432	0.8148	0.9954	1.1280	-0.8057	0.0004	0.2941	0.9938	-0.0457	0.0150	0.0433	0.5545	0.5477	0.8779	1.5495	1.0408	0.6881	0.1910	
0.0667	 1.13514221291818E-0002	1.6486	-0.7142	-0.4407	0.0099	0.0818	2.6151	1.6486	0.8693	-0.3581	0.5381	0.8289	1.1963	-0.3534	0.7064	-0.2773	0.5264	-0.3795	-0.2329	0.6519	0.9901	0.7780	0.9079	1.1611	0.8645	0.9628	0.7302	-0.5883	-0.3318	0.0945	0.1537	2.4925	1.3908	0.7602	-0.4172	0.5107	0.9467	1.2459	-0.4153	0.5735	-0.2242	0.5980	-0.2737	-0.1072	0.4930	0.8880	0.7649	0.9516	1.2174	0.8628	0.8659	0.5787	
0.1333	 3.81148684032092E-0002	2.8092	-1.0083	-0.7839	-0.4144	-0.4100	3.1396	2.8092	1.2813	-0.3794	0.2588	0.6774	1.2701	0.0905	1.3935	-0.8421	0.0683	-0.6981	-0.4626	1.2380	1.4113	1.0087	0.9469	0.7768	0.6858	1.2241	1.2487	-0.7773	-0.5835	-0.2597	-0.2778	2.9159	2.3422	1.0806	-0.4894	0.2061	0.8953	1.3624	-0.0230	1.1491	-0.7456	0.1995	-0.5030	-0.2309	0.9455	1.2239	0.9843	1.0266	0.8814	0.6830	1.0457	0.9703	
0.2000	 7.91255034959591E-0002	3.9401	-1.2992	-1.1245	-0.8379	-0.9017	3.6572	3.9401	1.6921	-0.3976	-0.0161	0.5220	1.3406	0.5314	2.0739	-1.4019	-0.3872	-1.0150	-0.6913	1.8193	1.8305	1.2412	0.9890	0.3904	0.5036	1.4824	1.7629	-0.9652	-0.8348	-0.6142	-0.7106	3.3365	3.2790	1.4010	-0.5595	-0.0964	0.8410	1.4770	0.3678	1.7217	-1.2643	-0.1976	-0.7328	-0.3544	1.3962	1.5591	1.2051	1.1042	0.5435	0.5010	1.2242	1.3602	
