Arquivo: c:\arq\medidas\BBA_2003_073142\BBA_AMP08A_H.dat
Data: 2003	 Hora:  0815
Comentário: 
NomeParametro	 ValorParametro
Nmedias	5
PausaCorretora	3000
PausaShunt	2000
PausaLeitura	500
NumCiclos	3
 NPassosCor	7
DeltaShunt	3.00
TetaIni	-0.20
TetaFim	0.20
I[mA]	  29.9
ACH01A	DeltaPos^2	AMP08A	AMP01B_0	AMP02A_0	AMP02B_0	AMP03A_0	AMP03B_0	AMP03C_0	AMP04A_0	AMP04B_0	AMP05A_0	AMP05B_0	AMP06A_0	AMP06B_0	AMP07A_0	AMP07B_0	AMP08A_0	AMP08B_0	AMP09A_0	AMP09B_0	AMP10A_0	AMP10B_0	AMU11A_0	AMU11B_0	AMP12A_0	AMP12B_0	AMP01A_0	AMP01B_1	AMP02A_1	AMP02B_1	AMP03A_1	AMP03B_1	AMP03C_1	AMP04A_1	AMP04B_1	AMP05A_1	AMP05B_1	AMP06A_1	AMP06B_1	AMP07A_1	AMP07B_1	AMP08A_1	AMP08B_1	AMP09A_1	AMP09B_1	AMP10A_1	AMP10B_1	AMU11A_1	AMU11B_1	AMP12A_1	AMP12B_1	AMP01A_1	
-0.2000	 2.91739949771405E-0003	-1.5675	-3.0039	0.8250	-1.2743	-0.3391	-1.6269	-2.9517	-0.8843	-0.2543	-0.0608	0.7081	-0.5298	-1.5926	2.1516	1.9380	-1.5675	-1.0395	1.8799	2.4019	-0.5815	-1.7569	0.6245	1.4109	-0.1120	-1.2393	-1.9323	-2.9189	0.7620	-1.3340	-0.2501	-1.5276	-2.9120	-0.9231	-0.3131	-0.0386	0.7564	-0.5330	-1.6204	2.1000	1.9114	-1.5430	-1.0042	1.8247	2.3210	-0.6007	-1.7473	0.6548	1.4183	-0.1692	-1.2715	-1.8337	
-0.1333	 1.42078509070124E-0003	-1.2137	-2.3834	0.7442	-1.5065	-0.3434	-1.4516	-2.8065	-0.6993	-0.2551	-0.5991	0.3373	-0.1639	-1.3369	1.3483	1.1783	-1.2137	-0.6539	1.2634	1.6615	-0.4547	-1.4589	0.5444	1.1609	-0.2825	-1.2065	-1.3968	-2.3241	0.7001	-1.5479	-0.2814	-1.3825	-2.7789	-0.7262	-0.2960	-0.5836	0.3709	-0.1661	-1.3564	1.3122	1.1593	-1.1966	-0.6293	1.2242	1.6046	-0.4683	-1.4526	0.5654	1.1658	-0.3221	-1.2286	-1.3281	
-0.0667	 4.44399396106822E-0004	-0.8576	-1.7583	0.6648	-1.7374	-0.3522	-1.2800	-2.6622	-0.5124	-0.2538	-1.1405	-0.0388	0.2023	-1.0794	0.5364	0.4085	-0.8576	-0.2669	0.6371	0.9111	-0.3253	-1.1586	0.4585	0.9032	-0.4506	-1.1707	-0.8630	-1.7254	0.6402	-1.7603	-0.3175	-1.2413	-2.6466	-0.5275	-0.2766	-1.1315	-0.0196	0.2009	-1.0904	0.5162	0.3982	-0.8480	-0.2529	0.6149	0.8786	-0.3330	-1.1549	0.4698	0.9058	-0.4725	-1.1825	-0.8247	
0.0000	 2.03536918848456E-0005	-0.5004	-1.1350	0.5880	-1.9655	-0.3650	-1.1133	-2.5195	-0.3243	-0.2502	-1.6807	-0.4177	0.5678	-0.8205	-0.2779	-0.3638	-0.5004	0.1200	0.0043	0.1542	-0.1926	-0.8562	0.3643	0.6378	-0.6144	-1.1309	-0.3344	-1.1288	0.5824	-1.9696	-0.3572	-1.1047	-2.5160	-0.3278	-0.2554	-1.6781	-0.4129	0.5673	-0.8231	-0.2818	-0.3656	-0.4979	0.1234	-0.0007	0.1469	-0.1941	-0.8549	0.3664	0.6377	-0.6187	-1.1328	-0.3268	
0.0667	 1.56286260922886E-0004	-0.1449	-0.5177	0.5145	-2.1888	-0.3829	-0.9525	-2.3796	-0.1361	-0.2440	-2.2172	-0.7973	0.9299	-0.5620	-1.0871	-1.1331	-0.1449	0.5034	-0.6275	-0.6001	-0.0575	-0.5537	0.2634	0.3670	-0.7735	-1.0876	0.1832	-0.5388	0.5286	-2.1740	-0.4025	-0.9753	-2.3887	-0.1276	-0.2310	-2.2206	-0.8066	0.9302	-0.5558	-1.0742	-1.1258	-0.1492	0.4965	-0.6160	-0.5826	-0.0530	-0.5549	0.2549	0.3637	-0.7598	-1.0792	0.1589	
0.1333	 1.21746115318798E-0003	0.2090	0.0902	0.4442	-2.4076	-0.4057	-0.7985	-2.2422	0.0523	-0.2353	-2.7473	-1.1766	1.2875	-0.3043	-1.8854	-1.8939	0.2090	0.8828	-1.2579	-1.3492	0.0797	-0.2516	0.1555	0.0910	-0.9273	-1.0406	0.6895	0.0276	0.4818	-2.3673	-0.4560	-0.8602	-2.2669	0.0729	-0.2014	-2.7490	-1.1968	1.2867	-0.2894	-1.8440	-1.8677	0.1977	0.8643	-1.2277	-1.3021	0.0945	-0.2535	0.1266	0.0778	-0.8889	-1.0165	0.6186	
0.2000	 1.92862262364912E-0003	0.5591	0.6755	0.3803	-2.6159	-0.4357	-0.6569	-2.1105	0.2401	-0.2219	-3.2629	-1.5517	1.6390	-0.0483	-2.6572	-2.6328	0.5591	1.2563	-1.8802	-2.0819	0.2215	0.0492	0.0347	-0.1933	-1.0706	-0.9864	1.1712	0.6040	0.4320	-2.5658	-0.5075	-0.7384	-2.1431	0.2717	-0.1738	-3.2794	-1.5893	1.6421	-0.0252	-2.6160	-2.6106	0.5410	1.2301	-1.8371	-2.0192	0.2373	0.0431	0.0094	-0.2005	-1.0236	-0.9592	1.0899	
