Arquivo: c:\arq\medidas\BBA_2003_073142\BBA_AMP08A_V.dat
Data: 2003	 Hora:  0816
Comentário: 
NomeParametro	 ValorParametro
Nmedias	5
PausaCorretora	3000
PausaShunt	2000
PausaLeitura	500
NumCiclos	3
 NPassosCor	7
DeltaShunt	3.00
TetaIni	-0.20
TetaFim	0.20
I[mA]	  29.5
ACV03B	DeltaPos^2	AMP08A	AMP01B_0	AMP02A_0	AMP02B_0	AMP03A_0	AMP03B_0	AMP03C_0	AMP04A_0	AMP04B_0	AMP05A_0	AMP05B_0	AMP06A_0	AMP06B_0	AMP07A_0	AMP07B_0	AMP08A_0	AMP08B_0	AMP09A_0	AMP09B_0	AMP10A_0	AMP10B_0	AMU11A_0	AMU11B_0	AMP12A_0	AMP12B_0	AMP01A_0	AMP01B_1	AMP02A_1	AMP02B_1	AMP03A_1	AMP03B_1	AMP03C_1	AMP04A_1	AMP04B_1	AMP05A_1	AMP05B_1	AMP06A_1	AMP06B_1	AMP07A_1	AMP07B_1	AMP08A_1	AMP08B_1	AMP09A_1	AMP09B_1	AMP10A_1	AMP10B_1	AMU11A_1	AMU11B_1	AMP12A_1	AMP12B_1	AMP01A_1	
-0.2000	 1.54213736214084E-0003	1.7795	0.9292	1.1103	1.4264	1.4653	0.6412	-2.6247	-0.8532	-1.0754	0.4548	2.4055	1.7612	-1.4681	-1.4664	0.8307	1.7795	1.1867	1.5193	-1.7987	-0.6394	0.3667	1.3635	2.2254	1.0785	-0.3550	-1.4668	0.9863	1.1520	1.4437	1.4691	0.6075	-2.6855	-0.8663	-1.0451	0.5113	2.3762	1.7271	-1.5097	-1.5151	0.8953	1.8187	1.2190	1.5500	-1.8554	-0.6697	0.3781	1.3966	2.2294	1.0622	-0.3964	-1.5212	
-0.1333	 8.28352278400683E-0004	1.5085	0.4490	0.6974	1.1131	1.1997	1.1179	-1.6301	-0.4397	-0.8720	0.5298	1.9917	1.5937	-1.2286	-0.9640	0.6281	1.5085	0.7873	1.0426	-1.1967	-0.2530	0.4105	1.1919	2.0179	1.0901	0.0177	-0.8890	0.4910	0.7277	1.1262	1.2024	1.0934	-1.6750	-0.4491	-0.8497	0.5714	1.9705	1.5685	-1.2591	-0.9998	0.6750	1.5371	0.8112	1.0651	-1.2383	-0.2751	0.4193	1.2159	2.0209	1.0780	-0.0124	-0.9290	
-0.0667	 3.18383292383198E-0004	1.2326	-0.0359	0.2782	0.7932	0.9285	1.5997	-0.6097	-0.0201	-0.6657	0.6053	1.5707	1.4241	-0.9853	-0.4523	0.4213	1.2326	0.3815	0.5583	-0.5830	0.1391	0.4567	1.0189	1.8054	1.1002	0.3949	-0.3011	-0.0101	0.2970	0.8012	0.9304	1.5844	-0.6374	-0.0261	-0.6517	0.6307	1.5575	1.4086	-1.0042	-0.4740	0.4505	1.2510	0.3963	0.5728	-0.6089	0.1252	0.4618	1.0338	1.8078	1.0928	0.3765	-0.3261	
0.0000	 4.48988032094350E-0005	0.9527	-0.5271	-0.1462	0.4681	0.6502	2.0847	0.4271	0.4052	-0.4568	0.6826	1.1416	1.2511	-0.7386	0.0658	0.2124	0.9527	-0.0308	0.0663	0.0403	0.5362	0.5046	0.8450	1.5882	1.1083	0.7755	0.2924	-0.5173	-0.1393	0.4712	0.6511	2.0794	0.4163	0.4030	-0.4518	0.6921	1.1368	1.2455	-0.7456	0.0577	0.2232	0.9594	-0.0250	0.0721	0.0305	0.5308	0.5061	0.8508	1.5894	1.1057	0.7686	0.2829	
0.0667	 2.29760126722517E-0005	0.6672	-1.0287	-0.5794	0.1355	0.3646	2.5764	1.4814	0.8402	-0.2403	0.7639	0.6992	1.0721	-0.4875	0.5942	0.0003	0.6672	-0.4527	-0.4377	0.6777	0.9433	0.5564	0.6693	1.3632	1.1144	1.1624	0.8991	-1.0357	-0.5842	0.1332	0.3642	2.5808	1.4891	0.8420	-0.2439	0.7572	0.7026	1.0762	-0.4824	0.6008	-0.0074	0.6624	-0.4564	-0.4411	0.6845	0.9467	0.5551	0.6656	1.3635	1.1168	1.1674	0.9059	
0.1333	 2.54462573379186E-0004	0.3799	-1.5334	-1.0162	-0.2016	0.0752	3.0683	2.5353	1.2806	-0.0179	0.8517	0.2476	0.8875	-0.2354	1.1268	-0.2117	0.3799	-0.8795	-0.9491	1.3217	1.3557	0.6108	0.4936	1.1333	1.1190	1.5523	1.5116	-1.5568	-1.0330	-0.2089	0.0737	3.0824	2.5599	1.2859	-0.0302	0.8294	0.2592	0.9013	-0.2182	1.1475	-0.2378	0.3638	-0.8926	-0.9612	1.3445	1.3678	0.6061	0.4806	1.1323	1.1259	1.5691	1.5339	
0.2000	 7.08773678547477E-0004	0.0937	-2.0395	-1.4538	-0.5394	-0.2147	3.5566	3.5713	1.7217	0.2103	0.9470	-0.2130	0.6972	0.0153	1.6579	-0.4195	0.0937	-1.3084	-1.4645	1.9662	1.7703	0.6676	0.3189	0.8985	1.1206	1.9425	2.1243	-2.0783	-1.4821	-0.5513	-0.2171	3.5800	3.6117	1.7308	0.1901	0.9092	-0.1935	0.7204	0.0438	1.6916	-0.4633	0.0667	-1.3308	-1.4857	2.0047	1.7907	0.6599	0.2975	0.8963	1.1316	1.9706	2.1615	
