Arquivo: c:\arq\medidas\BBA_2003_073142\BBA_AMP03C_H.dat
Data: 2003	 Hora:  0747
Comentário: 
NomeParametro	 ValorParametro
Nmedias	5
PausaCorretora	3000
PausaShunt	2000
PausaLeitura	500
NumCiclos	3
 NPassosCor	7
DeltaShunt	3.00
TetaIni	-0.20
TetaFim	0.20
I[mA]	  88.9
ACH07A	DeltaPos^2	AMP03C	AMP01B_0	AMP02A_0	AMP02B_0	AMP03A_0	AMP03B_0	AMP03C_0	AMP04A_0	AMP04B_0	AMP05A_0	AMP05B_0	AMP06A_0	AMP06B_0	AMP07A_0	AMP07B_0	AMP08A_0	AMP08B_0	AMP09A_0	AMP09B_0	AMP10A_0	AMP10B_0	AMU11A_0	AMU11B_0	AMP12A_0	AMP12B_0	AMP01A_0	AMP01B_1	AMP02A_1	AMP02B_1	AMP03A_1	AMP03B_1	AMP03C_1	AMP04A_1	AMP04B_1	AMP05A_1	AMP05B_1	AMP06A_1	AMP06B_1	AMP07A_1	AMP07B_1	AMP08A_1	AMP08B_1	AMP09A_1	AMP09B_1	AMP10A_1	AMP10B_1	AMU11A_1	AMU11B_1	AMP12A_1	AMP12B_1	AMP01A_1	
-0.2000	 9.33803732016269E-0004	-1.5724	1.3659	-0.3095	-3.0591	1.1212	0.8782	-1.5724	-0.3156	-0.9211	-2.3549	-0.3376	1.5155	-0.4921	-2.7449	-3.1488	0.1263	1.2806	-0.5559	-1.1648	-0.6181	-0.5537	1.9034	1.7275	-1.7290	-1.8284	2.2113	1.3767	-0.3334	-3.0699	1.1804	0.9293	-1.5500	-0.3143	-0.9353	-2.3710	-0.3389	1.5361	-0.4844	-2.7958	-3.1916	0.1534	1.3040	-0.6101	-1.2218	-0.6027	-0.5288	1.8823	1.6962	-1.7338	-1.8178	2.2369	
-0.1333	 2.48195691124622E-0004	-1.8745	0.5692	-0.0064	-2.6991	0.6239	0.2260	-1.8745	-0.2829	-0.6839	-2.2087	-0.4197	1.2552	-0.5605	-2.0430	-2.3458	-0.0386	0.9535	-0.4192	-0.8059	-0.4726	-0.6223	1.4213	1.3820	-1.3643	-1.5961	1.4067	0.5760	-0.0199	-2.7058	0.6573	0.2549	-1.8616	-0.2827	-0.6920	-2.2153	-0.4188	1.2653	-0.5573	-2.0684	-2.3670	-0.0252	0.9649	-0.4460	-0.8338	-0.4655	-0.6104	1.4126	1.3685	-1.3674	-1.5916	1.4212	
-0.0667	 7.85839992521977E-0006	-2.1835	-0.2580	0.3044	-2.3269	0.1126	-0.4450	-2.1835	-0.2497	-0.4410	-2.0561	-0.5020	0.9862	-0.6313	-1.3133	-1.5093	-0.2083	0.6165	-0.2797	-0.4356	-0.3217	-0.6926	0.9217	1.0238	-0.9868	-1.3559	0.5659	-0.2553	0.3017	-2.3286	0.1191	-0.4395	-2.1807	-0.2510	-0.4428	-2.0530	-0.4991	0.9855	-0.6329	-1.3117	-1.5073	-0.2092	0.6152	-0.2784	-0.4335	-0.3236	-0.6936	0.9255	1.0286	-0.9884	-1.3569	0.5693	
0.0000	 2.58749162133079E-0004	-2.4916	-1.0922	0.6155	-1.9507	-0.4021	-1.1174	-2.4916	-0.2170	-0.1976	-1.9028	-0.5847	0.7155	-0.7029	-0.5771	-0.6645	-0.3785	0.2759	-0.1424	-0.0656	-0.1693	-0.7620	0.4133	0.6586	-0.6061	-1.1132	-0.2854	-1.0947	0.6237	-1.9474	-0.4223	-1.1360	-2.4991	-0.2194	-0.1933	-1.8894	-0.5795	0.7039	-0.7092	-0.5473	-0.6382	-0.3937	0.2617	-0.1126	-0.0329	-0.1794	-0.7764	0.4293	0.6813	-0.6056	-1.1197	-0.2942	
0.0667	 9.95778321849045E-0004	-2.7988	-1.9253	0.9264	-1.5729	-0.9175	-1.7876	-2.7988	-0.1831	0.0454	-1.7512	-0.6690	0.4451	-0.7732	0.1576	0.1798	-0.5467	-0.0645	-0.0098	0.3008	-0.0143	-0.8291	-0.1005	0.2868	-0.2238	-0.8677	-1.1415	-1.9327	0.9453	-1.5643	-0.9649	-1.8299	-2.8161	-0.1869	0.0560	-1.7279	-0.6617	0.4223	-0.7841	0.2153	0.2292	-0.5758	-0.0914	0.0477	0.3639	-0.0330	-0.8562	-0.0728	0.3273	-0.2213	-0.8799	-1.1624	
0.1333	 2.21759685755209E-0003	-3.1029	-2.7502	1.2360	-1.1946	-1.4325	-2.4526	-3.1029	-0.1477	0.2883	-1.6042	-0.7572	0.1767	-0.8411	0.8854	1.0161	-0.7118	-0.4030	0.1167	0.6603	0.1427	-0.8932	-0.6192	-0.0908	0.1587	-0.6205	-1.9937	-2.7623	1.2657	-1.1807	-1.5070	-2.5182	-3.1305	-0.1527	0.3055	-1.5712	-0.7481	0.1431	-0.8566	0.9712	1.0891	-0.7549	-0.4428	0.2018	0.7535	0.1161	-0.9337	-0.5798	-0.0326	0.1636	-0.6379	-2.0265	
0.2000	 3.85372678028290E-0003	-3.4035	-3.5585	1.5429	-0.8188	-1.9455	-3.1082	-3.4035	-0.1095	0.5305	-1.4643	-0.8503	-0.0868	-0.9055	1.5996	1.8363	-0.8718	-0.7360	0.2330	1.0095	0.3018	-0.9529	-1.1399	-0.4744	0.5392	-0.3720	-2.8321	-3.5758	1.5833	-0.7998	-2.0462	-3.1963	-3.4406	-0.1156	0.5538	-1.4215	-0.8394	-0.1314	-0.9253	1.7113	1.9314	-0.9286	-0.7884	0.3457	1.1314	0.2675	-1.0057	-1.0894	-0.3990	0.5460	-0.3948	-2.8769	
