Arquivo: c:\arq\medidas\BBA_2003_073142\BBA_AMP12A_V.dat
Data: 2003	 Hora:  0841
Comentário: 
NomeParametro	 ValorParametro
Nmedias	5
PausaCorretora	3000
PausaShunt	2000
PausaLeitura	500
NumCiclos	3
 NPassosCor	7
DeltaShunt	3.00
TetaIni	-0.20
TetaFim	0.20
I[mA]	  28.8
ACV09A	DeltaPos^2	AMP12A	AMP01B_0	AMP02A_0	AMP02B_0	AMP03A_0	AMP03B_0	AMP03C_0	AMP04A_0	AMP04B_0	AMP05A_0	AMP05B_0	AMP06A_0	AMP06B_0	AMP07A_0	AMP07B_0	AMP08A_0	AMP08B_0	AMP09A_0	AMP09B_0	AMP10A_0	AMP10B_0	AMU11A_0	AMU11B_0	AMP12A_0	AMP12B_0	AMP01A_0	AMP01B_1	AMP02A_1	AMP02B_1	AMP03A_1	AMP03B_1	AMP03C_1	AMP04A_1	AMP04B_1	AMP05A_1	AMP05B_1	AMP06A_1	AMP06B_1	AMP07A_1	AMP07B_1	AMP08A_1	AMP08B_1	AMP09A_1	AMP09B_1	AMP10A_1	AMP10B_1	AMU11A_1	AMU11B_1	AMP12A_1	AMP12B_1	AMP01A_1	
-0.2000	 1.03113109990480E-0003	-0.1449	-0.2736	-0.5312	-0.9244	-1.4286	3.4897	3.8965	1.8736	0.3278	1.0411	-0.4177	0.5898	0.0676	1.8116	-0.4337	0.0257	-1.4658	-1.8037	1.0514	1.6493	1.8582	1.8986	-0.0303	-0.1449	0.8047	1.1031	-0.2210	-0.5013	-0.9299	-1.4562	3.4818	3.8950	1.8837	0.3650	1.0937	-0.4651	0.5513	0.0444	1.7961	-0.3891	0.0459	-1.4822	-1.8429	1.0617	1.6697	1.8949	1.9326	-0.0703	-0.1805	0.7700	1.0685	
-0.1333	 3.94741790854492E-0004	0.2593	-0.3700	-0.4213	-0.4891	-0.7722	3.0599	2.8405	1.4176	0.0804	0.9253	0.0724	0.7987	-0.1810	1.2725	-0.2354	0.3125	-1.0198	-1.2206	0.7516	1.3080	1.4298	1.5615	0.4866	0.2593	0.8077	0.8622	-0.3375	-0.4031	-0.4927	-0.7894	3.0551	2.8392	1.4241	0.1036	0.9575	0.0430	0.7751	-0.1953	1.2630	-0.2076	0.3248	-1.0304	-1.2449	0.7581	1.3206	1.4529	1.5825	0.4620	0.2372	0.7859	0.8410	
-0.0667	 4.83616848122424E-0005	0.6751	-0.4731	-0.3116	-0.0423	-0.0952	2.6159	1.7349	0.9487	-0.1756	0.8028	0.5760	1.0152	-0.4337	0.7195	-0.0362	0.6044	-0.5610	-0.6164	0.4421	0.9554	0.9877	1.2125	1.0167	0.6751	0.8130	0.6181	-0.4619	-0.3052	-0.0434	-0.1012	2.6144	1.7336	0.9511	-0.1670	0.8139	0.5657	1.0068	-0.4386	0.7161	-0.0264	0.6086	-0.5643	-0.6247	0.4443	0.9597	0.9959	1.2202	1.0082	0.6671	0.8058	0.6107	
0.0000	 4.28746159893568E-0005	1.0974	-0.5818	-0.2030	0.4099	0.5915	2.1642	0.6003	0.4730	-0.4355	0.6779	1.0863	1.2351	-0.6880	0.1604	0.1620	0.8979	-0.0949	-0.0021	0.1287	0.5969	0.5365	0.8575	1.5529	1.0974	0.8225	0.3747	-0.5925	-0.2089	0.4112	0.5975	2.1658	0.5993	0.4708	-0.4428	0.6671	1.0962	1.2433	-0.6833	0.1632	0.1532	0.8941	-0.0913	0.0063	0.1261	0.5926	0.5293	0.8508	1.5612	1.1045	0.8294	0.3817	
0.0667	 4.00154016266387E-0004	1.5222	-0.6947	-0.0964	0.8633	1.2798	1.7068	-0.5450	-0.0050	-0.6949	0.5518	1.5975	1.4554	-0.9430	-0.4019	0.3607	1.1924	0.3735	0.6158	-0.1852	0.2367	0.0814	0.4964	2.0899	1.5222	0.8343	0.1334	-0.7270	-0.1144	0.8670	1.2977	1.7116	-0.5455	-0.0116	-0.7180	0.5191	1.6271	1.4795	-0.9289	-0.3930	0.3328	1.1801	0.3845	0.6411	-0.1922	0.2238	0.0583	0.4755	2.1147	1.5443	0.8557	0.1546	
0.1333	 1.11350138747917E-0003	1.9463	-0.8122	0.0076	1.3144	1.9626	1.2493	-1.6838	-0.4810	-0.9538	0.4270	2.1037	1.6743	-1.1974	-0.9637	0.5585	1.4855	0.8399	1.2311	-0.4948	-0.1206	-0.3744	0.1327	2.6224	1.9463	0.8485	-0.1038	-0.8669	-0.0233	1.3206	1.9912	1.2578	-1.6830	-0.4922	-0.9924	0.3721	2.1531	1.7142	-1.1732	-0.9479	0.5124	1.4651	0.8576	1.2727	-0.5061	-0.1418	-0.4126	0.0972	2.6628	1.9831	0.8848	-0.0681	
0.2000	 2.12248573185612E-0003	2.3643	-0.9326	0.1079	1.7562	2.6302	0.7948	-2.7920	-0.9500	-1.2064	0.3072	2.5970	1.8871	-1.4496	-1.5172	0.7573	1.7756	1.2974	1.8326	-0.7942	-0.4706	-0.8248	-0.2287	3.1425	2.3643	0.8654	-0.3344	-1.0080	0.0646	1.7640	2.6695	0.8067	-2.7903	-0.9652	-1.2596	0.2311	2.6642	1.9423	-1.4161	-1.4954	0.6929	1.7472	1.3218	1.8901	-0.8102	-0.4999	-0.8776	-0.2778	3.1983	2.4142	0.9154	-0.2846	
