Arquivo: c:\arq\medidas\BBA_2003_073142\BBA_AMP02A_V.dat
Data: 2003	 Hora:  0736
Comentário: 
NomeParametro	 ValorParametro
Nmedias	5
PausaCorretora	3000
PausaShunt	2000
PausaLeitura	500
NumCiclos	3
 NPassosCor	7
DeltaShunt	3.00
TetaIni	-0.20
TetaFim	0.20
I[mA]	 133.8
ACV07B	DeltaPos^2	AMP02A	AMP01B_0	AMP02A_0	AMP02B_0	AMP03A_0	AMP03B_0	AMP03C_0	AMP04A_0	AMP04B_0	AMP05A_0	AMP05B_0	AMP06A_0	AMP06B_0	AMP07A_0	AMP07B_0	AMP08A_0	AMP08B_0	AMP09A_0	AMP09B_0	AMP10A_0	AMP10B_0	AMU11A_0	AMU11B_0	AMP12A_0	AMP12B_0	AMP01A_0	AMP01B_1	AMP02A_1	AMP02B_1	AMP03A_1	AMP03B_1	AMP03C_1	AMP04A_1	AMP04B_1	AMP05A_1	AMP05B_1	AMP06A_1	AMP06B_1	AMP07A_1	AMP07B_1	AMP08A_1	AMP08B_1	AMP09A_1	AMP09B_1	AMP10A_1	AMP10B_1	AMU11A_1	AMU11B_1	AMP12A_1	AMP12B_1	AMP01A_1	
-0.2000	 1.96199886573924E-0003	-1.5535	-2.6130	-1.5535	0.1475	0.9964	2.9757	1.8541	0.5670	-1.6762	-1.3561	2.5203	2.5575	0.4560	1.2009	-1.8415	-0.5960	-1.0484	-0.6166	1.9512	1.4213	-0.2586	-0.6350	1.8455	2.0038	2.2355	2.0378	-2.6751	-1.5921	0.1088	0.9555	3.0276	1.9624	0.6039	-1.6837	-1.3908	2.5142	2.5708	0.5000	1.2663	-1.8991	-0.6408	-1.0739	-0.6291	2.0011	1.4422	-0.2853	-0.6801	1.8596	2.0342	2.2782	2.0861	
-0.1333	 1.11536048547778E-0003	-1.1134	-1.9423	-1.1134	0.2186	0.8414	2.7189	1.4713	0.5507	-1.2548	-0.6837	2.0290	2.1096	0.0816	0.8611	-1.1983	-0.1180	-0.7496	-0.4316	1.3833	1.1692	0.0010	-0.1637	1.7375	1.6977	1.7679	1.4885	-1.9897	-1.1430	0.1903	0.8126	2.7584	1.5519	0.5776	-1.2617	-0.7110	2.0259	2.1211	0.1153	0.9098	-1.2429	-0.1524	-0.7687	-0.4399	1.4206	1.1843	-0.0195	-0.1982	1.7486	1.7213	1.8005	1.5252	
-0.0667	 3.90106842703322E-0004	-0.6485	-1.2316	-0.6485	0.2945	0.6805	2.4467	1.0640	0.5322	-0.8112	0.0262	1.5110	1.6363	-0.3153	0.4983	-0.5158	0.3857	-0.4372	-0.2407	0.7855	0.9052	0.2765	0.3337	1.6210	1.3723	1.2736	0.9085	-1.2601	-0.6663	0.2778	0.6643	2.4708	1.1109	0.5479	-0.8161	0.0092	1.5099	1.6437	-0.2953	0.5266	-0.5423	0.3656	-0.4481	-0.2446	0.8069	0.9139	0.2642	0.3130	1.6284	1.3869	1.2933	0.9302	
0.0000	 3.32881271734885E-0005	-0.1781	-0.5111	-0.1781	0.3728	0.5196	2.1683	0.6472	0.5122	-0.3628	0.7421	0.9883	1.1570	-0.7189	0.1268	0.1770	0.8961	-0.1234	-0.0501	0.1817	0.6401	0.5555	0.8370	1.5016	1.0415	0.7727	0.3217	-0.5198	-0.1835	0.3681	0.5164	2.1764	0.6598	0.5161	-0.3655	0.7362	0.9895	1.1604	-0.7127	0.1345	0.1691	0.8896	-0.1256	-0.0496	0.1872	0.6416	0.5517	0.8306	1.5046	1.0464	0.7785	0.3279	
0.0667	 7.74259174477434E-0005	0.2988	0.2179	0.2988	0.4526	0.3581	1.8838	0.2229	0.4911	0.0910	1.4648	0.4596	0.6704	-1.1284	-0.2518	0.8789	1.4117	0.1946	0.1414	-0.4296	0.3729	0.8404	1.3452	1.3791	0.7044	0.2635	-0.2722	0.2299	0.3058	0.4602	0.3676	1.8755	0.2007	0.4834	0.0912	1.4703	0.4624	0.6693	-1.1365	-0.2653	0.8903	1.4207	0.2004	0.1462	-0.4407	0.3679	0.8452	1.3535	1.3777	0.6992	0.2554	-0.2814	
0.1333	 5.28825045995522E-0004	0.7757	0.9486	0.7757	0.5338	0.1961	1.5967	-0.2043	0.4693	0.5453	2.1857	-0.0727	0.1820	-1.5378	-0.6313	1.5809	1.9278	0.5141	0.3348	-1.0435	0.1034	1.1256	1.8545	1.2577	0.3655	-0.2478	-0.8696	0.9804	0.7953	0.5531	0.2187	1.5724	-0.2616	0.4501	0.5480	2.2024	-0.0681	0.1763	-1.5602	-0.6659	1.6108	1.9513	0.5283	0.3436	-1.0705	0.0917	1.1393	1.8775	1.2512	0.3504	-0.2695	-0.8943	
0.2000	 1.34993974019776E-0003	1.2497	1.6709	1.2497	0.6141	0.0346	1.3109	-0.6285	0.4487	0.9968	2.8940	-0.6020	-0.3038	-1.9419	-1.0053	2.2717	2.4368	0.8329	0.5296	-1.6521	-0.1659	1.4076	2.3569	1.1363	0.0296	-0.7546	-1.4603	1.7221	1.2807	0.6455	0.0701	1.2704	-0.7197	0.4182	1.0016	2.9215	-0.5955	-0.3138	-1.9777	-1.0603	2.3191	2.4738	0.8550	0.5427	-1.6949	-0.1845	1.4294	2.3934	1.1256	0.0045	-0.7894	-1.4999	
