# U25 KICKMAP - Kicktable de ID com 4.0 m de comprimento mas comprimento equivalente a 2 IDs
# Author: Ximenes R. Resende @ LNLS, Date: 23-Jan-2014 23:24:00
# ID Length [m]
4.0000
# Number of Horizontal Points
81 
# Number of Vertical Points
17 
# Horizontal KickTable in T2m2
START
            -0.03000000 -0.02925000 -0.02850000 -0.02775000 -0.02700000 -0.02625000 -0.02550000 -0.02475000 -0.02400000 -0.02325000 -0.02250000 -0.02175000 -0.02100000 -0.02025000 -0.01950000 -0.01875000 -0.01800000 -0.01725000 -0.01650000 -0.01575000 -0.01500000 -0.01425000 -0.01350000 -0.01275000 -0.01200000 -0.01125000 -0.01050000 -0.00975000 -0.00900000 -0.00825000 -0.00750000 -0.00675000 -0.00600000 -0.00525000 -0.00450000 -0.00375000 -0.00300000 -0.00225000 -0.00150000 -0.00075000 +0.00000000 +0.00075000 +0.00150000 +0.00225000 +0.00300000 +0.00375000 +0.00450000 +0.00525000 +0.00600000 +0.00675000 +0.00750000 +0.00825000 +0.00900000 +0.00975000 +0.01050000 +0.01125000 +0.01200000 +0.01275000 +0.01350000 +0.01425000 +0.01500000 +0.01575000 +0.01650000 +0.01725000 +0.01800000 +0.01875000 +0.01950000 +0.02025000 +0.02100000 +0.02175000 +0.02250000 +0.02325000 +0.02400000 +0.02475000 +0.02550000 +0.02625000 +0.02700000 +0.02775000 +0.02850000 +0.02925000 +0.03000000 
+0.00390000 -4.422E-04 -2.770E-04 -4.692E-04 -1.191E-03 -1.183E-03 -1.084E-03 -9.516E-04 -8.158E-04 -6.888E-04 -5.756E-04 -4.776E-04 -3.940E-04 -3.240E-04 -2.656E-04 -2.172E-04 -1.774E-04 -1.447E-04 -1.180E-04 -9.618E-05 -7.838E-05 -6.384E-05 -5.200E-05 -4.236E-05 -3.450E-05 -2.810E-05 -2.288E-05 -1.861E-05 -1.513E-05 -1.228E-05 -9.940E-06 -8.014E-06 -6.418E-06 -5.086E-06 -3.956E-06 -2.978E-06 -2.098E-06 -1.228E-06 -1.004E-07 +6.830E-07 +3.854E-05 +0.000E+00 -3.854E-05 -6.830E-07 +1.004E-07 +1.228E-06 +2.098E-06 +2.978E-06 +3.956E-06 +5.086E-06 +6.418E-06 +8.014E-06 +9.940E-06 +1.228E-05 +1.513E-05 +1.861E-05 +2.288E-05 +2.810E-05 +3.450E-05 +4.236E-05 +5.200E-05 +6.384E-05 +7.838E-05 +9.618E-05 +1.180E-04 +1.447E-04 +1.774E-04 +2.172E-04 +2.656E-04 +3.240E-04 +3.940E-04 +4.776E-04 +5.756E-04 +6.888E-04 +8.158E-04 +9.516E-04 +1.084E-03 +1.183E-03 +1.191E-03 +4.692E-04 +2.770E-04 +4.422E-04
+0.00341250 -7.848E-03 -3.850E-03 -2.126E-03 -1.679E-03 -1.418E-03 -1.201E-03 -1.011E-03 -8.438E-04 -6.996E-04 -5.770E-04 -4.738E-04 -3.878E-04 -3.166E-04 -2.580E-04 -2.100E-04 -1.708E-04 -1.388E-04 -1.128E-04 -9.168E-05 -7.450E-05 -6.056E-05 -4.922E-05 -4.002E-05 -3.254E-05 -2.646E-05 -2.150E-05 -1.747E-05 -1.419E-05 -1.150E-05 -9.294E-06 -7.482E-06 -5.978E-06 -4.720E-06 -3.648E-06 -2.706E-06 -1.830E-06 -7.786E-07 +8.386E-08 +2.314E-06 +9.674E-06 +0.000E+00 -9.674E-06 -2.314E-06 -8.386E-08 +7.786E-07 +1.830E-06 +2.706E-06 +3.648E-06 +4.720E-06 +5.978E-06 +7.482E-06 +9.294E-06 +1.150E-05 +1.419E-05 +1.747E-05 +2.150E-05 +2.646E-05 +3.254E-05 +4.002E-05 +4.922E-05 +6.056E-05 +7.450E-05 +9.168E-05 +1.128E-04 +1.388E-04 +1.708E-04 +2.100E-04 +2.580E-04 +3.166E-04 +3.878E-04 +4.738E-04 +5.770E-04 +6.996E-04 +8.438E-04 +1.011E-03 +1.201E-03 +1.418E-03 +1.679E-03 +2.126E-03 +3.850E-03 +7.848E-03
+0.00292500 -5.292E-03 -3.778E-03 -2.604E-03 -1.950E-03 -1.561E-03 -1.277E-03 -1.050E-03 -8.622E-04 -7.060E-04 -5.766E-04 -4.696E-04 -3.818E-04 -3.098E-04 -2.514E-04 -2.036E-04 -1.651E-04 -1.337E-04 -1.084E-04 -8.784E-05 -7.122E-05 -5.778E-05 -4.688E-05 -3.804E-05 -3.088E-05 -2.508E-05 -2.036E-05 -1.652E-05 -1.340E-05 -1.085E-05 -8.756E-06 -7.038E-06 -5.612E-06 -4.418E-06 -3.398E-06 -2.494E-06 -1.645E-06 -5.766E-07 +1.175E-07 +1.976E-06 +3.854E-06 +0.000E+00 -3.854E-06 -1.976E-06 -1.175E-07 +5.766E-07 +1.645E-06 +2.494E-06 +3.398E-06 +4.418E-06 +5.612E-06 +7.038E-06 +8.756E-06 +1.085E-05 +1.340E-05 +1.652E-05 +2.036E-05 +2.508E-05 +3.088E-05 +3.804E-05 +4.688E-05 +5.778E-05 +7.122E-05 +8.784E-05 +1.084E-04 +1.337E-04 +1.651E-04 +2.036E-04 +2.514E-04 +3.098E-04 +3.818E-04 +4.696E-04 +5.766E-04 +7.060E-04 +8.622E-04 +1.050E-03 +1.277E-03 +1.561E-03 +1.950E-03 +2.604E-03 +3.778E-03 +5.292E-03
+0.00243750 -3.666E-03 -3.148E-03 -2.544E-03 -2.008E-03 -1.613E-03 -1.311E-03 -1.068E-03 -8.698E-04 -7.070E-04 -5.734E-04 -4.642E-04 -3.754E-04 -3.034E-04 -2.450E-04 -1.979E-04 -1.599E-04 -1.292E-04 -1.044E-04 -8.446E-05 -6.834E-05 -5.534E-05 -4.482E-05 -3.634E-05 -2.946E-05 -2.388E-05 -1.937E-05 -1.571E-05 -1.272E-05 -1.029E-05 -8.298E-06 -6.662E-06 -5.304E-06 -4.166E-06 -3.194E-06 -2.332E-06 -1.527E-06 -5.870E-07 +6.038E-08 +1.146E-06 +1.567E-06 +0.000E+00 -1.567E-06 -1.146E-06 -6.038E-08 +5.870E-07 +1.527E-06 +2.332E-06 +3.194E-06 +4.166E-06 +5.304E-06 +6.662E-06 +8.298E-06 +1.029E-05 +1.272E-05 +1.571E-05 +1.937E-05 +2.388E-05 +2.946E-05 +3.634E-05 +4.482E-05 +5.534E-05 +6.834E-05 +8.446E-05 +1.044E-04 +1.292E-04 +1.599E-04 +1.979E-04 +2.450E-04 +3.034E-04 +3.754E-04 +4.642E-04 +5.734E-04 +7.070E-04 +8.698E-04 +1.068E-03 +1.311E-03 +1.613E-03 +2.008E-03 +2.544E-03 +3.148E-03 +3.666E-03
+0.00195000 -2.734E-03 -2.592E-03 -2.322E-03 -1.947E-03 -1.605E-03 -1.314E-03 -1.071E-03 -8.698E-04 -7.040E-04 -5.686E-04 -4.584E-04 -3.692E-04 -2.974E-04 -2.394E-04 -1.928E-04 -1.554E-04 -1.253E-04 -1.011E-04 -8.160E-05 -6.592E-05 -5.330E-05 -4.312E-05 -3.490E-05 -2.826E-05 -2.290E-05 -1.856E-05 -1.503E-05 -1.217E-05 -9.832E-06 -7.922E-06 -6.352E-06 -5.054E-06 -3.964E-06 -3.032E-06 -2.214E-06 -1.460E-06 -6.810E-07 -1.715E-08 +5.028E-07 +6.602E-07 +0.000E+00 -6.602E-07 -5.028E-07 +1.715E-08 +6.810E-07 +1.460E-06 +2.214E-06 +3.032E-06 +3.964E-06 +5.054E-06 +6.352E-06 +7.922E-06 +9.832E-06 +1.217E-05 +1.503E-05 +1.856E-05 +2.290E-05 +2.826E-05 +3.490E-05 +4.312E-05 +5.330E-05 +6.592E-05 +8.160E-05 +1.011E-04 +1.253E-04 +1.554E-04 +1.928E-04 +2.394E-04 +2.974E-04 +3.692E-04 +4.584E-04 +5.686E-04 +7.040E-04 +8.698E-04 +1.071E-03 +1.314E-03 +1.605E-03 +1.947E-03 +2.322E-03 +2.592E-03 +2.734E-03
+0.00146250 -2.186E-03 -2.194E-03 -2.096E-03 -1.848E-03 -1.567E-03 -1.300E-03 -1.065E-03 -8.652E-04 -6.994E-04 -5.634E-04 -4.530E-04 -3.638E-04 -2.922E-04 -2.348E-04 -1.887E-04 -1.517E-04 -1.221E-04 -9.836E-05 -7.930E-05 -6.398E-05 -5.168E-05 -4.176E-05 -3.378E-05 -2.734E-05 -2.212E-05 -1.791E-05 -1.450E-05 -1.173E-05 -9.472E-06 -7.628E-06 -6.112E-06 -4.858E-06 -3.806E-06 -2.912E-06 -2.130E-06 -1.428E-06 -7.754E-07 -7.768E-08 +6.860E-08 +2.732E-07 +0.000E+00 -2.732E-07 -6.860E-08 +7.768E-08 +7.754E-07 +1.428E-06 +2.130E-06 +2.912E-06 +3.806E-06 +4.858E-06 +6.112E-06 +7.628E-06 +9.472E-06 +1.173E-05 +1.450E-05 +1.791E-05 +2.212E-05 +2.734E-05 +3.378E-05 +4.176E-05 +5.168E-05 +6.398E-05 +7.930E-05 +9.836E-05 +1.221E-04 +1.517E-04 +1.887E-04 +2.348E-04 +2.922E-04 +3.638E-04 +4.530E-04 +5.634E-04 +6.994E-04 +8.652E-04 +1.065E-03 +1.300E-03 +1.567E-03 +1.848E-03 +2.096E-03 +2.194E-03 +2.186E-03
+0.00097500 -1.864E-03 -1.936E-03 -1.924E-03 -1.758E-03 -1.525E-03 -1.282E-03 -1.056E-03 -8.596E-04 -6.946E-04 -5.588E-04 -4.486E-04 -3.596E-04 -2.884E-04 -2.312E-04 -1.856E-04 -1.490E-04 -1.198E-04 -9.638E-05 -7.762E-05 -6.258E-05 -5.050E-05 -4.078E-05 -3.296E-05 -2.666E-05 -2.156E-05 -1.745E-05 -1.412E-05 -1.142E-05 -9.216E-06 -7.418E-06 -5.940E-06 -4.718E-06 -3.696E-06 -2.828E-06 -2.076E-06 -1.413E-06 -8.228E-07 -3.080E-07 -1.100E-08 +7.572E-08 +0.000E+00 -7.572E-08 +1.100E-08 +3.080E-07 +8.228E-07 +1.413E-06 +2.076E-06 +2.828E-06 +3.696E-06 +4.718E-06 +5.940E-06 +7.418E-06 +9.216E-06 +1.142E-05 +1.412E-05 +1.745E-05 +2.156E-05 +2.666E-05 +3.296E-05 +4.078E-05 +5.050E-05 +6.258E-05 +7.762E-05 +9.638E-05 +1.198E-04 +1.490E-04 +1.856E-04 +2.312E-04 +2.884E-04 +3.596E-04 +4.486E-04 +5.588E-04 +6.946E-04 +8.596E-04 +1.056E-03 +1.282E-03 +1.525E-03 +1.758E-03 +1.924E-03 +1.936E-03 +1.864E-03
+0.00048750 -1.695E-03 -1.793E-03 -1.820E-03 -1.697E-03 -1.495E-03 -1.267E-03 -1.049E-03 -8.550E-04 -6.910E-04 -5.558E-04 -4.456E-04 -3.570E-04 -2.860E-04 -2.290E-04 -1.836E-04 -1.474E-04 -1.184E-04 -9.516E-05 -7.660E-05 -6.172E-05 -4.978E-05 -4.018E-05 -3.246E-05 -2.624E-05 -2.122E-05 -1.717E-05 -1.389E-05 -1.123E-05 -9.060E-06 -7.290E-06 -5.838E-06 -4.636E-06 -3.630E-06 -2.778E-06 -2.044E-06 -1.406E-06 -8.540E-07 -4.044E-07 -9.730E-08 -2.444E-09 +0.000E+00 +2.444E-09 +9.730E-08 +4.044E-07 +8.540E-07 +1.406E-06 +2.044E-06 +2.778E-06 +3.630E-06 +4.636E-06 +5.838E-06 +7.290E-06 +9.060E-06 +1.123E-05 +1.389E-05 +1.717E-05 +2.122E-05 +2.624E-05 +3.246E-05 +4.018E-05 +4.978E-05 +6.172E-05 +7.660E-05 +9.516E-05 +1.184E-04 +1.474E-04 +1.836E-04 +2.290E-04 +2.860E-04 +3.570E-04 +4.456E-04 +5.558E-04 +6.910E-04 +8.550E-04 +1.049E-03 +1.267E-03 +1.495E-03 +1.697E-03 +1.820E-03 +1.793E-03 +1.695E-03
+0.00000000 -1.642E-03 -1.747E-03 -1.785E-03 -1.677E-03 -1.484E-03 -1.262E-03 -1.046E-03 -8.534E-04 -6.898E-04 -5.546E-04 -4.448E-04 -3.562E-04 -2.852E-04 -2.284E-04 -1.830E-04 -1.468E-04 -1.179E-04 -9.476E-05 -7.626E-05 -6.144E-05 -4.954E-05 -3.998E-05 -3.230E-05 -2.610E-05 -2.112E-05 -1.708E-05 -1.381E-05 -1.116E-05 -9.008E-06 -7.248E-06 -5.804E-06 -4.608E-06 -3.608E-06 -2.762E-06 -2.034E-06 -1.404E-06 -8.644E-07 -4.308E-07 -1.394E-07 -1.591E-08 +0.000E+00 +1.591E-08 +1.394E-07 +4.308E-07 +8.644E-07 +1.404E-06 +2.034E-06 +2.762E-06 +3.608E-06 +4.608E-06 +5.804E-06 +7.248E-06 +9.008E-06 +1.116E-05 +1.381E-05 +1.708E-05 +2.112E-05 +2.610E-05 +3.230E-05 +3.998E-05 +4.954E-05 +6.144E-05 +7.626E-05 +9.476E-05 +1.179E-04 +1.468E-04 +1.830E-04 +2.284E-04 +2.852E-04 +3.562E-04 +4.448E-04 +5.546E-04 +6.898E-04 +8.534E-04 +1.046E-03 +1.262E-03 +1.484E-03 +1.677E-03 +1.785E-03 +1.747E-03 +1.642E-03
-0.00048750 -1.695E-03 -1.793E-03 -1.820E-03 -1.697E-03 -1.495E-03 -1.267E-03 -1.049E-03 -8.550E-04 -6.910E-04 -5.558E-04 -4.456E-04 -3.570E-04 -2.860E-04 -2.290E-04 -1.836E-04 -1.474E-04 -1.184E-04 -9.516E-05 -7.660E-05 -6.172E-05 -4.978E-05 -4.018E-05 -3.246E-05 -2.624E-05 -2.122E-05 -1.717E-05 -1.389E-05 -1.123E-05 -9.060E-06 -7.290E-06 -5.838E-06 -4.636E-06 -3.630E-06 -2.778E-06 -2.044E-06 -1.406E-06 -8.540E-07 -4.044E-07 -9.730E-08 -2.444E-09 +0.000E+00 +2.444E-09 +9.730E-08 +4.044E-07 +8.540E-07 +1.406E-06 +2.044E-06 +2.778E-06 +3.630E-06 +4.636E-06 +5.838E-06 +7.290E-06 +9.060E-06 +1.123E-05 +1.389E-05 +1.717E-05 +2.122E-05 +2.624E-05 +3.246E-05 +4.018E-05 +4.978E-05 +6.172E-05 +7.660E-05 +9.516E-05 +1.184E-04 +1.474E-04 +1.836E-04 +2.290E-04 +2.860E-04 +3.570E-04 +4.456E-04 +5.558E-04 +6.910E-04 +8.550E-04 +1.049E-03 +1.267E-03 +1.495E-03 +1.697E-03 +1.820E-03 +1.793E-03 +1.695E-03
-0.00097500 -1.864E-03 -1.936E-03 -1.924E-03 -1.758E-03 -1.525E-03 -1.282E-03 -1.056E-03 -8.596E-04 -6.946E-04 -5.588E-04 -4.486E-04 -3.596E-04 -2.884E-04 -2.312E-04 -1.856E-04 -1.490E-04 -1.198E-04 -9.638E-05 -7.762E-05 -6.258E-05 -5.050E-05 -4.078E-05 -3.296E-05 -2.666E-05 -2.156E-05 -1.745E-05 -1.412E-05 -1.142E-05 -9.216E-06 -7.418E-06 -5.940E-06 -4.718E-06 -3.696E-06 -2.828E-06 -2.076E-06 -1.413E-06 -8.228E-07 -3.080E-07 -1.100E-08 +7.572E-08 +0.000E+00 -7.572E-08 +1.100E-08 +3.080E-07 +8.228E-07 +1.413E-06 +2.076E-06 +2.828E-06 +3.696E-06 +4.718E-06 +5.940E-06 +7.418E-06 +9.216E-06 +1.142E-05 +1.412E-05 +1.745E-05 +2.156E-05 +2.666E-05 +3.296E-05 +4.078E-05 +5.050E-05 +6.258E-05 +7.762E-05 +9.638E-05 +1.198E-04 +1.490E-04 +1.856E-04 +2.312E-04 +2.884E-04 +3.596E-04 +4.486E-04 +5.588E-04 +6.946E-04 +8.596E-04 +1.056E-03 +1.282E-03 +1.525E-03 +1.758E-03 +1.924E-03 +1.936E-03 +1.864E-03
-0.00146250 -2.186E-03 -2.194E-03 -2.096E-03 -1.848E-03 -1.567E-03 -1.300E-03 -1.065E-03 -8.652E-04 -6.994E-04 -5.634E-04 -4.530E-04 -3.638E-04 -2.922E-04 -2.348E-04 -1.887E-04 -1.517E-04 -1.221E-04 -9.836E-05 -7.930E-05 -6.398E-05 -5.168E-05 -4.176E-05 -3.378E-05 -2.734E-05 -2.212E-05 -1.791E-05 -1.450E-05 -1.173E-05 -9.472E-06 -7.628E-06 -6.112E-06 -4.858E-06 -3.806E-06 -2.912E-06 -2.130E-06 -1.428E-06 -7.754E-07 -7.768E-08 +6.860E-08 +2.732E-07 +0.000E+00 -2.732E-07 -6.860E-08 +7.768E-08 +7.754E-07 +1.428E-06 +2.130E-06 +2.912E-06 +3.806E-06 +4.858E-06 +6.112E-06 +7.628E-06 +9.472E-06 +1.173E-05 +1.450E-05 +1.791E-05 +2.212E-05 +2.734E-05 +3.378E-05 +4.176E-05 +5.168E-05 +6.398E-05 +7.930E-05 +9.836E-05 +1.221E-04 +1.517E-04 +1.887E-04 +2.348E-04 +2.922E-04 +3.638E-04 +4.530E-04 +5.634E-04 +6.994E-04 +8.652E-04 +1.065E-03 +1.300E-03 +1.567E-03 +1.848E-03 +2.096E-03 +2.194E-03 +2.186E-03
-0.00195000 -2.734E-03 -2.592E-03 -2.322E-03 -1.947E-03 -1.605E-03 -1.314E-03 -1.071E-03 -8.698E-04 -7.040E-04 -5.686E-04 -4.584E-04 -3.692E-04 -2.974E-04 -2.394E-04 -1.928E-04 -1.554E-04 -1.253E-04 -1.011E-04 -8.160E-05 -6.592E-05 -5.330E-05 -4.312E-05 -3.490E-05 -2.826E-05 -2.290E-05 -1.856E-05 -1.503E-05 -1.217E-05 -9.832E-06 -7.922E-06 -6.352E-06 -5.054E-06 -3.964E-06 -3.032E-06 -2.214E-06 -1.460E-06 -6.810E-07 -1.715E-08 +5.028E-07 +6.602E-07 +0.000E+00 -6.602E-07 -5.028E-07 +1.715E-08 +6.810E-07 +1.460E-06 +2.214E-06 +3.032E-06 +3.964E-06 +5.054E-06 +6.352E-06 +7.922E-06 +9.832E-06 +1.217E-05 +1.503E-05 +1.856E-05 +2.290E-05 +2.826E-05 +3.490E-05 +4.312E-05 +5.330E-05 +6.592E-05 +8.160E-05 +1.011E-04 +1.253E-04 +1.554E-04 +1.928E-04 +2.394E-04 +2.974E-04 +3.692E-04 +4.584E-04 +5.686E-04 +7.040E-04 +8.698E-04 +1.071E-03 +1.314E-03 +1.605E-03 +1.947E-03 +2.322E-03 +2.592E-03 +2.734E-03
-0.00243750 -3.666E-03 -3.148E-03 -2.544E-03 -2.008E-03 -1.613E-03 -1.311E-03 -1.068E-03 -8.698E-04 -7.070E-04 -5.734E-04 -4.642E-04 -3.754E-04 -3.034E-04 -2.450E-04 -1.979E-04 -1.599E-04 -1.292E-04 -1.044E-04 -8.446E-05 -6.834E-05 -5.534E-05 -4.482E-05 -3.634E-05 -2.946E-05 -2.388E-05 -1.937E-05 -1.571E-05 -1.272E-05 -1.029E-05 -8.298E-06 -6.662E-06 -5.304E-06 -4.166E-06 -3.194E-06 -2.332E-06 -1.527E-06 -5.870E-07 +6.038E-08 +1.146E-06 +1.567E-06 +0.000E+00 -1.567E-06 -1.146E-06 -6.038E-08 +5.870E-07 +1.527E-06 +2.332E-06 +3.194E-06 +4.166E-06 +5.304E-06 +6.662E-06 +8.298E-06 +1.029E-05 +1.272E-05 +1.571E-05 +1.937E-05 +2.388E-05 +2.946E-05 +3.634E-05 +4.482E-05 +5.534E-05 +6.834E-05 +8.446E-05 +1.044E-04 +1.292E-04 +1.599E-04 +1.979E-04 +2.450E-04 +3.034E-04 +3.754E-04 +4.642E-04 +5.734E-04 +7.070E-04 +8.698E-04 +1.068E-03 +1.311E-03 +1.613E-03 +2.008E-03 +2.544E-03 +3.148E-03 +3.666E-03
-0.00292500 -5.292E-03 -3.778E-03 -2.604E-03 -1.950E-03 -1.561E-03 -1.277E-03 -1.050E-03 -8.622E-04 -7.060E-04 -5.766E-04 -4.696E-04 -3.818E-04 -3.098E-04 -2.514E-04 -2.036E-04 -1.651E-04 -1.337E-04 -1.084E-04 -8.784E-05 -7.122E-05 -5.778E-05 -4.688E-05 -3.804E-05 -3.088E-05 -2.508E-05 -2.036E-05 -1.652E-05 -1.340E-05 -1.085E-05 -8.756E-06 -7.038E-06 -5.612E-06 -4.418E-06 -3.398E-06 -2.494E-06 -1.645E-06 -5.766E-07 +1.175E-07 +1.976E-06 +3.854E-06 +0.000E+00 -3.854E-06 -1.976E-06 -1.175E-07 +5.766E-07 +1.645E-06 +2.494E-06 +3.398E-06 +4.418E-06 +5.612E-06 +7.038E-06 +8.756E-06 +1.085E-05 +1.340E-05 +1.652E-05 +2.036E-05 +2.508E-05 +3.088E-05 +3.804E-05 +4.688E-05 +5.778E-05 +7.122E-05 +8.784E-05 +1.084E-04 +1.337E-04 +1.651E-04 +2.036E-04 +2.514E-04 +3.098E-04 +3.818E-04 +4.696E-04 +5.766E-04 +7.060E-04 +8.622E-04 +1.050E-03 +1.277E-03 +1.561E-03 +1.950E-03 +2.604E-03 +3.778E-03 +5.292E-03
-0.00341250 -7.848E-03 -3.850E-03 -2.126E-03 -1.679E-03 -1.418E-03 -1.201E-03 -1.011E-03 -8.438E-04 -6.996E-04 -5.770E-04 -4.738E-04 -3.878E-04 -3.166E-04 -2.580E-04 -2.100E-04 -1.708E-04 -1.388E-04 -1.128E-04 -9.168E-05 -7.450E-05 -6.056E-05 -4.922E-05 -4.002E-05 -3.254E-05 -2.646E-05 -2.150E-05 -1.747E-05 -1.419E-05 -1.150E-05 -9.294E-06 -7.482E-06 -5.978E-06 -4.720E-06 -3.648E-06 -2.706E-06 -1.830E-06 -7.786E-07 +8.386E-08 +2.314E-06 +9.674E-06 +0.000E+00 -9.674E-06 -2.314E-06 -8.386E-08 +7.786E-07 +1.830E-06 +2.706E-06 +3.648E-06 +4.720E-06 +5.978E-06 +7.482E-06 +9.294E-06 +1.150E-05 +1.419E-05 +1.747E-05 +2.150E-05 +2.646E-05 +3.254E-05 +4.002E-05 +4.922E-05 +6.056E-05 +7.450E-05 +9.168E-05 +1.128E-04 +1.388E-04 +1.708E-04 +2.100E-04 +2.580E-04 +3.166E-04 +3.878E-04 +4.738E-04 +5.770E-04 +6.996E-04 +8.438E-04 +1.011E-03 +1.201E-03 +1.418E-03 +1.679E-03 +2.126E-03 +3.850E-03 +7.848E-03
-0.00390000 -4.422E-04 -2.770E-04 -4.692E-04 -1.191E-03 -1.183E-03 -1.084E-03 -9.516E-04 -8.158E-04 -6.888E-04 -5.756E-04 -4.776E-04 -3.940E-04 -3.240E-04 -2.656E-04 -2.172E-04 -1.774E-04 -1.447E-04 -1.180E-04 -9.618E-05 -7.838E-05 -6.384E-05 -5.200E-05 -4.236E-05 -3.450E-05 -2.810E-05 -2.288E-05 -1.861E-05 -1.513E-05 -1.228E-05 -9.940E-06 -8.014E-06 -6.418E-06 -5.086E-06 -3.956E-06 -2.978E-06 -2.098E-06 -1.228E-06 -1.004E-07 +6.830E-07 +3.854E-05 +0.000E+00 -3.854E-05 -6.830E-07 +1.004E-07 +1.228E-06 +2.098E-06 +2.978E-06 +3.956E-06 +5.086E-06 +6.418E-06 +8.014E-06 +9.940E-06 +1.228E-05 +1.513E-05 +1.861E-05 +2.288E-05 +2.810E-05 +3.450E-05 +4.236E-05 +5.200E-05 +6.384E-05 +7.838E-05 +9.618E-05 +1.180E-04 +1.447E-04 +1.774E-04 +2.172E-04 +2.656E-04 +3.240E-04 +3.940E-04 +4.776E-04 +5.756E-04 +6.888E-04 +8.158E-04 +9.516E-04 +1.084E-03 +1.183E-03 +1.191E-03 +4.692E-04 +2.770E-04 +4.422E-04
# Vertical KickTable in T2m2
START
            -0.03000000 -0.02925000 -0.02850000 -0.02775000 -0.02700000 -0.02625000 -0.02550000 -0.02475000 -0.02400000 -0.02325000 -0.02250000 -0.02175000 -0.02100000 -0.02025000 -0.01950000 -0.01875000 -0.01800000 -0.01725000 -0.01650000 -0.01575000 -0.01500000 -0.01425000 -0.01350000 -0.01275000 -0.01200000 -0.01125000 -0.01050000 -0.00975000 -0.00900000 -0.00825000 -0.00750000 -0.00675000 -0.00600000 -0.00525000 -0.00450000 -0.00375000 -0.00300000 -0.00225000 -0.00150000 -0.00075000 +0.00000000 +0.00075000 +0.00150000 +0.00225000 +0.00300000 +0.00375000 +0.00450000 +0.00525000 +0.00600000 +0.00675000 +0.00750000 +0.00825000 +0.00900000 +0.00975000 +0.01050000 +0.01125000 +0.01200000 +0.01275000 +0.01350000 +0.01425000 +0.01500000 +0.01575000 +0.01650000 +0.01725000 +0.01800000 +0.01875000 +0.01950000 +0.02025000 +0.02100000 +0.02175000 +0.02250000 +0.02325000 +0.02400000 +0.02475000 +0.02550000 +0.02625000 +0.02700000 +0.02775000 +0.02850000 +0.02925000 +0.03000000 
+0.00390000 -3.444E-02 -2.010E-02 -1.521E-02 -1.372E-02 -1.310E-02 -1.280E-02 -1.265E-02 -1.258E-02 -1.255E-02 -1.254E-02 -1.254E-02 -1.255E-02 -1.256E-02 -1.257E-02 -1.258E-02 -1.259E-02 -1.260E-02 -1.261E-02 -1.262E-02 -1.263E-02 -1.263E-02 -1.264E-02 -1.264E-02 -1.265E-02 -1.265E-02 -1.265E-02 -1.265E-02 -1.266E-02 -1.266E-02 -1.266E-02 -1.266E-02 -1.266E-02 -1.266E-02 -1.266E-02 -1.266E-02 -1.266E-02 -1.266E-02 -1.266E-02 -1.266E-02 -1.267E-02 -1.242E-02 -1.267E-02 -1.266E-02 -1.266E-02 -1.266E-02 -1.266E-02 -1.266E-02 -1.266E-02 -1.266E-02 -1.266E-02 -1.266E-02 -1.266E-02 -1.266E-02 -1.266E-02 -1.265E-02 -1.265E-02 -1.265E-02 -1.265E-02 -1.264E-02 -1.264E-02 -1.263E-02 -1.263E-02 -1.262E-02 -1.261E-02 -1.260E-02 -1.259E-02 -1.258E-02 -1.257E-02 -1.256E-02 -1.255E-02 -1.254E-02 -1.254E-02 -1.255E-02 -1.258E-02 -1.265E-02 -1.280E-02 -1.310E-02 -1.372E-02 -1.521E-02 -2.010E-02 -3.444E-02
+0.00341250 -1.332E-02 -1.315E-02 -1.130E-02 -1.046E-02 -1.006E-02 -9.854E-03 -9.750E-03 -9.698E-03 -9.674E-03 -9.668E-03 -9.672E-03 -9.680E-03 -9.690E-03 -9.702E-03 -9.712E-03 -9.722E-03 -9.730E-03 -9.738E-03 -9.746E-03 -9.752E-03 -9.756E-03 -9.760E-03 -9.764E-03 -9.768E-03 -9.770E-03 -9.772E-03 -9.774E-03 -9.776E-03 -9.776E-03 -9.778E-03 -9.778E-03 -9.780E-03 -9.780E-03 -9.780E-03 -9.780E-03 -9.782E-03 -9.782E-03 -9.782E-03 -9.782E-03 -9.782E-03 -9.704E-03 -9.782E-03 -9.782E-03 -9.782E-03 -9.782E-03 -9.782E-03 -9.780E-03 -9.780E-03 -9.780E-03 -9.780E-03 -9.778E-03 -9.778E-03 -9.776E-03 -9.776E-03 -9.774E-03 -9.772E-03 -9.770E-03 -9.768E-03 -9.764E-03 -9.760E-03 -9.756E-03 -9.752E-03 -9.746E-03 -9.738E-03 -9.730E-03 -9.722E-03 -9.712E-03 -9.702E-03 -9.690E-03 -9.680E-03 -9.672E-03 -9.668E-03 -9.674E-03 -9.698E-03 -9.750E-03 -9.854E-03 -1.006E-02 -1.046E-02 -1.130E-02 -1.315E-02 -1.332E-02
+0.00292500 -5.514E-03 -7.852E-03 -7.868E-03 -7.618E-03 -7.440E-03 -7.332E-03 -7.272E-03 -7.242E-03 -7.232E-03 -7.230E-03 -7.236E-03 -7.246E-03 -7.256E-03 -7.266E-03 -7.276E-03 -7.284E-03 -7.292E-03 -7.298E-03 -7.304E-03 -7.310E-03 -7.314E-03 -7.318E-03 -7.322E-03 -7.324E-03 -7.326E-03 -7.328E-03 -7.330E-03 -7.330E-03 -7.332E-03 -7.332E-03 -7.334E-03 -7.334E-03 -7.334E-03 -7.334E-03 -7.334E-03 -7.336E-03 -7.336E-03 -7.336E-03 -7.334E-03 -7.332E-03 -7.328E-03 -7.332E-03 -7.334E-03 -7.336E-03 -7.336E-03 -7.336E-03 -7.334E-03 -7.334E-03 -7.334E-03 -7.334E-03 -7.334E-03 -7.332E-03 -7.332E-03 -7.330E-03 -7.330E-03 -7.328E-03 -7.326E-03 -7.324E-03 -7.322E-03 -7.318E-03 -7.314E-03 -7.310E-03 -7.304E-03 -7.298E-03 -7.292E-03 -7.284E-03 -7.276E-03 -7.266E-03 -7.256E-03 -7.246E-03 -7.236E-03 -7.230E-03 -7.232E-03 -7.242E-03 -7.272E-03 -7.332E-03 -7.440E-03 -7.618E-03 -7.868E-03 -7.852E-03 -5.514E-03
+0.00243750 -3.360E-03 -4.840E-03 -5.394E-03 -5.500E-03 -5.492E-03 -5.466E-03 -5.446E-03 -5.436E-03 -5.436E-03 -5.440E-03 -5.448E-03 -5.456E-03 -5.466E-03 -5.476E-03 -5.486E-03 -5.494E-03 -5.500E-03 -5.506E-03 -5.512E-03 -5.516E-03 -5.520E-03 -5.522E-03 -5.526E-03 -5.528E-03 -5.530E-03 -5.530E-03 -5.532E-03 -5.534E-03 -5.534E-03 -5.534E-03 -5.536E-03 -5.536E-03 -5.536E-03 -5.536E-03 -5.536E-03 -5.538E-03 -5.538E-03 -5.536E-03 -5.536E-03 -5.534E-03 -5.532E-03 -5.534E-03 -5.536E-03 -5.536E-03 -5.538E-03 -5.538E-03 -5.536E-03 -5.536E-03 -5.536E-03 -5.536E-03 -5.536E-03 -5.534E-03 -5.534E-03 -5.534E-03 -5.532E-03 -5.530E-03 -5.530E-03 -5.528E-03 -5.526E-03 -5.522E-03 -5.520E-03 -5.516E-03 -5.512E-03 -5.506E-03 -5.500E-03 -5.494E-03 -5.486E-03 -5.476E-03 -5.466E-03 -5.456E-03 -5.448E-03 -5.440E-03 -5.436E-03 -5.436E-03 -5.446E-03 -5.466E-03 -5.492E-03 -5.500E-03 -5.394E-03 -4.840E-03 -3.360E-03
+0.00195000 -2.160E-03 -3.084E-03 -3.628E-03 -3.856E-03 -3.934E-03 -3.956E-03 -3.962E-03 -3.966E-03 -3.972E-03 -3.980E-03 -3.988E-03 -3.996E-03 -4.006E-03 -4.014E-03 -4.022E-03 -4.028E-03 -4.034E-03 -4.038E-03 -4.044E-03 -4.046E-03 -4.050E-03 -4.052E-03 -4.054E-03 -4.056E-03 -4.058E-03 -4.060E-03 -4.060E-03 -4.060E-03 -4.062E-03 -4.062E-03 -4.062E-03 -4.064E-03 -4.064E-03 -4.064E-03 -4.064E-03 -4.064E-03 -4.064E-03 -4.064E-03 -4.064E-03 -4.062E-03 -4.062E-03 -4.062E-03 -4.064E-03 -4.064E-03 -4.064E-03 -4.064E-03 -4.064E-03 -4.064E-03 -4.064E-03 -4.064E-03 -4.062E-03 -4.062E-03 -4.062E-03 -4.060E-03 -4.060E-03 -4.060E-03 -4.058E-03 -4.056E-03 -4.054E-03 -4.052E-03 -4.050E-03 -4.046E-03 -4.044E-03 -4.038E-03 -4.034E-03 -4.028E-03 -4.022E-03 -4.014E-03 -4.006E-03 -3.996E-03 -3.988E-03 -3.980E-03 -3.972E-03 -3.966E-03 -3.962E-03 -3.956E-03 -3.934E-03 -3.856E-03 -3.628E-03 -3.084E-03 -2.160E-03
+0.00146250 -1.384E-03 -1.954E-03 -2.362E-03 -2.582E-03 -2.682E-03 -2.724E-03 -2.742E-03 -2.752E-03 -2.760E-03 -2.768E-03 -2.776E-03 -2.784E-03 -2.790E-03 -2.796E-03 -2.802E-03 -2.808E-03 -2.812E-03 -2.816E-03 -2.820E-03 -2.822E-03 -2.824E-03 -2.826E-03 -2.828E-03 -2.830E-03 -2.830E-03 -2.832E-03 -2.832E-03 -2.834E-03 -2.834E-03 -2.834E-03 -2.834E-03 -2.834E-03 -2.836E-03 -2.836E-03 -2.836E-03 -2.836E-03 -2.836E-03 -2.836E-03 -2.834E-03 -2.834E-03 -2.834E-03 -2.834E-03 -2.834E-03 -2.836E-03 -2.836E-03 -2.836E-03 -2.836E-03 -2.836E-03 -2.836E-03 -2.834E-03 -2.834E-03 -2.834E-03 -2.834E-03 -2.834E-03 -2.832E-03 -2.832E-03 -2.830E-03 -2.830E-03 -2.828E-03 -2.826E-03 -2.824E-03 -2.822E-03 -2.820E-03 -2.816E-03 -2.812E-03 -2.808E-03 -2.802E-03 -2.796E-03 -2.790E-03 -2.784E-03 -2.776E-03 -2.768E-03 -2.760E-03 -2.752E-03 -2.742E-03 -2.724E-03 -2.682E-03 -2.582E-03 -2.362E-03 -1.954E-03 -1.384E-03
+0.00097500 -8.214E-04 -1.149E-03 -1.407E-03 -1.566E-03 -1.648E-03 -1.687E-03 -1.705E-03 -1.715E-03 -1.722E-03 -1.728E-03 -1.734E-03 -1.740E-03 -1.745E-03 -1.749E-03 -1.753E-03 -1.757E-03 -1.760E-03 -1.762E-03 -1.765E-03 -1.766E-03 -1.768E-03 -1.769E-03 -1.770E-03 -1.771E-03 -1.772E-03 -1.773E-03 -1.773E-03 -1.774E-03 -1.774E-03 -1.774E-03 -1.774E-03 -1.775E-03 -1.775E-03 -1.775E-03 -1.775E-03 -1.775E-03 -1.775E-03 -1.775E-03 -1.775E-03 -1.774E-03 -1.774E-03 -1.774E-03 -1.775E-03 -1.775E-03 -1.775E-03 -1.775E-03 -1.775E-03 -1.775E-03 -1.775E-03 -1.775E-03 -1.774E-03 -1.774E-03 -1.774E-03 -1.774E-03 -1.773E-03 -1.773E-03 -1.772E-03 -1.771E-03 -1.770E-03 -1.769E-03 -1.768E-03 -1.766E-03 -1.765E-03 -1.762E-03 -1.760E-03 -1.757E-03 -1.753E-03 -1.749E-03 -1.745E-03 -1.740E-03 -1.734E-03 -1.728E-03 -1.722E-03 -1.715E-03 -1.705E-03 -1.687E-03 -1.648E-03 -1.566E-03 -1.407E-03 -1.149E-03 -8.214E-04
+0.00048750 -3.384E-04 -4.704E-04 -5.798E-04 -6.514E-04 -6.910E-04 -7.106E-04 -7.202E-04 -7.254E-04 -7.290E-04 -7.320E-04 -7.346E-04 -7.370E-04 -7.394E-04 -7.414E-04 -7.432E-04 -7.448E-04 -7.460E-04 -7.472E-04 -7.482E-04 -7.490E-04 -7.498E-04 -7.502E-04 -7.508E-04 -7.512E-04 -7.514E-04 -7.518E-04 -7.520E-04 -7.522E-04 -7.524E-04 -7.524E-04 -7.526E-04 -7.526E-04 -7.526E-04 -7.528E-04 -7.528E-04 -7.528E-04 -7.528E-04 -7.528E-04 -7.526E-04 -7.526E-04 -7.526E-04 -7.526E-04 -7.526E-04 -7.528E-04 -7.528E-04 -7.528E-04 -7.528E-04 -7.528E-04 -7.526E-04 -7.526E-04 -7.526E-04 -7.524E-04 -7.524E-04 -7.522E-04 -7.520E-04 -7.518E-04 -7.514E-04 -7.512E-04 -7.508E-04 -7.502E-04 -7.498E-04 -7.490E-04 -7.482E-04 -7.472E-04 -7.460E-04 -7.448E-04 -7.432E-04 -7.414E-04 -7.394E-04 -7.370E-04 -7.346E-04 -7.320E-04 -7.290E-04 -7.254E-04 -7.202E-04 -7.106E-04 -6.910E-04 -6.514E-04 -5.798E-04 -4.704E-04 -3.384E-04
+0.00000000 +0.000E+00 +0.000E+00 +0.000E+00 +0.000E+00 +0.000E+00 +0.000E+00 +0.000E+00 +0.000E+00 +0.000E+00 +0.000E+00 +0.000E+00 +0.000E+00 +0.000E+00 +0.000E+00 +0.000E+00 +0.000E+00 +0.000E+00 +0.000E+00 +0.000E+00 +0.000E+00 +0.000E+00 +0.000E+00 +0.000E+00 +0.000E+00 +0.000E+00 +0.000E+00 +0.000E+00 +0.000E+00 +0.000E+00 +0.000E+00 +0.000E+00 +0.000E+00 +0.000E+00 +0.000E+00 +0.000E+00 +0.000E+00 +0.000E+00 +0.000E+00 +0.000E+00 +0.000E+00 +0.000E+00 +0.000E+00 +0.000E+00 +0.000E+00 +0.000E+00 +0.000E+00 +0.000E+00 +0.000E+00 +0.000E+00 +0.000E+00 +0.000E+00 +0.000E+00 +0.000E+00 +0.000E+00 +0.000E+00 +0.000E+00 +0.000E+00 +0.000E+00 +0.000E+00 +0.000E+00 +0.000E+00 +0.000E+00 +0.000E+00 +0.000E+00 +0.000E+00 +0.000E+00 +0.000E+00 +0.000E+00 +0.000E+00 +0.000E+00 +0.000E+00 +0.000E+00 +0.000E+00 +0.000E+00 +0.000E+00 +0.000E+00 +0.000E+00 +0.000E+00 +0.000E+00 +0.000E+00 +0.000E+00
-0.00048750 +3.384E-04 +4.704E-04 +5.798E-04 +6.514E-04 +6.910E-04 +7.106E-04 +7.202E-04 +7.254E-04 +7.290E-04 +7.320E-04 +7.346E-04 +7.370E-04 +7.394E-04 +7.414E-04 +7.432E-04 +7.448E-04 +7.460E-04 +7.472E-04 +7.482E-04 +7.490E-04 +7.498E-04 +7.502E-04 +7.508E-04 +7.512E-04 +7.514E-04 +7.518E-04 +7.520E-04 +7.522E-04 +7.524E-04 +7.524E-04 +7.526E-04 +7.526E-04 +7.526E-04 +7.528E-04 +7.528E-04 +7.528E-04 +7.528E-04 +7.528E-04 +7.526E-04 +7.526E-04 +7.526E-04 +7.526E-04 +7.526E-04 +7.528E-04 +7.528E-04 +7.528E-04 +7.528E-04 +7.528E-04 +7.526E-04 +7.526E-04 +7.526E-04 +7.524E-04 +7.524E-04 +7.522E-04 +7.520E-04 +7.518E-04 +7.514E-04 +7.512E-04 +7.508E-04 +7.502E-04 +7.498E-04 +7.490E-04 +7.482E-04 +7.472E-04 +7.460E-04 +7.448E-04 +7.432E-04 +7.414E-04 +7.394E-04 +7.370E-04 +7.346E-04 +7.320E-04 +7.290E-04 +7.254E-04 +7.202E-04 +7.106E-04 +6.910E-04 +6.514E-04 +5.798E-04 +4.704E-04 +3.384E-04
-0.00097500 +8.214E-04 +1.149E-03 +1.407E-03 +1.566E-03 +1.648E-03 +1.687E-03 +1.705E-03 +1.715E-03 +1.722E-03 +1.728E-03 +1.734E-03 +1.740E-03 +1.745E-03 +1.749E-03 +1.753E-03 +1.757E-03 +1.760E-03 +1.762E-03 +1.765E-03 +1.766E-03 +1.768E-03 +1.769E-03 +1.770E-03 +1.771E-03 +1.772E-03 +1.773E-03 +1.773E-03 +1.774E-03 +1.774E-03 +1.774E-03 +1.774E-03 +1.775E-03 +1.775E-03 +1.775E-03 +1.775E-03 +1.775E-03 +1.775E-03 +1.775E-03 +1.775E-03 +1.774E-03 +1.774E-03 +1.774E-03 +1.775E-03 +1.775E-03 +1.775E-03 +1.775E-03 +1.775E-03 +1.775E-03 +1.775E-03 +1.775E-03 +1.774E-03 +1.774E-03 +1.774E-03 +1.774E-03 +1.773E-03 +1.773E-03 +1.772E-03 +1.771E-03 +1.770E-03 +1.769E-03 +1.768E-03 +1.766E-03 +1.765E-03 +1.762E-03 +1.760E-03 +1.757E-03 +1.753E-03 +1.749E-03 +1.745E-03 +1.740E-03 +1.734E-03 +1.728E-03 +1.722E-03 +1.715E-03 +1.705E-03 +1.687E-03 +1.648E-03 +1.566E-03 +1.407E-03 +1.149E-03 +8.214E-04
-0.00146250 +1.384E-03 +1.954E-03 +2.362E-03 +2.582E-03 +2.682E-03 +2.724E-03 +2.742E-03 +2.752E-03 +2.760E-03 +2.768E-03 +2.776E-03 +2.784E-03 +2.790E-03 +2.796E-03 +2.802E-03 +2.808E-03 +2.812E-03 +2.816E-03 +2.820E-03 +2.822E-03 +2.824E-03 +2.826E-03 +2.828E-03 +2.830E-03 +2.830E-03 +2.832E-03 +2.832E-03 +2.834E-03 +2.834E-03 +2.834E-03 +2.834E-03 +2.834E-03 +2.836E-03 +2.836E-03 +2.836E-03 +2.836E-03 +2.836E-03 +2.836E-03 +2.834E-03 +2.834E-03 +2.834E-03 +2.834E-03 +2.834E-03 +2.836E-03 +2.836E-03 +2.836E-03 +2.836E-03 +2.836E-03 +2.836E-03 +2.834E-03 +2.834E-03 +2.834E-03 +2.834E-03 +2.834E-03 +2.832E-03 +2.832E-03 +2.830E-03 +2.830E-03 +2.828E-03 +2.826E-03 +2.824E-03 +2.822E-03 +2.820E-03 +2.816E-03 +2.812E-03 +2.808E-03 +2.802E-03 +2.796E-03 +2.790E-03 +2.784E-03 +2.776E-03 +2.768E-03 +2.760E-03 +2.752E-03 +2.742E-03 +2.724E-03 +2.682E-03 +2.582E-03 +2.362E-03 +1.954E-03 +1.384E-03
-0.00195000 +2.160E-03 +3.084E-03 +3.628E-03 +3.856E-03 +3.934E-03 +3.956E-03 +3.962E-03 +3.966E-03 +3.972E-03 +3.980E-03 +3.988E-03 +3.996E-03 +4.006E-03 +4.014E-03 +4.022E-03 +4.028E-03 +4.034E-03 +4.038E-03 +4.044E-03 +4.046E-03 +4.050E-03 +4.052E-03 +4.054E-03 +4.056E-03 +4.058E-03 +4.060E-03 +4.060E-03 +4.060E-03 +4.062E-03 +4.062E-03 +4.062E-03 +4.064E-03 +4.064E-03 +4.064E-03 +4.064E-03 +4.064E-03 +4.064E-03 +4.064E-03 +4.064E-03 +4.062E-03 +4.062E-03 +4.062E-03 +4.064E-03 +4.064E-03 +4.064E-03 +4.064E-03 +4.064E-03 +4.064E-03 +4.064E-03 +4.064E-03 +4.062E-03 +4.062E-03 +4.062E-03 +4.060E-03 +4.060E-03 +4.060E-03 +4.058E-03 +4.056E-03 +4.054E-03 +4.052E-03 +4.050E-03 +4.046E-03 +4.044E-03 +4.038E-03 +4.034E-03 +4.028E-03 +4.022E-03 +4.014E-03 +4.006E-03 +3.996E-03 +3.988E-03 +3.980E-03 +3.972E-03 +3.966E-03 +3.962E-03 +3.956E-03 +3.934E-03 +3.856E-03 +3.628E-03 +3.084E-03 +2.160E-03
-0.00243750 +3.360E-03 +4.840E-03 +5.394E-03 +5.500E-03 +5.492E-03 +5.466E-03 +5.446E-03 +5.436E-03 +5.436E-03 +5.440E-03 +5.448E-03 +5.456E-03 +5.466E-03 +5.476E-03 +5.486E-03 +5.494E-03 +5.500E-03 +5.506E-03 +5.512E-03 +5.516E-03 +5.520E-03 +5.522E-03 +5.526E-03 +5.528E-03 +5.530E-03 +5.530E-03 +5.532E-03 +5.534E-03 +5.534E-03 +5.534E-03 +5.536E-03 +5.536E-03 +5.536E-03 +5.536E-03 +5.536E-03 +5.538E-03 +5.538E-03 +5.536E-03 +5.536E-03 +5.534E-03 +5.532E-03 +5.534E-03 +5.536E-03 +5.536E-03 +5.538E-03 +5.538E-03 +5.536E-03 +5.536E-03 +5.536E-03 +5.536E-03 +5.536E-03 +5.534E-03 +5.534E-03 +5.534E-03 +5.532E-03 +5.530E-03 +5.530E-03 +5.528E-03 +5.526E-03 +5.522E-03 +5.520E-03 +5.516E-03 +5.512E-03 +5.506E-03 +5.500E-03 +5.494E-03 +5.486E-03 +5.476E-03 +5.466E-03 +5.456E-03 +5.448E-03 +5.440E-03 +5.436E-03 +5.436E-03 +5.446E-03 +5.466E-03 +5.492E-03 +5.500E-03 +5.394E-03 +4.840E-03 +3.360E-03
-0.00292500 +5.514E-03 +7.852E-03 +7.868E-03 +7.618E-03 +7.440E-03 +7.332E-03 +7.272E-03 +7.242E-03 +7.232E-03 +7.230E-03 +7.236E-03 +7.246E-03 +7.256E-03 +7.266E-03 +7.276E-03 +7.284E-03 +7.292E-03 +7.298E-03 +7.304E-03 +7.310E-03 +7.314E-03 +7.318E-03 +7.322E-03 +7.324E-03 +7.326E-03 +7.328E-03 +7.330E-03 +7.330E-03 +7.332E-03 +7.332E-03 +7.334E-03 +7.334E-03 +7.334E-03 +7.334E-03 +7.334E-03 +7.336E-03 +7.336E-03 +7.336E-03 +7.334E-03 +7.332E-03 +7.328E-03 +7.332E-03 +7.334E-03 +7.336E-03 +7.336E-03 +7.336E-03 +7.334E-03 +7.334E-03 +7.334E-03 +7.334E-03 +7.334E-03 +7.332E-03 +7.332E-03 +7.330E-03 +7.330E-03 +7.328E-03 +7.326E-03 +7.324E-03 +7.322E-03 +7.318E-03 +7.314E-03 +7.310E-03 +7.304E-03 +7.298E-03 +7.292E-03 +7.284E-03 +7.276E-03 +7.266E-03 +7.256E-03 +7.246E-03 +7.236E-03 +7.230E-03 +7.232E-03 +7.242E-03 +7.272E-03 +7.332E-03 +7.440E-03 +7.618E-03 +7.868E-03 +7.852E-03 +5.514E-03
-0.00341250 +1.332E-02 +1.315E-02 +1.130E-02 +1.046E-02 +1.006E-02 +9.854E-03 +9.750E-03 +9.698E-03 +9.674E-03 +9.668E-03 +9.672E-03 +9.680E-03 +9.690E-03 +9.702E-03 +9.712E-03 +9.722E-03 +9.730E-03 +9.738E-03 +9.746E-03 +9.752E-03 +9.756E-03 +9.760E-03 +9.764E-03 +9.768E-03 +9.770E-03 +9.772E-03 +9.774E-03 +9.776E-03 +9.776E-03 +9.778E-03 +9.778E-03 +9.780E-03 +9.780E-03 +9.780E-03 +9.780E-03 +9.782E-03 +9.782E-03 +9.782E-03 +9.782E-03 +9.782E-03 +9.704E-03 +9.782E-03 +9.782E-03 +9.782E-03 +9.782E-03 +9.782E-03 +9.780E-03 +9.780E-03 +9.780E-03 +9.780E-03 +9.778E-03 +9.778E-03 +9.776E-03 +9.776E-03 +9.774E-03 +9.772E-03 +9.770E-03 +9.768E-03 +9.764E-03 +9.760E-03 +9.756E-03 +9.752E-03 +9.746E-03 +9.738E-03 +9.730E-03 +9.722E-03 +9.712E-03 +9.702E-03 +9.690E-03 +9.680E-03 +9.672E-03 +9.668E-03 +9.674E-03 +9.698E-03 +9.750E-03 +9.854E-03 +1.006E-02 +1.046E-02 +1.130E-02 +1.315E-02 +1.332E-02
-0.00390000 +3.444E-02 +2.010E-02 +1.521E-02 +1.372E-02 +1.310E-02 +1.280E-02 +1.265E-02 +1.258E-02 +1.255E-02 +1.254E-02 +1.254E-02 +1.255E-02 +1.256E-02 +1.257E-02 +1.258E-02 +1.259E-02 +1.260E-02 +1.261E-02 +1.262E-02 +1.263E-02 +1.263E-02 +1.264E-02 +1.264E-02 +1.265E-02 +1.265E-02 +1.265E-02 +1.265E-02 +1.266E-02 +1.266E-02 +1.266E-02 +1.266E-02 +1.266E-02 +1.266E-02 +1.266E-02 +1.266E-02 +1.266E-02 +1.266E-02 +1.266E-02 +1.266E-02 +1.267E-02 +1.242E-02 +1.267E-02 +1.266E-02 +1.266E-02 +1.266E-02 +1.266E-02 +1.266E-02 +1.266E-02 +1.266E-02 +1.266E-02 +1.266E-02 +1.266E-02 +1.266E-02 +1.266E-02 +1.265E-02 +1.265E-02 +1.265E-02 +1.265E-02 +1.264E-02 +1.264E-02 +1.263E-02 +1.263E-02 +1.262E-02 +1.261E-02 +1.260E-02 +1.259E-02 +1.258E-02 +1.257E-02 +1.256E-02 +1.255E-02 +1.254E-02 +1.254E-02 +1.255E-02 +1.258E-02 +1.265E-02 +1.280E-02 +1.310E-02 +1.372E-02 +1.521E-02 +2.010E-02 +3.444E-02
