# multipoles are divided by excitation current and units are [T], [m] and [A]
# harmonics (dipole n=0): 00 01 02 03 04 05 06 07 08 09 10 11 12 13 14 
# MAG_LABEL   CURRENT[A]   <NORMAL_MULTIPOLES/CURRENT>[T/m^(n-1)/A]   <SKEW_MULTIPOLES/CURRENT>[T/m^(n-1)/A]
Q14-002   +2.999595e+01   -3.286443e-07 +3.589465e-02 +4.883899e-04 +2.867502e-02 -1.762820e-01 -7.250292e+02 -6.898585e+02 -4.835216e+04 -8.338349e+05 +1.280348e+11 -1.019511e+11 +5.981121e+12 +3.617425e+14 -2.707923e+18 +9.342248e+18   -5.402456e-07 -2.504480e-05 +2.499477e-04 +3.012699e-03 -4.917604e-02 +2.630177e+01 +7.879970e+01 -5.530977e+04 -9.275959e+05 +8.813043e+08 -1.358007e+11 -1.290533e+13 +3.257307e+14 -7.779694e+16 +3.882244e+18   
Q14-004   +2.999515e+01   -2.204292e-07 +3.592848e-02 +9.676371e-04 +1.458938e-02 +4.295108e-01 -6.779786e+02 -1.402330e+03 -3.841851e+04 -3.021723e+06 +1.288925e+11 +2.262884e+10 +9.208355e+11 +1.822104e+14 -2.705246e+18 -2.812667e+18   -6.645644e-08 -3.523956e-05 +1.777560e-04 -6.032379e-03 -3.308046e-01 +3.354986e+01 -3.699838e+02 -5.674857e+04 +1.695306e+06 -9.160148e+08 +6.199229e+10 +4.007041e+12 +1.753275e+14 -1.813099e+16 -1.231839e+18   
Q14-005   +2.999530e+01   +3.792071e-08 +3.594660e-02 +7.657146e-04 +1.077453e-02 +6.852904e-01 -7.317290e+02 +8.651145e+02 +1.254949e+04 +3.436008e+06 +1.300590e+11 -1.774661e+10 +1.863321e+12 -1.101778e+14 -2.743834e+18 -1.077309e+15   -1.384061e-07 -4.574667e-05 +3.063715e-04 -3.230543e-03 -5.095618e-01 +2.565216e+01 +1.669978e+03 -1.424267e+05 +2.837075e+06 -7.557757e+08 -4.228246e+10 +3.958774e+12 -3.058874e+14 -2.914402e+16 +4.914100e+17   
Q14-006   +2.999500e+01   -3.220498e-07 +3.603301e-02 -3.751809e-05 +5.051379e-03 -3.440623e-01 -6.914929e+02 +3.026309e+03 -3.501010e+04 +4.213979e+06 +1.291251e+11 -2.216677e+10 +1.806295e+12 -3.443271e+14 -2.743761e+18 -3.372072e+17   -2.098040e-07 -3.211241e-05 +4.683651e-05 -9.995359e-03 -1.896785e-01 +2.258369e+01 -3.114297e+01 -1.403161e+05 +7.265204e+06 -6.151955e+08 +2.300216e+09 +6.297403e+12 +7.200367e+13 -2.523691e+16 +5.368641e+17   
Q14-007   +2.999505e+01   -6.117136e-08 +3.592783e-02 +8.783126e-04 +2.184965e-02 +2.507384e-01 -7.223082e+02 +2.087204e+02 +2.988263e+03 -1.978212e+06 +1.288306e+11 -1.583285e+10 +2.708601e+12 +1.833122e+13 -2.716165e+18 +1.577307e+18   +2.056303e-08 -3.144509e-05 -1.381037e-04 -5.710846e-03 -3.182937e-01 +4.460646e+01 +5.737620e+02 -2.789018e+05 +3.280682e+06 +3.431263e+07 +2.687145e+09 +1.049740e+12 +1.544059e+14 -8.565633e+15 +8.645797e+17   
Q14-008   +2.999505e+01   -1.057814e-07 +3.593813e-02 +6.653685e-04 +1.362439e-02 -5.184425e-01 -7.215284e+02 -2.431158e+02 -3.826768e+04 +3.626548e+06 +1.289428e+11 +2.408142e+09 +1.770263e+11 -1.085359e+14 -2.711333e+18 -3.757903e+17   -3.631272e-07 -1.920646e-05 +4.173719e-04 -3.111175e-05 +1.056008e-01 +2.687538e+01 -2.518800e+03 -1.074274e+05 -1.330812e+07 -2.126285e+08 +5.675863e+10 +5.644305e+12 +1.553083e+14 -5.096978e+16 -2.006773e+18   
Q14-009   +2.999510e+01   -4.362629e-07 +3.593337e-02 -5.808109e-05 +2.032240e-02 +3.288095e-01 -6.833036e+02 +2.147446e+03 -4.901904e+04 -2.700856e+06 +1.286696e+11 -1.859797e+10 +3.954086e+12 -7.583955e+13 -2.719362e+18 -7.900504e+17   -2.025467e-07 -1.817252e-05 +1.328329e-04 -5.601318e-03 +1.368190e-01 +3.205980e+01 -8.699724e+02 -9.280389e+04 -4.271641e+06 -1.209963e+08 -2.625452e+10 +5.500288e+12 -1.588695e+14 -4.500518e+16 -2.268045e+17   
Q14-010   +2.999540e+01   -1.713080e-07 +3.593694e-02 +9.510162e-04 +3.960884e-02 +3.483714e-02 -6.854024e+02 -5.759090e+02 -3.414200e+04 -4.341219e+06 +1.286041e+11 +1.774524e+10 +4.722164e+12 +2.422634e+13 -2.730823e+18 -3.780453e+17   -2.361435e-07 -2.428905e-05 +6.249308e-04 -1.469186e-02 -6.170903e-01 +2.528729e+01 -2.188613e+03 -1.725832e+04 +1.157438e+07 -1.553884e+08 -2.067071e+10 +8.420701e+12 +2.011625e+14 -5.269101e+16 -6.024904e+17   
Q14-011   +2.999515e+01   -3.012604e-07 +3.593381e-02 +3.859891e-04 +1.318370e-02 -5.838331e-02 -7.017598e+02 -1.131885e+02 +1.110823e+05 +2.781424e+05 +1.280501e+11 +1.866611e+09 +1.196517e+13 -7.109659e+12 -2.700084e+18 +1.917480e+17   -8.499044e-08 -2.466769e-05 +3.113036e-04 -6.282786e-03 -6.155238e-01 +2.983802e+01 -1.658982e+03 -4.911194e+04 +8.181753e+06 +3.152622e+08 -5.124528e+10 +3.854777e+12 +6.623397e+14 -2.150392e+16 +1.327648e+18   
Q14-012   +2.999605e+01   -1.204732e-07 +3.592806e-02 +8.121069e-04 +2.109692e-02 +6.220502e-01 -6.989424e+02 +4.328110e+02 +1.031868e+05 -3.750620e+06 +1.287134e+11 -9.024788e+10 +9.261263e+12 -3.360116e+13 -2.728042e+18 +2.301346e+18   -1.550714e-07 -3.072777e-05 +2.433313e-04 -9.836792e-03 -6.807696e-01 +4.316618e+01 +5.604835e+02 -2.220108e+04 +2.166552e+06 -4.383334e+08 +7.564763e+10 +1.369470e+13 +2.305041e+14 -3.496704e+16 -3.089441e+18   
Q14-013   +2.999525e+01   -2.663020e-07 +3.596266e-02 +3.715438e-04 +1.721391e-02 +3.773577e-01 -6.940726e+02 +6.709862e+02 -1.899363e+05 -8.735837e+05 +1.279560e+11 -3.088741e+10 +6.842140e+12 -1.135320e+14 -2.706513e+18 +1.458045e+18   -2.778666e-07 -3.046237e-05 +5.949839e-04 -9.190942e-03 -7.418158e-01 +1.153115e+02 -4.001480e+03 -1.205571e+05 +3.247278e+07 -4.637231e+09 +1.922608e+11 +9.702593e+12 -1.084466e+15 +1.575166e+17 -5.368243e+18   
Q14-014   +2.999595e+01   -2.621605e-07 +3.592795e-02 +6.345157e-04 +2.691014e-02 +2.603875e-01 -7.014397e+02 +6.252684e+02 -9.914852e+04 -5.415671e+06 +1.277604e+11 +1.603420e+08 -2.730436e+11 +2.855317e+14 -2.726113e+18 -2.988699e+18   -4.997068e-07 -5.398182e-06 +2.544682e-04 -5.880501e-03 -1.337596e-01 +3.259415e+01 -9.814912e+02 -4.394067e+04 -9.047715e+06 -4.075784e+08 +4.150480e+10 +1.308732e+12 +4.972275e+14 -2.199745e+16 +1.316553e+18   
Q14-015   +2.999575e+01   -2.485578e-07 +3.592726e-02 +7.601900e-04 +1.384069e-03 +4.969431e-01 -7.696937e+02 +3.964325e+02 +9.053756e+04 -8.379800e+06 +1.288025e+11 -4.368879e+10 +2.966027e+12 +3.661155e+13 -2.713747e+18 -6.118037e+17   -1.337101e-07 -2.425747e-05 +1.520995e-04 -8.133699e-03 -3.144309e-01 +4.945814e+01 +1.761390e+02 +2.102705e+04 +2.038925e+06 -1.144459e+09 +3.484710e+10 +2.409800e+12 -2.364893e+14 -2.657425e+16 +2.074174e+18   
Q14-016   +2.999530e+01   +3.331434e-08 +3.592209e-02 +7.148797e-04 +1.436652e-04 +6.119922e-01 -7.295626e+02 +1.023331e+03 -2.175492e+04 -2.427260e+06 +1.273861e+11 -5.893087e+10 +1.384987e+12 +1.523904e+14 -2.691611e+18 -4.434751e+17   -3.101947e-07 -3.179265e-05 +2.850876e-04 -5.085457e-03 +2.525269e-01 +4.474408e+01 -9.718893e+02 +7.554547e+04 -9.919871e+06 -1.528288e+09 -1.440580e+10 +3.677226e+10 +4.248022e+14 -3.371882e+16 +3.191776e+17   
Q14-017   +2.999540e+01   -2.488237e-07 +3.593298e-02 +6.207619e-04 +2.408270e-02 +4.798109e-01 -6.830414e+02 +3.594028e+02 +7.179321e+03 -2.332369e+06 +1.286581e+11 +1.920771e+10 +3.539086e+12 +4.225591e+14 -2.714071e+18 -1.230314e+18   +7.607667e-08 -3.247286e-05 -2.770916e-04 -1.909245e-02 +3.919218e-01 +7.308917e+01 +1.217676e+02 -5.296262e+04 +2.994775e+06 -1.777934e+09 -1.556500e+10 +2.838565e+12 +4.781186e+14 -1.182882e+16 +4.785887e+17   
Q14-018   +2.999545e+01   -2.073315e-07 +3.595449e-02 +7.551549e-04 +1.592105e-02 +1.150891e-01 -7.096886e+02 +2.510145e+02 -1.039187e+05 +3.190087e+06 +1.297560e+11 +8.884397e+09 +3.787651e+12 +2.321856e+14 -2.753396e+18 -1.508090e+18   -3.467406e-08 -3.609464e-05 +1.873498e-04 -5.018291e-03 +1.106947e-01 +5.970075e+01 -1.239293e+03 -3.313928e+05 -9.358663e+06 -1.704532e+09 -3.011497e+10 +6.608592e+12 +3.599226e+14 -8.668528e+15 +1.886314e+17   
Q14-019   +2.999535e+01   -1.682174e-07 +3.592790e-02 +5.282172e-04 +1.704169e-02 +2.838199e-01 -7.287800e+02 +1.122550e+03 -2.643745e+05 +2.089328e+07 +1.297462e+11 -4.290555e+09 +3.406755e+12 -5.575791e+14 -2.734953e+18 -4.078699e+17   -7.817348e-08 -3.005794e-05 +2.273877e-04 -4.023910e-03 -4.101409e-03 +4.258637e+01 -2.063521e+03 -8.585094e+04 -4.463572e+06 -1.743897e+09 +3.395660e+10 -5.998123e+12 -2.119841e+13 -4.166853e+16 -2.068487e+18   
Q14-020   +2.999690e+01   -6.881821e-08 +3.591521e-02 +9.301538e-04 +1.084157e-02 +7.404845e-01 -7.223983e+02 +1.235280e+03 -5.231851e+04 +1.743660e+06 +1.285848e+11 -4.414903e+10 +4.131630e+12 +1.717605e+14 -2.723670e+18 -2.698956e+18   -2.137045e-07 -3.167824e-05 +2.733731e-04 -8.415820e-03 -5.234538e-01 +3.282718e+01 +2.786414e+02 -6.099627e+04 +8.104014e+06 -5.937874e+08 -8.358304e+10 +7.312162e+12 +2.305767e+13 -1.952387e+16 +1.670173e+18   
Q14-021   +2.999500e+01   -1.739511e-07 +3.592752e-02 +3.101327e-04 +2.330007e-02 +3.647551e-01 -7.523171e+02 +5.753669e+02 -8.654086e+04 +3.477250e+06 +1.281356e+11 +2.667035e+10 +1.664926e+12 -1.701388e+14 -2.715087e+18 -1.350573e+18   -3.371732e-07 -2.091975e-05 +7.357606e-04 +7.789545e-03 -6.130452e-01 +3.737683e+01 -2.092409e+03 -1.458428e+05 -1.135719e+07 -4.784637e+08 +4.814462e+10 +1.678957e+11 +2.847039e+14 -4.057506e+16 +4.319990e+15   
Q14-023   +2.999595e+01   -4.573121e-07 +3.593008e-02 +5.466215e-04 +3.417555e-03 -2.365476e-01 -6.870274e+02 -6.526544e+03 +5.233763e+05 -2.624258e+06 +1.315065e+11 -5.601270e+11 -3.853237e+12 +1.850262e+15 -2.634576e+18 -1.375704e+19   -1.844716e-07 -2.634355e-05 +5.489804e-04 -5.700820e-03 -5.443412e-01 +3.232107e+01 +4.568427e+03 +3.118971e+05 -6.278268e+06 +1.396764e+09 +2.675188e+11 +2.408535e+13 +1.487188e+15 +9.005486e+16 -7.965025e+17   
Q14-024   +2.999665e+01   -3.894392e-07 +3.590811e-02 +2.394661e-04 +2.916870e-02 -4.400041e-01 -7.466424e+02 -3.546576e+02 -4.151824e+04 -1.706395e+07 +1.269480e+11 +7.903136e+08 -2.151519e+12 -5.064312e+14 -2.748895e+18 +3.790700e+18   -4.846221e-07 -2.666663e-05 +7.730773e-04 -1.021068e-02 -2.395499e-01 +1.804230e+01 -6.460555e+02 -2.099004e+05 -4.797749e+04 -2.241105e+08 +1.195740e+11 +1.094375e+12 +8.747380e+14 -3.714108e+16 +9.588127e+18   
Q14-025   +2.999595e+01   -1.304173e-07 +3.593972e-02 +7.134363e-04 +8.991184e-03 +3.440564e-01 -7.239384e+02 -4.867937e+02 +5.199239e+04 -2.028471e+06 +1.281408e+11 -2.136894e+10 +2.633397e+12 -2.964166e+14 -2.741436e+18 +2.028204e+17   -2.204809e-07 -3.001481e-05 +3.139018e-04 -1.098449e-02 -4.091196e-01 +1.538251e+01 -3.870833e+01 -3.769669e+04 -3.603006e+06 +2.203976e+08 +2.989222e+10 +6.661343e+12 +1.300300e+13 -5.338611e+16 -1.204710e+18   
Q14-026   +2.999525e+01   +2.580940e-08 +3.593489e-02 +2.110551e-04 +1.713465e-02 +4.932854e-01 -8.940796e+02 +3.288743e+03 +7.006246e+05 +4.245599e+07 +1.310518e+11 -6.261345e+11 -1.896017e+13 +1.258333e+15 -2.583280e+18 +1.220190e+19   -1.303573e-07 -3.058211e-05 +3.431990e-04 -7.292788e-03 -2.750104e-01 +1.533159e+02 +9.601060e+03 +3.305389e+05 -5.315458e+07 -8.540732e+09 -9.351364e+10 +2.071473e+13 +3.580404e+15 +9.435811e+15 -1.015304e+19   
Q14-027   +2.999585e+01   -3.274285e-07 +3.593417e-02 +8.822457e-04 +9.323916e-03 +5.615904e-01 -7.209464e+02 +1.379038e+02 -1.043804e+05 -3.487729e+06 +1.285647e+11 +5.188594e+09 +6.035125e+11 +2.407465e+14 -2.699792e+18 +7.897693e+16   -5.680129e-08 -2.361923e-05 +2.652214e-04 -1.740321e-02 -1.305351e-01 +1.593549e+01 -7.318446e+02 -5.367876e+04 -3.436319e+06 +3.670261e+08 +4.746620e+10 +3.780366e+12 +7.626682e+13 -4.181828e+16 -1.723041e+18   
Q14-028   +2.999525e+01   -1.153049e-07 +3.595466e-02 +2.676479e-04 +1.682352e-02 -8.961222e-02 -7.147098e+02 +6.740107e+02 -5.959187e+04 +1.307432e+07 +1.291448e+11 -1.204213e+10 -1.213244e+12 -1.157020e+14 -2.723085e+18 -2.807902e+18   -2.930043e-07 -2.654840e-05 +4.435912e-04 -1.100097e-02 -2.638284e-01 +4.781184e+01 -1.443855e+02 -1.491759e+05 -2.881525e+06 -8.230897e+08 -2.501326e+10 +9.083858e+12 -1.363956e+14 -3.152898e+15 -4.106864e+18   
Q14-029   +2.999630e+01   -4.424426e-07 +3.592000e-02 +6.171531e-04 +2.627567e-03 +2.634181e-01 -7.586296e+02 -3.278987e+02 -1.093362e+05 -4.620120e+03 +1.295506e+11 -4.026120e+10 -1.339232e+12 +5.721092e+14 -2.727736e+18 -5.473315e+18   -5.036495e-07 -3.680941e-05 +8.022563e-04 -1.029142e-02 -6.467268e-01 +1.544068e+01 -3.607508e+03 -2.579867e+05 -2.271856e+07 -3.111280e+08 -3.464514e+10 +3.763207e+12 -4.803176e+14 -6.464577e+16 +3.126759e+18   
Q14-030   +2.999505e+01   -3.716303e-07 +3.591769e-02 +1.999580e-04 +4.065117e-03 +3.194298e-01 -7.550269e+02 +5.575803e+02 -7.435050e+03 -6.377976e+06 +1.293184e+11 -2.953035e+10 +1.154884e+12 +1.555158e+14 -2.753872e+18 +6.441406e+16   -2.347151e-07 -3.016765e-05 +4.187698e-05 -1.183546e-02 -1.046873e+00 +5.910822e+01 +4.129581e+02 -8.990893e+03 +3.769375e+06 -1.259412e+09 -1.308977e+10 +2.062158e+12 +1.244622e+14 -8.616268e+15 -5.232423e+15   
Q14-031   +2.999505e+01   -1.932847e-07 +3.592683e-02 +4.459716e-04 +4.977638e-03 -5.839907e-01 -7.850022e+02 -4.657622e+02 +4.780779e+04 +1.040464e+07 +1.297761e+11 -1.034877e+10 +1.945070e+12 -1.570702e+14 -2.745763e+18 -2.094252e+18   -2.104991e-07 -3.208632e-05 +4.003817e-04 -1.582601e-02 -3.564465e-01 +2.529403e+01 -1.983020e+03 -1.659887e+05 -8.627430e+05 -7.534697e+08 +1.390835e+10 +8.027988e+12 +1.315098e+14 -1.328359e+16 +3.737343e+16   
Q14-032   +2.999515e+01   +7.778858e-08 +3.601559e-02 +4.273258e-04 +5.907532e-03 -1.813651e-01 -7.381723e+02 +1.481579e+03 -8.197919e+04 +1.741909e+06 +1.286835e+11 -4.325743e+10 +2.630061e+12 -2.644264e+13 -2.703089e+18 +9.157534e+17   -2.062593e-07 -3.513721e-05 +8.300769e-04 -1.309244e-03 -2.407213e-01 +6.774755e+01 -1.610500e+03 -1.669495e+05 +2.405761e+06 -1.738804e+09 -1.456015e+09 +7.034184e+12 -1.642253e+14 -1.085795e+16 +1.090531e+18   
Q14-033   +2.999530e+01   -2.579077e-07 +3.592643e-02 +5.543955e-05 +2.578932e-02 -1.589902e-01 -7.535411e+02 +1.080817e+03 -1.517393e+05 +3.917470e+06 +1.289680e+11 +1.712483e+10 -4.037629e+12 -3.208692e+14 -2.707378e+18 +1.524282e+18   -4.037609e-07 -2.347258e-05 +9.669605e-04 -1.271402e-02 -9.185929e-01 +7.242801e+01 -1.865931e+03 -6.325611e+04 -3.998050e+06 -1.162671e+09 -3.656940e+10 +3.245703e+12 -5.172160e+14 -6.144873e+16 -3.902225e+18   
Q14-034   +2.999580e+01   +2.060807e-07 +3.594127e-02 +5.694914e-04 +2.438539e-02 +2.496590e-01 -7.997373e+02 +1.412359e+03 +8.135296e+04 +1.433191e+07 +1.291401e+11 +6.612652e+09 -3.191864e+12 -6.901576e+14 -2.735199e+18 -1.507362e+18   -1.127498e-08 -2.722997e-05 -1.376330e-04 -1.269417e-02 +5.791451e-02 +8.995786e+01 +1.758380e+03 -2.427700e+04 -4.013565e+06 -2.771599e+09 -3.714347e+10 +4.558415e+12 +2.987838e+14 +2.272768e+16 -9.322478e+17   
Q14-035   +2.999575e+01   +4.598305e-08 +3.591826e-02 +6.512279e-04 +2.614131e-02 +2.360461e-01 -7.500883e+02 +7.999270e+01 +4.192284e+04 +4.587490e+06 +1.282625e+11 +6.394583e+09 +4.373303e+12 +3.459220e+14 -2.736223e+18 -2.297086e+18   -1.090737e-07 -1.515316e-05 +7.471215e-04 -9.329595e-03 -7.399615e-01 +5.707685e+01 -2.502346e+02 +1.028727e+05 +3.503483e+06 -1.689840e+09 -3.113713e+10 +3.701604e+12 +5.907907e+13 +2.041594e+16 -1.985351e+18   
Q14-036   +2.999595e+01   +3.588464e-07 +3.593268e-02 +1.077821e-03 +2.350948e-02 +2.769842e-01 -7.643825e+02 +4.996891e+02 -7.851667e+04 +1.745628e+06 +1.290496e+11 -4.056931e+10 +8.474174e+11 -2.221920e+14 -2.717412e+18 +1.242666e+18   -2.236406e-07 -2.260598e-05 +2.264073e-04 -6.830122e-03 -3.607240e-01 +6.620640e+01 +1.109337e+03 -1.584579e+05 -2.796480e+06 -1.740037e+09 -3.587861e+10 +7.658297e+12 +3.716528e+14 -1.805415e+16 +6.791994e+17   
Q14-037   +2.999525e+01   +6.459159e-08 +3.591972e-02 +1.029744e-03 +3.267081e-02 +9.347383e-02 -7.749057e+02 -1.032829e+01 -1.128114e+05 +7.680246e+04 +1.294507e+11 -5.792827e+09 +2.127299e+12 +1.581299e+13 -2.736285e+18 -1.692471e+18   +3.668711e-08 -2.525256e-05 -2.289002e-04 -3.300861e-04 +2.831230e-01 +3.968822e+01 +4.516255e+02 -1.270374e+05 +2.285451e+06 -6.426848e+08 -2.193513e+10 +4.281271e+12 -6.590704e+13 -4.271783e+16 +2.887377e+17   
Q14-038   +2.999715e+01   -1.261262e-07 +3.591188e-02 +3.734298e-04 +8.663660e-03 -6.503558e-01 -7.557661e+02 +2.005456e+03 -2.699936e+05 -2.634090e+06 +1.298271e+11 +2.498058e+10 -1.991283e+12 -8.002407e+14 -2.679520e+18 -1.806776e+18   -1.055372e-09 -2.726290e-05 +3.698495e-04 -1.231053e-02 +8.220518e-01 +1.013247e+02 -2.383664e+03 -1.635646e+05 +4.578865e+06 -2.245382e+09 +4.628216e+10 -2.659466e+12 -6.205486e+14 +3.180507e+16 -1.853404e+18   
Q14-039   +2.999605e+01   +1.313346e-07 +3.590476e-02 +4.713744e-04 +5.916452e-03 +7.936272e-01 -7.785675e+02 +1.199777e+03 +1.998497e+05 +4.336834e+06 +1.283428e+11 +5.682368e+10 +3.439129e+12 -8.622389e+14 -2.753481e+18 +2.427466e+18   -2.272418e-07 +5.563099e-06 -3.335012e-04 -1.257153e-03 +2.613708e-01 +1.552691e+02 +3.007309e+03 +6.343369e+04 -1.578993e+07 -4.309121e+09 +8.733290e+10 +7.725811e+12 +8.588521e+14 +6.448166e+16 -6.367378e+17   
Q14-040   +2.999550e+01   -3.934964e-07 +3.595263e-02 +3.916304e-04 +1.017467e-02 -4.955600e-01 -7.249277e+02 +1.446527e+03 -3.559561e+04 -4.106603e+06 +1.293087e+11 -4.046417e+09 -5.126679e+12 -3.581060e+14 -2.721451e+18 -4.155377e+17   -2.251598e-08 -2.266517e-05 -1.317256e-04 -8.853115e-03 +2.939033e-01 +8.410632e+01 +7.422113e+01 +1.548063e+04 -7.614972e+06 -5.279105e+08 -2.707409e+10 +4.347292e+12 +2.289615e+14 +4.324155e+15 -5.546965e+17   
Q14-041   +2.999695e+01   -4.533148e-07 +3.591385e-02 +1.936772e-04 +2.268495e-02 -5.213787e-02 -7.022881e+02 -4.583296e+02 +4.210415e+04 -1.475678e+07 +1.289866e+11 -6.918640e+10 +2.509797e+11 +1.357907e+13 -2.698097e+18 -2.087999e+18   -2.053514e-07 -3.266436e-05 +1.521370e-04 -2.326305e-03 -4.458550e-01 +1.026728e+02 +1.865697e+03 +5.255581e+04 -1.899393e+07 -3.569000e+09 -5.599533e+10 +5.025764e+12 -2.441586e+14 +3.649028e+16 -1.909286e+18   
Q14-042   +2.999750e+01   +8.825672e-08 +3.590983e-02 +7.816038e-04 +1.956063e-02 +6.342965e-02 -7.433723e+02 -2.478282e+03 +8.968817e+04 +1.934670e+07 +1.261815e+11 -1.555250e+11 -6.091321e+12 -1.521076e+15 -2.724107e+18 -1.235175e+18   +1.416198e-07 -1.972524e-05 -1.393511e-04 -1.077763e-02 -6.827322e-01 +2.486397e+01 -1.982592e+02 +2.778969e+04 -2.967529e+07 -3.428882e+09 +2.003855e+11 +7.319877e+12 +4.264602e+14 -1.070841e+16 +1.197194e+18   
Q14-043   +2.999745e+01   +6.502873e-08 +3.604586e-02 +4.920585e-04 +1.037633e-02 -1.110929e-01 -7.560859e+02 -1.041670e+03 -8.838625e+04 -1.409513e+07 +1.267542e+11 +1.330860e+11 -3.440402e+12 -1.254293e+15 -2.759338e+18 +1.633794e+18   -7.742451e-08 -3.169009e-05 +2.965659e-05 +3.932898e-04 -2.338260e-01 +7.450267e+01 +4.700936e+03 -3.467915e+04 +2.850667e+07 -3.843623e+09 +1.548755e+11 +1.639763e+13 +2.350125e+14 -7.065571e+16 +5.053443e+18   
Q14-044   +2.999525e+01   +1.954288e-07 +3.594639e-02 +5.245794e-04 +2.423056e-02 -2.550433e-01 -7.304363e+02 +4.930554e+00 -2.071333e+05 +7.290901e+06 +1.296929e+11 -7.348027e+10 +3.578737e+12 -2.419600e+13 -2.718175e+18 +8.429205e+17   -1.600205e-07 -2.876621e-05 +5.861008e-04 -1.134606e-02 -1.550798e-01 +2.834293e+01 -2.378312e+03 -9.712955e+03 +3.148951e+06 -1.068397e+09 -3.055668e+10 +4.596761e+12 +6.475219e+14 -4.108327e+16 -5.241923e+18   
Q14-045   +2.999590e+01   +3.069058e-08 +3.590631e-02 +2.039943e-04 +6.447898e-03 +3.983884e-02 -7.414820e+02 +7.095430e+02 -9.957231e+04 +9.302681e+06 +1.289172e+11 -3.776643e+10 +1.661946e+12 +6.262716e+13 -2.742232e+18 -1.215972e+18   -8.583490e-08 -1.023177e-05 +1.264631e-04 -4.033541e-03 -2.505414e-01 +8.893452e+01 -9.812344e+02 -1.764811e+05 +1.498251e+06 -2.243800e+09 +6.504246e+09 +3.902770e+12 -3.353112e+14 +2.112488e+16 -1.590900e+18   
Q14-046   +2.999585e+01   +1.417721e-07 +3.589253e-02 +2.435868e-04 +5.562476e-04 -6.209152e-01 -7.979671e+02 +1.018902e+03 -8.020283e+03 +9.099339e+06 +1.293463e+11 -6.651657e+10 +1.250100e+12 -5.404388e+14 -2.731454e+18 +1.026869e+18   -1.762838e-07 -2.370577e-05 +2.426206e-04 -8.347328e-03 -4.757605e-01 +8.744930e+01 -1.283843e+03 -5.303184e+04 -9.814361e+06 -3.134444e+09 +1.010315e+10 +5.042584e+12 +1.628297e+14 +2.566654e+16 -1.503102e+18   
Q14-047   +2.999560e+01   +1.273065e-07 +3.590200e-02 +5.890061e-04 -1.005956e-02 +5.802321e-01 -7.735958e+02 +1.155345e+03 -5.841827e+04 +1.177703e+07 +1.279319e+11 -1.021152e+10 -2.296905e+12 -2.507807e+12 -2.688407e+18 -1.242891e+18   -3.162545e-07 -3.795530e-05 +2.254642e-04 -1.197209e-02 -6.306362e-02 +1.276111e+02 -2.814672e+02 -9.566073e+04 -5.198159e+06 -5.293323e+09 -8.784055e+10 +7.588076e+12 -1.550220e+14 +6.200369e+16 +1.652870e+17   
Q14-048   +2.999620e+01   +8.037888e-08 +3.593028e-02 +1.192305e-03 +2.115170e-02 +7.578787e-01 -8.019809e+02 -4.842250e+02 -1.038110e+05 +2.817140e+06 +1.277084e+11 +2.142537e+10 +4.598672e+12 -3.377048e+14 -2.684996e+18 -1.079003e+18   +2.599496e-07 -2.557015e-05 -4.939776e-04 -1.102689e-02 -4.310126e-02 +3.496603e+01 +1.551510e+03 -9.375158e+04 -2.671438e+06 -5.784719e+08 -3.139169e+10 +6.958211e+12 +2.684702e+14 -7.395250e+16 +1.077643e+18   
Q14-049   +2.999605e+01   +2.596242e-07 +3.589563e-02 +7.944919e-04 +1.198078e-02 +2.928231e-01 -7.777521e+02 -4.716034e+02 -1.769760e+04 -3.847317e+05 +1.293366e+11 +2.721415e+10 +3.585209e+12 +2.269440e+14 -2.767113e+18 -1.022519e+18   -2.186302e-08 -2.887619e-05 +2.143923e-04 -7.682405e-03 -1.245152e-01 +6.674075e+01 +5.720450e+02 -6.078170e+04 +5.263663e+06 -2.348258e+09 +7.085250e+10 +2.879660e+12 +4.243845e+14 +2.205400e+16 -1.005722e+18   
Q14-050   +2.999515e+01   +1.718563e-07 +3.590590e-02 +2.982184e-04 +7.601499e-03 -5.719278e-01 -7.563106e+02 +7.470381e+02 -5.634234e+04 +6.679186e+06 +1.281167e+11 +4.190624e+10 -2.303810e+11 -1.274962e+15 -2.733447e+18 +5.365431e+17   -3.138161e-07 -2.373420e-05 +6.725871e-04 -1.027313e-02 -6.328516e-01 +1.229242e+02 -3.860817e+03 -1.804961e+05 -5.863571e+06 -4.196482e+09 -1.232433e+11 -2.932018e+12 +3.442920e+14 +6.244860e+16 -2.928831e+18   
Q14-051   +2.999500e+01   -1.689454e-07 +3.592795e-02 -8.686454e-05 +7.760493e-03 -6.111115e-01 -7.648861e+02 +1.133159e+03 -1.342033e+05 +2.823324e+06 +1.289167e+11 +7.932355e+09 +8.663484e+11 -3.258565e+14 -2.726581e+18 -4.808691e+17   -3.162378e-08 -2.376360e-05 +3.052245e-04 -5.001357e-03 -6.175116e-02 +6.494736e+01 -1.479495e+03 -5.817573e+04 +3.141110e+06 -1.358184e+09 -1.343528e+10 -1.919929e+12 +4.060187e+12 +5.611525e+15 +3.047193e+17   
Q14-052   +2.999675e+01   -9.557395e-09 +3.589526e-02 +4.257528e-05 +2.787665e-02 +2.924020e-01 -7.716516e+02 +1.454857e+03 +2.943636e+04 +3.612118e+06 +1.282869e+11 -9.933936e+10 +1.442420e+12 -3.497649e+14 -2.667018e+18 -2.134657e+18   -2.601798e-08 -2.426086e-05 +1.584686e-05 -1.981822e-02 -6.530211e-01 +7.726507e+01 +1.474865e+03 -6.977709e+04 -5.926569e+05 -1.216339e+09 -3.920435e+10 +1.139052e+13 -1.282267e+14 +2.249991e+15 +4.145092e+17   
Q14-053   +2.999540e+01   -2.333140e-07 +3.592878e-02 +5.543213e-04 +1.756170e-03 +1.822030e-01 -7.779400e+02 -1.777630e+02 -1.723998e+04 -7.749545e+05 +1.295898e+11 +1.508882e+10 +2.718392e+12 -2.030488e+14 -2.713205e+18 -2.735275e+18   -3.290735e-07 -2.745535e-05 +5.188879e-04 -1.561550e-04 -6.858112e-02 +4.650616e+01 -1.407886e+03 -8.354778e+04 -3.503504e+06 -1.922645e+09 +9.883232e+09 +3.811091e+12 +1.081147e+14 -6.814288e+15 -8.746024e+17   
Q14-054   +2.999580e+01   -1.654243e-07 +3.590719e-02 +5.719384e-04 +1.845282e-02 +2.058294e-01 -7.866805e+02 +1.231641e+03 -6.983238e+04 -2.850764e+06 +1.300363e+11 -6.499957e+10 -1.774057e+12 +2.768393e+14 -2.700206e+18 +2.655178e+18   -3.506228e-07 -1.956362e-05 +6.239147e-04 -9.665063e-03 -7.575421e-01 +6.529868e+01 -2.521547e+02 -1.673454e+04 -9.843158e+06 -1.386934e+09 +5.343238e+10 +7.631448e+12 +5.273425e+14 -1.993220e+16 +1.118867e+18   
Q14-055   +2.999530e+01   -2.368013e-07 +3.593063e-02 +4.536227e-04 +1.690450e-02 -1.494009e-01 -7.603581e+02 +8.947899e+02 -9.602318e+04 +2.835056e+06 +1.279139e+11 +1.713873e+10 +4.827533e+12 +3.753611e+14 -2.680996e+18 +5.698516e+17   -1.055612e-07 -2.431227e-05 +2.979004e-04 -2.628017e-03 -9.853854e-02 +7.213380e+01 +9.602494e+02 -5.427080e+04 -1.052458e+07 -1.721034e+09 -5.631949e+10 +9.667601e+12 +2.677290e+14 -2.260317e+16 +8.733828e+17   
Q14-056   +2.999490e+01   -2.489624e-07 +3.592091e-02 +3.355961e-05 +1.582300e-02 -1.165406e-01 -7.779082e+02 +2.116347e+03 -5.195050e+04 +2.360420e+06 +1.291604e+11 -8.749711e+10 +4.882517e+11 -1.551672e+13 -2.738109e+18 +1.181322e+18   +5.131716e-08 -1.253888e-05 +2.440918e-04 -1.692001e-02 -8.601839e-01 +6.018466e+01 -1.451468e+02 +7.672878e+04 +7.566773e+06 -1.699365e+09 -2.087386e+10 +1.755803e+12 -2.172082e+14 -4.289736e+15 +5.338364e+17   
Q14-057   +2.999560e+01   -2.580858e-07 +3.593884e-02 +4.038536e-04 -2.444521e-03 -1.269286e-01 -7.449206e+02 +6.853715e+00 -9.704880e+04 +5.332232e+06 +1.290337e+11 +2.628348e+10 +3.540463e+12 +3.723623e+13 -2.759149e+18 -3.880619e+18   -1.313812e-07 -2.923246e-05 +3.651352e-04 -6.862133e-03 -1.307994e-01 +4.820284e+01 -1.060043e+03 -7.775164e+04 -3.855839e+06 -7.765922e+08 -1.386380e+10 +4.954887e+12 +2.699419e+14 -9.103665e+15 -1.017614e+18   
Q14-058   +2.999565e+01   -1.747587e-07 +3.594305e-02 +6.820902e-04 +1.178306e-02 -3.846744e-01 -7.441692e+02 -2.021174e+02 -9.902613e+04 -1.862575e+06 +1.287109e+11 -5.099899e+10 +2.324208e+12 -1.475886e+14 -2.740964e+18 +4.056818e+17   -3.645112e-07 -2.166044e-05 +6.568806e-04 -1.168945e-02 -1.635558e-01 +3.601322e+01 -5.389405e+02 -8.205867e+04 +4.677138e+06 -3.708021e+08 -1.792830e+10 +4.908722e+12 +2.584191e+14 -4.563158e+16 +8.372617e+17   
Q14-059   +2.999545e+01   -3.821453e-07 +3.595062e-02 +4.847945e-04 +6.126866e-03 -2.833873e-01 -7.440652e+02 +2.976851e+02 -7.637758e+04 -1.103474e+07 +1.294502e+11 -5.906519e+10 +1.426255e+12 +8.199140e+13 -2.752961e+18 -1.081106e+18   -4.642164e-07 -3.514413e-05 +9.630514e-04 -6.141782e-03 -6.243154e-01 +5.099783e+01 -2.628334e+03 -2.356613e+04 -2.965558e+06 -1.102673e+09 -1.723858e+10 +5.148091e+12 -2.448647e+13 -2.562249e+16 -1.816749e+18   
Q14-060   +2.999505e+01   -4.486157e-07 +3.593866e-02 +1.747195e-04 +7.916896e-03 -3.904854e-01 -7.404408e+02 +8.639499e+02 +9.400844e+04 -5.883581e+06 +1.283015e+11 -6.468551e+10 +9.813453e+11 +3.477427e+13 -2.688557e+18 -5.304589e+15   -2.627197e-07 -2.390087e-05 +1.682660e-04 -6.129335e-03 +1.559169e-01 +5.219458e+01 -1.351624e+03 -5.407366e+04 -6.635275e+06 -7.031740e+08 -7.335330e+09 +1.224937e+12 -9.531366e+13 -2.313145e+16 -1.451958e+18   
Q14-061   +2.999510e+01   -4.143053e-07 +3.592874e-02 +7.294391e-04 +3.072766e-03 +4.844348e-02 -7.428383e+02 +2.851066e+02 -1.732557e+04 -4.466946e+06 +1.281563e+11 -3.824101e+10 -1.732271e+11 +7.199683e+13 -2.691633e+18 +5.475724e+17   -1.912104e-07 -2.474437e-05 +2.226656e-04 -1.507811e-02 -4.291778e-01 +4.214008e+01 -7.452807e+01 -6.942891e+04 -3.844791e+06 -8.029011e+08 -2.963413e+10 +2.819237e+12 -2.673735e+13 -2.744320e+16 +1.514474e+18   
Q14-062   +2.999500e+01   -3.021252e-07 +3.594896e-02 +5.167395e-04 +8.375799e-03 -1.608028e-01 -7.469972e+02 -9.283934e+01 -2.929200e+04 -4.006261e+06 +1.286440e+11 -2.705539e+10 +2.663774e+12 +2.453913e+14 -2.709914e+18 +4.948418e+17   -2.502560e-07 -3.382140e-05 +2.771516e-04 -9.662130e-03 -4.319030e-01 +5.633789e+01 -3.939650e+02 -4.867301e+04 -2.167282e+06 -1.392925e+09 +9.536946e+09 +5.138616e+12 +2.332712e+14 -2.539771e+15 -1.140428e+18   
Q14-063   +2.999525e+01   -4.055495e-07 +3.592575e-02 +2.921304e-04 +9.765406e-03 +4.976871e-01 -7.535690e+02 +1.590555e+03 -3.795288e+04 -2.787891e+06 +1.281866e+11 +8.710319e+09 +2.319176e+11 +1.953956e+14 -2.709529e+18 +7.904708e+17   -2.335831e-07 -2.235068e-05 -3.122520e-05 -1.419083e-02 +7.265334e-02 +2.432587e+01 +7.073070e+02 -1.394671e+05 -5.549782e+06 -2.000495e+08 -2.039828e+10 +7.085852e+12 +3.125246e+14 -3.834184e+16 -1.582197e+18   
Q14-064   +2.999525e+01   -7.452407e-07 +3.599393e-02 -5.640640e-05 +1.289013e-02 -3.595389e-01 -7.213802e+02 +1.462004e+03 +2.705475e+04 -9.826493e+06 +1.297997e+11 -1.708594e+10 +2.750495e+12 +2.824451e+14 -2.736312e+18 -1.982374e+18   -2.964310e-07 -3.343849e-05 +1.257837e-04 -1.366911e-02 -3.347820e-01 +4.181182e+01 +4.656207e+02 -5.396284e+04 -3.417985e+05 -1.631449e+08 +9.600530e+08 +5.951959e+12 +1.676793e+14 -3.090336e+16 +1.735509e+17   
Q14-065   +2.999510e+01   -3.331989e-07 +3.591800e-02 +7.788045e-04 +1.510423e-02 +5.510093e-01 -7.446343e+02 -1.432431e+02 -3.924661e+04 -7.993906e+06 +1.286227e+11 +2.387867e+10 -1.490673e+12 +2.621318e+14 -2.695764e+18 -2.540140e+17   -3.388013e-07 -1.494766e-05 +5.959090e-04 -1.584870e-02 -5.408933e-01 +4.136146e+01 -9.452941e+02 +1.036453e+04 +1.232061e+06 -5.934413e+08 +4.401339e+09 +1.648014e+12 +4.479478e+14 -5.968068e+16 +1.350718e+18   
Q14-066   +2.999555e+01   -3.651572e-07 +3.601014e-02 +4.127729e-04 +2.132747e-02 +3.747316e-01 -7.243678e+02 +1.584284e+03 +4.851290e+04 +6.220349e+05 +1.302596e+11 -1.206500e+10 +6.677284e+12 +2.480931e+14 -2.739064e+18 -1.987082e+18   -2.715317e-08 -3.215718e-05 +2.169136e-04 -5.704286e-03 +8.042433e-02 +2.581949e+01 -9.584302e+02 -2.062885e+05 -7.491498e+06 +6.970641e+06 +4.305212e+09 -3.923189e+12 -3.294688e+14 -3.501543e+16 -1.679261e+18   
Q14-067   +2.999540e+01   -1.835867e-07 +3.592828e-02 +1.135206e-03 +2.809275e-02 +1.150632e+00 -7.598522e+02 +1.602596e+02 -5.633707e+03 -1.089054e+07 +1.297426e+11 -3.496243e+10 -3.473353e+12 -1.436031e+14 -2.739752e+18 -2.032264e+18   -3.360355e-07 -3.240168e-05 +8.836178e-04 -1.408808e-02 +5.856331e-01 +3.882495e+01 -4.747098e+03 -8.157577e+04 -9.402915e+06 +3.994856e+08 +4.736796e+10 +3.463508e+12 +5.046967e+14 -1.719192e+16 -1.413537e+18   
Q14-068   +2.999505e+01   -2.385014e-07 +3.596327e-02 +5.811149e-04 +6.263710e-03 +5.182362e-01 -7.732506e+02 +1.619329e+03 +6.940885e+04 -8.397006e+06 +1.291810e+11 +1.566872e+10 +1.536273e+12 +8.324210e+14 -2.698499e+18 -1.264190e+18   -4.162157e-07 -2.209552e-05 +5.800007e-04 -8.265931e-04 -3.111577e-01 +3.261624e+01 -2.410355e+03 -1.157902e+05 -1.833321e+07 +5.660471e+08 -1.793462e+10 +1.300942e+13 +6.121587e+14 -2.125848e+16 -6.491364e+18   
Q14-069   +2.999515e+01   -2.999056e-07 +3.592707e-02 +7.349778e-04 +2.346284e-02 -2.073457e-01 -7.822775e+02 +8.878185e+02 -7.411058e+04 +1.249608e+07 +1.285024e+11 +7.806315e+10 -2.486269e+12 +3.541142e+14 -2.688422e+18 -1.037544e+18   -1.951559e-07 -2.445900e-05 -7.491058e-05 -6.413027e-03 -2.659520e-01 +1.778221e+01 +1.365417e+03 -8.747347e+04 +9.046069e+06 +1.514440e+08 -1.054285e+10 +5.946418e+12 -1.225497e+14 -5.932636e+16 +5.974873e+17   
Q14-070   +2.999510e+01   -4.034889e-07 +3.592797e-02 +8.140160e-04 -1.375740e-02 +7.153838e-01 -7.253041e+02 +1.833877e+03 +3.733730e+04 -2.871603e+07 +1.281835e+11 -9.417535e+10 -4.453317e+12 +2.178068e+14 -2.658914e+18 -1.876413e+18   +2.591689e-08 -2.299793e-05 -5.637828e-04 -5.735067e-03 +4.994529e-01 +1.422948e+01 +2.358562e+02 -1.349434e+05 -6.269187e+06 -4.285017e+08 -1.006397e+11 +2.879513e+12 -2.600490e+14 -5.810996e+16 +1.743970e+18   
Q14-071   +2.999580e+01   -4.707792e-07 +3.593273e-02 +3.896145e-04 +1.083100e-02 +1.757731e-02 -8.142930e+02 +1.513706e+02 +2.493186e+04 -1.103703e+06 +1.288944e+11 +2.394295e+09 -5.748588e+11 +2.425359e+14 -2.709958e+18 -1.946109e+17   -4.475403e-07 -2.404356e-05 +1.893557e-04 +3.598437e-03 +2.545559e-01 +2.477395e+01 -2.156531e+02 -1.458885e+04 -1.154897e+07 -1.102167e+09 -4.653835e+10 +6.581625e+12 -5.228235e+12 -1.046772e+16 -3.168590e+18   
Q14-072   +2.999530e+01   -6.546369e-07 +3.593046e-02 +2.158271e-04 +1.720491e-02 -7.128870e-02 -7.717682e+02 -2.565934e+02 +9.041233e+04 +1.300935e+06 +1.290690e+11 +6.813904e+10 +1.611830e+12 +2.843135e+14 -2.689384e+18 +9.261358e+17   -1.574790e-07 -3.265204e-05 -1.226770e-04 -4.117522e-03 +1.068027e+00 +2.935180e+01 -1.211109e+03 -9.576044e+04 -1.942718e+07 -1.000075e+09 +6.295286e+10 +4.622874e+12 -1.203891e+14 -7.383267e+16 +1.407868e+18   
Q14-073   +2.999580e+01   -2.329929e-07 +3.592113e-02 +3.863661e-04 +1.837105e-02 +5.500143e-01 -7.765981e+02 +2.023895e+03 -4.794565e+04 -3.511575e+06 +1.284944e+11 -1.226249e+10 -1.693242e+12 -1.990195e+14 -2.723248e+18 +9.497690e+17   -5.409671e-07 -3.238839e-05 +1.072834e-03 -1.941474e-02 -5.540416e-01 +5.067786e+01 -3.510298e+03 -7.593410e+04 -1.440633e+07 -1.594651e+09 +2.562887e+10 +2.194559e+11 +3.838041e+14 -3.207836e+16 +2.858715e+17   
Q14-074   +2.999600e+01   -3.927030e-08 +3.567316e-02 -2.925539e-04 +5.435531e-03 -1.648473e-01 -8.083358e+02 +3.574497e+03 +5.943396e+04 +1.081134e+07 +1.279384e+11 -2.255575e+10 +6.860311e+11 -3.706668e+14 -2.684928e+18 +5.524083e+17   -6.230081e-07 -2.648892e-05 +4.845416e-04 -1.455642e-02 -3.413535e-01 +3.461165e+01 -2.183571e+03 -1.010956e+04 -1.371775e+07 -5.640252e+08 +1.999939e+10 +6.540132e+12 +7.953851e+14 -4.544573e+16 +4.708111e+16   
Q14-075   +2.999595e+01   -4.983529e-07 +3.594229e-02 +1.626916e-04 +8.107351e-04 +1.926339e-01 -7.644879e+02 +3.371368e+03 +3.285576e+04 -1.906027e+07 +1.295189e+11 -2.252905e+10 +9.649013e+11 +6.996294e+13 -2.719603e+18 -9.235760e+17   -1.447971e-07 -2.961610e-05 +2.876510e-04 -1.757709e-02 +3.845036e-02 +6.844214e+01 -2.782812e+03 +5.510891e+04 -1.252751e+07 -2.456694e+08 -3.796846e+10 +1.647861e+12 +4.300424e+14 +2.734050e+15 -8.656439e+17   
Q14-076   +2.999495e+01   +1.212880e-07 +3.590281e-02 +1.230660e-03 -2.561680e-03 +5.693942e-01 -7.905974e+02 -1.926872e+03 +3.098324e+04 +8.102194e+06 +1.286495e+11 +8.415923e+09 +2.672927e+12 -4.618004e+14 -2.708402e+18 +4.628279e+16   -3.377509e-07 -3.306200e-05 +6.251636e-04 -1.262771e-02 -9.251024e-01 +3.946091e+01 +9.214821e+02 -2.331715e+04 +1.318215e+07 -1.357765e+09 -4.164744e+10 +1.757670e+12 -2.056133e+14 -2.609747e+16 +1.080403e+18   
Q14-077   +2.999495e+01   -1.808302e-07 +3.595995e-02 +9.662223e-04 +9.350234e-04 +9.450514e-01 -7.911975e+02 -1.318275e+03 -4.034499e+04 -3.546200e+06 +1.293238e+11 -1.057433e+10 +6.571236e+12 +3.269635e+14 -2.695372e+18 -4.750733e+17   -1.882636e-07 -3.860120e-05 +3.006564e-05 +7.301716e-03 -2.868967e-01 +4.880275e+01 -8.485578e+02 -6.896834e+04 -1.631785e+07 -1.099349e+09 +3.906788e+10 +7.742973e+12 +1.486027e+14 -1.675706e+16 +3.280977e+18   
Q14-078   +2.999535e+01   -1.021803e-07 +3.592103e-02 +6.775914e-04 +1.322874e-02 -3.498482e-01 -7.984694e+02 +5.634943e+02 +1.356564e+04 -2.822331e+06 +1.287911e+11 +7.828553e+09 +2.430416e+11 +4.678949e+14 -2.754860e+18 +1.109672e+18   -1.686404e-07 -2.408283e-05 +2.219739e-04 -2.060969e-02 -7.789627e-03 +2.432215e+01 -1.327748e+03 -1.030024e+05 -6.012169e+06 +4.737094e+08 -1.090299e+10 -4.304921e+12 +9.581462e+13 -2.684336e+16 -7.183583e+17   
Q14-079   +2.999840e+01   -6.129967e-07 +3.593458e-02 -1.241826e-04 +5.841635e-03 +2.194011e-01 -8.025545e+02 +2.953424e+03 -3.009249e+05 +4.520678e+06 +1.296917e+11 -2.374461e+11 -2.707083e+13 +1.341075e+15 -2.606686e+18 -8.739599e+18   -2.763893e-07 -2.343749e-05 +3.113732e-04 -5.931866e-03 -1.602487e-01 +7.551026e+01 +2.418508e+03 +7.992306e+05 +2.791600e+07 +3.368843e+09 -7.165002e+10 +1.744956e+13 +7.291516e+14 +7.984959e+16 -4.167319e+17   
Q14-080   +2.999505e+01   -2.461909e-07 +3.602644e-02 +3.680324e-04 +3.125593e-03 -2.076650e-01 -8.731581e+02 -1.470125e+03 -1.834906e+03 -2.985856e+06 +1.309785e+11 -2.062467e+10 -3.803311e+11 -2.969471e+14 -2.772584e+18 +9.668395e+17   -2.985205e-07 -3.134526e-05 +2.687400e-04 -1.009981e-02 -9.581564e-01 +2.423254e+01 +1.282390e+03 -1.855111e+05 +6.174982e+06 -4.672351e+08 -7.085969e+10 +4.471271e+12 +1.455946e+14 -1.469829e+15 -1.320032e+18   
Q14-081   +2.999640e+01   -2.228913e-07 +3.596015e-02 +1.089558e-03 +1.814783e-02 +4.042998e-01 -7.782481e+02 -4.665807e+02 +1.436916e+05 +7.885403e+06 +1.284432e+11 +4.501804e+10 +1.465979e+11 +6.123952e+14 -2.699635e+18 -3.063231e+18   -5.563568e-07 -2.597415e-05 +4.437643e-04 -1.528390e-02 -2.643735e-01 -1.392252e+01 +1.456111e+03 -1.628143e+05 -1.861315e+07 +9.979244e+08 -1.749427e+10 +3.550543e+12 +1.146761e+14 -5.642610e+16 +8.036418e+18   
