# multipoles are divided by excitation current and units are [T], [m] and [A]
# harmonics (dipole n=0): 00 01 02 03 04 05 06 07 08 09 10 11 12 13 14 
# MAG_LABEL   CURRENT[A]   <NORMAL_MULTIPOLES/CURRENT>[T/m^(n-1)/A]   <SKEW_MULTIPOLES/CURRENT>[T/m^(n-1)/A]
Q14-002   +8.999745e+01   -1.462883e-07 +3.584914e-02 +6.292857e-04 +3.185605e-02 +6.646289e-02 -6.376593e+02 +1.993620e+03 -1.586817e+05 -1.159384e+07 +1.286662e+11 -1.204844e+11 +4.088846e+12 +3.745834e+14 -2.710505e+18 +6.935812e+17   -5.145436e-07 -2.505670e-05 +4.068802e-04 +8.947706e-04 -3.062786e-01 +5.078159e+01 +1.010611e+03 +4.644220e+04 -7.530054e+06 -1.152148e+09 -5.768502e+10 +5.240377e+11 +2.991664e+14 -6.966894e+16 +2.344350e+18   
Q14-004   +8.999665e+01   -8.554177e-08 +3.588754e-02 +8.762877e-04 +1.497269e-02 +2.292978e-01 -5.990752e+02 -9.385867e+02 -7.570347e+04 -3.392442e+06 +1.290081e+11 -4.697704e+10 +1.424902e+12 -9.100247e+12 -2.720340e+18 -5.143457e+17   -4.603505e-08 -3.541171e-05 +3.337238e-04 -8.058454e-03 -3.676052e-01 +3.118496e+01 -1.371729e+03 -8.386898e+04 +5.270073e+06 -8.021575e+08 +2.290869e+10 +4.939872e+12 -1.306043e+14 -2.529279e+16 -1.407387e+18   
Q14-005   +8.999725e+01   +2.138340e-07 +3.590459e-02 +9.239259e-04 +1.522304e-02 +7.437403e-01 -6.622610e+02 +4.336336e+02 -6.974946e+04 +2.793380e+06 +1.293678e+11 -3.294804e+10 +2.008207e+12 -4.317424e+13 -2.759582e+18 +5.118931e+16   -6.719923e-08 -4.623832e-05 +2.864666e-04 -6.575712e-03 -3.615138e-01 +3.397617e+01 +2.431044e+03 -1.997813e+05 +8.915488e+06 -7.975594e+08 -4.477697e+10 +5.518810e+12 -3.061922e+13 -2.864748e+16 +2.637359e+17   
Q14-006   +8.999620e+01   -1.790893e-07 +3.593269e-02 -1.091039e-04 +9.311811e-03 -4.507229e-01 -6.355187e+02 +2.729116e+03 +9.653199e+03 +2.966995e+06 +1.290569e+11 -4.348691e+10 +4.282074e+11 -8.341917e+13 -2.745683e+18 -1.582199e+16   -1.396383e-07 -3.198435e-05 +6.204279e-05 -1.066118e-02 -2.718427e-01 +2.073743e+01 +6.112619e+02 -1.094979e+05 -5.984184e+05 -7.188137e+08 -2.425914e+09 +3.513911e+12 -2.801828e+13 -2.635046e+16 +1.228273e+18   
Q14-007   +8.999655e+01   +1.248152e-07 +3.589238e-02 +1.047672e-03 +2.392072e-02 +4.793610e-01 -6.478272e+02 -1.772288e+02 +3.285026e+03 -1.466750e+05 +1.285819e+11 -3.999403e+10 +1.213332e+12 -3.807173e+12 -2.721290e+18 +1.143969e+16   +9.539788e-08 -3.078468e-05 -2.014798e-04 -4.431250e-03 -3.115204e-01 +3.932850e+01 +1.539796e+03 -1.793765e+05 +3.218783e+06 -4.491788e+08 -1.354436e+10 +5.809123e+12 +6.456921e+13 -3.984223e+16 +8.859184e+17   
Q14-008   +8.999625e+01   -4.009300e-09 +3.590471e-02 +5.359052e-04 +1.793510e-02 -6.365777e-01 -6.503501e+02 -6.282970e+01 -2.249366e+04 +4.725899e+06 +1.286186e+11 -4.294549e+09 +1.287961e+12 -4.434556e+13 -2.713918e+18 -6.169576e+17   -3.143730e-07 -1.870586e-05 +4.422034e-04 -3.046544e-03 +2.851184e-02 +3.409593e+01 -1.900199e+03 -1.121328e+05 -9.193988e+06 -3.965354e+08 +4.706464e+10 +6.127204e+12 +1.880278e+14 -3.452994e+16 -8.492956e+17   
Q14-009   +8.999615e+01   -2.765701e-07 +3.590432e-02 -1.122745e-05 +2.623578e-02 +4.664676e-01 -6.127864e+02 +2.092374e+03 -1.073354e+05 -1.830518e+06 +1.284572e+11 -2.353756e+10 +2.741201e+12 +1.518833e+14 -2.739112e+18 +6.609492e+17   -7.837316e-08 -1.730541e-05 -5.078415e-05 -7.901344e-03 +2.936558e-01 +3.817828e+01 -7.503972e+01 -4.744964e+04 -6.930404e+05 -2.851555e+08 -1.332456e+10 +4.317594e+12 +7.490610e+12 -3.954948e+16 -5.302986e+16   
Q14-010   +8.999660e+01   -2.041145e-09 +3.589889e-02 +9.920033e-04 +3.859828e-02 +1.226946e-01 -6.119803e+02 -9.500119e+02 -9.312801e+04 +8.303238e+05 +1.283520e+11 -1.374339e+10 +2.071496e+12 +3.815114e+13 -2.743231e+18 -3.480521e+17   -1.672880e-07 -2.407979e-05 +5.912871e-04 -1.550245e-02 -5.710336e-01 +1.323014e+01 -2.091052e+03 -4.443595e+04 +6.498659e+04 -2.014413e+08 +4.524383e+08 +5.304084e+12 -1.858078e+14 -5.532976e+16 -2.910681e+17   
Q14-011   +8.999665e+01   -1.119918e-07 +3.589917e-02 +5.587130e-04 +1.375715e-02 +9.857954e-02 -6.290683e+02 +2.782575e+02 +9.922759e+03 -1.576702e+06 +1.280618e+11 -1.753219e+10 +1.499917e+12 +8.414264e+13 -2.710669e+18 -6.609366e+17   -1.430002e-09 -2.469105e-05 +2.404132e-04 -7.306534e-03 -6.915244e-01 +1.987844e+01 -2.599723e+02 -8.660847e+04 +6.877046e+06 +1.604876e+08 +5.749430e+09 +6.818385e+12 -3.654774e+13 -4.948426e+16 -5.740555e+17   
Q14-012   +8.999755e+01   +6.170204e-08 +3.589264e-02 +9.489959e-04 +2.054839e-02 +6.229610e-01 -6.104991e+02 +1.443733e+03 -6.224525e+04 -1.189856e+06 +1.280982e+11 -4.185953e+10 +3.489784e+12 -3.740784e+13 -2.711797e+18 +8.296029e+17   -1.048188e-07 -3.058091e-05 +2.872964e-04 -1.181312e-02 -4.429675e-01 +4.601245e+01 -3.089387e+02 -6.600216e+04 +1.022254e+06 -9.630157e+08 +2.175796e+10 +4.984039e+12 +3.299620e+13 -3.600182e+16 -1.620400e+18   
Q14-013   +8.999575e+01   -8.111041e-08 +3.593221e-02 +4.643565e-04 +2.002698e-02 +3.553290e-01 -6.039731e+02 +9.446572e+01 -1.644834e+05 -3.125050e+06 +1.280487e+11 -5.563918e+09 +3.894326e+12 +1.987869e+14 -2.733557e+18 +5.471323e+17   -1.453961e-07 -3.039546e-05 +3.735885e-04 -1.054733e-02 -5.191111e-01 +1.011649e+02 -3.001184e+03 -1.313806e+05 +2.152621e+07 -4.470416e+09 +1.162307e+11 +1.167925e+13 -1.202341e+15 +1.251828e+17 -2.960884e+18   
Q14-014   +8.999750e+01   -1.594712e-07 +3.589017e-02 +5.441019e-04 +2.752820e-02 +2.005148e-01 -6.171271e+02 +9.529385e+02 -1.264387e+05 +4.792591e+05 +1.284271e+11 -6.850086e+07 +2.218938e+12 +1.820113e+14 -2.724501e+18 -4.257386e+17   -3.488645e-07 -5.279900e-06 +6.527835e-06 -4.072881e-03 +1.633744e-01 +5.088201e+01 -2.655116e+02 -8.810300e+03 -1.136405e+07 -6.853588e+08 -1.439438e+10 +3.392116e+12 +3.626373e+14 -5.970635e+16 +2.912134e+17   
Q14-015   +8.999750e+01   -1.083073e-07 +3.588776e-02 +7.298126e-04 +1.557597e-03 +5.006010e-01 -6.778821e+02 +9.022940e+02 +1.486169e+04 -9.037810e+06 +1.286549e+11 -2.172278e+10 +2.082132e+12 +1.093285e+14 -2.726007e+18 +7.740665e+17   -7.312652e-08 -2.407706e-05 +1.988999e-04 -8.292931e-03 -4.226063e-01 +6.181964e+01 -2.148145e+02 +4.823558e+04 +6.766725e+06 -1.506703e+09 -1.379554e+10 -7.299909e+11 -3.268674e+14 -1.894862e+16 +7.283825e+17   
Q14-016   +8.999610e+01   +2.421482e-07 +3.588878e-02 +9.128606e-04 +6.226895e-04 +8.000776e-01 -6.461499e+02 +8.419393e+02 -1.581074e+04 -2.075258e+06 +1.277465e+11 -3.240997e+10 +2.044725e+12 +1.414477e+14 -2.682406e+18 +2.462223e+17   -1.905507e-07 -3.153998e-05 +1.156223e-04 -5.802525e-03 +3.501724e-01 +5.147984e+01 -7.783397e+02 +4.426222e+04 -8.039382e+06 -9.606315e+08 -1.196560e+10 +4.419041e+11 +1.772758e+14 -1.388278e+16 +1.380528e+18   
Q14-017   +8.999640e+01   -1.326541e-07 +3.590262e-02 +4.347368e-04 +2.767437e-02 +4.090160e-01 -5.903811e+02 +9.079678e+02 -7.291238e+04 -1.652188e+06 +1.283035e+11 -1.228311e+10 +2.935745e+12 +7.785900e+13 -2.739453e+18 -1.188761e+18   +1.164278e-07 -3.258268e-05 -1.864195e-04 -2.023947e-02 +3.071265e-01 +7.504472e+01 +7.355043e+02 -2.773343e+04 +2.015082e+06 -1.971166e+09 +4.434203e+09 +5.130421e+12 -9.203673e+12 -5.469488e+15 +3.655652e+17   
Q14-018   +8.999670e+01   -2.340189e-08 +3.592027e-02 +8.771327e-04 +1.800748e-02 +2.551056e-01 -6.331839e+02 -8.203173e+02 -8.335052e+04 -2.204533e+06 +1.299393e+11 +1.849942e+10 +3.227856e+12 +1.772695e+14 -2.774197e+18 -1.000016e+18   -1.062748e-08 -3.550968e-05 +3.292381e-04 -6.438801e-03 +9.339170e-02 +6.439556e+01 -8.170751e+02 -2.508974e+05 -5.863772e+06 -1.836651e+09 +7.505909e+09 +8.653953e+12 +5.016655e+13 +3.705491e+15 -5.760578e+17   
Q14-019   +8.999695e+01   -2.471932e-08 +3.589169e-02 +4.680270e-04 +1.988403e-02 +5.545345e-03 -6.594551e+02 +7.632734e+02 -2.053120e+05 +1.328829e+07 +1.289001e+11 -1.293483e+10 +8.597205e+12 -4.547590e+14 -2.728366e+18 -4.640586e+17   -3.652404e-08 -3.040923e-05 +2.795927e-04 -4.628269e-03 +7.725562e-02 +7.267784e+01 -2.004335e+03 +3.121887e+04 -5.705928e+04 -1.218164e+09 +4.733710e+10 -1.073342e+12 -6.155680e+13 -3.950835e+16 -1.508758e+18   
Q14-020   +8.999905e+01   +9.885668e-08 +3.587997e-02 +1.019633e-03 +1.459123e-02 +6.840454e-01 -6.414601e+02 +4.313623e+02 -2.835904e+04 -2.713901e+06 +1.289725e+11 -1.043590e+09 +1.418358e+12 -1.319588e+14 -2.736121e+18 -5.949792e+17   -1.819345e-07 -3.165893e-05 +4.063170e-04 -1.091787e-02 -5.148630e-01 +6.678200e+01 -7.525214e+01 -4.925212e+04 +3.668489e+06 -1.793602e+09 -6.010015e+10 +5.592351e+12 -6.302322e+13 -1.213613e+16 +1.325506e+18   
Q14-021   +8.999625e+01   -2.839697e-08 +3.589580e-02 +2.755588e-04 +2.593227e-02 +2.680405e-01 -6.746490e+02 +7.026454e+02 -7.557640e+04 +6.548284e+06 +1.278343e+11 -1.238087e+10 +2.214689e+12 -1.077911e+14 -2.712741e+18 -8.531589e+17   -2.979367e-07 -2.057716e-05 +7.421533e-04 +8.414918e-03 -5.702932e-01 +5.164445e+01 -2.031772e+03 -1.711335e+05 -3.862081e+06 -1.061359e+09 +6.696227e+10 +3.830385e+12 +1.901929e+14 -2.725604e+16 -2.221074e+18   
Q14-023   +8.999840e+01   -3.123194e-07 +3.588889e-02 +5.074058e-04 +3.944885e-03 +2.809513e-01 -6.524072e+02 +2.055560e+03 -5.469197e+04 +4.064748e+06 +1.279575e+11 -5.085602e+10 -5.943978e+12 +5.016621e+14 -2.709329e+18 +1.827577e+18   -8.148802e-08 -2.599393e-05 +4.759068e-04 -9.134407e-04 -2.290591e-01 +6.044495e+01 +3.453676e+02 -2.202178e+04 +1.999069e+06 -6.916480e+08 +5.493683e+10 +4.634547e+12 +2.095537e+13 -2.327008e+16 +9.582868e+17   
Q14-024   +8.999740e+01   -2.414969e-07 +3.587298e-02 +2.167068e-04 +2.787951e-02 -3.293911e-01 -6.626883e+02 +1.291107e+02 -9.950723e+04 -5.407501e+06 +1.288758e+11 -5.156960e+10 +1.711759e+12 +1.951727e+14 -2.723533e+18 +4.717991e+17   -3.594439e-07 -2.651978e-05 +6.359217e-04 -1.147224e-02 -2.502535e-01 +3.326315e+01 -8.202034e+02 -1.003423e+05 -3.764659e+06 -5.847864e+08 +4.880159e+09 +5.963579e+12 +4.008329e+14 -5.011531e+16 +1.215322e+17   
Q14-025   +8.999755e+01   -3.002183e-08 +3.589138e-02 +6.156752e-04 +1.496804e-02 +1.355016e-01 -6.412380e+02 +9.011262e+02 -4.898079e+04 -1.067328e+06 +1.284128e+11 -2.095514e+10 +2.645913e+12 +8.729767e+13 -2.705299e+18 -1.440307e+17   -2.127428e-07 -2.961641e-05 +4.884290e-04 -1.334834e-02 -4.712096e-01 +3.699786e+01 -8.211796e+02 -2.667387e+03 +2.521359e+06 -7.182373e+08 +2.305304e+10 +2.972296e+12 +1.540409e+14 -4.879186e+16 -8.920237e+17   
Q14-026   +8.999810e+01   +9.850269e-08 +3.591055e-02 -1.514338e-04 +1.639253e-02 +4.621410e-01 -6.708856e+02 +2.868847e+03 -8.486108e+04 +8.506637e+06 +1.290702e+11 -4.631927e+10 +1.212134e+12 -1.308219e+14 -2.719942e+18 +2.565918e+17   -4.418399e-08 -3.040234e-05 +2.498773e-04 +2.303658e-03 +7.133488e-01 +1.172121e+02 +2.990359e+02 -8.795023e+04 -6.075280e+06 -4.141666e+09 +1.415372e+10 +5.336580e+12 +2.822166e+14 +5.252376e+16 -1.323582e+18   
Q14-027   +8.999755e+01   -1.096219e-07 +3.589697e-02 +1.031548e-03 +1.004640e-02 +7.662839e-01 -6.437332e+02 -2.061926e+02 -4.572421e+04 -8.453510e+06 +1.290560e+11 +6.077023e+09 +1.664358e+12 +1.837400e+14 -2.726300e+18 -5.715660e+17   -1.735863e-08 -2.315710e-05 +3.980698e-04 -1.936155e-02 -1.502801e-01 +3.443605e+01 -1.328232e+03 -7.766935e+04 +2.284964e+06 -3.220684e+08 +2.473704e+10 +4.893470e+12 -2.324649e+13 -4.932250e+16 -6.023585e+17   
Q14-028   +8.999630e+01   -2.147979e-08 +3.592014e-02 +1.100279e-04 +1.815618e-02 -2.570909e-01 -6.277553e+02 +1.143624e+03 +1.731054e+04 +4.605116e+06 +1.286750e+11 -9.668860e+09 -1.303139e+11 -1.577864e+14 -2.734961e+18 -3.141963e+17   -2.578496e-07 -2.630953e-05 +5.869780e-04 -1.056482e-02 -4.501236e-01 +5.967315e+01 -5.332543e+02 -1.702093e+05 +1.011451e+06 -8.865833e+08 -4.543035e+09 +7.701954e+12 +2.784424e+12 -3.606270e+16 -1.770201e+16   
Q14-029   +8.999775e+01   -2.872207e-07 +3.588679e-02 +6.559371e-04 +7.279054e-03 +2.200123e-01 -6.748325e+02 -7.086926e+02 -4.766342e+04 -3.632522e+06 +1.290620e+11 +2.062507e+10 +2.673368e+12 +2.777682e+14 -2.711702e+18 -3.594108e+17   -4.158338e-07 -3.630862e-05 +7.635612e-04 -1.179863e-02 -2.921676e-01 +4.032421e+01 -1.953085e+03 -1.777206e+05 -3.951743e+06 -8.323267e+08 +2.038277e+09 +8.435053e+12 +2.525462e+14 -5.386990e+16 -2.753065e+17   
Q14-030   +8.999630e+01   -2.552616e-07 +3.588402e-02 +1.486553e-04 +3.496900e-03 +1.302681e-01 -6.627748e+02 +4.778421e+02 -6.339081e+03 -7.504746e+06 +1.293824e+11 -2.379819e+10 +6.007067e+11 +2.263828e+14 -2.755526e+18 -6.879775e+17   -2.238733e-07 -2.995164e-05 +2.212098e-04 -1.200684e-02 -1.199044e+00 +6.789537e+01 +5.902913e+02 -1.928463e+04 +2.630777e+06 -1.558382e+09 +6.030369e+09 +2.122299e+12 +7.036405e+13 -1.781150e+15 -6.014998e+17   
Q14-031   +8.999615e+01   -4.332735e-08 +3.588528e-02 +5.370274e-04 +5.637229e-03 -4.324722e-01 -6.935293e+02 -3.109019e+02 -1.406179e+03 +1.059412e+07 +1.296449e+11 -5.415151e+09 +2.159375e+12 -1.126606e+14 -2.750564e+18 -1.604258e+18   -1.293094e-07 -3.150460e-05 +3.359744e-04 -1.690562e-02 -5.932920e-01 +4.385712e+01 -8.933248e+02 -1.007557e+05 -3.096699e+06 -8.929439e+08 +3.307179e+10 +1.118116e+13 +4.058987e+14 -1.967333e+16 -9.483631e+16   
Q14-032   +8.999700e+01   +2.415136e-07 +3.591462e-02 +4.912888e-04 +7.865620e-03 -7.732926e-02 -6.590543e+02 +1.094302e+03 -7.925861e+04 +9.760201e+06 +1.284641e+11 -4.080357e+10 +3.707266e+12 -1.270478e+14 -2.702976e+18 -1.411655e+17   -1.420473e-07 -3.448058e-05 +8.488172e-04 -1.902763e-03 -8.841240e-02 +7.507561e+01 -2.526791e+03 -1.774417e+05 +6.976677e+06 -1.741651e+09 +2.678406e+10 +6.774811e+12 -2.075723e+14 -3.041445e+16 +9.427051e+17   
Q14-033   +8.999660e+01   -1.269888e-07 +3.589293e-02 +3.706378e-05 +2.979509e-02 -1.462273e-01 -6.597900e+02 +1.099465e+03 -1.214848e+05 +3.830700e+06 +1.281760e+11 +4.506617e+09 +4.175954e+12 -1.974103e+14 -2.699151e+18 -6.773378e+17   -4.351312e-07 -2.319768e-05 +1.300117e-03 -1.221097e-02 -1.122246e+00 +6.926139e+01 -1.844525e+03 -3.523674e+04 +8.366158e+06 -1.100785e+09 +1.223046e+10 +2.041392e+12 -2.563189e+14 -2.308943e+16 -3.436494e+16   
Q14-034   +8.999815e+01   +3.668632e-07 +3.592736e-02 +6.213159e-04 +2.555676e-02 +1.673820e-01 -6.906473e+02 +7.246119e+02 -1.549562e+04 +1.527395e+07 +1.293551e+11 -1.609306e+10 +1.973914e+12 -4.635039e+14 -2.741147e+18 -9.717130e+17   +1.127304e-08 -2.724602e-05 +1.237591e-05 -1.195858e-02 +8.639944e-02 +1.062223e+02 +3.324938e+02 -2.253272e+04 -5.664521e+06 -2.753098e+09 +1.169778e+09 +4.682958e+12 +3.457768e+14 +2.803207e+16 -1.181833e+18   
Q14-035   +8.999785e+01   +1.947170e-07 +3.590254e-02 +7.229223e-04 +2.630561e-02 +1.904409e-01 -6.633956e+02 +1.252135e+02 -3.432022e+04 +6.244608e+06 +1.286873e+11 +5.412990e+09 +1.132848e+12 -4.804719e+13 -2.732904e+18 +2.749912e+17   -1.064374e-07 -1.513073e-05 +9.829627e-04 -1.086895e-02 -9.228278e-01 +7.808079e+01 -2.096631e+03 +7.626907e+04 +1.140669e+07 -2.423881e+09 +5.161338e+10 +1.988953e+12 -1.330214e+14 +1.671860e+16 -5.894163e+16   
Q14-036   +8.999850e+01   +4.281910e-07 +3.590150e-02 +8.680490e-04 +2.366398e-02 +1.136554e-01 -6.668427e+02 +5.662658e+02 -6.354567e+04 +1.516280e+06 +1.286094e+11 -4.448461e+10 +1.219116e+12 -6.927185e+13 -2.710631e+18 +2.203339e+18   -1.681051e-07 -2.274715e-05 +3.185075e-04 -6.816774e-03 -4.273709e-01 +8.394808e+01 +4.148046e+02 -1.188135e+05 -2.753671e+06 -1.867237e+09 -7.160800e+10 +8.282675e+12 +4.491734e+14 -1.961709e+16 -9.360412e+16   
Q14-037   +8.999645e+01   +2.917936e-07 +3.588808e-02 +1.247874e-03 +3.355585e-02 +2.850288e-01 -6.877687e+02 -5.621475e+02 -1.215091e+05 +1.410353e+06 +1.288663e+11 -8.868770e+09 +8.590343e+11 -4.086791e+13 -2.735143e+18 +2.320193e+17   +5.066091e-08 -2.523428e-05 -8.393563e-05 -2.055378e-04 +1.983109e-01 +5.874546e+01 -2.862718e+02 -8.011734e+04 +1.469988e+06 -1.128411e+09 -9.002174e+09 +4.213758e+12 -1.735985e+14 -3.368731e+16 +1.980589e+17   
Q14-038   +8.999850e+01   -1.734079e-08 +3.586582e-02 +2.500048e-04 +1.490969e-02 -3.333266e-01 -7.083638e+02 -4.818806e+02 -3.854315e+04 +7.491782e+06 +1.289320e+11 +4.096124e+10 +5.819034e+11 -2.612434e+14 -2.689707e+18 -1.306927e+18   +6.624733e-08 -2.692994e-05 +3.586040e-04 -1.089085e-02 +2.830089e-01 +8.009965e+01 -1.522409e+03 -6.387133e+02 -3.331386e+06 -2.246792e+09 +5.577987e+10 +3.308645e+12 +2.277107e+14 +6.915130e+15 -6.893297e+17   
Q14-039   +8.999830e+01   +2.538528e-07 +3.588059e-02 +4.416453e-04 +8.718596e-03 +2.850796e-01 -6.706941e+02 +1.130587e+03 -7.041321e+04 +8.814013e+06 +1.287768e+11 -2.105945e+10 -1.843970e+12 -3.837682e+14 -2.740760e+18 -8.695272e+17   -1.788634e-07 +5.940241e-06 -2.025219e-04 -1.890899e-03 -3.016640e-02 +1.227530e+02 -2.192203e+02 +5.710383e+04 -8.443457e+06 -4.016865e+09 +3.253398e+10 +3.126167e+12 +5.318939e+14 +8.409471e+16 -2.749962e+18   
Q14-040   +8.999650e+01   -2.483237e-07 +3.590946e-02 +4.400507e-04 +1.109563e-02 -4.663195e-01 -6.298975e+02 +1.015076e+03 +2.150186e+04 +1.697380e+06 +1.281845e+11 -1.452519e+10 -3.660421e+12 -6.893393e+13 -2.740878e+18 -5.687137e+17   +4.366688e-08 -2.289278e-05 -9.966736e-05 -8.338747e-03 +1.711867e-01 +7.135211e+01 +3.249100e+02 +1.579685e+04 -2.712220e+06 -1.076618e+09 -2.965199e+10 +1.349997e+12 +2.961696e+14 -5.401349e+15 -4.110500e+17   
Q14-041   +8.999870e+01   -3.517772e-07 +3.589070e-02 +1.099788e-04 +2.346623e-02 -2.493077e-01 -6.194905e+02 +8.306694e+02 +2.655955e+04 -3.510753e+06 +1.283467e+11 -3.551804e+10 +3.588180e+11 +3.067367e+14 -2.692611e+18 +1.513393e+18   -1.539599e-07 -3.236226e-05 +2.013835e-04 -5.924496e-03 -3.555488e-01 +1.071299e+02 +4.307251e+02 -3.007196e+04 -4.680479e+06 -3.686120e+09 -1.132499e+10 +2.684940e+12 +3.002644e+14 +2.647047e+16 -1.479611e+18   
Q14-042   +8.999785e+01   +1.818842e-07 +3.590100e-02 +7.460370e-04 +2.134433e-02 -2.489445e-01 -6.015565e+02 +1.427775e+03 -7.284981e+04 -9.621404e+05 +1.285600e+11 -1.840416e+10 +3.795574e+12 -6.724494e+14 -2.713278e+18 +6.468616e+17   +9.737163e-08 -1.927810e-05 +2.689738e-04 -1.379431e-02 -2.488804e-01 +8.347112e+01 -1.286096e+02 -3.633766e+04 -2.402704e+06 -2.227402e+09 +5.139355e+10 +1.924299e+12 +3.310878e+14 -9.587535e+15 -1.072135e+17   
Q14-043   +8.999890e+01   +2.149644e-07 +3.595415e-02 +5.577715e-04 +1.580565e-02 -2.496231e-01 -6.452930e+02 -1.412179e+03 -3.974014e+04 +5.751455e+06 +1.280855e+11 -6.970087e+09 -1.799949e+12 -3.257840e+14 -2.737151e+18 +2.310149e+17   -5.927202e-08 -3.075405e-05 +1.872057e-04 -4.752195e-04 -3.039376e-01 +7.707085e+01 +7.301225e+02 -4.785112e+04 +1.174902e+07 -2.432893e+09 +2.427074e+10 +7.325770e+12 +2.846088e+14 +3.143436e+16 +1.427065e+17   
Q14-044   +8.999640e+01   +2.899368e-07 +3.590714e-02 +4.024399e-04 +2.498505e-02 -1.771803e-01 -6.501852e+02 +1.829540e+03 -7.541815e+04 +1.037133e+07 +1.288699e+11 -6.581084e+10 +4.270251e+12 -2.668395e+14 -2.734962e+18 +1.035867e+18   -6.410768e-08 -2.858755e-05 +5.138298e-04 -8.653559e-03 -2.095298e-01 +5.442961e+01 -2.117284e+03 -1.126128e+04 -5.323343e+06 -4.008894e+08 +7.835436e+10 +3.280306e+12 +2.308960e+14 -3.203504e+16 +1.721132e+17   
Q14-045   +9.001580e+01   +1.264581e-07 +3.587688e-02 +8.392379e-05 +1.524833e-02 -7.646292e-01 -5.844241e+02 -2.972989e+03 +1.611464e+05 -3.178078e+06 +1.283251e+11 -1.683900e+10 -4.963677e+12 +7.353776e+14 -2.808065e+18 +8.894758e+18   -6.439431e-08 -9.751394e-06 +2.404743e-04 +1.868220e-03 -7.874661e-01 +1.744087e+02 -7.836899e+03 +4.932356e+05 -5.488553e+07 +1.592533e+09 -3.411257e+11 +2.851824e+13 -1.921045e+15 +1.610334e+17 -9.546291e+18   
Q14-046   +8.999785e+01   +2.237095e-07 +3.586980e-02 +1.603355e-04 +3.190024e-03 -8.230053e-01 -7.109930e+02 +1.696292e+03 -5.593676e+03 +1.442127e+07 +1.289145e+11 -6.052188e+10 +1.960325e+12 -3.097572e+14 -2.722031e+18 +1.183266e+18   -1.312011e-07 -2.300662e-05 +3.572393e-04 -1.029708e-02 -4.141279e-01 +1.066181e+02 -1.527798e+03 -8.785564e+04 -6.891614e+06 -3.362275e+09 -1.008230e+09 +2.732648e+12 +1.744881e+14 +5.777414e+16 -6.315778e+17   
Q14-047   +8.999805e+01   +2.833048e-07 +3.587666e-02 +7.239108e-04 -6.938741e-03 +5.364521e-01 -6.755802e+02 +9.889835e+02 -4.716743e+04 +1.058907e+07 +1.279528e+11 +6.110947e+08 +1.696982e+12 -2.950592e+14 -2.690253e+18 +1.359969e+17   -2.163697e-07 -3.748787e-05 +1.491061e-04 -1.361377e-02 +1.063644e-01 +1.365094e+02 -4.061556e+02 -1.518780e+05 -2.266882e+06 -5.063412e+09 -1.094991e+10 +4.592042e+12 +1.366484e+13 +6.343990e+16 +1.412448e+18   
Q14-048   +8.999920e+01   +2.415723e-07 +3.589966e-02 +1.306088e-03 +1.908626e-02 +7.193334e-01 -7.246807e+02 -5.611585e+02 -7.143819e+04 +2.821808e+06 +1.275151e+11 +1.036964e+10 +4.522898e+12 -1.594235e+14 -2.668256e+18 +3.416134e+16   +3.641865e-07 -2.596726e-05 -5.612905e-04 -1.011912e-02 -4.086425e-02 +4.944028e+01 +1.580802e+03 -1.317174e+05 -2.255532e+06 -8.841995e+08 +6.387159e+09 +3.088522e+12 -1.503211e+14 -3.768509e+16 +1.113400e+18   
Q14-049   +8.999810e+01   +4.160068e-07 +3.586791e-02 +9.210960e-04 +1.442614e-02 +4.384070e-01 -6.884892e+02 -6.517985e+02 -7.396904e+04 +3.992295e+06 +1.295616e+11 -4.257084e+09 +2.289324e+12 -1.587047e+14 -2.731760e+18 +6.020517e+16   +7.133758e-08 -2.790680e-05 +1.582226e-04 -1.014006e-02 -1.367258e-01 +7.893670e+01 +1.922137e+02 -2.716903e+04 -2.428313e+06 -2.635700e+09 +5.949283e+09 +2.943249e+12 -1.037920e+14 +2.285572e+16 -1.370862e+18   
Q14-050   +8.999710e+01   +3.409874e-07 +3.588689e-02 +4.460983e-04 +1.934672e-02 +1.015836e-01 -6.286226e+02 -5.100209e+02 -1.999814e+05 -6.885701e+06 +1.249741e+11 -2.644074e+11 -3.066195e+13 -2.189733e+15 -2.887586e+18 -9.311474e+18   -3.318862e-07 -2.402022e-05 +8.702244e-04 -2.018664e-02 -1.652295e+00 +1.022295e+01 -8.113544e+03 -7.810876e+05 -4.064700e+07 -7.917241e+09 -6.834009e+10 -9.549712e+12 +5.968662e+14 +8.061164e+16 +6.412600e+18   
Q14-051   +8.999680e+01   -1.963492e-08 +3.587893e-02 -2.962405e-05 +1.166525e-02 -4.537612e-01 -6.811379e+02 +7.422574e+02 -8.414911e+04 +7.748154e+06 +1.286219e+11 -2.958120e+10 +4.640161e+12 -1.858144e+14 -2.687692e+18 -1.249031e+18   +1.767524e-08 -2.398094e-05 +3.954397e-04 -3.236412e-03 -1.002968e-01 +6.029943e+01 -9.216295e+02 +2.407836e+04 +3.626625e+06 -1.681842e+09 +2.677540e+10 +1.304691e+12 +9.216933e+13 -8.246193e+15 -1.110438e+18   
Q14-052   +8.999855e+01   +7.846513e-08 +3.587052e-02 -6.467208e-05 +2.911800e-02 +9.513761e-02 -6.588086e+02 +2.172825e+03 -3.459474e+04 +1.161719e+07 +1.277039e+11 -4.326354e+10 +7.692036e+11 -2.955369e+14 -2.666946e+18 +4.561245e+17   +6.439176e-08 -2.445842e-05 +6.359272e-06 -2.359341e-02 -6.621853e-01 +7.829379e+01 +3.822449e+02 -1.469023e+05 -9.437204e+04 -1.925879e+09 -2.545692e+10 +8.252696e+12 -6.640260e+13 +5.450242e+15 +4.872082e+17   
Q14-053   +8.999650e+01   -3.835564e-08 +3.588992e-02 +7.872848e-04 +2.240599e-03 +2.630642e-01 -6.855657e+02 -1.426722e+03 -3.128578e+04 +2.563396e+06 +1.292389e+11 +3.293844e+10 +2.111311e+12 -2.752470e+14 -2.745558e+18 -3.069038e+18   -2.293644e-07 -2.671457e-05 +4.688989e-04 +6.915542e-04 -3.276357e-03 +6.411779e+01 -9.132510e+02 -6.905324e+04 -7.798262e+06 -1.459531e+09 +2.867755e+10 +2.884474e+12 +3.335501e+14 -1.641103e+16 +5.780114e+17   
Q14-054   +8.999695e+01   -7.500903e-08 +3.587374e-02 +4.457562e-04 +2.066936e-02 +3.944019e-01 -6.897878e+02 -1.907287e+02 -7.642473e+04 -1.662236e+05 +1.289913e+11 -2.329850e+10 +1.580634e+12 +5.125408e+13 -2.731298e+18 +3.122579e+16   -2.746266e-07 -1.910887e-05 +6.417666e-04 -9.644361e-03 -6.609951e-01 +6.373883e+01 +9.404440e+01 +5.147176e+04 +3.421666e+06 -1.220782e+09 -1.625381e+10 +3.434103e+12 +3.003734e+14 -2.564394e+16 +1.424823e+17   
Q14-055   +8.999650e+01   -8.488196e-08 +3.588643e-02 +4.822165e-04 +1.880181e-02 -1.851155e-01 -6.780943e+02 +7.776575e+02 -6.422073e+04 +7.437637e+05 +1.278643e+11 -1.070607e+10 +3.135576e+12 +1.117965e+14 -2.700686e+18 +1.910164e+18   -3.874717e-08 -2.387270e-05 +2.500469e-04 -1.517990e-03 +3.426018e-02 +6.839288e+01 -5.879913e+02 -9.550399e+04 -3.775902e+06 -1.146007e+09 -1.388777e+10 +3.853697e+12 +2.955690e+14 -2.034106e+16 +1.298189e+18   
Q14-056   +8.999605e+01   -1.693423e-07 +3.587569e-02 -6.358391e-05 +1.946148e-02 -3.496557e-01 -6.988242e+02 +2.319905e+03 -7.187481e+04 +4.446257e+06 +1.293753e+11 -7.822159e+10 -2.625794e+11 +3.588236e+13 -2.728972e+18 +2.039844e+18   +5.732086e-08 -1.190929e-05 +4.906709e-04 -1.741899e-02 -8.840144e-01 +6.214482e+01 -7.358390e+02 +1.106099e+05 +8.625440e+06 -1.677413e+09 +2.464280e+10 +4.280048e+12 -1.423688e+14 -1.078226e+16 -6.777316e+17   
Q14-057   +8.999725e+01   -1.519024e-07 +3.590111e-02 +3.181943e-04 -1.937865e-04 -1.524529e-01 -6.544916e+02 +2.623731e+01 -6.501982e+04 +8.858777e+05 +1.293071e+11 +4.484269e+10 +1.550814e+12 -5.757914e+13 -2.748664e+18 -2.416152e+18   -8.421003e-08 -2.932874e-05 +4.805180e-04 -8.623670e-03 -2.152015e-01 +5.687347e+01 -6.302360e+02 -2.110777e+04 +7.105145e+05 -7.341737e+08 +1.484126e+10 +4.567857e+12 +9.020852e+13 -3.061129e+16 +5.451113e+17   
Q14-058   +8.999700e+01   -4.207326e-08 +3.590399e-02 +6.672324e-04 +1.394204e-02 -4.686150e-01 -6.475163e+02 -1.163131e+02 -6.652844e+04 +2.683219e+06 +1.283416e+11 -3.002299e+10 +2.029471e+12 +1.327003e+14 -2.744783e+18 -3.043411e+17   -3.104907e-07 -2.163822e-05 +7.131378e-04 -1.165404e-02 -2.819298e-01 +5.521312e+01 -8.593743e+02 -6.595824e+03 -4.851612e+04 -7.918208e+08 -2.873146e+10 +6.338969e+12 +2.184459e+14 -3.668186e+16 -3.234534e+17   
Q14-059   +8.999665e+01   -1.833948e-07 +3.590911e-02 +6.414991e-04 +8.973746e-03 -8.279438e-02 -6.507746e+02 +3.087749e+02 -4.381362e+04 -8.904446e+06 +1.288896e+11 -3.264225e+10 +2.300321e+12 +1.582288e+14 -2.728308e+18 -2.073872e+17   -3.673356e-07 -3.460291e-05 +8.833283e-04 -6.649143e-03 -5.657768e-01 +5.743084e+01 -1.757170e+03 -5.473224e+04 +2.753566e+06 -1.083005e+09 +1.346416e+10 +4.852598e+12 +2.102773e+14 -1.056114e+16 -1.966192e+18   
Q14-060   +8.999640e+01   -3.251096e-07 +3.588936e-02 +1.373049e-04 +7.105005e-03 -3.872572e-01 -6.497851e+02 +1.775083e+03 +1.038483e+04 -7.331653e+05 +1.282429e+11 -4.648470e+10 +1.624906e+11 +2.556997e+14 -2.708348e+18 -1.266726e+16   -1.714005e-07 -2.389103e-05 +1.109959e-04 -6.878350e-03 +3.316145e-01 +5.671068e+01 -6.666361e+02 -7.933957e+04 -5.329548e+06 -1.002629e+09 +1.097192e+10 +4.047794e+12 +1.539425e+14 -2.587589e+16 +6.984744e+17   
Q14-061   +8.999625e+01   -2.608746e-07 +3.589007e-02 +7.467578e-04 +7.124939e-03 +1.214701e-01 -6.663210e+02 +7.879082e+02 -2.550802e+04 -7.845605e+06 +1.281563e+11 -3.994143e+10 +4.860743e+11 +1.883170e+14 -2.709483e+18 +9.657548e+17   -1.601392e-07 -2.437780e-05 +3.728874e-04 -1.571792e-02 -5.290238e-01 +5.237022e+01 -6.835866e+02 -2.441668e+04 +2.055051e+06 -1.388859e+09 +1.800856e+10 +6.495373e+12 -6.374077e+13 -3.175780e+15 +1.627688e+17   
Q14-062   +8.999615e+01   -1.958729e-07 +3.591618e-02 +4.449185e-04 +9.422469e-03 -2.138184e-01 -6.730753e+02 +4.839670e+02 -1.237058e+04 -5.280675e+06 +1.284190e+11 -3.110245e+10 +1.330204e+12 +1.497510e+14 -2.714989e+18 -5.560325e+17   -1.889563e-07 -3.346178e-05 +3.041138e-04 -9.025304e-03 -4.980359e-01 +7.212640e+01 -3.384327e+02 -9.871048e+04 +4.468008e+06 -1.903743e+09 -1.196019e+10 +6.920400e+12 -4.255165e+13 -6.220076e+15 +4.999981e+17   
Q14-063   +8.999645e+01   -3.170037e-07 +3.588384e-02 +1.384781e-04 +1.023284e-02 +3.560419e-01 -6.933210e+02 +1.933493e+03 -5.053764e+04 -7.105675e+06 +1.286307e+11 -2.906994e+10 +2.308914e+12 +2.848678e+14 -2.715480e+18 -4.216980e+17   -1.478249e-07 -2.268903e-05 -8.155758e-05 -1.781298e-02 +1.003115e-01 +5.421055e+01 -2.196779e+02 -8.999681e+04 -1.503949e+05 -1.084805e+09 +1.015126e+10 +6.037844e+12 +6.741111e+13 -3.247221e+16 -8.289606e+17   
Q14-064   +8.999675e+01   -5.869889e-07 +3.589822e-02 -2.936495e-05 +1.566424e-02 -3.181458e-01 -6.688279e+02 +1.139644e+03 -6.429294e+03 -7.288458e+06 +1.291847e+11 -2.332438e+10 +2.622901e+12 +3.406103e+14 -2.737996e+18 -9.532699e+17   -2.299321e-07 -3.336726e-05 +1.528840e-04 -1.344700e-02 -2.724419e-01 +2.525838e+01 +4.580827e+02 -2.148165e+03 +4.038427e+05 -3.273315e+08 -1.191732e+10 +7.311885e+12 +4.439884e+13 -4.166195e+16 +7.011625e+16   
Q14-065   +8.999640e+01   -1.979420e-07 +3.587346e-02 +7.988640e-04 +1.822940e-02 +4.979041e-01 -6.789768e+02 -5.298189e+02 -4.381179e+04 -9.045464e+06 +1.280761e+11 +9.660801e+09 +2.820426e+12 +4.868940e+14 -2.696775e+18 -1.328955e+18   -3.443872e-07 -1.462907e-05 +7.989777e-04 -1.616180e-02 -6.428220e-01 +4.095132e+01 -1.629795e+03 +1.181928e+04 +2.971828e+06 -5.017800e+08 -9.368305e+09 +3.433704e+12 +8.251097e+13 -3.548213e+16 -6.824030e+17   
Q14-066   +8.999730e+01   -2.185442e-07 +3.591550e-02 +4.219062e-04 +1.933557e-02 +4.101839e-01 -6.640391e+02 +1.490134e+03 -3.187223e+03 -3.207383e+05 +1.291224e+11 +7.125232e+09 +1.528441e+12 -1.109458e+14 -2.746639e+18 -6.655967e+17   -2.906956e-08 -3.167892e-05 +4.179359e-04 -5.859739e-03 -6.130029e-02 +2.546694e+01 -2.170211e+03 -1.886192e+05 -4.178058e+06 -5.177039e+08 +6.470270e+10 +5.517011e+12 -2.930141e+13 -3.828432e+16 -4.329665e+17   
Q14-067   +8.999690e+01   -1.215989e-07 +3.589344e-02 +8.369929e-04 +2.941985e-02 +1.048084e+00 -6.876416e+02 +3.635333e+02 -6.050046e+04 -7.878736e+06 +1.291324e+11 +1.016742e+10 +2.839816e+12 +1.398552e+14 -2.726799e+18 -9.620277e+17   -2.939707e-07 -3.241957e-05 +9.399998e-04 -1.066483e-02 +4.657962e-01 +3.068988e+01 -3.838320e+03 -3.630615e+04 -1.133035e+07 -4.573424e+08 +5.298429e+10 +3.773212e+12 +3.751419e+14 -2.878329e+16 -1.016787e+18   
Q14-068   +8.999630e+01   -1.056717e-07 +3.592228e-02 +6.021200e-04 +9.299875e-03 +6.222004e-01 -7.002182e+02 +2.087889e+03 +1.193147e+04 -6.754469e+06 +1.286613e+11 -5.302409e+10 +7.770765e+11 +2.305958e+14 -2.703089e+18 +9.582980e+17   -3.322888e-07 -2.128239e-05 +5.110201e-04 -3.399821e-03 -1.777638e-01 +2.228927e+01 -1.950362e+03 -1.201153e+05 -1.267408e+07 -2.538508e+08 +4.269191e+10 +8.004429e+12 +3.591839e+14 -4.267305e+16 -1.392327e+18   
Q14-069   +8.999650e+01   -1.865095e-07 +3.588577e-02 +5.609583e-04 +2.487279e-02 -2.057643e-01 -7.039770e+02 -4.291142e+02 -3.566693e+04 +6.558365e+06 +1.285052e+11 +1.983367e+10 +3.328478e+12 -1.109191e+14 -2.708508e+18 -2.027887e+18   -1.392772e-07 -2.408655e-05 -3.143354e-05 -5.591604e-03 -4.021269e-01 +1.661558e+01 +1.316475e+03 -5.196934e+04 +5.855589e+06 -1.389590e+08 -2.655679e+10 +4.815423e+12 -2.585334e+13 -3.656842e+16 +4.872514e+17   
Q14-070   +8.999650e+01   -2.361053e-07 +3.589133e-02 +7.893926e-04 -1.176394e-02 +6.412974e-01 -6.549571e+02 +2.352844e+03 +1.043039e+05 -1.694506e+07 +1.280093e+11 -4.223671e+10 -1.515253e+11 +3.673375e+14 -2.684683e+18 +3.224651e+17   +5.365164e-08 -2.269264e-05 -4.154128e-04 -5.727297e-03 +5.757631e-01 +2.677967e+01 +1.054983e+03 -1.727385e+04 -2.214227e+06 -5.970511e+08 -6.260719e+10 +4.483710e+12 +4.910863e+13 -4.161217e+16 +9.617247e+17   
Q14-071   +8.999735e+01   -3.163364e-07 +3.589069e-02 +4.144736e-04 +1.515931e-02 +1.703912e-01 -7.184798e+02 +2.955041e+02 -5.036532e+03 -4.414581e+06 +1.283480e+11 +5.582203e+08 +1.506829e+12 +1.452323e+14 -2.727096e+18 -2.793476e+18   -3.642653e-07 -2.390229e-05 +1.546679e-04 +1.810696e-03 +2.343235e-01 +4.508399e+01 +7.130714e+01 -1.306280e+05 -6.901249e+06 -1.044350e+09 -1.011518e+10 +2.216495e+12 +2.717178e+14 -9.831096e+15 -1.059922e+18   
Q14-072   +8.999690e+01   -4.824870e-07 +3.589221e-02 +3.145478e-04 +1.729752e-02 -5.991541e-02 -6.984446e+02 -2.953664e+02 -4.607886e+04 -1.776126e+06 +1.290037e+11 +6.032346e+09 +2.335409e+12 +1.655147e+14 -2.724521e+18 -1.016104e+18   -9.718861e-08 -3.231397e-05 -7.899158e-05 -3.296971e-03 +1.133323e+00 +3.670871e+01 -2.137240e+03 -6.628587e+04 -1.158349e+07 -5.712362e+08 +3.668550e+10 +5.079449e+12 +2.667319e+14 -3.717970e+16 -7.618575e+17   
Q14-073   +8.999760e+01   -1.267116e-07 +3.588221e-02 +2.882741e-04 +2.107105e-02 +6.150641e-01 -6.771697e+02 +1.798716e+03 -6.171786e+04 -4.554071e+05 +1.283133e+11 -2.274782e+10 +1.523632e+12 +7.807045e+13 -2.716820e+18 +6.346447e+17   -4.765090e-07 -3.218350e-05 +1.109911e-03 -1.937664e-02 -3.389028e-01 +6.919162e+01 -3.470814e+03 +8.462775e+03 -8.164692e+06 -1.248534e+09 +3.916529e+10 +3.064821e+12 +3.775927e+14 -3.401767e+16 -8.667774e+17   
Q14-074   +8.999785e+01   +8.967605e-08 +3.578495e-02 -2.842272e-04 +5.983736e-03 -1.065279e-02 -7.249251e+02 +4.084594e+03 -3.929567e+02 +1.066553e+07 +1.283822e+11 -5.289449e+10 -8.714024e+10 -2.949865e+14 -2.702702e+18 +2.168346e+17   -5.727571e-07 -2.641899e-05 +5.585688e-04 -1.697609e-02 -2.815427e-01 +5.530202e+01 -1.959220e+03 +2.035599e+04 -1.867333e+07 -1.229400e+09 +1.393633e+10 +3.986232e+12 +5.109511e+14 -1.649661e+16 -6.405666e+16   
Q14-075   +8.999775e+01   -3.535947e-07 +3.590004e-02 +1.999927e-04 +4.603550e-03 +1.501574e-01 -6.893349e+02 +2.769324e+03 +1.323495e+04 -5.373414e+06 +1.288720e+11 -4.002557e+10 +8.516635e+11 +1.865447e+14 -2.727125e+18 -9.235708e+17   -1.081375e-07 -2.932434e-05 +3.717046e-04 -1.710658e-02 +3.079041e-01 +6.828662e+01 -2.057299e+03 +1.524528e+05 -1.012858e+07 -1.746941e+09 +1.884405e+10 -2.880771e+11 +3.364724e+14 +6.526873e+15 -1.164836e+17   
Q14-076   +8.999610e+01   +2.651996e-07 +3.587005e-02 +1.184834e-03 +3.878683e-04 +5.882556e-01 -7.183556e+02 -2.136149e+03 +3.101009e+04 +1.077005e+07 +1.287698e+11 -9.225560e+09 +2.957549e+12 -2.715629e+14 -2.694798e+18 -6.663870e+17   -2.066095e-07 -3.273632e-05 +4.729023e-04 -1.267846e-02 -8.793214e-01 +3.615572e+01 +1.415641e+03 +2.217056e+04 +1.145135e+07 -9.222720e+08 -3.685012e+10 +3.288579e+12 -2.305618e+14 -9.485563e+15 +1.937904e+18   
Q14-077   +8.999620e+01   +1.342518e-08 +3.591876e-02 +1.122001e-03 +3.873016e-03 +8.934297e-01 -7.160388e+02 -1.352385e+03 -7.068526e+04 -9.624520e+05 +1.291903e+11 +7.628479e+09 +2.804658e+12 +1.381276e+14 -2.727324e+18 +3.458244e+17   -6.341396e-08 -3.788420e-05 -1.165790e-04 +4.779061e-03 -4.097375e-02 +2.944452e+01 +2.021783e+02 -2.018907e+05 -1.053164e+07 -1.352507e+09 +9.589165e+09 +8.040686e+12 +3.201429e+14 -1.095498e+16 -4.486622e+17   
Q14-078   +8.999665e+01   +8.561860e-08 +3.588408e-02 +8.083939e-04 +1.420161e-02 -4.011412e-01 -7.186422e+02 +1.171536e+03 -3.953466e+04 -9.469260e+06 +1.290842e+11 -2.962998e+09 +2.663094e+12 +6.865167e+13 -2.734323e+18 -2.999005e+16   -1.052405e-07 -2.318665e-05 +2.679650e-04 -2.180158e-02 -7.027738e-03 +3.197672e+01 -3.405556e+02 -1.276114e+04 -3.405682e+06 -1.686797e+08 +4.930750e+09 +4.672153e+12 +2.950273e+13 -4.315728e+16 +1.328266e+18   
Q14-079   +8.999690e+01   -4.763599e-07 +3.590189e-02 -8.004008e-05 +8.463540e-03 -3.500536e-02 -7.053661e+02 +3.546347e+03 +2.434023e+04 -8.871290e+06 +1.289244e+11 -8.348412e+10 -2.323929e+12 +8.584657e+13 -2.722670e+18 -1.935479e+18   -2.158015e-07 -2.320368e-05 +3.320743e-04 -1.101024e-02 -8.326898e-02 +3.157953e+01 +2.113209e+00 +2.080707e+05 -3.120852e+06 -5.183762e+08 -7.254529e+10 -3.598185e+12 +3.277678e+13 -5.860956e+16 +1.306987e+18   
Q14-080   +8.999610e+01   -8.221411e-08 +3.592733e-02 +4.237479e-04 +5.487472e-03 -2.272314e-01 -7.975601e+02 -2.323062e+02 -2.936436e+04 +4.516879e+06 +1.309565e+11 -9.094394e+09 +1.047482e+12 -5.488909e+13 -2.767091e+18 -6.445472e+17   -1.892523e-07 -3.108596e-05 +1.609343e-04 -1.187570e-02 -8.928375e-01 +3.087715e+01 +9.086190e+02 -1.451133e+05 -1.347884e+06 -9.026427e+08 -2.379262e+10 +5.641320e+12 -1.562491e+13 -1.936945e+16 +9.468908e+17   
Q14-081   +8.999820e+01   +3.690713e-10 +3.591931e-02 +1.282553e-03 +1.852629e-02 +5.330487e-01 -6.844106e+02 -1.385594e+03 +1.075390e+04 -1.011598e+07 +1.291401e+11 +5.839521e+10 -2.258121e+12 +4.667142e+14 -2.744208e+18 +2.823705e+18   -5.284587e-07 -2.541341e-05 +5.930489e-04 -1.592305e-02 -4.131977e-01 +1.685503e+01 +4.955380e+02 -1.291198e+05 -1.407626e+07 +5.540825e+08 -1.073071e+11 +6.947603e+12 +4.298408e+14 -8.798306e+16 +4.340802e+18   
