# multipoles are divided by excitation current and units are [T], [m] and [A]
# harmonics (dipole n=0): 00 01 02 03 04 05 06 07 08 09 10 11 12 13 14 
# MAG_LABEL   CURRENT[A]   <NORMAL_MULTIPOLES/CURRENT>[T/m^(n-1)/A]   <SKEW_MULTIPOLES/CURRENT>[T/m^(n-1)/A]
Q14-002   +5.997200e+00   -2.928480e-07 +3.845046e-02 +2.964428e-03 +1.704967e-02 +1.084881e+00 -3.561941e+02 -3.477990e+03 +5.889527e+03 -3.752763e+06 +1.336736e+11 -9.088885e+10 +2.582882e+13 -2.729305e+14 -2.885345e+18 -8.535632e+18   -1.466349e-06 -2.973826e-05 +1.578192e-03 -1.034688e-02 -5.835253e-01 +2.050774e+01 +3.110316e+03 -6.684888e+01 -2.990549e+06 +1.349745e+08 +2.104417e+11 -1.132355e+13 -2.463565e+14 -8.659606e+16 +6.607780e+18   
Q14-004   +5.996300e+00   -1.143789e-06 +3.858251e-02 +1.267231e-03 +2.093254e-04 +8.523973e-01 -3.255413e+02 -4.267185e+03 -2.723596e+05 +2.046927e+06 +1.346882e+11 +6.305605e+10 +5.059455e+11 +5.714883e+14 -2.910977e+18 -3.783070e+18   -1.500208e-07 -3.806207e-05 -1.087441e-03 -1.845395e-02 -2.604258e-02 +1.634747e+01 +5.480254e+03 -1.855011e+05 +4.531236e+06 -5.502315e+08 -6.469523e+09 +1.405056e+12 +5.114764e+14 +5.379062e+15 +3.721648e+18   
Q14-005   +5.996600e+00   -9.570428e-07 +3.874207e-02 -1.095977e-04 -1.169221e-02 +4.192924e-01 -3.253213e+02 +5.135317e+03 +5.583584e+04 +6.296731e+06 +1.372988e+11 -2.068415e+10 -5.908096e+12 -7.206442e+14 -2.969573e+18 +2.433099e+18   -4.404372e-07 -5.025713e-05 +1.779839e-04 -1.251738e-02 -1.241279e+00 +2.863564e+01 +3.331363e+03 -1.289685e+05 -7.595728e+06 +1.024945e+08 -1.181259e+11 -7.493129e+11 +2.186918e+14 +1.543036e+16 -1.430520e+19   
Q14-006   +5.996350e+00   -9.043070e-07 +3.889605e-02 +1.063719e-03 -8.225726e-03 +6.246758e-01 -3.426171e+02 -4.434057e+03 +1.395996e+05 -3.409748e+05 +1.355217e+11 -6.088474e+10 +9.642948e+12 +9.129532e+14 -2.953744e+18 -1.937834e+18   -9.220302e-07 -3.856626e-05 +9.682829e-04 -2.684490e-03 -8.234980e-01 +4.024025e+01 -2.874927e+03 -3.343646e+03 +2.018044e+07 -1.128277e+08 +1.702085e+11 -1.446933e+12 +9.161695e+13 -4.818168e+16 +6.154019e+17   
Q14-007   +5.996650e+00   -1.433022e-06 +3.854766e-02 -8.779328e-04 +3.499544e-03 -1.321435e+00 -3.560448e+02 +6.719552e+03 +2.603379e+04 -3.246329e+07 +1.373346e+11 +1.375574e+10 -1.855383e+13 +6.410219e+14 -2.866729e+18 +9.622724e+18   -1.721848e-07 -3.636752e-05 -6.447555e-04 -1.087542e-02 -2.779887e-01 +3.024909e+01 +5.999993e+03 -6.585158e+05 -2.104385e+06 -7.017792e+08 +1.606175e+11 -1.839719e+13 -4.878756e+14 -4.613161e+16 -3.785627e+18   
Q14-008   +5.996550e+00   -8.991822e-07 +3.867896e-02 +1.093722e-03 -1.371753e-02 -8.495723e-01 -3.375274e+02 +1.047939e+03 +6.787703e+04 +3.180729e+06 +1.346563e+11 -9.133665e+10 +1.050230e+13 -1.101718e+14 -2.946067e+18 -6.896134e+18   -5.182358e-07 -2.379443e-05 -2.508779e-04 -3.282169e-03 +1.183825e+00 +8.015007e+01 -3.675382e+03 -6.208136e+05 -1.072434e+07 +3.853986e+08 +8.193144e+10 -5.917681e+12 -1.060299e+13 -2.222873e+16 -3.735256e+18   
Q14-009   +5.996500e+00   -6.117944e-07 +3.862475e-02 +2.514574e-03 +4.573411e-04 +1.976331e+00 -2.662163e+02 -3.344214e+03 -1.139516e+05 -1.549202e+07 +1.335105e+11 +4.474022e+10 -9.881523e+12 +6.493553e+14 -2.951507e+18 -3.363424e+18   -1.053845e-06 -2.592164e-05 +1.708650e-03 -1.223915e-02 -1.295104e+00 +4.245900e+01 -4.613715e+02 -2.877270e+05 -3.341684e+07 +1.698402e+09 +1.003192e+11 -2.729407e+11 -3.144024e+14 +4.106839e+16 -2.746430e+18   
Q14-010   +5.996900e+00   -9.011794e-07 +3.858715e-02 +1.847885e-03 +5.230876e-02 +2.383043e-01 -2.429359e+02 -2.071227e+03 -9.428531e+04 -1.845827e+06 +1.342567e+11 +3.768008e+10 +1.108342e+13 -1.344509e+14 -2.930791e+18 -2.206852e+18   -4.479188e-07 -2.810020e-05 -1.477887e-04 -2.772519e-02 -7.039706e-01 -2.700048e+01 -4.128345e+03 -3.132987e+05 -2.392003e+07 -2.078686e+08 -8.915298e+09 -9.148533e+12 -3.200002e+14 -5.777178e+16 -1.417108e+18   
Q14-011   +5.996250e+00   -1.475083e-06 +3.863875e-02 -7.127683e-04 +6.641734e-03 -4.523290e-01 -2.640269e+02 +4.217044e+03 -3.344894e+04 -2.168534e+07 +1.340387e+11 -2.717512e+11 +3.363512e+12 +4.400057e+14 -2.871181e+18 -1.052898e+19   -3.727520e-07 -2.683989e-05 +1.016102e-04 -1.183473e-02 -6.146558e-01 -3.771784e+01 -3.292881e+02 -2.535340e+05 -1.404163e+07 +4.562058e+08 +4.278813e+10 +4.369824e+12 -1.582291e+15 -8.854344e+16 -8.984400e+18   
Q14-012   +5.997250e+00   -1.098577e-06 +3.856983e-02 +3.802858e-04 +1.388913e-02 +3.670606e-01 -2.799498e+02 +1.049861e+04 +6.209263e+05 -2.373990e+07 +1.360299e+11 +1.891534e+11 +4.617160e+13 +1.416348e+14 -2.745410e+18 -1.741048e+19   +1.013307e-07 -3.249870e-05 -1.659148e-03 -1.910461e-02 -6.251117e-01 -1.536251e-01 +2.824363e+03 +3.296056e+05 -4.087057e+07 +3.398049e+08 +3.160564e+11 +1.560440e+13 +2.282558e+15 +9.126701e+16 +1.165241e+19   
Q14-013   +5.996450e+00   -1.611899e-06 +3.867133e-02 -9.655124e-04 -2.548229e-03 -1.006678e-01 -2.987951e+02 -1.125709e+03 +2.248535e+05 -1.126665e+07 +1.320958e+11 +1.348326e+11 +7.603392e+11 +7.045570e+14 -2.847128e+18 -6.974273e+18   -8.564619e-07 -3.252503e-05 +1.113683e-03 -2.083910e-02 -1.258547e+00 +5.745083e+01 -4.446891e+03 -2.940473e+05 +1.087306e+07 -4.922668e+09 -8.608734e+10 -1.603523e+12 -1.376368e+15 +8.315390e+16 -8.027063e+18   
Q14-014   +5.996900e+00   -4.998423e-07 +3.853851e-02 +2.453581e-03 +2.533080e-02 +1.719453e+00 -3.273957e+02 -5.145990e+03 -1.850161e+05 -2.353378e+07 +1.351987e+11 -9.211064e+10 +8.317317e+12 +4.766548e+14 -2.853418e+18 -3.500667e+18   -9.460551e-07 -5.919342e-06 +1.945639e-04 -9.103253e-03 -2.134466e-01 +7.144808e+01 +1.032726e+03 +1.691364e+05 -3.765746e+06 -3.291729e+08 -1.426740e+11 +1.442623e+10 +1.666790e+14 -1.256668e+17 +6.107340e+16   
Q14-015   +5.997250e+00   -1.081188e-06 +3.867954e-02 +1.044227e-03 -5.664328e-03 +3.284447e-01 -3.458957e+02 +1.507630e+03 -2.405116e+05 -8.489531e+06 +1.352178e+11 +8.681936e+10 +1.159566e+12 -4.411449e+14 -3.052251e+18 +2.186794e+18   -4.521389e-07 -2.999270e-05 +1.031470e-04 -1.229048e-02 -5.704600e-01 +6.807739e+01 -5.912025e+02 -1.089501e+05 -5.413651e+06 -2.000342e+09 +4.784034e+10 +6.466717e+12 -2.639650e+13 -4.658445e+16 +1.610065e+19   
Q14-016   +5.996600e+00   -1.059011e-06 +3.856439e-02 +3.675626e-07 -3.519184e-03 -6.973243e-02 -3.549817e+02 +2.498094e+03 -4.843503e+04 +9.234334e+06 +1.332941e+11 +7.381204e+10 -9.554528e+12 -3.046238e+14 -2.951603e+18 +4.431658e+18   -8.028509e-07 -3.566546e-05 +5.333666e-04 -1.550917e-02 +6.369259e-02 +2.986444e+01 -2.709272e+03 +7.820402e+04 -1.597516e+07 -1.788612e+09 -4.379997e+09 -3.089751e+12 +8.806705e+14 -1.330920e+16 +5.396756e+18   
Q14-017   +5.996400e+00   -1.792000e-06 +3.854818e-02 -9.418856e-04 +2.617229e-03 -1.001847e+00 -2.951619e+02 +7.035488e+02 -4.151661e+04 -1.728070e+07 +1.358283e+11 -2.478060e+10 -6.040990e+12 -7.933273e+14 -3.010962e+18 -5.495759e+18   +8.998061e-09 -3.729193e-05 -1.243623e-03 -1.992355e-02 +7.415514e-01 +4.464375e+01 +2.550981e+03 +1.029498e+05 +2.253069e+06 -4.266733e+09 -7.755877e+10 +6.942247e+12 +1.853500e+14 -6.176998e+16 -4.758837e+18   
Q14-018   +5.996700e+00   -1.141231e-06 +3.862561e-02 +6.910406e-04 +1.046211e-02 -5.155921e-01 -3.354693e+02 +3.675842e+02 -1.099144e+05 -5.789022e+06 +1.368314e+11 -3.788264e+10 -5.400392e+12 -4.398396e+14 -2.974960e+18 +6.267132e+17   -8.406934e-07 -4.039036e-05 +1.270329e-03 +1.437757e-03 -1.822327e-01 +3.546119e+01 -4.727884e+03 -3.850313e+05 -1.936663e+06 -2.199079e+09 -3.582017e+08 +1.068674e+12 +3.784642e+14 +2.807843e+16 +1.246835e+18   
Q14-019   +5.996450e+00   -1.078766e-06 +3.865717e-02 +6.713534e-04 +8.513539e-03 +3.215629e-01 -3.682075e+02 -2.337276e+03 -2.766347e+05 +9.157325e+06 +1.372023e+11 -1.093246e+11 +2.979661e+11 -5.086139e+14 -2.997970e+18 +3.097291e+18   -6.382683e-07 -3.472790e-05 +8.304620e-04 -1.964359e-02 -9.657749e-01 +1.124422e+01 -4.183395e+03 +4.583127e+04 -1.185038e+07 -2.852938e+09 +2.038549e+11 -1.769535e+13 +1.150999e+14 -1.985935e+17 +1.071129e+19   
Q14-020   +5.997700e+00   -1.521019e-06 +3.853899e-02 -9.571858e-04 -1.321333e-02 -4.071774e-01 -3.378625e+02 +4.309782e+03 -2.461712e+05 +5.474675e+05 +1.346140e+11 +4.044732e+10 -7.049577e+12 -8.351890e+14 -3.068888e+18 +9.217130e+18   -5.368048e-07 -3.612351e-05 -1.747920e-04 -2.503678e-02 -8.212436e-01 +1.109637e+02 +1.937533e+03 -4.150674e+05 +2.562441e+07 -1.391453e+09 -7.220895e+10 -1.188464e+13 +5.973211e+14 +1.048041e+17 -2.776973e+18   
Q14-021   +5.996250e+00   -1.106423e-06 +3.859982e-02 +3.583114e-04 +9.994091e-03 +9.307844e-01 -4.114093e+02 -5.894666e+02 -1.176935e+05 +1.147706e+07 +1.350279e+11 +6.879663e+10 -3.344085e+12 -1.366238e+15 -2.978036e+18 -2.267999e+18   -5.957472e-07 -2.505247e-05 +5.193266e-04 +3.979130e-03 -1.421140e+00 +2.695181e+01 -1.021246e+03 -5.969017e+05 -2.272527e+07 -1.477310e+09 +1.129535e+11 -8.406614e+12 +2.709785e+14 +7.159638e+16 +6.115511e+18   
Q14-023   +5.997900e+00   -1.663712e-06 +3.850113e-02 +1.016386e-04 +1.289469e-02 -2.158906e+00 -3.754182e+02 -1.020916e+04 +1.566145e+06 -5.357792e+07 +1.260762e+11 -5.572539e+11 +4.608425e+13 -4.881587e+15 -2.623935e+18 -4.901659e+19   -5.514999e-07 -3.178416e-05 +3.960860e-04 -1.547660e-02 +4.518798e-02 -3.556955e+00 +1.982037e+04 -2.294800e+05 +4.497723e+07 -7.115570e+09 +1.673354e+12 -6.271138e+13 +3.227655e+15 -1.298257e+17 -5.244229e+18   
Q14-024   +5.996850e+00   -1.121236e-06 +3.850410e-02 +9.703643e-04 +2.316156e-02 +3.576331e-01 -3.644588e+02 +2.726116e+03 -3.014533e+04 +1.244327e+07 +1.359246e+11 -1.057223e+11 -6.351164e+12 +1.099121e+15 -2.913038e+18 -9.437455e+18   -7.867829e-07 -3.407744e-05 +1.223432e-04 -3.121079e-04 -3.868853e-01 +7.995418e+01 +4.450418e+03 +2.551563e+05 +2.885970e+07 +1.063499e+08 +1.221413e+11 +7.249204e+12 +1.013084e+15 +2.075219e+16 +1.053686e+19   
Q14-025   +5.997100e+00   -7.351095e-07 +3.855477e-02 +1.396402e-03 -1.961586e-02 +8.190422e-01 -2.468538e+02 +3.121559e+03 -6.929167e+04 -7.782310e+06 +1.351848e+11 +1.980709e+11 -8.340346e+12 +1.749147e+14 -2.816925e+18 +1.290260e+19   -7.446598e-07 -3.633358e-05 +7.711946e-04 -1.456225e-02 -9.808587e-01 +1.472576e+01 +1.996887e+03 -2.321489e+05 -2.899887e+07 +1.165774e+09 +3.828976e+11 +9.957833e+12 +1.857995e+14 -1.326190e+15 +1.603460e+18   
Q14-026   +5.996850e+00   -3.719568e-07 +3.855379e-02 +9.901495e-04 +9.714610e-03 +3.094863e+00 -5.203320e+02 -3.428430e+03 +2.656890e+05 -4.495660e+06 +1.344100e+11 -6.296471e+10 -1.450894e+12 +1.047176e+15 -3.115209e+18 +1.311811e+18   -7.296839e-07 -3.806063e-05 +6.199306e-04 +2.165125e-02 +3.391496e-01 +1.201546e+02 -1.789605e+03 -5.319950e+05 +1.291067e+07 -2.812840e+09 -1.311486e+11 +2.781307e+12 -1.393847e+14 +5.053426e+16 +7.430886e+18   
Q14-027   +5.997250e+00   -1.200582e-06 +3.853555e-02 +1.273132e-03 -1.059100e-02 +8.397701e-01 -3.125332e+02 -5.771332e+03 -1.835186e+05 -5.211414e+06 +1.332062e+11 +1.478531e+11 +2.456533e+13 +3.786019e+14 -2.788995e+18 +2.422342e+19   -6.141008e-07 -2.963387e-05 +7.120609e-04 -2.355445e-02 -1.047052e-02 +4.456703e+01 +1.278138e+03 +3.152353e+05 +1.548395e+07 -1.583031e+09 +7.851444e+10 +5.657248e+12 +1.307454e+15 -9.451660e+16 -9.567142e+18   
Q14-028   +5.996500e+00   -1.244155e-06 +3.851258e-02 -5.857562e-04 +2.043584e-03 -6.655159e-01 -3.143480e+02 +2.555718e+03 +1.215309e+05 -4.579059e+06 +1.360379e+11 -3.583315e+10 +9.063580e+12 +4.382573e+14 -2.960942e+18 -9.778499e+17   -7.772309e-07 -3.091283e-05 +5.617575e-04 -2.663487e-02 +2.305573e-01 +4.846307e+01 -3.321638e+02 -2.956598e+05 +1.139772e+07 -7.623472e+08 -1.805987e+10 -1.033369e+13 -7.314153e+14 -4.022395e+16 +3.042411e+18   
Q14-029   +5.997550e+00   -1.142195e-06 +3.851363e-02 +1.049882e-03 -1.857450e-02 +6.813801e-01 -3.625362e+02 -6.241322e+03 +2.451436e+04 +3.242232e+07 +1.398258e+11 -6.930353e+10 +2.511325e+13 -4.252176e+14 -2.644356e+18 -4.989729e+18   -9.268221e-07 -3.960837e-05 +1.051551e-03 -1.345032e-02 -1.595986e+00 +1.256351e+02 -2.563792e+03 -3.707102e+05 -4.571745e+07 -2.115372e+09 +1.391258e+11 -9.603613e+12 -6.190513e+14 -2.287417e+17 -3.675951e+18   
Q14-030   +5.996200e+00   -1.900419e-06 +3.852877e-02 -1.856818e-03 +6.662851e-03 -1.403249e+00 -3.693716e+02 +6.104264e+03 +2.361869e+05 +8.755323e+05 +1.350365e+11 -1.388909e+11 +2.242487e+12 -3.494745e+14 -3.014881e+18 -9.410778e+18   -2.573130e-07 -3.559581e-05 -9.842337e-04 -2.202732e-02 -5.705442e-01 +3.643683e+01 -1.086728e+03 -6.849865e+04 +2.003469e+07 -3.778603e+09 -3.206843e+11 +3.678842e+12 -3.944550e+14 -1.329662e+17 -8.336260e+18   
Q14-031   +5.996350e+00   -8.216505e-07 +3.855929e-02 +8.182278e-04 -1.935873e-02 -1.421301e-01 -4.258831e+02 +3.038754e+03 +8.662373e+04 +2.120818e+07 +1.354156e+11 +1.005275e+11 +3.561852e+12 -8.245744e+14 -3.008695e+18 +6.517341e+18   -8.775724e-07 -3.757011e-05 +1.051197e-03 -3.184641e-03 +2.401889e-01 +3.493425e+01 -6.247526e+03 -2.989325e+05 +7.208514e+06 -9.672127e+08 +1.057108e+11 +2.922585e+13 +4.910187e+12 -7.261052e+16 -4.497429e+17   
Q14-032   +5.996400e+00   -6.744358e-07 +3.888118e-02 +5.820139e-04 -3.632943e-03 -3.902153e-01 -3.114866e+02 -1.738308e+03 -2.273978e+05 +1.043872e+07 +1.371066e+11 -8.508278e+10 -1.074128e+13 +8.616840e+14 -3.009711e+18 -1.186012e+18   -7.946533e-07 -4.271083e-05 +1.382357e-03 -1.109567e-02 -2.276489e+00 +3.085204e+00 -2.324178e+03 -2.676292e+05 +4.431627e+07 -6.077163e+09 +5.073361e+10 +6.129664e+12 +7.131732e+14 -4.010486e+16 +2.808664e+18   
Q14-033   +5.996650e+00   -1.482745e-06 +3.855903e-02 -1.158373e-03 +1.618539e-02 -1.376484e+00 -3.192391e+02 +6.286753e+03 +1.506148e+04 +2.895141e+06 +1.365407e+11 +2.279843e+10 +1.061127e+13 +3.674085e+14 -3.032278e+18 +3.603921e+18   -4.073054e-07 -2.936635e-05 -1.901422e-05 -3.043891e-02 +2.530013e-02 +1.001183e+02 +3.598451e+03 +4.505822e+04 +1.171447e+07 -1.085147e+09 +6.679303e+10 -1.459540e+12 +2.399158e+14 -4.581271e+16 -4.452764e+18   
Q14-034   +5.997100e+00   -6.014704e-07 +3.865522e-02 +3.688384e-04 +1.827887e-02 -7.987554e-01 -5.062040e+02 +3.697022e+03 +3.998638e+04 -4.007459e+07 +1.332669e+11 +2.510223e+11 +3.491484e+13 +1.834542e+15 -2.940928e+18 -1.929998e+18   -1.371787e-07 -3.129466e-05 -9.919860e-04 -1.376154e-02 -5.198101e-01 -5.725914e+01 -3.068021e+03 +2.871488e+05 -1.749132e+07 -2.757341e+09 -8.629473e+11 +8.522324e+12 +1.323954e+15 +1.906917e+17 -4.053593e+19   
Q14-035   +5.996350e+00   -9.057705e-07 +3.841564e-02 -1.888180e-05 +2.057899e-02 -3.654777e-01 -3.810326e+02 -3.977663e+03 +4.732996e+05 -2.701805e+07 +1.317368e+11 -6.458819e+11 +3.470583e+13 +1.112563e+15 -2.919576e+18 -6.116954e+18   -4.552811e-07 -1.974961e-05 +5.231272e-04 -1.746676e-02 -3.178926e-01 +6.077184e-01 +4.352381e+03 +4.114902e+05 +1.713804e+07 -2.730993e+09 -2.931360e+11 -1.891039e+13 +2.034781e+15 -1.810138e+17 -3.761979e+19   
Q14-036   +5.997200e+00   -2.872937e-07 +3.861755e-02 +1.445927e-03 +1.401913e-02 -8.003428e-02 -4.846345e+02 -7.210625e+03 +2.440280e+05 -1.156745e+08 +1.325015e+11 -7.623744e+11 +3.221542e+13 -3.024430e+15 -2.753638e+18 -2.111177e+19   -3.508904e-07 -2.794084e-05 -7.035108e-04 -3.866168e-03 -1.441579e+00 +1.304766e+01 -6.122104e+02 +5.106163e+05 -4.408946e+07 -8.147637e+09 -6.810948e+11 +4.092833e+12 -1.492547e+15 -4.348278e+17 +1.123311e+19   
Q14-037   +5.996750e+00   -1.064514e-06 +3.854811e-02 +5.259035e-04 +1.962153e-02 -2.749411e-01 -3.577796e+02 +2.065535e+03 -1.566657e+04 -1.411040e+07 +1.353777e+11 +8.838648e+09 +4.989211e+12 -3.097790e+14 -2.976792e+18 -1.059136e+18   -4.319910e-07 -3.068897e-05 +1.083697e-04 -6.928600e-03 -8.193845e-02 +6.143735e+01 -1.557261e+02 +3.636531e+04 +6.846342e+06 +6.807302e+08 -9.295845e+10 +9.404988e+12 -7.797929e+14 -1.514265e+16 +9.600202e+17   
Q14-038   +5.998150e+00   -6.277306e-07 +3.856756e-02 +1.191760e-03 -4.551347e-03 +7.824117e-01 -3.317146e+02 -7.767057e+03 +1.207683e+05 +5.466522e+07 +1.324606e+11 +2.502818e+11 -6.317523e+12 +1.915599e+15 -3.019299e+18 +1.270362e+19   -5.075708e-07 -3.481047e-05 +4.761481e-04 -1.724082e-02 +3.608139e-01 +1.233293e+02 -2.321529e+03 -1.865532e+05 +7.668903e+06 +3.306479e+08 -6.749126e+10 +7.017617e+12 +2.414584e+15 +1.060377e+17 -1.972600e+19   
Q14-039   +5.997200e+00   -7.488661e-07 +3.840952e-02 +2.608936e-04 -1.037253e-02 -2.470673e-02 -4.156108e+02 +2.583316e+03 +4.773703e+05 -3.318162e+07 +1.349707e+11 -2.056711e+10 +5.987021e+12 +2.236705e+15 -3.098789e+18 +6.362821e+18   -1.137032e-06 +4.610422e-06 +9.062991e-04 -8.755002e-03 -9.764842e-01 +2.444046e+01 -4.604385e+03 -9.949977e+05 -3.544447e+07 -7.496977e+09 -1.509591e+11 -1.276247e+13 +2.081059e+14 +8.618687e+16 +4.425775e+18   
Q14-040   +5.996850e+00   -1.567957e-06 +3.855673e-02 -5.561993e-04 +7.287859e-04 -9.290131e-01 -3.456982e+02 +1.311320e+03 +1.708113e+03 -1.514825e+07 +1.346610e+11 -7.231663e+10 -1.037372e+13 -1.500069e+14 -2.952078e+18 +5.155140e+18   -1.433211e-07 -2.494361e-05 -8.751381e-04 -1.106556e-02 +9.857398e-01 +1.020714e+02 +3.926553e+02 -4.724635e+05 -3.316484e+07 -2.430438e+09 -8.681583e+10 -3.724409e+12 +6.699524e+14 -4.441067e+16 +4.340794e+18   
Q14-041   +5.998350e+00   -1.175222e-06 +3.841410e-02 +5.893179e-04 +2.142099e-03 +1.352080e+00 -3.474537e+02 +6.676111e+02 +1.628025e+05 -3.029651e+07 +1.377391e+11 +1.478936e+11 -2.027664e+13 +1.149423e+14 -2.529746e+18 -1.524847e+19   -4.170197e-07 -3.287909e-05 -4.885443e-04 +7.897827e-03 +5.424512e-01 +1.183847e+02 +9.275644e+03 -1.671045e+04 +2.723957e+07 -2.911636e+09 -7.079489e+10 +1.144426e+12 +2.382002e+15 +1.378983e+17 +6.499356e+18   
Q14-042   +5.998900e+00   -4.572415e-07 +3.850553e-02 +7.906406e-04 +1.494447e-02 +1.575348e+00 -4.216276e+02 -4.320174e+03 +2.807493e+05 +3.223373e+07 +1.276980e+11 +7.657217e+10 +5.063795e+13 -4.683282e+15 -2.991864e+18 -3.139317e+18   -6.504934e-07 -2.337422e-05 +8.995344e-04 -1.212492e-02 -1.072865e+00 -3.285007e+01 +1.700622e+03 +1.905594e+04 -2.232074e+07 +2.361833e+08 -1.646906e+11 +1.214988e+12 +1.942988e+15 -1.094137e+17 +1.250454e+18   
Q14-043   +5.998500e+00   -3.194455e-07 +3.884039e-02 +1.782721e-03 +7.861699e-04 +4.040800e-02 -4.125670e+02 -1.724174e+03 -7.974435e+05 -3.420890e+07 +1.374242e+11 +3.891851e+11 -8.295871e+13 -1.265392e+15 -2.772358e+18 +9.519158e+18   -7.628689e-07 -3.737238e-05 +8.293058e-04 -3.534265e-03 -1.116773e+00 +1.126360e+02 +1.458864e+03 -4.404730e+04 -4.023986e+07 +3.542782e+08 +1.274996e+10 +2.224448e+13 -4.391289e+15 +1.515681e+17 -1.882667e+19   
Q14-044   +5.996350e+00   -8.216243e-07 +3.857523e-02 -3.327739e-04 +2.036982e-02 -8.169880e-01 -3.379097e+02 +5.112862e+02 -1.928523e+05 -7.985376e+06 +1.360163e+11 +7.662798e+09 -1.351738e+11 -1.079348e+15 -2.857008e+18 +9.407530e+18   -1.960271e-07 -3.269167e-05 -3.267843e-04 -2.693148e-02 +9.999923e-01 +2.230197e+01 -9.810074e+00 -1.051219e+05 -9.173486e+06 -6.273396e+08 -1.944485e+11 -1.635609e+13 +8.961447e+14 -6.007304e+16 -1.069694e+19   
Q14-045   +5.997050e+00   -7.474465e-07 +3.842134e-02 +6.734970e-05 +2.041389e-04 -8.130117e-02 -3.785648e+02 -1.480363e+02 +8.954686e+04 +8.350040e+06 +1.355129e+11 +1.065880e+11 +5.071644e+12 -2.188563e+14 -2.901843e+18 +1.612151e+19   -3.783814e-07 -1.352987e-05 +2.542845e-05 -5.453076e-04 -7.578001e-01 +1.072171e+02 +8.227010e+02 -2.283624e+05 +1.916966e+07 -2.542642e+09 -1.396253e+11 +7.529869e+12 -3.713633e+14 +1.159062e+17 -3.453818e+17   
Q14-046   +5.997100e+00   -2.311379e-07 +3.840531e-02 +1.016990e-03 -5.633261e-03 +1.597147e-01 -4.091851e+02 +5.832112e+02 +7.760593e+04 -2.913328e+07 +1.372157e+11 -5.742489e+10 -3.030110e+13 -7.104185e+14 -2.978044e+18 -9.316069e+18   -9.188409e-07 -2.856384e-05 +1.152545e-03 -1.362932e-02 -1.523425e+00 +1.120990e+02 +4.421299e+03 -2.881381e+05 -1.475822e+07 -1.348544e+09 +1.345111e+11 -6.295606e+12 +9.191314e+14 +1.233224e+17 +7.881376e+18   
Q14-047   +5.996850e+00   -1.430809e-07 +3.845447e-02 +1.801146e-03 -4.335068e-03 +8.457253e-01 -3.924117e+02 -7.914994e+03 +5.411074e+05 -5.361196e+07 +1.408322e+11 -1.182967e+11 -7.277512e+12 +2.049394e+15 -2.805758e+18 -2.033343e+19   -8.757766e-07 -4.218471e-05 +9.402159e-04 -1.830001e-03 +3.081493e-01 +2.586231e+02 +4.480075e+03 -7.516516e+05 +3.367635e+07 -5.703429e+09 +2.059209e+11 -9.230383e+12 +3.522334e+13 +2.027990e+17 -1.358953e+19   
Q14-048   +5.996750e+00   -9.826538e-07 +3.864236e-02 +2.473021e-04 +1.435721e-02 +1.310486e+00 -4.201849e+02 -4.344216e+02 -2.015420e+05 +2.677314e+07 +1.357942e+11 +1.461393e+11 -5.756713e+12 +1.955979e+15 -2.655013e+18 +9.120063e+18   -5.904507e-07 -2.899902e-05 +4.702279e-04 -1.532040e-02 -1.573054e+00 -3.835609e+01 +8.362158e+02 +2.617845e+04 -2.451113e+04 +3.200579e+09 +4.450252e+10 -2.795372e+13 +2.343846e+15 -4.858383e+16 -3.867757e+19   
Q14-049   +5.997850e+00   +2.596452e-08 +3.847810e-02 +2.261504e-03 +4.721675e-03 +2.772035e+00 -3.819189e+02 +1.738500e+03 +1.308587e+06 +1.306462e+08 +1.390268e+11 -3.846407e+11 +3.793586e+13 +3.256377e+15 -2.901738e+18 -3.282635e+19   -4.016599e-07 -3.706278e-05 -9.620999e-05 -6.163122e-03 -2.414762e-01 +2.478823e+01 -8.062706e+03 -8.105474e+05 -3.966993e+07 -7.802641e+08 -2.175786e+11 -3.497700e+12 -2.915771e+15 -6.184331e+17 +1.210980e+19   
Q14-050   +5.996700e+00   -4.962886e-07 +3.840406e-02 +5.630418e-04 +5.579557e-04 -7.161666e-02 -4.214393e+02 +2.442707e+03 +3.012178e+05 +2.694587e+07 +1.352747e+11 +2.188314e+11 +5.361480e+12 -1.695354e+15 -2.952405e+18 +6.754400e+18   -4.127985e-07 -2.937976e-05 -2.864611e-04 -5.872985e-03 -1.628960e+00 +9.755686e+01 +5.458415e+02 -1.739257e+05 -5.648758e+05 -2.548068e+09 +8.601736e+10 +3.695071e+13 +9.405171e+14 -7.745290e+16 +7.052821e+18   
Q14-051   +5.996550e+00   -1.132162e-06 +3.855088e-02 -5.441612e-04 -1.034860e-02 -1.346365e+00 -3.733450e+02 +2.850077e+03 -5.204221e+05 +3.449919e+06 +1.350694e+11 -7.926256e+10 +1.062481e+13 +2.136042e+14 -2.988258e+18 -5.781296e+18   -4.187528e-07 -2.536155e-05 +2.550266e-04 -2.200782e-02 +2.337296e-01 +1.407772e+02 -2.603005e+03 +3.127695e+05 +8.241387e+06 -2.287135e+08 -2.838029e+10 +1.271932e+13 -5.864162e+14 +1.199488e+17 -2.448626e+18   
Q14-052   +5.998000e+00   -1.074347e-06 +3.846000e-02 -6.866739e-04 +2.182141e-02 -4.024403e-01 -3.693575e+02 +8.355680e+03 -2.412804e+05 -2.938970e+06 +1.344761e+11 +3.820228e+11 -3.961407e+13 -1.935380e+15 -2.778538e+18 +7.107764e+18   -4.146921e-07 -2.391571e-05 -2.845620e-04 -3.393531e-02 -2.533818e-01 +9.145417e+01 +2.180889e+03 +1.310985e+05 +2.049992e+06 -6.709830e+08 -3.748381e+09 +1.392878e+13 +5.203896e+14 -3.233033e+16 +8.790250e+18   
Q14-053   +5.996400e+00   -1.367451e-06 +3.851641e-02 -7.262666e-04 -1.070651e-02 -3.630688e-01 -4.464559e+02 +3.956929e+03 +2.024600e+05 -1.209344e+07 +1.347305e+11 +7.832861e+10 +1.047580e+13 +5.209559e+14 -2.967897e+18 -5.212284e+18   -9.838993e-07 -3.412766e-05 +1.011016e-03 -9.500158e-03 -1.080065e+00 +7.778100e+01 -2.652246e+03 -3.638218e+05 -1.060970e+07 -1.192270e+09 -1.280609e+11 -1.579760e+13 -6.660962e+14 -4.050344e+16 +1.890221e+18   
Q14-054   +5.996900e+00   -1.263934e-06 +3.850233e-02 -5.044498e-04 +7.156534e-03 -3.206390e-02 -3.954917e+02 +8.590979e+02 -2.688502e+05 -1.170670e+07 +1.371769e+11 -5.217874e+10 +8.803502e+12 -3.800167e+14 -2.911731e+18 -1.222878e+18   -4.390530e-07 -2.493618e-05 -4.946309e-04 -1.691684e-02 -6.138328e-01 +7.506954e+01 +4.561272e+02 +6.604444e+04 +1.141151e+07 +1.227485e+09 -2.953261e+10 +1.101351e+13 +9.372691e+14 -1.186713e+16 +3.200727e+17   
Q14-055   +5.996700e+00   -1.318982e-06 +3.853691e-02 -1.748595e-04 +1.184129e-02 -9.622627e-01 -4.129208e+02 +1.375111e+03 +2.987003e+05 -7.299151e+06 +1.333100e+11 +7.299915e+10 +1.004906e+13 -1.034674e+15 -2.920848e+18 -3.900580e+18   -4.597300e-07 -2.685947e-05 +6.885392e-04 +5.801566e-03 -5.775618e-03 +7.580222e+01 -1.354448e+03 -6.603152e+04 -5.070767e+06 -1.900050e+09 -1.995468e+08 +3.082839e+11 +3.405038e+14 -4.731190e+16 -6.463969e+18   
Q14-056   +5.996100e+00   -1.029243e-06 +3.854409e-02 -2.109543e-04 -8.334889e-03 -1.115626e+00 -3.381671e+02 +3.330877e+03 +4.951262e+04 -1.919449e+07 +1.347630e+11 -9.379353e+10 -2.060184e+12 -6.610160e+14 -2.946525e+18 +1.082245e+18   -5.185377e-07 -1.742564e-05 +4.909203e-04 -3.543191e-02 -8.052594e-01 +8.756233e+01 -1.431114e+03 -2.358887e+04 +1.986293e+07 -1.344604e+09 -2.646360e+08 +8.631455e+10 +1.117354e+15 -2.313549e+16 +1.111739e+18   
Q14-057   +5.996850e+00   -1.072191e-06 +3.860137e-02 +5.936242e-04 +2.317770e-03 -8.952053e-01 -3.363789e+02 +3.636691e+02 +1.081218e+05 +3.605795e+06 +1.343614e+11 +1.129969e+11 +1.120256e+13 -8.223921e+14 -3.043466e+18 -5.070897e+17   -7.503366e-07 -3.449344e-05 +1.165727e-03 -1.938196e-02 -5.763668e-01 +7.033489e+01 -7.218343e+03 -3.979526e+05 -5.349805e+06 +9.625900e+08 -3.897585e+10 -6.588539e+12 +1.822925e+15 +1.132573e+17 +3.280711e+18   
Q14-058   +5.996650e+00   -5.461404e-07 +3.851082e-02 +2.146847e-03 -3.912081e-04 +7.094129e-01 -3.081974e+02 -5.299587e+03 -1.167101e+05 -1.728247e+07 +1.367075e+11 -3.045205e+09 -2.925680e+12 -7.625154e+13 -3.004749e+18 -2.768647e+18   -6.101260e-07 -2.765542e-05 +7.231262e-05 -1.994527e-02 -5.669907e-02 +1.745428e+01 +2.207704e+03 -5.305461e+04 +4.845377e+06 -1.412008e+09 -7.613286e+10 +9.535641e+12 +3.305230e+14 -6.030212e+16 -5.256301e+18   
Q14-059   +5.996800e+00   -1.158558e-06 +3.860361e-02 +8.482494e-04 -4.124686e-03 -4.163327e-01 -3.394340e+02 -3.640578e+03 +4.685684e+04 -8.229989e+06 +1.353135e+11 +1.408195e+11 +1.523742e+13 +4.290480e+14 -2.920773e+18 +8.616717e+18   -7.450545e-07 -4.436711e-05 +5.894512e-04 -4.170376e-03 -1.977321e-01 +2.573978e+01 -8.949370e+02 +8.742223e+04 +1.414092e+07 -1.053883e+09 +2.479766e+10 +9.803494e+12 -1.118808e+14 -4.289134e+15 +3.082451e+18   
Q14-060   +5.996200e+00   -1.139602e-06 +3.867624e-02 +7.279460e-04 +6.297162e-03 -2.280616e-01 -3.192800e+02 -3.383591e+03 +7.250379e+05 +2.422486e+07 +1.323284e+11 -4.775324e+11 +3.648422e+13 -8.190689e+14 -2.919439e+18 -1.568005e+19   -9.313780e-07 -2.572249e-05 +8.970977e-04 -1.875171e-02 -1.123480e-02 +8.069999e+01 +1.127915e+03 +1.514502e+05 +4.974260e+07 +9.541365e+08 +1.467270e+10 +5.688860e+12 +1.780408e+14 +7.196831e+16 -6.815630e+18   
Q14-061   +5.996500e+00   -1.572060e-06 +3.858983e-02 -6.821581e-06 -8.427208e-03 -4.274437e-02 -4.434338e+02 +4.863440e+03 +3.375978e+05 -8.247544e+06 +1.347371e+11 -1.270427e+11 +5.532884e+12 +2.439521e+14 -2.846534e+18 -3.069627e+18   -2.682483e-07 -3.072812e-05 -9.299203e-04 -8.510298e-03 -3.536841e-01 +7.811532e+01 +1.683792e+03 -3.213073e+05 -1.022985e+07 +1.150502e+09 +2.541406e+10 -1.357637e+12 +3.516573e+14 +5.120939e+15 +4.875102e+18   
Q14-062   +5.996400e+00   -1.013953e-06 +3.863813e-02 +8.260920e-04 +1.057670e-02 +5.355211e-01 -3.835413e+02 +4.664033e+02 +1.983507e+03 -3.089153e+07 +1.352050e+11 -1.705035e+11 +1.014344e+13 -7.591205e+14 -2.891398e+18 -5.058155e+18   -5.697617e-07 -4.076136e-05 +2.690247e-05 -9.648776e-03 +1.115728e-01 +5.873721e+01 +7.765006e+03 -2.123803e+05 +1.947732e+07 -5.516825e+08 +2.663105e+11 -1.322997e+09 +2.108015e+15 -8.965774e+16 +3.979308e+18   
Q14-063   +5.996150e+00   -1.421885e-06 +3.856908e-02 -2.876854e-04 +1.470443e-02 -2.557745e-02 -3.743420e+02 -9.321486e+02 +6.627784e+04 +7.052257e+06 +1.341057e+11 -1.938212e+11 -3.707941e+12 +3.303041e+14 -2.923736e+18 -5.638508e+18   -3.858186e-07 -2.560164e-05 -7.632761e-04 -1.746773e-02 +9.912839e-03 +7.277118e+00 +6.530512e+02 -8.114585e+04 -1.855451e+07 -1.216864e+09 +9.658381e+10 -1.556712e+11 +7.536541e+14 -2.582826e+16 +7.901082e+18   
Q14-064   +5.996200e+00   -1.552590e-06 +3.872926e-02 -7.119646e-05 -3.594522e-03 -5.020144e-01 -3.257074e+02 +3.997003e+03 -2.553996e+04 -1.446398e+07 +1.362333e+11 -5.053826e+10 +9.246830e+12 +1.028771e+15 -2.926175e+18 -1.062233e+18   -3.228196e-07 -3.768774e-05 -1.292952e-03 -1.774375e-02 -6.725426e-01 +8.302657e+01 +2.295932e+03 -1.801279e+05 +1.710293e+07 -7.971285e+08 +6.467821e+10 -1.391324e+12 +9.200252e+13 -2.033466e+16 -2.629972e+18   
Q14-065   +5.996800e+00   -1.451970e-06 +3.854934e-02 -2.282771e-04 -4.280871e-03 -9.246426e-02 -3.854689e+02 +1.050313e+03 +3.421450e+05 -7.264104e+06 +1.341129e+11 +6.858891e+09 -6.729141e+12 +5.673149e+14 -2.887770e+18 +1.213330e+18   -1.682654e-07 -1.948796e-05 -1.112238e-03 -1.929983e-02 +5.391631e-01 +1.117821e+01 +1.576047e+03 -2.046468e+05 -1.658146e+07 +2.416312e+08 +1.536458e+11 -2.619756e+12 +6.234482e+14 -1.152989e+17 +1.715667e+18   
Q14-066   +5.996450e+00   -1.130566e-06 +3.886681e-02 +8.293764e-04 +2.112445e-02 +1.171093e+00 -3.066024e+02 +4.759304e+02 +2.193241e+05 -1.326877e+07 +1.347344e+11 -1.391052e+11 +2.505724e+13 -1.767022e+15 -3.030301e+18 -6.022992e+18   +3.588842e-07 -3.954588e-05 -1.986165e-03 -1.386757e-02 +1.731810e+00 +6.600827e+01 +4.523193e+03 -2.366637e+05 -1.633558e+07 -7.944637e+07 +2.494889e+11 -6.105958e+12 +6.953444e+14 -1.928780e+16 +6.719429e+18   
Q14-067   +5.996700e+00   -1.618036e-06 +3.853768e-02 -8.102023e-04 +1.684660e-02 +4.148438e-01 -3.916479e+02 +1.020356e+03 -4.005395e+05 -7.294657e+06 +1.397244e+11 -5.233498e+11 -5.081320e+12 +1.172948e+15 -2.776357e+18 -1.430593e+19   -2.244835e-07 -3.760473e-05 -4.716537e-04 -8.161641e-03 +2.600495e+00 +8.747971e+01 -4.854258e+03 +1.451164e+05 -1.716050e+07 +2.119669e+09 +2.913616e+11 -2.290081e+12 -1.473174e+15 -6.797647e+16 +1.568850e+19   
Q14-068   +5.996150e+00   -7.247020e-07 +3.842537e-02 +1.809178e-03 -5.632548e-03 +4.885046e-01 -3.841727e+02 +1.952446e+03 -1.033035e+04 +5.520429e+05 +1.337189e+11 -5.201384e+10 -7.126366e+12 +9.820692e+14 -2.892699e+18 -5.701328e+18   -6.206382e-07 -2.693008e-05 +2.310631e-04 -6.428728e-03 +1.780352e-01 +1.178435e+01 -1.690048e+03 -2.881592e+05 -3.713361e+07 -1.496765e+09 +3.309007e+10 +5.867071e+12 -1.733601e+14 +2.927025e+15 +7.489766e+17   
Q14-069   +5.996750e+00   -1.543757e-06 +3.849310e-02 -2.501788e-04 +1.059359e-02 -9.845486e-01 -4.357876e+02 +1.487212e+03 +2.982584e+05 +1.444402e+07 +1.320212e+11 +2.823326e+11 +6.902707e+12 +2.988377e+14 -2.830458e+18 -4.925266e+18   -5.984553e-07 -2.640912e-05 -1.468883e-04 -7.885013e-03 -7.183840e-01 +1.359694e+01 +2.852402e+03 -1.604119e+05 -1.282159e+07 -1.996525e+09 +2.815475e+11 +2.205366e+13 +1.027431e+15 -1.668926e+17 +1.278442e+19   
Q14-070   +5.996600e+00   -8.925449e-07 +3.846890e-02 +2.657554e-03 -1.884158e-02 +2.873021e+00 -3.981439e+02 +2.682157e+02 -5.953449e+04 -2.378703e+07 +1.338787e+11 +3.984159e+10 -1.176717e+13 +7.863668e+13 -2.832182e+18 -5.745936e+18   -9.075191e-07 -2.692869e-05 +1.082135e-03 -6.061083e-03 -2.789711e-01 -1.104503e+01 -2.167265e+03 +1.875806e+05 -3.476080e+07 -2.438969e+09 -1.218003e+11 +9.974784e+12 -2.128566e+14 -1.094549e+17 +2.348959e+18   
Q14-071   +5.996850e+00   -1.318309e-06 +3.857183e-02 +2.212920e-04 -5.465634e-03 +1.848232e-01 -4.774603e+02 +1.489995e+03 +4.306242e+03 +9.693284e+06 +1.351221e+11 -1.369859e+11 +2.435570e+13 -8.820663e+14 -2.907201e+18 -4.376951e+18   -1.356841e-06 -2.947679e-05 +1.700373e-03 -6.230142e-03 -3.039152e-01 +7.820151e+01 -8.843336e+02 -6.868951e+05 -1.849641e+06 +2.865429e+09 +1.110189e+10 +4.818125e+11 +3.340982e+14 -7.780800e+15 -4.249896e+18   
Q14-072   +5.996350e+00   -1.356083e-06 +3.862253e-02 +1.005442e-03 -8.545042e-04 -4.454567e-01 -3.735958e+02 -2.549396e+03 -1.389996e+05 -9.988933e+06 +1.363223e+11 +6.430752e+10 -7.244400e+12 -8.308466e+14 -2.906725e+18 -4.954911e+18   -4.759796e-07 -3.645374e-05 -3.357996e-04 -2.408762e-02 +2.041337e+00 +3.662763e+01 -7.946728e+02 +3.613900e+04 -2.273283e+07 -1.390161e+09 +1.417879e+11 +5.554047e+12 +4.038590e+14 -8.780567e+16 +5.001763e+18   
Q14-073   +5.996750e+00   -1.083310e-06 +3.853271e-02 +3.597137e-04 +4.223194e-03 +5.050105e-01 -4.523807e+02 +3.170574e+03 -1.366158e+05 +9.768725e+06 +1.360981e+11 +3.819681e+10 +8.930671e+12 -6.092532e+14 -2.912966e+18 -4.306945e+18   -3.931386e-08 -3.484653e-05 -1.621081e-03 -1.762001e-02 +6.246840e-01 +6.734338e+01 +3.351210e+03 -1.627758e+05 -8.307872e+06 -2.374980e+09 +5.546139e+10 -4.516066e+12 +5.322775e+14 -1.290011e+17 -1.008483e+19   
Q14-074   +5.996850e+00   -6.052893e-07 +3.707902e-02 +6.110701e-04 -7.373928e-03 -3.806353e-02 -5.059660e+02 -6.731522e+03 -3.943805e+05 -5.081391e+07 +1.337749e+11 -2.085470e+10 -5.126588e+13 +5.577928e+14 -2.743319e+18 +1.821655e+19   -1.255298e-06 -2.952120e-05 +9.781080e-04 -2.751073e-02 -1.465179e+00 +2.622490e+01 +2.482140e+03 +2.398091e+05 -9.905309e+07 -2.099224e+09 +6.158638e+11 +4.759789e+13 +1.860984e+15 -1.831130e+17 +2.014931e+19   
Q14-075   +5.997000e+00   -7.935666e-07 +3.845216e-02 +1.867427e-03 -2.276226e-02 +1.830799e+00 -4.944754e+02 +2.124606e+03 +1.805086e+05 -6.237369e+06 +1.357248e+11 +6.620667e+10 +8.473175e+12 +9.495416e+14 -2.788282e+18 -5.328974e+17   -1.537558e-07 -3.816543e-05 -4.443015e-04 -2.658301e-02 +4.639498e-01 +7.011816e+01 -4.694599e+01 +1.997647e+05 -3.290870e+07 -2.688796e+09 -7.400822e+10 -7.781192e+09 +2.138596e+13 -1.944997e+16 -4.104341e+18   
Q14-076   +5.996000e+00   -1.251548e-06 +3.851166e-02 -2.515320e-04 -1.055471e-02 +6.760844e-01 -4.384138e+02 +1.563107e+03 +1.166287e+05 +1.441772e+07 +1.346249e+11 -1.676756e+10 +3.675072e+12 -9.689029e+14 -2.922305e+18 -5.699601e+18   -1.036709e-06 -4.081910e-05 +1.521072e-03 -1.534598e-02 -2.559343e+00 +5.224415e+01 -8.065575e+02 -2.251209e+05 +1.079643e+07 -1.438575e+09 -7.331538e+10 -2.321454e+12 -4.965734e+14 -7.583494e+15 +3.950507e+17   
Q14-077   +5.996350e+00   -2.112018e-06 +3.859915e-02 -1.847712e-03 -3.819540e-03 +2.772665e-01 -4.173105e+02 +5.271373e+03 +1.062404e+05 +2.255621e+07 +1.348522e+11 -5.666177e+10 +6.289786e+12 +5.587349e+14 -2.893552e+18 -2.398301e+18   -6.151260e-07 -4.515517e-05 +5.342140e-05 +1.737148e-02 -5.274432e-01 +1.451662e+00 +7.484545e+01 -4.013678e+05 -1.222695e+07 -1.639700e+09 +1.047481e+11 -9.700611e+12 +2.136922e+14 -2.385615e+16 +1.900539e+18   
Q14-078   +5.996400e+00   -7.633982e-07 +3.860455e-02 +1.623544e-03 +4.698050e-03 -3.997589e-01 -3.883739e+02 +5.855160e+02 -1.314321e+05 -3.857436e+06 +1.346276e+11 +1.140322e+11 -1.037116e+13 +1.110268e+15 -2.945759e+18 +1.353975e+17   -6.179853e-07 -2.951488e-05 +2.523142e-04 -3.846798e-02 -1.775275e-01 +7.167851e+01 -2.649021e+03 -1.282438e+04 -4.560940e+07 -2.133657e+09 +2.470469e+10 +2.288223e+13 +6.486033e+13 -3.109346e+16 -2.785480e+18   
Q14-079   +5.997500e+00   -9.825701e-07 +3.856148e-02 +9.427767e-04 -1.046627e-02 +1.137341e+00 -4.699551e+02 +6.931030e+03 +2.449419e+05 -1.063441e+07 +1.378195e+11 +6.371648e+10 +3.489964e+12 +1.549582e+14 -2.741814e+18 -9.731218e+17   -7.697836e-07 -3.225097e-05 +5.971148e-04 +2.325457e-03 -1.237225e+00 -7.371546e+01 -2.983695e+03 -1.099691e+05 -3.051865e+07 +2.055370e+08 +4.589869e+10 +5.204614e+11 -2.526774e+15 +1.065599e+17 +1.988023e+19   
Q14-080   +5.996450e+00   -1.254734e-06 +3.870538e-02 +8.030185e-05 -1.623190e-02 +5.039353e-01 -5.314301e+02 -1.618448e+03 +1.258693e+05 -1.130505e+07 +1.356135e+11 -1.616865e+10 -1.122469e+11 +1.514520e+14 -3.007795e+18 +4.465490e+18   -5.287172e-07 -3.552410e-05 -4.736891e-04 -1.760787e-02 -1.483394e+00 +2.354468e+01 +4.522871e+03 -3.202418e+05 -5.386655e+06 -7.923511e+08 +6.090557e+10 -1.033987e+13 -6.245469e+14 -5.060659e+16 +1.189190e+17   
Q14-081   +5.997450e+00   -1.055004e-06 +3.856307e-02 +1.538305e-03 -1.057175e-03 +4.179610e-02 -3.702772e+02 +4.656277e+02 +2.733427e+04 +1.660103e+07 +1.350824e+11 +7.649408e+10 -1.786081e+13 +8.029102e+14 -2.854323e+18 +1.619761e+18   -9.125642e-07 -3.207303e-05 +1.743829e-04 -4.050667e-03 +1.057138e-01 -1.946651e+01 +2.746469e+03 +5.722065e+04 -1.595979e+07 +2.980235e+08 +1.085582e+11 +9.493641e+12 +1.657297e+15 -2.387763e+16 +3.562117e+18   
