# multipoles are divided by excitation current and units are [T], [m] and [A]
# harmonics (dipole n=0): 00 01 02 03 04 05 06 07 08 09 10 11 12 13 14 
# MAG_LABEL   CURRENT[A]   <NORMAL_MULTIPOLES/CURRENT>[T/m^(n-1)/A]   <SKEW_MULTIPOLES/CURRENT>[T/m^(n-1)/A]
Q14-002   +1.299970e+02   -9.107072e-08 +3.563747e-02 +6.913551e-04 +3.194727e-02 +3.177996e-01 -6.758427e+02 +3.185644e+03 -1.553110e+05 -9.004308e+06 +1.280721e+11 -6.931271e+10 +1.099668e+13 +3.292988e+14 -2.687693e+18 -3.415273e+17   -5.015595e-07 -2.501913e-05 +3.834722e-04 +2.045036e-03 -3.054364e-01 +6.592102e+01 +1.683604e+03 +4.362972e+04 +2.918640e+05 -1.263277e+09 -4.881171e+10 +1.238367e+12 +9.745063e+13 -7.760871e+16 +7.161238e+17   
Q14-004   +1.299961e+02   -1.325883e-07 +3.562766e-02 +6.358280e-04 +1.595709e-02 +8.322980e-02 -6.319263e+02 -8.270363e+01 -2.838817e+04 -3.465444e+06 +1.278351e+11 -5.197608e+10 +2.176653e+12 +1.397457e+14 -2.731067e+18 -3.668987e+17   -8.594181e-08 -3.533937e-05 +4.953589e-04 -9.628173e-03 -5.144685e-01 +3.554409e+01 -1.336882e+03 -1.047788e+05 +3.269270e+06 -9.374027e+08 +3.435346e+10 +7.046312e+12 -1.323101e+14 -1.791200e+16 -8.540318e+17   
Q14-005   +1.299963e+02   +2.303197e-07 +3.564295e-02 +9.091736e-04 +1.530504e-02 +7.349225e-01 -6.995691e+02 +7.317694e+02 -4.585311e+04 +3.435003e+06 +1.285576e+11 -2.967639e+10 +2.686882e+12 -3.228823e+13 -2.730468e+18 +2.953409e+17   -2.870449e-08 -4.583705e-05 +1.956122e-04 -7.585315e-03 -2.377102e-01 +3.747731e+01 +1.982733e+03 -1.126800e+05 +9.532117e+06 -9.428515e+08 -5.555643e+10 +6.055306e+12 -1.856871e+14 -3.235218e+16 +7.490458e+17   
Q14-006   +1.299955e+02   -1.243270e-07 +3.565077e-02 +1.941880e-05 +9.611010e-03 -3.496878e-01 -6.722733e+02 +2.732792e+03 -7.969268e+03 +5.168953e+06 +1.280674e+11 -4.282391e+10 +2.541636e+12 -6.930103e+13 -2.724790e+18 -4.934374e+16   -1.425255e-07 -3.176322e-05 +1.055455e-04 -1.059880e-02 -2.536069e-01 +2.475490e+01 +2.952175e+02 -7.878511e+04 -1.412707e+06 -4.629781e+08 -1.414075e+09 +4.546047e+12 +1.287371e+14 -3.244375e+16 +2.249316e+17   
Q14-007   +1.299960e+02   +1.881947e-07 +3.564127e-02 +1.185989e-03 +2.392151e-02 +4.652444e-01 -6.802290e+02 -8.189467e+02 -1.277204e+03 -2.579713e+06 +1.278395e+11 -2.891949e+10 +1.556990e+12 +2.273244e+13 -2.714945e+18 +2.121621e+17   +1.128578e-07 -3.053330e-05 -2.060403e-04 -5.714939e-03 -3.281478e-01 +3.642015e+01 +1.486547e+03 -1.952364e+05 +3.388054e+06 -5.366189e+08 -2.184556e+10 +5.403259e+12 -5.712293e+13 -2.850122e+16 +5.671395e+17   
Q14-008   +1.299957e+02   +7.319300e-08 +3.564468e-02 +7.182543e-04 +1.765288e-02 -5.171683e-01 -6.851410e+02 -4.849574e+02 -7.350358e+03 +5.283405e+06 +1.276640e+11 -8.098683e+08 +7.844359e+11 -1.096043e+14 -2.699535e+18 -8.155862e+17   -2.979750e-07 -1.857487e-05 +4.182131e-04 -2.954178e-03 +2.713955e-02 +3.710500e+01 -1.794188e+03 -1.280315e+05 -9.380456e+06 -3.027702e+08 +4.551594e+10 +6.618157e+12 +2.662796e+14 -3.403963e+16 -1.099281e+18   
Q14-009   +1.299960e+02   -2.470929e-07 +3.566030e-02 +6.105885e-06 +2.537133e-02 +4.377679e-01 -6.392587e+02 +2.085971e+03 -8.234623e+04 -1.843370e+06 +1.273228e+11 -1.625399e+10 +3.069349e+12 +1.198334e+14 -2.708987e+18 -3.967558e+17   -3.179942e-08 -1.733723e-05 -1.693424e-04 -8.129250e-03 +3.262464e-01 +3.563399e+01 +2.137415e+02 -3.342181e+04 -2.006950e+06 -6.809630e+07 -1.529510e+10 +4.306333e+12 +2.142953e+13 -4.478062e+16 +1.061191e+17   
Q14-010   +1.299962e+02   +7.069844e-09 +3.563958e-02 +9.428699e-04 +3.950126e-02 +3.231038e-02 -6.428266e+02 -8.294281e+02 -6.531769e+04 -8.017234e+05 +1.274004e+11 -8.867636e+09 +2.578922e+12 +5.415687e+13 -2.706034e+18 -1.331248e+17   -1.514697e-07 -2.398896e-05 +5.644623e-04 -1.610773e-02 -5.173003e-01 +1.985423e+01 -1.705080e+03 -6.187331e+04 +3.462004e+06 -1.095043e+08 +7.489900e+07 +4.782067e+12 +3.260320e+13 -4.625980e+16 -6.370715e+17   
Q14-011   +1.299959e+02   -2.565722e-08 +3.564475e-02 +7.709074e-04 +1.405791e-02 +2.178459e-01 -6.561509e+02 +4.693910e+01 +1.290728e+04 -9.463598e+05 +1.269920e+11 -2.042901e+10 +2.668485e+12 +1.316722e+14 -2.690120e+18 -3.119736e+17   +4.589005e-10 -2.451020e-05 +2.642083e-04 -6.741926e-03 -7.488661e-01 +2.098279e+01 -3.687938e+02 -7.364410e+04 +5.273098e+06 +3.181033e+08 +1.066419e+10 +5.866187e+12 +1.191795e+14 -4.391376e+16 -5.737517e+17   
Q14-012   +1.299967e+02   +1.008597e-07 +3.564242e-02 +1.005639e-03 +2.049137e-02 +6.225540e-01 -6.456328e+02 +8.168692e+02 -3.879625e+04 -4.546176e+06 +1.270543e+11 -4.781524e+10 +2.416774e+12 -5.284094e+13 -2.688277e+18 +1.035063e+18   -1.008738e-07 -3.054821e-05 +3.437640e-04 -1.184873e-02 -5.058728e-01 +5.413849e+01 -2.127710e+02 -9.741455e+04 +6.551856e+05 -1.110921e+09 +2.644438e+10 +6.796296e+12 -6.811951e+13 -2.779101e+16 +9.833919e+16   
Q14-013   +1.299957e+02   -4.984313e-08 +3.567927e-02 +4.827658e-04 +2.000342e-02 +3.486483e-01 -6.391254e+02 -5.835725e+02 -1.354204e+05 -6.014164e+06 +1.268690e+11 +1.405175e+10 +1.492907e+12 +3.373368e+14 -2.695642e+18 -1.024759e+18   -8.675425e-08 -3.024507e-05 +2.149894e-04 -1.012438e-02 -4.478137e-01 +1.001258e+02 -2.843395e+03 -1.007696e+05 +1.894262e+07 -4.262434e+09 +9.565939e+10 +1.127116e+13 -1.230800e+15 +1.276831e+17 -3.565516e+18   
Q14-014   +1.299972e+02   -1.829010e-07 +3.563878e-02 +3.988024e-04 +2.792692e-02 +1.510146e-01 -6.421611e+02 +1.152433e+03 -1.120763e+05 -1.384586e+06 +1.273481e+11 -1.560504e+10 +2.693904e+12 +1.498485e+14 -2.699497e+18 -9.389695e+17   -3.099038e-07 -5.418007e-06 -7.074544e-05 -4.607445e-03 +2.106107e-01 +5.905674e+01 -4.317526e+01 -3.010987e+04 -9.322208e+06 -6.485893e+08 +6.034842e+09 +3.386279e+12 +2.253686e+14 -5.072308e+16 -5.549643e+17   
Q14-015   +1.299963e+02   -9.939344e-08 +3.562970e-02 +6.815292e-04 +2.362490e-03 +4.318899e-01 -7.079556e+02 +7.919179e+02 -4.435969e+03 -8.006697e+06 +1.274141e+11 -3.266328e+10 +2.481924e+12 +1.187257e+14 -2.707136e+18 +6.381759e+17   -6.967704e-08 -2.386586e-05 +2.498234e-04 -8.837013e-03 -4.127404e-01 +6.490070e+01 +6.573498e+01 +4.060562e+04 +6.582829e+06 -1.560261e+09 -1.876131e+10 +1.698754e+12 -2.530454e+14 -2.215041e+16 +8.419509e+17   
Q14-016   +1.299957e+02   +2.587471e-07 +3.563922e-02 +9.239075e-04 +1.441329e-03 +7.785573e-01 -6.780456e+02 +5.030306e+02 -3.818489e+04 -5.224299e+06 +1.268080e+11 -4.347348e+10 +2.725755e+12 +1.226187e+14 -2.666657e+18 +5.576994e+17   -1.384674e-07 -3.122089e-05 -2.498596e-05 -6.661216e-03 +5.009970e-01 +4.735856e+01 -3.969304e+02 +3.056719e+04 -1.105535e+07 -8.391801e+08 -2.580291e+10 +1.178234e+12 +2.797907e+14 -3.313638e+16 +9.858026e+17   
Q14-017   +1.299961e+02   -1.517572e-07 +3.565915e-02 +2.845069e-04 +2.753577e-02 +3.070828e-01 -6.207176e+02 +1.079104e+03 -7.378076e+04 -4.061136e+06 +1.273924e+11 +7.200598e+09 +3.768068e+12 +1.847512e+14 -2.710044e+18 -5.940544e+17   +9.070895e-08 -3.240852e-05 -8.278625e-05 -2.066484e-02 +3.474693e-01 +7.101488e+01 +3.949431e+02 -2.810638e+04 -2.842641e+06 -1.622106e+09 -2.163879e+10 +3.234247e+12 +1.262273e+14 -1.430733e+16 -2.599748e+17   
Q14-018   +1.299962e+02   +2.464170e-08 +3.567330e-02 +9.610466e-04 +1.834130e-02 +3.236806e-01 -6.581965e+02 -9.470177e+02 -1.304611e+05 +4.254813e+05 +1.287239e+11 +1.739215e+10 +3.284856e+12 +1.761197e+13 -2.752177e+18 -1.341184e+18   -3.421077e-08 -3.536636e-05 +4.317699e-04 -6.094022e-03 -9.267956e-03 +6.661217e+01 -7.964887e+02 -2.538135e+05 -3.624717e+06 -1.730059e+09 +1.202823e+10 +9.149021e+12 +3.438380e+13 -8.410969e+15 -4.667113e+17   
Q14-019   +1.299964e+02   +4.033774e-09 +3.563336e-02 +4.655562e-04 +1.873323e-02 +4.859764e-02 -6.829735e+02 +4.777942e+02 -1.694900e+05 +1.251382e+07 +1.278100e+11 -4.239883e+09 +8.073416e+12 -4.304165e+14 -2.717788e+18 -6.873024e+17   -2.568910e-08 -3.025082e-05 +2.936707e-04 -4.976535e-03 +1.152054e-01 +7.983675e+01 -1.871521e+03 +1.323277e+04 +2.613701e+05 -1.227813e+09 +3.986917e+10 -6.440225e+11 +3.256693e+13 -4.213720e+16 -1.449509e+18   
Q14-020   +1.299998e+02   +1.486140e-07 +3.562626e-02 +1.097896e-03 +1.490857e-02 +7.889435e-01 -6.637556e+02 -9.359814e+01 -2.594996e+04 +1.044459e+06 +1.274322e+11 -1.197313e+10 +1.418201e+12 -2.336277e+14 -2.711133e+18 -1.931605e+17   -2.106689e-07 -3.164322e-05 +5.622069e-04 -1.059629e-02 -7.480245e-01 +6.998758e+01 -4.348834e+02 -3.542665e+04 +9.187168e+06 -1.264297e+09 -3.973835e+10 +4.526302e+12 -1.358211e+14 -4.084499e+16 +1.686073e+18   
Q14-021   +1.299959e+02   +3.307831e-09 +3.565025e-02 +3.247729e-04 +2.598060e-02 +3.186900e-01 -7.088260e+02 +1.268170e+03 -7.406951e+04 +5.267978e+06 +1.269546e+11 -5.366629e+09 +2.182777e+12 -7.176124e+13 -2.686884e+18 -5.701111e+17   -3.041096e-07 -2.047297e-05 +7.813039e-04 +7.807639e-03 -6.582824e-01 +5.490152e+01 -2.309644e+03 -1.405194e+05 -5.018208e+06 -9.330687e+08 +6.331996e+10 +4.900938e+11 +2.252622e+14 -4.254287e+16 -1.621583e+18   
Q14-023   +1.299985e+02   -3.062395e-07 +3.563229e-02 +4.659166e-04 +7.859575e-03 +1.632159e-01 -6.745589e+02 +5.779821e+02 +1.596077e+04 -4.284971e+06 +1.273122e+11 -6.847483e+10 -7.662966e+11 +6.844392e+12 -2.707317e+18 +4.759702e+17   -4.804898e-08 -2.590751e-05 +3.821757e-04 -1.701411e-03 -1.623643e-01 +6.070659e+01 -1.200093e+03 -8.845817e+04 -1.326638e+06 -1.297807e+09 +1.365488e+09 +4.281194e+12 +3.993654e+14 -1.011234e+15 +1.528212e+18   
Q14-024   +1.299960e+02   -1.967080e-07 +3.562482e-02 +2.897538e-04 +2.657980e-02 -3.069774e-01 -6.928930e+02 +1.289815e+03 +1.968026e+04 +4.033697e+06 +1.276356e+11 -9.257239e+10 -3.555609e+11 -3.949013e+14 -2.720620e+18 -5.958923e+17   -3.405654e-07 -2.667571e-05 +6.109190e-04 -1.205755e-02 -2.973206e-01 +4.953917e+01 +8.085110e+01 -1.160096e+05 -7.878350e+06 -9.251977e+08 -3.217115e+10 +7.680223e+12 +2.194454e+13 -3.429598e+16 -1.354146e+18   
Q14-025   +1.299971e+02   +1.701351e-08 +3.562821e-02 +7.156153e-04 +1.286543e-02 +2.229654e-01 -6.665859e+02 +1.111522e+03 +4.073900e+04 -3.654971e+06 +1.275105e+11 -1.906546e+10 +6.197804e+11 +1.063632e+14 -2.693485e+18 +2.146923e+17   -2.417416e-07 -2.934825e-05 +6.208394e-04 -1.350126e-02 -5.035828e-01 +4.374001e+01 -1.136430e+03 -3.719269e+04 +2.419143e+06 -2.997679e+08 +3.661709e+10 +5.175528e+12 -3.233015e+13 -6.338832e+16 -5.859450e+17   
Q14-026   +1.299968e+02   +1.120006e-07 +3.565124e-02 -1.590388e-04 +1.699523e-02 +4.667136e-01 -7.018244e+02 +3.324046e+03 -8.382352e+04 +6.814491e+06 +1.279908e+11 -7.069690e+10 +1.128735e+12 -5.203554e+13 -2.692654e+18 +7.574853e+17   -3.594762e-08 -3.027409e-05 +2.771377e-04 +1.670633e-03 +7.131928e-01 +1.188321e+02 -2.087113e+02 -7.018622e+04 -8.132416e+06 -4.169323e+09 -1.784402e+10 +4.001354e+12 +1.641503e+14 +6.098026e+16 +1.098641e+17   
Q14-027   +1.299975e+02   -6.400542e-08 +3.564309e-02 +1.084888e-03 +1.151265e-02 +8.497679e-01 -6.625740e+02 -1.713918e+02 -3.675222e+04 -9.355565e+06 +1.272414e+11 -2.746021e+10 +1.681685e+12 +1.346918e+14 -2.702706e+18 -2.485507e+17   -4.054701e-09 -2.325322e-05 +3.866028e-04 -2.015270e-02 -5.765915e-02 +6.130363e+01 -1.233350e+03 -6.378622e+04 +8.369099e+05 -9.358642e+08 +2.737030e+10 +6.464830e+12 -1.035658e+13 -4.363052e+16 -7.663540e+17   
Q14-028   +1.299962e+02   -4.057930e-08 +3.566597e-02 -2.821470e-05 +1.858376e-02 -2.688461e-01 -6.531149e+02 +1.514690e+03 -4.975155e+04 +2.639236e+06 +1.273912e+11 -2.103855e+10 +2.085082e+12 -9.631628e+13 -2.723288e+18 -8.455786e+17   -2.683365e-07 -2.629861e-05 +6.504273e-04 -1.091784e-02 -5.099867e-01 +6.790574e+01 -8.405661e+02 -1.705357e+05 -4.313036e+05 -9.212562e+08 -6.523999e+09 +6.757032e+12 +7.476402e+13 -4.743238e+16 +7.766658e+17   
Q14-029   +1.299976e+02   -2.558090e-07 +3.563337e-02 +6.685494e-04 +7.923092e-03 +1.644264e-01 -7.041052e+02 -5.185027e+02 -2.743214e+04 -5.400597e+06 +1.275986e+11 -1.014613e+10 +3.510866e+12 +5.379623e+13 -2.698679e+18 +4.290735e+16   -4.069808e-07 -3.611913e-05 +7.756266e-04 -1.115879e-02 -2.603057e-01 +3.897995e+01 -1.874175e+03 -1.798036e+05 -1.126743e+07 -8.427848e+08 -4.265162e+08 +8.454418e+12 +3.597539e+13 -4.168155e+16 +7.428098e+16   
Q14-030   +1.299957e+02   -2.472263e-07 +3.563207e-02 +1.035940e-04 +3.916657e-03 +4.400261e-02 -6.895185e+02 +1.914490e+02 +1.199607e+04 -3.703783e+06 +1.282726e+11 -3.032596e+10 +2.838500e+12 +1.306402e+14 -2.740009e+18 +4.006607e+17   -2.036459e-07 -2.981546e-05 +1.987385e-04 -1.134078e-02 -1.114255e+00 +7.169964e+01 +8.082867e+02 -3.393318e+04 +1.044301e+06 -1.253326e+09 -4.061684e+10 +3.912474e+12 +2.891436e+12 -1.582559e+16 +6.332813e+17   
Q14-031   +1.299960e+02   +2.729032e-08 +3.562921e-02 +6.781721e-04 +4.532943e-03 -2.831026e-01 -7.184332e+02 -8.646443e+02 +2.860959e+04 +9.710230e+06 +1.287896e+11 +5.136200e+09 +3.819472e+11 -1.769180e+14 -2.739927e+18 -3.144441e+18   -1.007023e-07 -3.174213e-05 +2.632427e-04 -1.491176e-02 -5.421266e-01 +5.439733e+01 -6.777802e+02 -1.019516e+05 -1.246598e+06 -8.613311e+08 +3.605499e+10 +1.251587e+13 +2.578725e+14 -3.648915e+16 -2.731587e+17   
Q14-032   +1.299961e+02   +2.703146e-07 +3.562903e-02 +5.473977e-04 +9.357488e-03 -7.660527e-02 -6.942595e+02 +1.103939e+03 -9.588826e+04 +9.354358e+06 +1.273095e+11 -4.299621e+10 +3.564848e+12 -1.448800e+14 -2.684871e+18 -3.617272e+17   -5.221211e-08 -3.414882e-05 +6.002396e-04 -1.383123e-03 +2.809848e-02 +7.988232e+01 -1.658077e+03 -1.861387e+05 +2.665752e+06 -1.879440e+09 +9.226661e+09 +7.286632e+12 -8.113690e+13 -1.742959e+16 +8.665021e+17   
Q14-033   +1.299962e+02   -9.134790e-08 +3.563722e-02 +4.884858e-05 +3.051240e-02 -1.135609e-01 -6.943435e+02 +1.334272e+03 -1.092585e+05 +3.696772e+06 +1.276607e+11 -9.485431e+09 +3.148332e+12 -1.293415e+14 -2.694503e+18 -1.314369e+17   -4.542590e-07 -2.312387e-05 +1.412856e-03 -1.105452e-02 -1.203681e+00 +7.849222e+01 -1.952537e+03 -7.757627e+04 +5.407851e+06 -1.654381e+09 -1.664555e+10 +4.073702e+12 -1.998110e+14 -3.787231e+16 +3.496931e+17   
Q14-034   +1.299970e+02   +4.242443e-07 +3.567181e-02 +7.320724e-04 +2.419110e-02 +2.339295e-01 -7.180246e+02 +5.975203e+02 -1.914930e+04 +1.199094e+07 +1.281359e+11 -4.367165e+10 +3.142881e+11 -6.951919e+14 -2.712580e+18 +1.462921e+17   +5.172789e-09 -2.707032e-05 +7.827481e-05 -1.186750e-02 +1.226150e-01 +1.090086e+02 +5.975819e+02 -1.974537e+04 -3.983636e+06 -2.987634e+09 -7.029638e+09 +8.047963e+12 +3.482045e+14 +2.774443e+16 -1.068325e+18   
Q14-035   +1.299965e+02   +2.127193e-07 +3.564863e-02 +7.179698e-04 +2.736078e-02 +1.908331e-01 -6.898764e+02 +6.896462e+01 -8.282231e+04 +4.439723e+06 +1.275110e+11 -1.370126e+10 +1.309850e+12 -1.253102e+14 -2.701239e+18 -5.410860e+17   -1.301550e-07 -1.484083e-05 +1.117545e-03 -1.175261e-02 -8.935017e-01 +8.960334e+01 -2.210575e+03 +9.810395e+04 +8.911971e+06 -2.535135e+09 +3.755825e+10 +1.787295e+12 -1.023405e+14 +2.297181e+16 -1.179116e+18   
Q14-036   +1.299970e+02   +3.581176e-07 +3.564157e-02 +5.692622e-04 +2.407135e-02 -7.012808e-02 -7.002525e+02 +1.043070e+03 -7.444128e+04 +1.035932e+06 +1.278943e+11 -4.840198e+10 +1.168135e+12 -4.424489e+12 -2.693078e+18 +1.557107e+18   -1.806535e-07 -2.286931e-05 +4.001355e-04 -7.052914e-03 -3.909265e-01 +1.017353e+02 +2.835786e+02 -1.324137e+05 -1.348260e+06 -2.031158e+09 -3.527286e+10 +7.095653e+12 +2.487329e+14 -3.059129e+15 +9.573452e+17   
Q14-037   +1.299961e+02   +3.556658e-07 +3.563888e-02 +1.416830e-03 +3.103266e-02 +5.504764e-01 -7.206629e+02 -1.218416e+03 -4.198079e+04 -9.641143e+05 +1.280304e+11 -1.875926e+10 +1.376978e+12 +2.870934e+13 -2.705937e+18 -3.089257e+17   -7.668029e-09 -2.512872e-05 +1.465210e-04 -1.759293e-03 +1.397500e-01 +7.550505e+01 -6.667013e+02 -1.084386e+05 -1.139647e+06 -8.949438e+08 -6.149818e+09 +4.525883e+12 +2.971263e+13 -4.517423e+16 +1.724269e+17   
Q14-038   +1.299990e+02   +2.168067e-08 +3.560727e-02 +3.187672e-04 +1.467753e-02 -2.515045e-01 -7.316997e+02 -5.172754e+02 -5.727557e+04 +1.145760e+07 +1.278316e+11 +2.391811e+10 +1.531773e+12 -2.431666e+14 -2.684829e+18 -9.901361e+17   +7.263657e-09 -2.681023e-05 +5.982989e-04 -1.027037e-02 +1.621546e-01 +8.636005e+01 -2.922920e+03 +3.845516e+04 +1.089773e+06 -2.352340e+09 +3.725953e+10 +2.376104e+12 +7.186795e+13 +2.524339e+16 -8.653005e+17   
Q14-039   +1.299964e+02   +2.311444e-07 +3.562915e-02 +3.169564e-04 +9.630421e-03 +2.444246e-01 -7.048584e+02 +9.048035e+02 -1.038604e+05 +6.934277e+06 +1.277095e+11 +1.183954e+10 +4.921699e+12 -2.049321e+14 -2.727924e+18 -3.137731e+18   -1.882129e-07 +5.820793e-06 -1.174392e-04 -3.101742e-03 -1.298087e-01 +1.380957e+02 +4.036372e+02 +6.972288e+04 -7.335629e+06 -4.427463e+09 +1.579041e+10 -7.923242e+11 +2.898049e+14 +1.082078e+17 +9.387737e+17   
Q14-040   +1.299964e+02   -1.377494e-07 +3.564456e-02 +7.504055e-04 +1.128183e-02 -2.184609e-01 -6.644942e+02 -3.212767e+02 +1.308562e+04 -7.080598e+05 +1.271933e+11 -4.143544e+10 -1.452817e+12 +2.879543e+13 -2.721225e+18 -5.147789e+17   +7.913688e-09 -2.317062e-05 +6.584152e-05 -7.220385e-03 -1.025062e-02 +7.501958e+01 +1.684170e+02 -6.219678e+03 -2.303481e+06 -1.225442e+09 -2.457720e+10 +2.995831e+12 +1.200477e+14 -1.834190e+16 -2.543589e+17   
Q14-041   +1.299989e+02   -3.322742e-07 +3.563699e-02 +1.231084e-04 +2.393398e-02 -2.590125e-01 -6.539819e+02 +9.043046e+02 -2.428957e+04 +1.266538e+06 +1.273302e+11 -3.646785e+10 -4.136347e+11 +2.180072e+14 -2.695103e+18 +1.525780e+18   -1.770521e-07 -3.214082e-05 +3.437058e-04 -5.513754e-03 -4.966869e-01 +1.111865e+02 +1.744491e+02 -6.381103e+03 -1.202837e+06 -3.505761e+09 -1.648528e+09 +3.930808e+12 +2.735835e+14 +2.699602e+16 -6.105886e+17   
Q14-042   +1.299977e+02   +1.567345e-07 +3.565449e-02 +5.945426e-04 +2.145834e-02 -1.841613e-01 -6.416793e+02 +7.673737e+02 +4.606726e+04 -6.199706e+05 +1.279751e+11 -6.275549e+10 +6.023757e+12 -2.826372e+14 -2.687638e+18 +6.253256e+17   +5.184737e-08 -1.947771e-05 +4.590609e-04 -1.194581e-02 -3.706606e-01 +8.370810e+01 +4.744652e+01 +5.024330e+03 +2.288839e+06 -1.836639e+09 +5.963718e+10 +4.853816e+12 +3.603509e+13 -1.169516e+16 -7.326180e+17   
Q14-043   +1.299992e+02   +2.672710e-07 +3.567650e-02 +6.842544e-04 +1.443413e-02 -1.666869e-01 -6.810886e+02 -1.450393e+03 +6.320726e+02 +1.482855e+06 +1.274961e+11 +2.175862e+10 +1.805733e+11 -1.869462e+14 -2.720694e+18 -7.263361e+17   -6.238811e-08 -3.048891e-05 +2.259574e-04 -6.205241e-04 -3.997306e-01 +8.511899e+01 -2.892832e+02 -8.824685e+04 +8.392944e+06 -2.386986e+09 +1.295713e+10 +3.709924e+12 -1.612672e+14 -1.413873e+16 -7.566235e+17   
Q14-044   +1.299961e+02   +2.892575e-07 +3.565361e-02 +3.332853e-04 +2.530084e-02 -1.924698e-01 -6.788668e+02 +1.454625e+03 -8.970315e+04 +9.391928e+06 +1.278926e+11 -5.598783e+10 +2.610651e+12 -3.078557e+14 -2.731459e+18 -9.287217e+16   -5.619319e-08 -2.838026e-05 +5.279001e-04 -8.176161e-03 -2.004214e-01 +5.359067e+01 -2.042149e+03 -3.165077e+04 -4.739151e+06 -4.873218e+08 +4.089317e+10 +4.603517e+12 +2.172403e+14 -5.704660e+16 -1.358000e+18   
Q14-045   +1.299969e+02   +8.560189e-08 +3.562500e-02 -2.613107e-05 +5.478925e-03 -1.667679e-01 -6.746908e+02 +9.931406e+01 -4.874122e+04 +1.102707e+07 +1.271669e+11 +1.449684e+10 -1.518089e+12 -2.778391e+14 -2.684932e+18 -5.973895e+17   +3.752281e-08 -1.019845e-05 +1.145016e-05 -4.519524e-03 +4.861694e-02 +1.276157e+02 -6.245334e+02 -7.321782e+04 -3.733944e+06 -3.591089e+09 +1.054370e+10 +2.350775e+12 +2.641261e+14 +5.135549e+16 +4.269656e+17   
Q14-046   +1.299967e+02   +2.280304e-07 +3.562100e-02 +1.124112e-04 +5.076737e-03 -7.760097e-01 -7.375288e+02 +1.559920e+03 -3.742915e+04 +1.079184e+07 +1.281202e+11 -4.870701e+10 +3.796395e+11 -3.477620e+14 -2.702559e+18 +1.215432e+18   -1.181465e-07 -2.273983e-05 +3.602388e-04 -1.157150e-02 -4.718934e-01 +1.102612e+02 -1.019217e+03 -8.233863e+04 -6.683511e+06 -3.002682e+09 +7.704742e+09 +2.841398e+12 +1.771146e+14 +2.894761e+16 +2.481854e+16   
Q14-047   +1.299961e+02   +2.863310e-07 +3.561941e-02 +7.069440e-04 -7.718608e-03 +5.164681e-01 -7.113809e+02 +7.385501e+02 +1.266040e+04 +1.169900e+07 +1.269661e+11 -5.195674e+10 -5.479905e+11 -1.247714e+14 -2.635143e+18 +7.727078e+17   -1.215400e-07 -3.732919e-05 -1.306526e-04 -1.376244e-02 +2.999829e-01 +1.530121e+02 +1.540554e+03 -1.245228e+05 -8.898536e+06 -5.374212e+09 -2.367413e+10 +1.029829e+13 +2.077281e+14 +6.841753e+16 +4.769425e+16   
Q14-048   +1.299967e+02   +3.187259e-07 +3.562250e-02 +1.483674e-03 +1.854707e-02 +8.058205e-01 -7.578968e+02 -1.501806e+03 -7.360360e+04 -1.128134e+06 +1.265316e+11 +2.012096e+10 +3.034327e+12 -5.267444e+12 -2.636971e+18 -2.182135e+18   +4.171120e-07 -2.570202e-05 -7.070645e-04 -9.923890e-03 +6.653319e-03 +5.450498e+01 +2.030050e+03 -1.057944e+05 +4.638373e+06 -7.453058e+08 -2.851921e+10 +5.139122e+12 -2.889341e+13 -3.319983e+16 +2.294616e+17   
Q14-049   +1.299976e+02   +3.993697e-07 +3.560987e-02 +8.192644e-04 +1.457548e-02 +3.736141e-01 -7.218408e+02 +5.108653e+01 -5.931305e+04 +4.590004e+06 +1.283694e+11 -4.029064e+09 +2.014543e+12 -9.665678e+13 -2.702368e+18 -8.530981e+17   +1.019891e-07 -2.772592e-05 +1.066452e-04 -1.028570e-02 -5.755984e-02 +7.953616e+01 -3.642850e+01 -6.124586e+04 -1.282731e+06 -2.421410e+09 +3.067168e+10 +4.249690e+12 -4.473292e+13 +1.912782e+16 -7.006942e+17   
Q14-050   +1.299947e+02   +4.174133e-07 +3.562424e-02 +6.021839e-04 +9.748405e-03 -7.781186e-02 -6.930560e+02 -1.006929e+03 -2.021862e+04 +2.012634e+07 +1.276841e+11 +3.385098e+09 -3.522282e+12 -5.380082e+14 -2.689830e+18 -1.028820e+18   -3.795716e-07 -2.321173e-05 +1.146513e-03 -9.885672e-03 -9.792530e-01 +1.314786e+02 -2.661485e+03 -4.243183e+04 -4.449804e+06 -4.103891e+09 +1.082974e+10 +2.904232e+12 +5.387324e+14 +5.248156e+16 -1.728704e+18   
Q14-051   +1.299963e+02   -2.470986e-09 +3.561057e-02 -4.285387e-05 +1.227990e-02 -4.421807e-01 -7.128235e+02 +1.166926e+03 -7.867770e+04 +7.043064e+06 +1.278986e+11 -2.272282e+10 +3.902908e+12 -6.780443e+13 -2.686664e+18 -1.833966e+18   +1.036685e-08 -2.394687e-05 +4.811847e-04 -2.469136e-03 -2.023665e-01 +6.419003e+01 -1.250606e+03 +4.912282e+03 +1.326041e+06 -1.503134e+09 -2.780265e+09 +2.196262e+12 +4.181058e+13 -5.092570e+14 -7.118298e+17   
Q14-052   +1.299971e+02   +4.094141e-08 +3.560841e-02 -2.475887e-04 +2.866217e-02 -1.068400e-01 -6.748258e+02 +2.570993e+03 -6.637804e+04 +5.740261e+06 +1.266764e+11 -5.903181e+10 +9.387263e+11 -4.432269e+14 -2.666013e+18 +4.793743e+17   +1.199133e-07 -2.419499e-05 -1.280390e-04 -2.288947e-02 -5.006427e-01 +7.543695e+01 +1.006052e+03 -1.366357e+05 +3.910042e+06 -1.794590e+09 -1.562900e+10 +5.860231e+12 -4.484558e+13 -8.630169e+15 +1.869549e+18   
Q14-053   +1.299962e+02   +4.339588e-08 +3.562751e-02 +9.873558e-04 +3.456067e-03 +4.529351e-01 -7.170806e+02 -1.664097e+03 -4.144513e+04 +3.395029e+06 +1.282495e+11 +4.600872e+10 +4.030789e+12 -1.427895e+14 -2.708218e+18 -2.505564e+18   -2.788955e-07 -2.653725e-05 +6.825531e-04 +7.903346e-04 -1.315580e-01 +7.539123e+01 -1.182560e+03 -6.501905e+04 -6.938016e+06 -2.014455e+09 +5.422221e+09 +3.495941e+12 +6.213795e+14 -1.605075e+16 -4.733760e+17   
Q14-054   +1.299964e+02   -1.057542e-07 +3.561970e-02 +2.790742e-04 +2.073679e-02 +2.662445e-01 -7.128198e+02 +4.907862e+02 -6.300264e+04 -8.573699e+05 +1.278312e+11 -2.732733e+10 +3.461547e+12 +2.996165e+14 -2.708590e+18 -7.390209e+17   -2.414863e-07 -1.893313e-05 +5.819803e-04 -1.122093e-02 -6.492855e-01 +6.958963e+01 +2.108407e+02 +5.906841e+03 +1.015462e+06 -1.355885e+09 -1.575131e+10 +4.068651e+12 +1.499943e+14 -4.468155e+15 -1.162958e+18   
Q14-055   +1.299964e+02   -9.514679e-08 +3.563219e-02 +3.700762e-04 +1.877693e-02 -2.531899e-01 -7.134127e+02 +1.177217e+03 -9.498371e+04 +1.638024e+06 +1.266887e+11 -3.902537e+10 +2.243254e+12 +1.062472e+14 -2.682053e+18 +9.661044e+16   -4.221972e-08 -2.368552e-05 +2.993918e-04 -2.315589e-03 +7.003049e-02 +6.755781e+01 -5.299460e+02 -7.667282e+04 -2.523333e+06 -1.108179e+09 -2.167966e+10 +5.327236e+12 +3.059512e+14 -2.414291e+16 +6.936983e+17   
Q14-056   +1.299960e+02   -1.752909e-07 +3.562080e-02 -1.382499e-04 +1.908938e-02 -3.793911e-01 -7.236663e+02 +2.867320e+03 -8.032755e+04 +1.365584e+06 +1.281830e+11 -7.262602e+10 +9.927482e+11 -1.096901e+13 -2.704445e+18 +1.626542e+18   +4.109063e-08 -1.184536e-05 +5.859855e-04 -1.742123e-02 -8.675528e-01 +6.629922e+01 -1.274863e+03 +6.962350e+04 +4.279998e+06 -1.463311e+09 +1.725423e+10 +1.991720e+12 -1.836119e+14 -1.765478e+16 +2.153375e+17   
Q14-057   +1.299965e+02   -1.634893e-07 +3.565382e-02 +2.208462e-04 +9.071667e-04 -2.099977e-01 -6.778753e+02 +1.042473e+02 -6.327537e+04 -2.605929e+06 +1.278025e+11 +2.478892e+10 +3.444897e+12 +1.229804e+13 -2.706905e+18 -1.278605e+18   -8.319209e-08 -2.941740e-05 +5.318149e-04 -8.909201e-03 -2.808266e-01 +6.523399e+01 -1.434515e+03 -9.305066e+04 -9.323459e+05 -1.068016e+09 -3.860989e+09 +6.455451e+12 +8.397565e+12 -2.087736e+16 +3.975416e+17   
Q14-058   +1.299965e+02   -2.615197e-08 +3.564860e-02 +6.557493e-04 +1.373297e-02 -5.125459e-01 -6.789983e+02 +2.693110e+02 -8.688465e+04 +1.570629e+06 +1.275370e+11 -5.024698e+10 +2.420704e+12 -5.379305e+13 -2.705984e+18 +4.125524e+17   -2.893936e-07 -2.172187e-05 +6.791550e-04 -1.161284e-02 -3.107794e-01 +6.486011e+01 -7.520919e+02 -7.213041e+04 +2.390227e+06 -7.034009e+08 -9.583773e+09 +5.045392e+12 -1.161210e+13 -6.076814e+16 -7.624281e+17   
Q14-059   +1.299959e+02   -1.789133e-07 +3.565576e-02 +5.475266e-04 +9.419782e-03 -1.089884e-01 -6.802646e+02 +5.744937e+02 -3.012040e+04 -1.134306e+07 +1.277496e+11 -3.430432e+10 +1.160862e+12 +2.984665e+14 -2.701769e+18 -1.847653e+17   -3.462378e-07 -3.453091e-05 +8.697913e-04 -6.928366e-03 -5.169729e-01 +5.563332e+01 -1.847497e+03 -4.003741e+04 +1.429169e+06 -1.029857e+09 -9.809263e+08 +5.787353e+12 +1.033214e+14 -1.849361e+16 -1.074626e+18   
Q14-060   +1.299955e+02   -3.483031e-07 +3.562136e-02 -1.475606e-05 +7.503571e-03 -4.521860e-01 -6.827312e+02 +1.822405e+03 +1.488382e+04 -2.024148e+06 +1.269595e+11 -5.291463e+10 +1.402737e+11 +1.970429e+14 -2.680870e+18 +1.164010e+18   -1.237393e-07 -2.366356e-05 -5.167593e-06 -8.358966e-03 +4.274327e-01 +5.933535e+01 -3.318409e+02 -5.803017e+04 -2.906344e+06 -8.429246e+08 -1.817784e+10 +4.126079e+12 +7.306718e+13 -4.367727e+16 +1.541587e+18   
Q14-061   +1.299960e+02   -2.617300e-07 +3.564050e-02 +6.599155e-04 +8.036470e-03 +6.968654e-02 -6.930036e+02 +4.620920e+02 -2.875272e+04 -9.411567e+06 +1.269409e+11 -2.241326e+10 +9.584787e+11 +2.647788e+14 -2.672269e+18 +5.934051e+17   -1.662524e-07 -2.443865e-05 +4.172529e-04 -1.568072e-02 -4.907426e-01 +5.972044e+01 -7.857642e+02 +1.336872e+04 -5.235640e+06 -1.400167e+09 +7.835072e+09 +5.205282e+12 +1.532799e+14 -1.608842e+16 -2.755155e+17   
Q14-062   +1.299959e+02   -2.118880e-07 +3.566381e-02 +3.264251e-04 +1.008119e-02 -3.007091e-01 -6.989318e+02 +7.091338e+02 -1.395452e+04 -3.174435e+06 +1.273429e+11 -2.586508e+10 +6.047122e+11 +3.360964e+12 -2.688888e+18 -3.661583e+17   -1.754519e-07 -3.327623e-05 +2.968137e-04 -9.621996e-03 -4.551742e-01 +8.007560e+01 -1.993480e+02 -1.029129e+05 +1.293928e+06 -1.900305e+09 -9.326386e+09 +4.844220e+12 +9.878596e+13 -3.856496e+15 +8.181812e+17   
Q14-063   +1.299962e+02   -3.036906e-07 +3.562590e-02 +1.187632e-04 +1.119765e-02 +4.686525e-01 -7.169407e+02 +1.685092e+03 -8.874506e+04 -8.871029e+06 +1.271469e+11 -3.445373e+10 +2.087716e+12 +3.360614e+14 -2.690299e+18 -5.683111e+16   -1.352407e-07 -2.297225e-05 -7.303120e-05 -1.763972e-02 +9.908982e-02 +6.779875e+01 -1.986362e+02 -9.161622e+04 -3.882041e+06 -1.094545e+09 +1.305685e+10 +3.769346e+12 +2.467480e+14 -4.741620e+16 -5.898266e+17   
Q14-064   +1.299965e+02   -5.473607e-07 +3.563208e-02 +2.457918e-06 +1.623170e-02 -3.097923e-01 -7.034546e+02 +1.557080e+03 -1.306011e+04 -7.038562e+06 +1.281483e+11 -2.955777e+10 +1.366784e+12 +2.259003e+14 -2.733904e+18 -1.638543e+18   -2.301318e-07 -3.316210e-05 +2.110415e-04 -1.311142e-02 -3.458486e-01 +2.546168e+01 +9.003665e+01 -1.495580e+04 +8.472859e+05 -4.797647e+08 +1.156477e+09 +6.425971e+12 -5.358548e+12 -4.009970e+16 -6.378238e+17   
Q14-065   +1.299964e+02   -1.937062e-07 +3.561754e-02 +7.057905e-04 +1.772933e-02 +4.628627e-01 -7.111954e+02 -5.554405e+02 -7.260256e+04 -8.514890e+06 +1.271585e+11 -6.633482e+09 +3.187671e+12 +3.490867e+14 -2.674926e+18 -1.097843e+18   -3.739072e-07 -1.456940e-05 +9.274826e-04 -1.617560e-02 -6.664988e-01 +4.103161e+01 -2.184751e+03 -3.039373e+04 +2.270180e+06 -5.799663e+08 +9.865035e+09 +4.352107e+12 -3.923419e+13 -5.433720e+16 -3.598634e+16   
Q14-066   +1.299965e+02   -1.491653e-07 +3.563740e-02 +5.768808e-04 +1.897147e-02 +4.754409e-01 -6.907321e+02 +9.965514e+02 -6.614103e+03 +7.303392e+05 +1.279681e+11 +1.519975e+09 +2.279492e+12 -6.716591e+13 -2.724914e+18 -1.638860e+18   -5.531161e-08 -3.174259e-05 +5.433889e-04 -7.301178e-03 -8.935825e-02 +2.550151e+01 -2.498153e+03 -1.248142e+05 -1.014297e+05 -4.707669e+08 +3.466352e+10 +5.575959e+12 +4.385539e+13 -4.801937e+16 -2.072048e+17   
Q14-067   +1.299966e+02   -7.145362e-08 +3.564658e-02 +9.326829e-04 +3.004446e-02 +1.132299e+00 -7.231425e+02 -5.279920e+01 -7.481674e+04 -7.147065e+06 +1.281837e+11 +1.762433e+10 +2.973925e+12 +2.129479e+14 -2.705635e+18 -7.429908e+17   -2.650536e-07 -3.207245e-05 +8.775906e-04 -1.109577e-02 +4.401675e-01 +2.815871e+01 -3.544068e+03 -3.642177e+04 -1.144761e+07 -6.110043e+08 +3.499700e+10 +4.829946e+12 +3.101717e+14 -3.928319e+16 -7.321853e+17   
Q14-068   +1.299959e+02   -9.365465e-08 +3.568081e-02 +5.743116e-04 +9.877150e-03 +6.153843e-01 -7.362967e+02 +2.182137e+03 +1.264492e+04 -6.832681e+06 +1.277830e+11 -5.367516e+10 +6.665488e+11 +2.458326e+14 -2.690512e+18 +8.212036e+17   -2.726025e-07 -2.110305e-05 +3.582953e-04 -3.898783e-03 -4.404491e-02 +1.883006e+01 -1.950693e+03 -1.067868e+05 -1.304540e+07 -2.841045e+08 +2.917496e+10 +7.671782e+12 +2.988429e+14 -4.730640e+16 -1.435409e+18   
Q14-069   +1.299962e+02   -1.481033e-07 +3.564802e-02 +5.987417e-04 +2.472348e-02 -1.973663e-01 -7.395976e+02 -3.816085e+02 -4.882557e+04 +5.215606e+06 +1.277828e+11 +9.344327e+09 +2.272002e+12 -1.497434e+14 -2.693613e+18 -1.492104e+18   -1.882743e-07 -2.384907e-05 +1.793273e-04 -4.288956e-03 -5.191612e-01 +2.070577e+01 +1.168112e+03 -3.710345e+04 +7.411797e+06 +1.141553e+08 -2.187026e+10 +5.425609e+12 -2.337849e+13 -4.344579e+16 +3.575164e+17   
Q14-070   +1.299963e+02   -2.744790e-07 +3.565111e-02 +5.807512e-04 -1.055932e-02 +4.565188e-01 -6.869879e+02 +2.421330e+03 +8.093492e+04 -1.805231e+07 +1.271865e+11 -3.088798e+10 +2.794642e+11 +3.134628e+14 -2.666403e+18 -3.642022e+17   +1.783437e-08 -2.258306e-05 -2.416306e-04 -6.121938e-03 +5.033942e-01 +2.944677e+01 +7.755490e+02 -2.168975e+04 -1.673821e+06 -3.314112e+08 -5.000892e+10 +5.272634e+12 -2.697549e+13 -3.990694e+16 +1.427013e+18   
Q14-071   +1.299971e+02   -2.090162e-07 +3.564182e-02 +6.999389e-04 +1.563928e-02 +4.159090e-01 -7.452427e+02 -3.124438e+02 -1.212239e+04 -3.577602e+06 +1.278876e+11 -9.569337e+09 +1.050084e+12 +1.208845e+13 -2.702949e+18 -8.048826e+17   -3.014792e-07 -2.379691e-05 -1.574944e-05 +1.652359e-03 +3.229842e-01 +5.038907e+01 +5.514961e+02 -1.052649e+05 -6.131610e+06 -8.875183e+08 -1.769632e+10 +3.305935e+12 +1.516452e+14 -2.713537e+16 -7.794466e+15   
Q14-072   +1.299963e+02   -5.141963e-07 +3.565671e-02 +1.174923e-04 +1.792720e-02 -2.355780e-01 -7.245178e+02 +5.740696e+01 -1.348991e+04 -2.898159e+06 +1.279683e+11 +1.360782e+08 +3.090706e+12 +2.241186e+14 -2.702252e+18 -1.189310e+18   -1.094306e-07 -3.216511e-05 -3.969990e-06 -3.536588e-03 +1.122447e+00 +3.734816e+01 -2.250628e+03 -7.631513e+04 -8.428471e+06 -7.461785e+08 +1.285983e+10 +5.255077e+12 +3.109272e+14 -3.583893e+16 -1.384161e+18   
Q14-073   +1.299971e+02   -1.463363e-07 +3.564322e-02 +1.559212e-04 +2.065692e-02 +4.708750e-01 -7.095164e+02 +2.292318e+03 -7.367467e+04 +1.676382e+06 +1.273183e+11 -3.225211e+10 +1.531140e+12 -3.465982e+12 -2.691492e+18 +3.214840e+17   -4.484529e-07 -3.198382e-05 +1.066255e-03 -1.937771e-02 -2.744344e-01 +6.911157e+01 -3.548028e+03 -1.572834e+03 -1.101076e+07 -1.392108e+09 +4.113289e+10 +3.519710e+12 +3.007982e+14 -2.653828e+16 -8.329278e+17   
Q14-074   +1.299971e+02   +7.635802e-08 +3.563699e-02 -3.820722e-04 +6.562153e-03 -7.354363e-02 -7.376305e+02 +4.451102e+03 +4.236495e+04 +1.014363e+07 +1.275396e+11 -7.817774e+10 -1.499600e+12 -4.268008e+14 -2.678811e+18 +1.532977e+18   -5.258226e-07 -2.630970e-05 +4.534684e-04 -1.656871e-02 -2.824115e-01 +6.425315e+01 -1.744499e+03 +4.004772e+04 -1.734000e+07 -1.497390e+09 +9.064725e+09 +2.320703e+12 +4.418012e+14 -2.081160e+16 +3.297024e+17   
Q14-075   +1.299974e+02   -3.392172e-07 +3.566223e-02 +1.971149e-04 +4.326242e-03 +2.129805e-01 -7.253565e+02 +2.346505e+03 +6.087574e+04 -7.395437e+06 +1.281793e+11 -3.641833e+10 -8.839354e+11 +2.523146e+14 -2.714467e+18 -7.116062e+17   -1.315226e-07 -2.925456e-05 +5.297736e-04 -1.713134e-02 +2.699369e-01 +6.980171e+01 -2.137565e+03 +1.268653e+05 -6.146362e+06 -2.041360e+09 -1.668401e+10 -6.955812e+11 +1.817788e+14 -3.829696e+15 +1.030494e+18   
Q14-076   +1.299958e+02   +2.734316e-07 +3.563768e-02 +1.148504e-03 +1.050842e-03 +5.747260e-01 -7.556386e+02 -1.946742e+03 -1.083422e+04 +9.034361e+06 +1.278759e+11 +1.031463e+10 +1.095454e+12 -2.867114e+14 -2.686578e+18 -5.386902e+17   -1.307453e-07 -3.245386e-05 +2.678952e-04 -1.314406e-02 -7.682268e-01 +3.144267e+01 +1.907249e+03 +4.196298e+04 +1.294743e+07 -1.037937e+09 -3.643895e+10 +2.916363e+12 -2.105339e+14 -1.550931e+16 +1.438032e+18   
Q14-077   +1.299959e+02   +3.304013e-08 +3.568284e-02 +1.110895e-03 +4.559968e-03 +9.623504e-01 -7.498920e+02 -1.578306e+03 -6.812736e+04 +1.965640e+06 +1.282175e+11 -3.011686e+09 +1.781472e+12 +1.353685e+14 -2.706288e+18 +8.046092e+16   -3.800925e-08 -3.778192e-05 -1.362308e-04 +4.450831e-03 -2.697715e-02 +3.689213e+01 +6.539160e+01 -1.693635e+05 -8.994591e+06 -1.091254e+09 +5.023289e+09 +7.090663e+12 +5.336186e+14 -1.363205e+15 -4.865155e+17   
Q14-078   +1.299961e+02   +7.280965e-08 +3.563831e-02 +6.679204e-04 +1.318231e-02 -4.699624e-01 -7.507019e+02 +9.122297e+02 -7.463409e+03 -2.294031e+06 +1.284057e+11 -2.060506e+10 +3.041115e+12 +3.035970e+14 -2.707544e+18 +8.947430e+17   -4.261051e-08 -2.324302e-05 +1.007155e-04 -2.203730e-02 +7.249278e-03 +2.515455e+01 -3.355075e+02 +6.979324e+04 -3.467176e+06 -2.948669e+08 -1.175061e+10 +5.206532e+12 -1.315799e+13 -1.948932e+16 +8.205662e+17   
Q14-079   +1.299985e+02   -5.349050e-07 +3.566965e-02 -3.580521e-04 +7.987908e-03 -2.015080e-01 -7.374641e+02 +4.523368e+03 +1.368954e+04 -1.767797e+07 +1.277203e+11 -6.833423e+10 +4.279312e+12 +2.420929e+14 -2.706875e+18 +1.971384e+18   -1.810088e-07 -2.302831e-05 +2.426563e-04 -1.095065e-02 +3.137375e-02 +2.777144e+01 +6.844235e+02 +1.011941e+05 +4.489478e+06 -7.614367e+08 -3.473412e+10 -1.788364e+12 +8.838271e+13 -4.544907e+16 +1.310227e+18   
Q14-080   +1.299960e+02   -5.917879e-08 +3.565837e-02 +4.183843e-04 +5.680073e-03 -2.463687e-01 -8.342064e+02 -7.413885e+01 -5.213846e+04 +3.622064e+06 +1.298371e+11 -1.342128e+10 +5.811053e+11 +5.161683e+13 -2.759943e+18 -9.018439e+17   -2.952791e-07 -3.087883e-05 +5.792151e-04 -1.191610e-02 -1.181326e+00 +3.390030e+01 +2.257398e+00 -1.543287e+05 +1.978565e+06 -7.497825e+08 -3.361550e+10 +6.190602e+12 -8.924290e+13 -2.180053e+16 +1.570790e+18   
Q14-081   +1.299968e+02   -3.943629e-09 +3.567697e-02 +1.171606e-03 +1.757438e-02 +3.885739e-01 -7.106483e+02 -1.374849e+03 +3.010669e+04 -1.212461e+07 +1.282450e+11 -5.365911e+09 -2.573872e+12 +6.590604e+14 -2.707831e+18 -1.211855e+18   -4.635609e-07 -2.520777e-05 +4.411090e-04 -1.636083e-02 -2.745153e-01 +1.925093e+01 +1.213149e+03 -1.236885e+05 -8.797993e+06 +6.977232e+08 -6.663796e+10 +6.063968e+12 +7.366874e+14 -1.222756e+17 +5.482865e+18   
