DATA	HORA	AMP01BH	AMP02AH	AMP02BH	AMP03AH	AMP03CH	AMP03BH	AMP04AH	AMP04BH	AMP05AH	AMP05BH	AMP06AH	AMP06BH	AMP07AH	AMP07BH	AMP08AH	AMP08BH	AMP09AH	AMP09BH	AMP10AH	AMP10BH	AMU11AH	AMU11BH	AMP12AH	AMP12BH	AMP01AH	AMP01BV	AMP02AV	AMP02BV	AMP03AV	AMP03CV	AMP03BV	AMP04AV	AMP04BV	AMP05AV	AMP05BV	AMP06AV	AMP06BV	AMP07AV	AMP07BV	AMP08AV	AMP08BV	AMP09AV	AMP09BV	AMP10AV	AMP10BV	AMU11AV	AMU11BV	AMP12AV	AMP12BV	AMP01AV	
06/03/2010 07:34:13	-0.893619	0.013409	-0.983757	-0.468184	-1.170044	NaN	0.391912	-0.861073	-1.609564	-0.487480	0.472609	-0.525370	-0.527272	-0.279412	-0.392372	0.272404	-0.159979	-0.054126	-0.286832	-0.505186	0.359983	0.773156	-0.616327	-0.950442	-0.526329	-0.411157	0.007292	0.304302	0.434620	2.174665	NaN	0.437303	-0.358114	0.925805	0.855771	1.152012	-0.883926	0.029033	0.337663	0.737838	-0.026006	0.303299	0.581403	0.657622	0.496403	0.984154	1.560031	0.817779	0.437171	0.338423	
13/03/2010 06:31:27	-0.888908	-0.619671	-0.953185	-0.583990	-1.158961	NaN	0.415761	-0.845610	-1.605657	-0.483977	0.510284	-0.525309	-0.572805	-0.419409	-0.394994	0.275569	-0.139754	0.004921	-0.281224	-0.514845	0.373706	0.827767	-0.667263	-0.973521	-0.507645	-0.412767	0.439941	0.269892	0.533723	2.149663	NaN	0.447131	-0.354344	0.934742	0.850139	1.182522	-0.874707	0.038395	0.342350	0.751907	-0.027773	0.302919	0.583023	0.656227	0.506951	0.982143	1.570339	0.918278	0.434739	0.336171	
20/03/2010 09:27:15	-0.897636	0.012500	-0.949413	-0.582829	-1.134321	-2.175402	0.439736	-0.807314	-1.591103	-0.454124	0.470293	-0.529132	-0.603758	-0.246455	-0.416598	0.199151	-0.183162	-0.078072	-0.264658	-0.516820	0.426438	0.786114	-0.677242	-0.997025	-0.551325	-0.416391	-0.005151	0.298843	0.504865	2.152087	0.224791	0.425335	-0.348559	0.927092	0.819044	1.182511	-0.912079	0.008521	0.295794	0.776001	-0.005651	0.235953	0.566155	0.657567	0.458982	0.985894	1.510814	0.884439	0.463785	0.357936	
27/03/2010 07:04:21	-0.919311	-0.008032	-0.969577	-0.575789	-1.134835	-2.179725	0.480916	-0.798289	-1.582729	-0.492286	0.453253	-0.559211	-0.419957	-0.194515	-0.415696	0.242803	-0.154330	-0.043547	-0.300605	-0.529990	0.379035	0.849386	-0.687405	-1.008749	-0.572454	-0.408331	0.018727	0.263288	0.497451	2.153932	0.255865	0.423777	-0.333676	0.935581	0.829329	1.168572	-0.900718	-0.006002	0.352808	0.796385	-0.026171	0.223822	0.553274	0.693099	0.542476	0.986198	1.603242	0.906511	0.446233	0.335109	
03/04/2010 07:04:38	-0.922512	-0.002591	-0.993243	-0.578145	-1.129919	-2.176668	0.400898	-0.852544	-1.582561	-0.495518	0.443627	-0.552468	-0.417901	-0.196933	-0.413867	0.242239	-0.151043	-0.039782	-0.316560	-0.571767	0.378255	0.848510	-0.687460	-1.000569	-0.574163	-0.408484	0.015613	0.276091	0.498977	2.160588	0.250160	0.424793	-0.333740	0.931795	0.826194	1.167139	-0.902373	-0.009536	0.353305	0.794931	-0.025688	0.223022	0.548250	0.693457	0.558632	0.984275	1.592968	0.905613	0.455244	0.335086	
10/04/2010 06:22:20	-0.921997	0.023763	-1.028898	-0.566646	-1.132266	-2.153881	0.428017	-0.850002	-1.581194	-0.488336	0.439615	-0.555680	-0.423315	-0.208306	-0.418824	0.240858	-0.150250	-0.066431	-0.254488	-0.549087	0.378297	0.845653	-0.680939	-0.993906	-0.577668	-0.406084	0.011316	0.266564	0.512769	2.171727	0.241641	0.435607	-0.358352	0.934523	0.826903	1.165211	-0.945255	0.008272	0.344898	0.807088	-0.041373	0.224365	0.564728	0.672397	0.488135	0.977691	1.615087	0.891407	0.456984	0.338856	
17/04/2010 07:03:05	-0.920893	0.016733	-0.982372	-0.568129	-1.131472	-2.164533	0.432270	-0.812399	-1.581136	-0.481000	0.413712	-0.561602	-0.443545	-0.184820	-0.404316	0.248340	-0.146633	-0.052148	-0.336159	-0.592776	0.415002	0.797654	-0.650814	-0.963011	-0.545739	-0.406466	0.009893	0.285518	0.510235	2.173518	0.243003	0.428862	-0.351017	0.937568	0.828573	1.168353	-0.940307	0.008617	0.350660	0.801676	-0.033759	0.222601	0.559481	0.675603	0.591991	0.964784	1.565309	0.905708	0.468937	0.359057	
24/04/2010 07:02:09	-0.921271	0.014169	-1.017742	-0.568719	-1.135127	-2.167515	0.356716	-1.012124	-1.581404	-0.480645	0.416977	-0.539748	-0.491706	-0.233030	-0.397156	0.252408	-0.138185	-0.049668	-0.302947	-0.574098	0.362195	0.802868	-0.656990	-0.886580	-0.561824	-0.405475	0.015797	0.292081	0.508641	2.175747	0.244831	0.424848	-0.346916	0.936415	0.829933	1.167252	-0.914535	0.009868	0.335374	0.798609	-0.032865	0.208220	0.563471	0.665814	0.525693	0.983983	1.589334	0.952717	0.490972	0.377042	
01/05/2010 07:02:18	-0.921228	0.012277	-0.958815	-0.565015	-1.133977	-2.163527	0.413824	-0.829484	-1.581547	-0.480407	0.422875	-0.535233	-0.449203	-0.188094	-0.408423	0.252242	-0.146937	-0.053787	-0.337091	-0.584063	0.367202	0.797169	-0.652285	-0.963645	-0.550450	-0.407004	0.013335	0.305364	0.511156	2.174947	0.242523	0.428423	-0.359337	0.936944	0.827291	1.168205	-0.914974	0.007534	0.346863	0.805137	-0.039632	0.221269	0.560331	0.678452	0.591067	0.972918	1.573887	0.899736	0.467354	0.356013	
15/05/2010 07:02:18	-0.918378	0.004129	-0.999548	-0.578517	-1.139843	-2.157307	0.425070	-0.745352	-1.578923	-0.483594	0.453539	-0.539174	-0.490386	-0.221716	-0.392440	0.261369	-0.142596	-0.058561	-0.309134	-0.578493	0.362977	0.793199	-0.610521	-0.939939	-0.546004	-0.405353	0.012495	0.349978	0.491582	2.186894	0.251238	0.422110	-0.352077	0.937755	0.833386	1.149036	-0.963163	0.010608	0.335877	0.814099	-0.044171	0.217041	0.558092	0.666683	0.560836	0.976722	1.611344	0.966047	0.498941	0.382495	
22/05/2010 07:01:31	-0.922854	0.035242	-0.984432	-0.581265	-1.142861	-2.150403	0.376215	-0.768923	-1.586004	-0.478951	0.445752	-0.545736	-0.500261	-0.229112	-0.392169	0.259775	-0.139580	-0.060933	-0.301508	-0.564240	0.353906	0.777516	-0.644250	-0.876900	-0.557520	-0.402820	0.013904	0.346883	0.511501	2.207264	0.252455	0.427619	-0.362314	0.937588	0.833705	1.159612	-0.935349	0.014323	0.331628	0.813112	-0.043228	0.212251	0.563738	0.664384	0.541578	0.976830	1.612825	0.948903	0.504414	0.383494	
29/05/2010 07:02:23	-0.919462	0.034623	-0.969246	-0.577036	-1.143994	-2.163720	0.382660	-0.812089	-1.581923	-0.494027	0.422100	-0.548413	-0.422249	-0.202795	-0.413341	0.247452	-0.152956	-0.074549	-0.287640	-0.534155	0.398205	0.855869	-0.650472	-0.961553	-0.530851	-0.405508	0.014046	0.362137	0.499873	2.202647	0.239956	0.420889	-0.350226	0.937989	0.831752	1.162873	-0.926859	0.007935	0.345296	0.808760	-0.042901	0.223370	0.563596	0.681741	0.512028	0.959080	1.597122	0.885724	0.477075	0.400148	
04/06/2010 07:02:52	-0.914952	-0.003024	-1.048766	-0.574718	-1.146638	-2.160967	0.385745	-0.972152	-1.580708	-0.481218	0.402839	-0.543158	-0.503882	-0.234473	-0.409810	0.246384	-0.129132	-0.056089	-0.294944	-0.544141	0.359829	0.802549	-0.641451	-0.935122	-0.538849	-0.406768	0.016404	0.319256	0.494801	2.211485	0.236320	0.427603	-0.337125	0.941514	0.830653	1.161309	-0.943840	0.013819	0.335016	0.810602	-0.046593	0.205278	0.554034	0.649631	0.516059	0.985319	1.600612	0.920261	0.514660	0.383788	
12/06/2010 07:01:56	-0.911590	0.048595	-1.087721	-0.573549	-1.146511	-2.166599	0.439717	-0.858441	-1.577155	-0.476115	0.443027	-0.535439	-0.497617	-0.223349	-0.396505	0.260044	-0.139948	-0.049214	-0.307525	-0.568027	0.353552	0.793247	-0.639697	-0.919400	-0.544232	-0.403872	0.020228	0.299733	0.493590	2.205465	0.239548	0.415593	-0.342486	0.936614	0.837737	1.163863	-0.921072	0.019207	0.331270	0.805127	-0.052607	0.210835	0.556584	0.644952	0.529136	1.000149	1.614001	0.972251	0.506267	0.343634	
12/06/2010 07:01:56	-0.911590	0.048595	-1.087721	-0.573549	-1.146511	-2.166599	0.439717	-0.858441	-1.577155	-0.476115	0.443027	-0.535439	-0.497617	-0.223349	-0.396505	0.260044	-0.139948	-0.049214	-0.307525	-0.568027	0.353552	0.793247	-0.639697	-0.919400	-0.544232	-0.403872	0.020228	0.299733	0.493590	2.205465	0.239548	0.415593	-0.342486	0.936614	0.837737	1.163863	-0.921072	0.019207	0.331270	0.805127	-0.052607	0.210835	0.556584	0.644952	0.529136	1.000149	1.614001	0.972251	0.506267	0.343634	
19/06/2010 07:18:54	-0.904960	0.004137	-1.047421	-0.568153	-1.147624	-2.183038	0.341272	-0.960497	-1.575618	-0.476456	0.397625	-0.553239	-0.490310	-0.216822	-0.391901	0.258201	-0.133736	-0.075485	-0.316651	-0.570487	0.360915	0.785118	-0.614515	-0.947395	-0.533874	-0.423834	0.004184	0.411820	0.496250	2.203055	0.227997	0.439967	-0.340435	0.949097	0.830447	1.151900	-0.908597	0.013683	0.360644	0.798132	-0.053892	0.220267	0.554779	0.638783	0.522856	0.995673	1.597680	0.978457	0.516816	0.332041	
20/06/2010 01:31:22	-0.907406	0.048602	-1.048045	-0.569499	-1.167386	-2.486337	0.493116	-0.891619	-1.604344	-0.449311	0.470111	-0.488117	-0.507959	-0.180966	-0.407732	0.288312	-0.115222	-0.089351	-0.277603	-0.515779	0.374039	0.799416	-0.654007	-0.993462	-0.546954	-0.404970	0.014572	0.439080	0.511527	2.195273	0.574050	0.462702	-0.277055	0.992286	0.885402	1.163535	-0.831311	0.060315	0.373216	0.873880	-0.009271	0.286175	0.618823	0.677764	0.533971	0.997099	1.619155	0.991484	0.604480	0.360410	
04/07/2010 00:14:47	-0.898778	NaN	NaN	NaN	NaN	NaN	NaN	NaN	NaN	NaN	NaN	NaN	NaN	NaN	NaN	NaN	NaN	NaN	NaN	NaN	NaN	NaN	NaN	NaN	NaN	NaN	NaN	NaN	NaN	NaN	NaN	NaN	NaN	NaN	NaN	NaN	NaN	NaN	NaN	NaN	NaN	NaN	NaN	NaN	NaN	NaN	NaN	NaN	NaN	NaN	
14/08/2010 07:29:24	-0.902917	0.055887	-1.030185	-0.579307	-1.174649	-2.493077	0.340439	-0.762092	-1.606883	-0.472587	0.398191	-0.474949	-0.502904	-0.221987	-0.437216	0.258956	-0.114066	0.010375	-0.346613	-0.543044	0.353843	0.833486	-0.780167	-1.030611	-0.557727	-0.418230	0.035156	0.327156	0.530617	2.231695	0.621088	0.364855	-0.256899	0.994122	0.871531	1.165231	-0.855732	0.088310	0.368243	0.889835	-0.027763	0.315862	0.616499	0.720191	0.529065	0.976077	1.637103	0.938163	0.579850	0.349811	
21/08/2010 07:21:32	-0.902172	0.062940	-0.963463	-0.577302	-1.172692	-2.484485	0.440278	-0.774065	-1.601383	-0.467935	0.459856	-0.477019	-0.508954	-0.226729	-0.392334	0.295151	-0.112650	0.010814	-0.305205	-0.504981	0.353435	0.839346	-0.724329	-0.999298	-0.556675	-0.418839	0.044450	0.296918	0.529435	2.236907	0.613236	0.845181	-0.289169	0.988388	0.868210	1.179269	-0.872352	0.089764	0.369746	0.892320	0.001841	0.311884	0.617805	0.722131	0.533979	0.972717	1.636870	0.932433	0.577996	0.360601	
30/08/2010 08:49:01	NaN	NaN	NaN	NaN	NaN	NaN	0.415245	-0.737573	NaN	NaN	NaN	NaN	NaN	NaN	NaN	NaN	NaN	NaN	NaN	NaN	NaN	NaN	NaN	NaN	NaN	NaN	NaN	NaN	NaN	NaN	NaN	0.492543	-0.265619	NaN	NaN	NaN	NaN	NaN	NaN	NaN	NaN	NaN	NaN	NaN	NaN	NaN	NaN	NaN	NaN	NaN	
30/08/2010 09:04:43	NaN	NaN	NaN	NaN	NaN	NaN	0.409017	-0.725984	NaN	NaN	NaN	NaN	NaN	NaN	NaN	NaN	NaN	NaN	NaN	NaN	NaN	NaN	NaN	NaN	NaN	NaN	NaN	NaN	NaN	NaN	NaN	0.507223	-0.229416	NaN	NaN	NaN	NaN	NaN	NaN	NaN	NaN	NaN	NaN	NaN	NaN	NaN	NaN	NaN	NaN	NaN	
30/08/2010 09:21:21	NaN	NaN	NaN	NaN	NaN	NaN	NaN	NaN	NaN	NaN	NaN	NaN	NaN	NaN	NaN	NaN	NaN	NaN	NaN	NaN	NaN	NaN	NaN	NaN	NaN	NaN	NaN	NaN	NaN	NaN	NaN	0.496718	NaN	NaN	NaN	NaN	NaN	NaN	NaN	NaN	NaN	NaN	NaN	NaN	NaN	NaN	NaN	NaN	NaN	NaN	
30/08/2010 09:25:50	NaN	NaN	NaN	NaN	NaN	NaN	NaN	NaN	NaN	NaN	NaN	NaN	NaN	NaN	NaN	NaN	NaN	NaN	NaN	NaN	NaN	NaN	NaN	NaN	NaN	NaN	NaN	NaN	NaN	NaN	NaN	0.437032	NaN	NaN	NaN	NaN	NaN	NaN	NaN	NaN	NaN	NaN	NaN	NaN	NaN	NaN	NaN	NaN	NaN	NaN	
30/08/2010 09:31:48	NaN	NaN	NaN	NaN	NaN	NaN	NaN	NaN	NaN	NaN	NaN	NaN	NaN	NaN	NaN	NaN	NaN	NaN	NaN	NaN	NaN	NaN	NaN	NaN	NaN	NaN	NaN	NaN	NaN	NaN	NaN	0.397292	NaN	NaN	NaN	NaN	NaN	NaN	NaN	NaN	NaN	NaN	NaN	NaN	NaN	NaN	NaN	NaN	NaN	NaN	
30/08/2010 09:37:37	NaN	NaN	NaN	NaN	NaN	NaN	NaN	NaN	NaN	NaN	NaN	NaN	NaN	NaN	NaN	NaN	NaN	NaN	NaN	NaN	NaN	NaN	NaN	NaN	NaN	NaN	NaN	NaN	NaN	NaN	NaN	0.467609	NaN	NaN	NaN	NaN	NaN	NaN	NaN	NaN	NaN	NaN	NaN	NaN	NaN	NaN	NaN	NaN	NaN	NaN	
30/08/2010 09:42:12	NaN	NaN	NaN	NaN	NaN	NaN	NaN	NaN	NaN	NaN	NaN	NaN	NaN	NaN	NaN	NaN	NaN	NaN	NaN	NaN	NaN	NaN	NaN	NaN	NaN	NaN	NaN	NaN	NaN	NaN	NaN	0.340366	NaN	NaN	NaN	NaN	NaN	NaN	NaN	NaN	NaN	NaN	NaN	NaN	NaN	NaN	NaN	NaN	NaN	NaN	
30/08/2010 09:46:27	NaN	NaN	NaN	NaN	NaN	NaN	NaN	NaN	NaN	NaN	NaN	NaN	NaN	NaN	NaN	NaN	NaN	NaN	NaN	NaN	NaN	NaN	NaN	NaN	NaN	NaN	NaN	NaN	NaN	NaN	NaN	0.396559	NaN	NaN	NaN	NaN	NaN	NaN	NaN	NaN	NaN	NaN	NaN	NaN	NaN	NaN	NaN	NaN	NaN	NaN	
30/08/2010 09:56:25	NaN	NaN	NaN	NaN	NaN	NaN	NaN	NaN	NaN	NaN	NaN	NaN	NaN	NaN	NaN	NaN	NaN	NaN	NaN	NaN	NaN	NaN	NaN	NaN	NaN	NaN	NaN	NaN	NaN	NaN	NaN	0.392520	NaN	NaN	NaN	NaN	NaN	NaN	NaN	NaN	NaN	NaN	NaN	NaN	NaN	NaN	NaN	NaN	NaN	NaN	
30/08/2010 10:16:20	NaN	NaN	NaN	NaN	NaN	NaN	NaN	NaN	NaN	NaN	NaN	NaN	NaN	NaN	NaN	NaN	NaN	NaN	NaN	NaN	NaN	NaN	NaN	NaN	NaN	NaN	NaN	NaN	NaN	NaN	NaN	0.321474	-0.264385	NaN	NaN	NaN	NaN	NaN	NaN	NaN	NaN	NaN	NaN	NaN	NaN	NaN	NaN	NaN	NaN	NaN	
30/08/2010 12:46:13	-0.899342	0.065391	-0.984865	-0.580672	-1.151431	-2.484491	0.444605	-0.797466	-1.585257	-0.462014	0.485558	-0.458164	-0.513518	-0.212640	-0.380284	0.318504	-0.088174	-0.041239	-0.246684	-0.454338	0.377302	0.822610	-0.644541	-0.943898	-0.533814	-0.398119	0.028335	0.452686	0.501320	2.178245	0.630758	0.310985	-0.198338	0.999452	0.818149	1.221151	-0.852134	0.053564	0.396849	0.829155	0.004259	0.376572	0.588947	0.611209	0.549593	0.971832	1.631327	0.933926	0.560765	0.391399	
30/10/2010 07:38:41	NaN	NaN	NaN	NaN	NaN	NaN	NaN	NaN	NaN	NaN	NaN	NaN	NaN	NaN	NaN	NaN	-0.159948	-0.104282	NaN	NaN	NaN	NaN	NaN	NaN	NaN	NaN	NaN	NaN	NaN	NaN	NaN	NaN	NaN	NaN	NaN	NaN	NaN	NaN	NaN	NaN	NaN	0.309209	0.632514	NaN	NaN	NaN	NaN	NaN	NaN	NaN	
30/10/2010 07:52:58	NaN	NaN	NaN	NaN	NaN	NaN	NaN	NaN	NaN	NaN	NaN	NaN	NaN	NaN	NaN	NaN	-0.154910	-0.104697	NaN	NaN	NaN	NaN	NaN	NaN	NaN	NaN	NaN	NaN	NaN	NaN	NaN	NaN	NaN	NaN	NaN	NaN	NaN	NaN	NaN	NaN	NaN	0.317260	0.633109	NaN	NaN	NaN	NaN	NaN	NaN	NaN	
09/11/2010 23:52:17	NaN	NaN	NaN	NaN	NaN	NaN	NaN	NaN	NaN	NaN	NaN	NaN	NaN	NaN	NaN	NaN	-0.119776	-0.018408	NaN	NaN	NaN	NaN	NaN	NaN	NaN	NaN	NaN	NaN	NaN	NaN	NaN	NaN	NaN	NaN	NaN	NaN	NaN	NaN	NaN	NaN	NaN	0.311515	0.599862	NaN	NaN	NaN	NaN	NaN	NaN	NaN	
10/11/2010 00:03:17	NaN	NaN	NaN	NaN	NaN	NaN	NaN	NaN	NaN	NaN	NaN	NaN	NaN	NaN	NaN	NaN	-0.111532	-0.024495	NaN	NaN	NaN	NaN	NaN	NaN	NaN	NaN	NaN	NaN	NaN	NaN	NaN	NaN	NaN	NaN	NaN	NaN	NaN	NaN	NaN	NaN	NaN	0.319028	0.605827	NaN	NaN	NaN	NaN	NaN	NaN	NaN	
10/11/2010 22:17:18	-0.915438	0.042239	-0.946546	-0.571720	-1.165012	-2.489813	0.462306	-0.823041	-1.573005	-0.483031	0.522733	-0.502741	-0.500308	-0.229970	-0.386304	0.256996	-0.106651	0.002824	-0.289527	-0.496190	0.365537	0.800317	-0.686449	-0.960881	-0.551147	-0.415241	0.025546	0.465152	0.566722	2.248183	0.612546	0.385420	-0.233088	0.981448	0.858123	1.213186	-0.836316	0.059381	0.376488	0.806405	-0.020972	0.319896	0.608459	0.690678	0.539492	1.031693	1.569895	0.967204	0.570619	0.327948	
09/12/2010 14:35:57	0.013984	NaN	NaN	NaN	NaN	NaN	NaN	NaN	NaN	NaN	NaN	NaN	NaN	NaN	NaN	NaN	NaN	NaN	NaN	NaN	NaN	NaN	NaN	NaN	NaN	NaN	NaN	NaN	NaN	NaN	NaN	NaN	NaN	NaN	NaN	NaN	NaN	NaN	NaN	NaN	NaN	NaN	NaN	NaN	NaN	NaN	NaN	NaN	NaN	NaN	
09/12/2010 14:47:57	0.015176	NaN	NaN	NaN	NaN	NaN	NaN	NaN	NaN	NaN	NaN	NaN	NaN	NaN	NaN	NaN	NaN	NaN	NaN	NaN	NaN	NaN	NaN	NaN	NaN	NaN	NaN	NaN	NaN	NaN	NaN	NaN	NaN	NaN	NaN	NaN	NaN	NaN	NaN	NaN	NaN	NaN	NaN	NaN	NaN	NaN	NaN	NaN	NaN	NaN	
09/12/2010 16:24:31	-0.201921	NaN	NaN	NaN	NaN	NaN	NaN	NaN	NaN	NaN	NaN	NaN	NaN	NaN	NaN	NaN	NaN	NaN	NaN	NaN	NaN	NaN	NaN	NaN	NaN	NaN	NaN	NaN	NaN	NaN	NaN	NaN	NaN	NaN	NaN	NaN	NaN	NaN	NaN	NaN	NaN	NaN	NaN	NaN	NaN	NaN	NaN	NaN	NaN	NaN	
09/12/2010 16:30:25	-0.244761	NaN	NaN	NaN	NaN	NaN	NaN	NaN	NaN	NaN	NaN	NaN	NaN	NaN	NaN	NaN	NaN	NaN	NaN	NaN	NaN	NaN	NaN	NaN	NaN	NaN	NaN	NaN	NaN	NaN	NaN	NaN	NaN	NaN	NaN	NaN	NaN	NaN	NaN	NaN	NaN	NaN	NaN	NaN	NaN	NaN	NaN	NaN	NaN	NaN	
09/12/2010 16:33:15	6.962267	-4.085581	NaN	NaN	NaN	NaN	NaN	NaN	NaN	NaN	NaN	NaN	NaN	NaN	NaN	NaN	NaN	NaN	NaN	NaN	NaN	NaN	NaN	NaN	NaN	NaN	NaN	NaN	NaN	NaN	NaN	NaN	NaN	NaN	NaN	NaN	NaN	NaN	NaN	NaN	NaN	NaN	NaN	NaN	NaN	NaN	NaN	NaN	NaN	NaN	
09/12/2010 16:36:21	7.511415	NaN	NaN	NaN	NaN	NaN	NaN	NaN	NaN	NaN	NaN	NaN	NaN	NaN	NaN	NaN	NaN	NaN	NaN	NaN	NaN	NaN	NaN	NaN	NaN	NaN	NaN	NaN	NaN	NaN	NaN	NaN	NaN	NaN	NaN	NaN	NaN	NaN	NaN	NaN	NaN	NaN	NaN	NaN	NaN	NaN	NaN	NaN	NaN	NaN	
09/12/2010 20:56:31	-0.000390	-0.002059	NaN	NaN	NaN	NaN	NaN	NaN	NaN	NaN	NaN	NaN	NaN	NaN	NaN	NaN	NaN	NaN	NaN	NaN	NaN	NaN	NaN	NaN	NaN	NaN	NaN	NaN	NaN	NaN	NaN	NaN	NaN	NaN	NaN	NaN	NaN	NaN	NaN	NaN	NaN	NaN	NaN	NaN	NaN	NaN	NaN	NaN	NaN	NaN	
09/12/2010 21:06:59	0.002282	0.008524	-0.008807	0.021577	-0.041875	0.089842	0.036811	NaN	NaN	NaN	NaN	NaN	NaN	NaN	NaN	NaN	NaN	NaN	NaN	NaN	NaN	NaN	NaN	NaN	NaN	NaN	NaN	NaN	NaN	NaN	NaN	NaN	NaN	NaN	NaN	NaN	NaN	NaN	NaN	NaN	NaN	NaN	NaN	NaN	NaN	NaN	NaN	NaN	NaN	NaN	
09/12/2010 21:30:01	-0.000273	-0.002792	NaN	NaN	NaN	NaN	NaN	NaN	NaN	NaN	NaN	NaN	NaN	NaN	NaN	NaN	NaN	NaN	NaN	NaN	NaN	NaN	NaN	NaN	NaN	NaN	NaN	NaN	NaN	NaN	NaN	NaN	NaN	NaN	NaN	NaN	NaN	NaN	NaN	NaN	NaN	NaN	NaN	NaN	NaN	NaN	NaN	NaN	NaN	NaN	
09/12/2010 21:43:19	-0.000390	NaN	NaN	NaN	NaN	NaN	NaN	NaN	NaN	NaN	NaN	NaN	NaN	NaN	NaN	NaN	NaN	NaN	NaN	NaN	NaN	NaN	NaN	NaN	NaN	NaN	NaN	NaN	NaN	NaN	NaN	NaN	NaN	NaN	NaN	NaN	NaN	NaN	NaN	NaN	NaN	NaN	NaN	NaN	NaN	NaN	NaN	NaN	NaN	NaN	
09/12/2010 21:51:07	-0.000390	NaN	NaN	NaN	NaN	NaN	NaN	NaN	NaN	NaN	NaN	NaN	NaN	NaN	NaN	NaN	NaN	NaN	NaN	NaN	NaN	NaN	NaN	NaN	NaN	NaN	NaN	NaN	NaN	NaN	NaN	NaN	NaN	NaN	NaN	NaN	NaN	NaN	NaN	NaN	NaN	NaN	NaN	NaN	NaN	NaN	NaN	NaN	NaN	NaN	
09/12/2010 21:59:26	-0.000273	-0.002792	-0.011560	-0.000439	-0.000402	-0.000580	-0.004881	-0.003330	-0.000670	-0.000753	0.003517	0.002269	-0.000572	-0.000617	0.003135	0.002908	-0.000719	-0.000594	0.003980	0.002640	-0.000468	-0.000407	0.003458	0.003744	-0.000385	NaN	NaN	NaN	NaN	NaN	NaN	NaN	NaN	NaN	NaN	NaN	NaN	NaN	NaN	NaN	NaN	NaN	NaN	NaN	NaN	NaN	NaN	NaN	NaN	NaN	
10/12/2010 05:11:56	-0.926561	0.057714	-0.912544	-0.566858	-1.169451	-2.422290	0.453871	-0.823842	-1.569693	-0.480722	0.550552	-0.492931	-0.488732	-0.039416	-0.376555	0.284833	-0.098156	-0.010955	-0.277862	-0.491650	0.352772	0.787992	-0.640527	-0.961980	-0.553741	NaN	NaN	NaN	NaN	NaN	NaN	NaN	NaN	NaN	NaN	NaN	NaN	NaN	NaN	NaN	NaN	NaN	NaN	NaN	NaN	NaN	NaN	NaN	NaN	NaN	
10/12/2010 11:36:40	-0.918026	0.036156	-0.907804	-0.566848	-1.165046	-2.417044	0.445505	-0.812389	-1.575514	-0.474631	0.531074	-0.493617	-0.487723	-0.462364	-0.388450	0.261000	-0.101180	0.013753	-0.294259	-0.484155	0.357459	0.787589	-0.655180	-0.966319	-0.552325	-0.392617	0.033433	0.464961	0.560642	2.155094	0.684974	0.387389	-0.276461	0.949896	0.876557	1.208613	-0.810857	0.082764	0.588480	0.191043	0.018879	0.319833	0.617238	0.668760	0.539208	0.976798	1.547551	0.952192	0.580175	0.349106	
15/12/2010 10:47:53	-0.921668	0.047429	-0.900114	-0.615525	-1.165615	-2.475077	0.465850	-0.821724	-1.564356	-0.475783	0.545513	-0.471715	-0.702682	-0.478722	-0.433882	0.251127	-0.097546	0.030434	-0.276967	-0.483849	0.364699	0.742472	-0.616739	-0.969086	-0.554821	-0.354374	0.236964	0.510594	0.742967	1.968578	0.053902	0.451233	-0.332208	0.991982	0.810143	1.128117	-1.103489	0.388938	0.700640	3.404444	0.165046	0.447105	-0.010531	0.313862	0.390013	0.763348	1.521717	0.910085	0.660001	0.230649	
15/12/2010 15:34:38	NaN	NaN	NaN	NaN	NaN	NaN	NaN	NaN	NaN	NaN	NaN	NaN	NaN	NaN	NaN	NaN	NaN	NaN	NaN	NaN	NaN	NaN	NaN	NaN	NaN	NaN	NaN	NaN	NaN	NaN	NaN	NaN	NaN	NaN	NaN	NaN	NaN	NaN	NaN	NaN	NaN	NaN	7.054516	NaN	NaN	NaN	NaN	NaN	NaN	NaN	
15/12/2010 15:52:39	NaN	NaN	NaN	NaN	NaN	NaN	NaN	NaN	NaN	NaN	NaN	NaN	NaN	NaN	NaN	NaN	NaN	NaN	NaN	NaN	NaN	NaN	NaN	NaN	NaN	NaN	NaN	NaN	NaN	NaN	NaN	NaN	NaN	NaN	NaN	NaN	NaN	NaN	NaN	NaN	NaN	NaN	0.574602	NaN	NaN	NaN	NaN	NaN	NaN	NaN	
15/12/2010 16:07:24	NaN	NaN	NaN	NaN	NaN	NaN	NaN	NaN	NaN	NaN	NaN	NaN	NaN	NaN	NaN	NaN	NaN	NaN	NaN	NaN	NaN	NaN	NaN	NaN	NaN	NaN	NaN	NaN	NaN	NaN	0.683960	NaN	NaN	NaN	NaN	NaN	NaN	NaN	NaN	NaN	NaN	NaN	0.570445	NaN	NaN	NaN	NaN	NaN	NaN	NaN	
15/12/2010 16:14:08	NaN	NaN	NaN	NaN	NaN	NaN	NaN	NaN	NaN	NaN	NaN	NaN	NaN	NaN	NaN	NaN	NaN	NaN	NaN	NaN	NaN	NaN	NaN	NaN	NaN	NaN	NaN	NaN	NaN	NaN	NaN	NaN	NaN	NaN	NaN	NaN	-0.876065	NaN	NaN	NaN	NaN	NaN	NaN	NaN	NaN	NaN	NaN	NaN	NaN	NaN	
15/12/2010 16:17:21	NaN	NaN	NaN	NaN	NaN	NaN	NaN	NaN	NaN	NaN	NaN	NaN	NaN	NaN	NaN	NaN	NaN	NaN	NaN	NaN	NaN	NaN	NaN	NaN	NaN	NaN	NaN	NaN	NaN	NaN	NaN	NaN	NaN	NaN	NaN	NaN	-0.952150	NaN	NaN	NaN	NaN	NaN	NaN	NaN	NaN	NaN	NaN	NaN	NaN	NaN	
15/12/2010 16:22:37	NaN	NaN	NaN	NaN	NaN	NaN	NaN	NaN	NaN	NaN	NaN	NaN	NaN	NaN	NaN	NaN	NaN	NaN	NaN	NaN	NaN	NaN	NaN	NaN	NaN	NaN	NaN	NaN	NaN	NaN	NaN	NaN	NaN	NaN	NaN	NaN	NaN	NaN	0.406453	NaN	NaN	NaN	NaN	NaN	NaN	NaN	NaN	NaN	NaN	NaN	
15/12/2010 16:25:51	NaN	NaN	NaN	NaN	NaN	NaN	NaN	NaN	NaN	NaN	NaN	NaN	NaN	NaN	NaN	NaN	NaN	NaN	NaN	NaN	NaN	NaN	NaN	NaN	NaN	NaN	NaN	NaN	NaN	NaN	NaN	NaN	NaN	NaN	NaN	NaN	NaN	NaN	0.588608	NaN	NaN	NaN	NaN	NaN	NaN	NaN	NaN	NaN	NaN	NaN	
15/12/2010 16:30:56	NaN	NaN	NaN	NaN	NaN	NaN	NaN	NaN	NaN	NaN	NaN	NaN	NaN	NaN	NaN	NaN	NaN	NaN	NaN	NaN	NaN	NaN	NaN	NaN	NaN	NaN	NaN	NaN	NaN	NaN	NaN	NaN	NaN	NaN	NaN	NaN	NaN	NaN	NaN	-0.006595	NaN	NaN	NaN	NaN	NaN	NaN	NaN	NaN	NaN	NaN	
15/12/2010 16:33:43	NaN	NaN	NaN	NaN	NaN	NaN	NaN	NaN	NaN	NaN	NaN	NaN	NaN	NaN	NaN	NaN	NaN	NaN	NaN	NaN	NaN	NaN	NaN	NaN	NaN	NaN	NaN	NaN	NaN	NaN	NaN	NaN	NaN	NaN	NaN	NaN	NaN	NaN	NaN	1.076280	NaN	NaN	NaN	NaN	NaN	NaN	NaN	NaN	NaN	NaN	
15/12/2010 16:37:54	NaN	NaN	NaN	NaN	NaN	NaN	NaN	NaN	NaN	NaN	NaN	NaN	NaN	NaN	NaN	NaN	NaN	NaN	NaN	NaN	NaN	NaN	NaN	NaN	NaN	NaN	NaN	NaN	NaN	NaN	NaN	NaN	NaN	NaN	NaN	NaN	NaN	NaN	NaN	1.030125	NaN	NaN	NaN	NaN	NaN	NaN	NaN	NaN	NaN	NaN	
15/12/2010 16:40:35	NaN	NaN	NaN	NaN	NaN	NaN	NaN	NaN	NaN	NaN	NaN	NaN	NaN	NaN	NaN	NaN	NaN	NaN	NaN	NaN	NaN	NaN	NaN	NaN	NaN	NaN	NaN	NaN	NaN	NaN	NaN	NaN	NaN	NaN	NaN	NaN	NaN	NaN	NaN	NaN	-0.011806	NaN	NaN	NaN	NaN	NaN	NaN	NaN	NaN	NaN	
15/12/2010 16:46:15	NaN	NaN	NaN	NaN	NaN	NaN	NaN	NaN	NaN	NaN	NaN	NaN	NaN	NaN	NaN	NaN	NaN	NaN	NaN	NaN	NaN	NaN	NaN	NaN	NaN	NaN	NaN	NaN	0.543926	2.129054	NaN	NaN	NaN	NaN	NaN	NaN	NaN	NaN	NaN	NaN	NaN	0.309558	NaN	0.644435	NaN	NaN	NaN	NaN	NaN	0.362237	
15/12/2010 16:59:20	NaN	NaN	NaN	NaN	NaN	NaN	NaN	NaN	NaN	NaN	NaN	NaN	NaN	NaN	NaN	NaN	NaN	NaN	NaN	NaN	NaN	NaN	NaN	NaN	NaN	NaN	NaN	NaN	NaN	NaN	NaN	NaN	NaN	NaN	NaN	NaN	NaN	0.468749	NaN	NaN	NaN	NaN	NaN	NaN	NaN	NaN	NaN	NaN	NaN	NaN	
15/12/2010 17:06:57	-0.920444	0.041798	-0.956071	-0.601318	-1.162437	-2.429835	0.469493	-0.776655	-1.556489	-0.469657	0.561328	-0.505261	-0.734410	-0.557753	-0.417899	0.284094	-0.133691	-0.012058	-0.270240	-0.503154	0.395293	0.766979	-0.645659	-1.001844	-0.544682	-0.394453	0.030959	0.477138	0.543591	2.150048	0.673395	0.379175	-0.274742	0.967326	0.856299	1.252205	-0.944622	0.478689	0.585564	1.037265	0.002791	0.315581	0.577067	0.631274	0.483335	0.961670	1.535306	0.934275	0.600317	0.357387	
09/04/2011 10:04:43	-0.912904	0.005524	-0.950352	-0.533281	-1.183445	-2.446211	0.429261	-0.810395	-1.588061	-0.480507	0.463153	-0.569463	-0.742682	-0.234281	-0.399921	0.189401	-0.144090	-0.039925	-0.385563	-0.574389	0.401126	0.767769	-0.699661	-1.109120	-0.464501	-0.416145	-0.041513	0.622877	0.518352	2.248521	0.629624	0.426557	-0.216537	0.975688	0.842488	1.236560	-0.810866	0.498174	0.385473	0.081237	0.024932	0.307120	0.578800	0.603238	0.480368	1.080069	1.581254	0.968073	0.559744	0.337324	
30/04/2011 01:32:08	-0.000627	0.000341	-0.015579	-0.000473	-0.000490	-0.000808	-0.004586	-0.003257	-0.000597	-0.000628	0.003513	0.002309	-0.000468	-0.000529	0.003024	0.002849	-0.000606	-0.000543	0.004015	0.002362	-0.000599	-0.000406	0.003719	0.003858	-0.000540	-0.000080	-0.000000	0.000129	0.000073	0.000075	0.001366	-0.000667	-0.000087	-0.000068	0.000074	0.000154	0.000000	0.000008	-0.000000	-0.000306	0.000663	-0.000837	-0.000000	-0.000166	-0.000178	-0.000188	0.000221	0.000133	-0.000077	0.000102	
09/07/2011 09:21:29	-0.890045	0.027615	-0.970107	-0.550895	-1.172682	-2.495208	0.417460	-0.852041	-1.589565	-0.494038	0.486963	-0.540522	-0.725295	-0.204195	-0.342447	0.249109	-0.146738	-0.014807	-0.374521	-0.510706	0.416757	0.779451	-0.720616	-1.062844	-0.465040	-0.421269	-0.037881	0.635050	0.523762	2.252887	0.617405	0.400828	-0.247339	0.981899	0.841591	1.264167	-0.822009	0.498655	0.393272	0.190985	0.022291	0.337390	0.570565	0.576346	0.432657	1.068679	1.565065	0.960296	0.555752	0.349330	
16/07/2011 13:27:42	-1.041371	0.947940	-2.469897	-0.363603	-0.830346	-2.231316	-0.215370	0.695428	-1.734722	-0.535259	0.693233	-0.750209	-0.667091	-0.314338	-0.352457	0.207874	-0.165526	0.012980	-0.287869	-0.677601	0.420911	0.713111	-0.455648	-1.198912	-0.497009	-0.434070	0.004109	0.608104	0.589147	2.225925	0.629975	0.426105	-0.115979	0.948969	0.916744	1.117013	-0.809112	0.535651	0.257010	0.524491	0.106795	0.223981	0.415332	0.817084	0.605675	0.914837	1.490361	1.033947	0.696766	0.207510	
21/07/2011 22:12:52	-0.898064	0.046920	-0.922309	-0.570311	-1.202305	-2.477991	0.465530	-0.820217	-1.591534	-0.494819	0.491728	-0.555214	-0.732620	-0.216079	-0.348267	0.221361	-0.147736	0.007481	-0.354263	-0.495026	0.411098	0.767001	-0.681254	-1.021477	-0.496707	-0.409102	-0.044425	0.619153	0.499269	2.185032	0.612236	0.350178	-0.236663	0.966847	0.853675	1.250607	-0.789633	0.503137	0.429114	0.218159	0.023300	0.341073	0.534065	0.589282	0.449993	0.992718	1.581883	0.944468	0.584040	0.328940	
23/07/2011 13:46:13	-0.894181	0.046207	-0.931196	-0.555035	-1.193151	-2.513278	0.456273	-0.784718	-1.591678	-0.515006	0.512476	-0.564499	-0.727825	-0.212026	-0.332102	0.233411	-0.150594	-0.026362	-0.324717	-0.529156	0.415054	0.773214	-0.681775	-1.018174	-0.467219	-0.419026	-0.022582	0.624552	0.529069	2.243907	0.597499	0.395582	-0.216750	0.969449	0.843000	1.259056	-0.804425	0.503692	0.404694	0.199606	0.012808	0.327549	0.570863	0.585532	0.456056	1.056205	1.577216	0.958687	0.575958	0.335016	
20/08/2011 07:35:08	NaN	NaN	NaN	NaN	NaN	NaN	NaN	NaN	NaN	NaN	NaN	NaN	NaN	0.061862	-0.434587	NaN	NaN	NaN	NaN	NaN	NaN	NaN	NaN	NaN	NaN	NaN	NaN	NaN	NaN	NaN	NaN	NaN	NaN	NaN	NaN	NaN	NaN	NaN	0.635565	0.613965	NaN	NaN	NaN	NaN	NaN	NaN	NaN	NaN	NaN	NaN	
27/08/2011 07:29:57	NaN	NaN	NaN	NaN	NaN	NaN	NaN	NaN	NaN	NaN	NaN	NaN	NaN	0.056928	-0.404174	NaN	NaN	NaN	NaN	NaN	NaN	NaN	NaN	NaN	NaN	NaN	NaN	NaN	NaN	NaN	NaN	NaN	NaN	NaN	NaN	NaN	NaN	NaN	0.633280	0.628482	NaN	NaN	NaN	NaN	NaN	NaN	NaN	NaN	NaN	NaN	
05/11/2011 07:45:05	NaN	NaN	NaN	NaN	NaN	NaN	NaN	NaN	NaN	NaN	NaN	NaN	NaN	0.080179	-0.463154	NaN	NaN	NaN	NaN	NaN	NaN	NaN	NaN	NaN	NaN	NaN	NaN	NaN	NaN	NaN	NaN	NaN	NaN	NaN	NaN	NaN	NaN	NaN	0.640379	0.605400	NaN	NaN	NaN	NaN	NaN	NaN	NaN	NaN	NaN	NaN	
12/11/2011 07:30:00	-0.885647	0.065546	-0.929430	-0.552774	-1.188568	-2.561980	0.398870	-0.795513	-1.592779	-0.520331	0.565446	-0.591451	-0.699655	0.072032	-0.394173	0.220801	-0.133169	-0.011152	-0.321901	-0.506944	0.426040	0.785967	-0.691810	-1.039381	-0.455361	-0.402908	-0.023308	0.627218	0.526097	2.239346	0.604917	0.406760	-0.221406	0.972176	0.837829	1.247754	-0.780684	0.509651	0.640575	0.590987	0.040805	0.333175	0.563109	0.583980	0.439169	1.055167	1.540058	0.951917	0.635463	0.325996	
05/01/2012 12:33:36	-0.879650	0.060693	-0.951793	-0.583286	-1.231098	-2.161507	1.477687	-0.790032	-1.559254	-0.510154	0.488378	-0.515694	-0.718963	0.046665	-0.392080	0.253941	-0.140243	0.005688	-0.293328	-0.473810	0.419939	0.775557	-0.630747	-1.007523	-0.507642	-0.413945	-0.011522	0.428162	0.483225	2.161839	0.592106	0.325847	-0.210638	0.942643	0.858462	1.258089	-0.773383	0.510541	0.643239	0.649967	0.073310	0.349133	0.551262	0.604567	0.428850	0.980060	1.543816	0.949060	0.639431	0.358551	
17/01/2012 12:20:45	-0.000617	0.000217	-0.009959	-0.000489	-0.000501	-0.000831	-0.004144	-0.002315	-0.000620	-0.000653	0.002535	0.002079	-0.000474	-0.001022	0.001952	0.001714	-0.000594	-0.000533	0.002365	0.001230	-0.000582	-0.000391	0.002472	0.002424	-0.000544	-0.000071	-0.000000	0.000118	0.000071	0.000070	0.001228	-0.000599	-0.000080	-0.000062	0.000074	0.000139	0.000000	0.000008	0.000000	-0.000602	0.000592	-0.000842	-0.000000	-0.000154	-0.000161	-0.000171	0.000216	0.000126	-0.000066	0.000091	
17/01/2012 12:46:04	-0.000617	0.000217	0.002218	-0.000489	-0.000501	-0.000831	-0.004144	-0.002315	-0.000620	-0.000653	0.002535	0.002079	-0.000474	-0.001022	0.001952	0.001714	-0.000594	-0.000533	0.002365	0.001230	-0.000582	-0.000391	0.002472	0.002424	-0.000544	-0.000071	-0.000000	0.000118	0.000071	0.000070	0.001228	-0.000599	-0.000080	-0.000062	0.000074	0.000139	0.000000	0.000008	0.000000	-0.000602	0.000592	-0.000842	-0.000000	-0.000154	-0.000161	-0.000171	0.000216	0.000126	-0.000066	0.000091	
24/03/2012 07:53:09	-0.865579	0.062028	-1.025178	-0.561912	-1.266045	-2.077806	1.488207	-0.837792	-1.562498	-0.495429	0.503106	-0.535825	-0.689818	0.079331	-0.380841	0.258036	-0.124655	0.029315	-0.314969	-0.464588	0.423842	0.786334	-0.654089	-1.020955	-0.481100	-0.410096	-0.041625	0.480188	0.500188	2.127889	0.585640	0.355887	-0.247423	0.959067	0.858216	1.240337	-0.732344	0.514030	0.662738	0.675166	0.035196	0.351185	0.549976	0.613998	0.389661	1.011002	1.551509	0.955535	0.659933	0.346238	
14/04/2012 07:39:34	-0.868354	0.116520	-0.917615	-0.563052	-1.268579	-1.972672	1.532799	-0.728094	-1.565833	-0.494100	0.585284	-0.492351	-0.701735	0.075061	-0.339315	0.297018	-0.133269	0.022647	-0.242484	-0.427599	0.419138	0.790918	-0.577441	-0.989490	-0.489238	-0.403570	-0.040611	0.490944	0.500443	2.136028	0.507982	0.360430	-0.273387	0.957129	0.862801	1.240995	-0.716633	0.519744	0.658699	0.690336	0.034634	0.363344	0.548818	0.620580	0.389305	1.008353	1.557163	0.942323	0.684270	0.341027	
12/05/2012 08:00:33	-0.862639	0.101682	-0.918516	-0.573752	-1.264110	-1.984887	1.540135	-0.754417	-1.564128	-0.493918	0.560715	-0.483362	-0.687986	0.067166	-0.350137	0.249425	-0.119292	0.043201	-0.277366	-0.487854	0.419121	0.802305	-0.610994	-1.005407	-0.497549	-0.409924	-0.029103	0.432078	0.507193	2.136993	0.483324	0.336765	-0.237665	0.955336	0.858785	1.243129	-0.743395	0.510903	0.643759	0.742632	0.045459	0.354997	0.545540	0.614947	0.382793	1.010179	1.547524	0.937001	0.679190	0.354828	
19/05/2012 07:31:10	-0.860494	0.123772	-0.909997	-0.569220	-1.267211	-1.986227	1.555267	-0.743936	-1.556934	-0.490647	0.535137	-0.517696	-0.692730	0.094457	-0.354378	0.295584	-0.126084	0.037061	-0.268246	-0.471177	0.423329	0.795771	-0.591729	-0.998561	-0.484926	-0.411154	-0.036008	0.464563	0.509984	2.132417	0.506570	0.352551	-0.232699	0.959445	0.865358	1.258305	-0.734678	0.511684	0.661105	0.687849	0.042283	0.353158	0.543367	0.619440	0.381222	1.013273	1.550667	0.942143	0.686857	0.354285	
26/05/2012 07:51:48	-0.864332	0.097696	-0.926143	-0.574142	-1.266241	-1.990921	1.554016	-0.760578	-1.563652	-0.490437	0.532095	-0.503405	-0.694607	0.077911	-0.405140	0.240912	-0.124507	0.042360	-0.304072	-0.484830	0.436169	0.786398	-0.627435	-1.000693	-0.493395	-0.411113	-0.027245	0.431191	0.502743	2.128388	0.492527	0.337246	-0.239857	0.950446	0.867131	1.254768	-0.746809	0.515600	0.647740	0.708724	0.054736	0.362067	0.548067	0.616201	0.384545	1.007933	1.546792	0.926086	0.640086	0.362876	
18/08/2012 07:33:58	-0.857807	0.125144	-0.944477	-0.564905	-1.255704	-1.998029	1.552161	-0.753738	-1.556958	-0.496068	0.547079	-0.512630	-0.693050	0.089142	-0.375037	0.282429	-0.136380	0.040862	-0.272179	-0.490245	0.431532	0.805482	-0.607047	-1.004230	-0.493976	-0.414829	-0.034175	0.446551	0.473134	2.121230	0.472235	0.295583	-0.186787	0.962986	0.864384	1.266853	-0.781138	0.518613	0.647461	0.737686	0.042853	0.342777	0.536701	0.599103	0.381685	0.990921	1.566085	0.951506	0.702903	0.356027	
25/08/2012 07:29:49	-0.850914	0.074643	-0.999964	-0.565220	-1.245195	-2.000616	1.468974	-0.817987	-1.556718	-0.494274	0.450343	-0.565350	-0.689769	0.082314	-0.426123	0.225004	-0.130140	0.048838	-0.357722	-0.534715	0.433054	0.815828	-0.669463	-1.062691	-0.494298	-0.410649	-0.032806	0.454612	0.476789	2.130383	0.454170	0.295770	-0.210483	0.966462	0.866056	1.275371	-0.798567	0.515854	0.641667	0.734901	0.041238	0.351225	0.540583	0.607278	0.378470	0.990919	1.558762	0.951720	0.700457	0.346168	
01/09/2012 07:34:38	-0.853624	0.073843	-1.001433	-0.564820	-1.251102	-1.999625	1.472251	-0.808845	-1.559134	-0.494813	0.439467	-0.563128	-0.689825	0.090591	-0.436091	0.222274	-0.134651	0.039815	-0.367652	-0.528515	0.428310	0.815762	-0.667241	-1.053657	-0.493268	-0.415703	-0.043632	0.449927	0.477917	2.127154	0.475892	0.290673	-0.192248	0.964981	0.865710	1.289588	-0.761934	0.517191	0.647709	0.707707	0.054591	0.343137	0.535828	0.609004	0.364039	0.992533	1.566786	0.948577	0.705607	0.351858	
29/09/2012 07:45:35	-0.910124	0.147743	-0.846564	-0.536817	-1.250789	-0.086852	1.496182	-0.730981	-1.550088	-0.473770	0.598085	-0.358233	-0.670625	0.092127	-0.279074	0.367856	-0.124970	0.031821	-0.197399	-0.399818	0.441900	0.813766	-0.522250	-0.896808	-0.501691	-0.408123	-0.106635	0.502163	0.460265	2.128729	0.053549	0.311540	-0.102430	0.968567	0.837940	1.252928	-0.831439	0.521261	0.646745	0.738928	0.020270	0.346725	0.539288	0.701175	0.323430	0.988648	1.554415	0.966527	0.709038	0.343331	
06/10/2012 07:33:05	-0.858164	0.161372	-0.844695	-0.550850	-1.264121	-0.015614	1.564561	-0.713966	-1.552467	-0.496605	0.556002	-0.567714	-0.697952	0.089659	-0.393667	0.291441	-0.126725	0.041610	-0.291899	-0.493692	0.440732	0.817365	-0.615295	-1.046614	-0.472358	-0.418381	0.027006	0.415866	0.475954	2.098612	0.003980	0.297593	-0.201715	0.971172	0.875247	1.270501	-0.774229	0.521963	0.649097	0.956670	0.004267	0.331462	0.545663	0.636750	0.471891	0.997102	1.552753	1.018989	0.781820	0.340347	
08/12/2012 07:51:29	-0.851984	0.125263	-0.974257	-0.540223	-1.197015	-1.978668	1.514031	-0.717486	-1.529396	-0.502393	0.484344	-0.521541	-0.701914	0.096702	-0.358060	0.252729	-0.134378	0.025026	-0.320231	-0.461228	0.440728	0.825720	-0.638093	-1.024999	-0.487239	-0.417741	-0.064737	0.400098	0.432929	2.104372	0.351927	0.295984	-0.294793	0.928228	0.826976	1.254667	-0.872348	0.483390	0.617622	0.675898	-0.018307	0.291197	0.463813	0.610491	0.302373	0.962975	1.536735	0.878691	0.619516	0.347497	
23/02/2013 09:07:06	-0.848553	0.076944	-0.981131	-0.543666	-1.204133	-1.932235	1.500125	-0.758670	-1.524454	-0.511034	0.770319	-0.565276	-0.707177	0.110985	-0.383159	0.220650	-0.143112	0.030244	-0.331857	-0.477193	0.437559	0.820520	-0.608660	-1.028050	-0.497921	-0.421433	-0.089909	0.397150	0.423570	2.095701	0.403712	0.274759	-0.274490	0.930433	0.833248	0.907606	-0.841974	0.481165	0.663325	0.611921	-0.004749	0.287924	0.461223	0.599667	0.295252	0.973459	1.545476	0.903264	0.627664	0.350410	
02/03/2013 08:32:05	-0.845636	0.100603	-1.062310	-0.528452	-1.184403	-1.931094	1.463648	-0.791931	-1.535204	-0.491358	0.904296	-0.569141	-0.703027	0.124018	-0.276645	0.211171	-0.146479	0.033369	-0.345666	-0.522104	0.453892	0.841548	-0.643126	-1.050775	-0.503406	-0.425209	-0.081709	0.383075	0.432725	2.090380	0.401536	0.271571	-0.278256	0.927822	0.835571	1.128454	-0.860388	0.477460	0.629578	0.477939	0.014494	0.281702	0.451321	0.607161	0.266183	0.973619	1.542382	0.883965	0.621588	0.356613	
11/02/2015 09:25:40	NaN	NaN	NaN	NaN	NaN	NaN	NaN	NaN	NaN	NaN	NaN	NaN	NaN	NaN	NaN	NaN	NaN	NaN	NaN	NaN	NaN	NaN	-1.213906	NaN	NaN	NaN	NaN	NaN	NaN	NaN	NaN	NaN	NaN	NaN	NaN	NaN	NaN	NaN	NaN	NaN	NaN	NaN	NaN	NaN	NaN	NaN	NaN	0.682508	NaN	NaN	
11/02/2015 09:34:01	NaN	NaN	NaN	NaN	NaN	NaN	NaN	NaN	NaN	NaN	NaN	NaN	NaN	NaN	NaN	NaN	NaN	NaN	NaN	NaN	NaN	NaN	-1.214337	NaN	NaN	NaN	NaN	NaN	NaN	NaN	NaN	NaN	NaN	NaN	NaN	NaN	NaN	NaN	NaN	NaN	NaN	NaN	NaN	NaN	NaN	NaN	NaN	0.682208	NaN	NaN	
24/02/2015 11:08:19	NaN	NaN	NaN	NaN	NaN	NaN	NaN	NaN	NaN	NaN	NaN	NaN	NaN	NaN	NaN	NaN	NaN	NaN	NaN	NaN	NaN	NaN	NaN	NaN	-0.500506	-0.339683	-0.048157	0.470271	0.426477	0.271754	2.092089	0.259636	-0.250451	0.965735	0.817853	1.227830	-0.847817	0.447258	0.685376	0.637273	0.006163	0.312225	-0.046111	0.632667	0.298196	0.946007	1.521082	0.477949	0.624705	0.436141	
26/02/2015 07:45:08	-0.936572	0.122538	-0.956425	-0.534188	-2.230909	-1.152416	1.318536	-0.637044	-1.585474	-0.489710	0.520247	-0.770783	-0.611410	0.240498	-0.360543	0.190725	-0.151439	0.120897	-0.347992	-0.481167	0.201630	1.131749	-0.543294	-1.006642	-0.515918	-0.333477	-0.036654	0.472452	0.430653	0.279311	2.076448	0.236441	-0.241880	0.974394	0.797975	1.237703	-0.855996	0.460748	0.702332	0.635778	-0.026079	0.296524	-0.065835	0.563602	0.284650	0.941882	1.496646	0.424266	0.627958	0.423051	
26/02/2015 13:54:09	NaN	NaN	NaN	NaN	NaN	NaN	NaN	NaN	-1.573204	-0.495207	NaN	NaN	NaN	NaN	NaN	NaN	NaN	NaN	NaN	NaN	0.157653	1.180506	NaN	NaN	NaN	NaN	NaN	NaN	NaN	NaN	NaN	NaN	NaN	NaN	NaN	NaN	NaN	NaN	NaN	NaN	NaN	NaN	NaN	NaN	NaN	NaN	NaN	NaN	NaN	NaN	
14/08/2015 10:13:19	NaN	NaN	NaN	NaN	NaN	NaN	NaN	NaN	NaN	NaN	NaN	NaN	NaN	NaN	NaN	NaN	NaN	NaN	NaN	NaN	NaN	NaN	NaN	NaN	NaN	NaN	NaN	NaN	NaN	2.075915	NaN	NaN	NaN	NaN	NaN	NaN	NaN	NaN	NaN	NaN	NaN	NaN	NaN	NaN	NaN	NaN	NaN	NaN	NaN	NaN	
14/08/2015 12:01:39	-0.915051	0.142333	-0.939953	-0.522773	-1.222731	NaN	1.391306	-0.753373	-1.555412	-0.549007	0.433580	-0.530311	-0.708363	0.241758	-0.395057	0.136922	-0.102804	0.079513	-0.246662	-0.413867	0.557424	0.887134	-0.405139	-0.982812	-0.492826	-0.336610	0.001155	0.438353	0.399817	2.081769	NaN	0.210564	-0.243350	0.992559	0.818405	1.252926	-0.848993	0.466547	0.660833	0.662487	-0.025112	0.311395	-0.063514	0.553999	0.288220	0.929328	1.529423	0.638512	0.687692	0.434956	
27/11/2015 10:02:41	-0.000447	0.000146	-0.004384	-0.001124	NaN	NaN	NaN	NaN	NaN	NaN	NaN	NaN	NaN	NaN	NaN	NaN	NaN	NaN	NaN	NaN	NaN	NaN	NaN	NaN	NaN	-0.000105	0.000000	0.000122	0.000090	NaN	NaN	NaN	NaN	NaN	NaN	NaN	NaN	NaN	NaN	NaN	NaN	NaN	NaN	NaN	NaN	NaN	NaN	NaN	NaN	NaN	
05/12/2015 08:28:39	NaN	NaN	NaN	NaN	NaN	NaN	NaN	NaN	NaN	NaN	NaN	NaN	NaN	NaN	NaN	NaN	NaN	NaN	NaN	NaN	1.418146	-0.310417	NaN	NaN	NaN	NaN	NaN	NaN	NaN	NaN	NaN	NaN	NaN	NaN	NaN	NaN	NaN	NaN	NaN	NaN	NaN	NaN	NaN	NaN	NaN	1.551001	0.873283	NaN	NaN	NaN	
23/02/2017 11:30:25	-0.000448	NaN	NaN	NaN	NaN	NaN	NaN	NaN	NaN	NaN	NaN	NaN	NaN	NaN	NaN	NaN	NaN	NaN	NaN	NaN	NaN	NaN	NaN	NaN	NaN	NaN	NaN	NaN	NaN	NaN	NaN	NaN	NaN	NaN	NaN	NaN	NaN	NaN	NaN	NaN	NaN	NaN	NaN	NaN	NaN	NaN	NaN	NaN	NaN	0.000043	
23/02/2017 11:34:05	-0.000448	NaN	NaN	NaN	NaN	NaN	NaN	NaN	NaN	NaN	NaN	NaN	NaN	NaN	NaN	NaN	NaN	NaN	NaN	NaN	NaN	NaN	NaN	NaN	NaN	NaN	NaN	NaN	NaN	NaN	NaN	NaN	NaN	NaN	NaN	NaN	NaN	NaN	NaN	NaN	NaN	NaN	NaN	NaN	NaN	NaN	NaN	NaN	NaN	0.000043	
23/02/2017 11:35:57	-0.000448	0.001066	0.000512	-0.000922	-0.001934	NaN	0.004827	-0.001351	-0.001291	-0.000459	0.008201	0.006956	-0.000917	-0.001056	0.005015	0.005795	-0.001084	-0.000370	NaN	0.006324	-0.001507	0.000480	0.004923	0.007062	-0.000993	-0.000019	0.000000	0.000051	0.000033	0.000077	NaN	-0.000281	-0.000024	-0.000017	0.000031	0.000036	0.000000	0.000004	-0.000000	0.001036	0.000284	-0.000446	-0.000000	NaN	-0.000047	-0.000052	0.000098	0.000045	-0.000019	0.000043	
