Arquivo: c:\arq\medidas\BBA_1704_072055\BBA_AMP06B_H.dat
Data: 1704	 Hora:  0755
Comentário: 
NomeParametro	 ValorParametro
Nmedias	5
PausaCorretora	3000
PausaShunt	2000
PausaLeitura	500
NumCiclos	3
 NPassosCor	7
DeltaShunt	3.00
TetaIni	-0.10
TetaFim	0.10
I[mA]	 116.1
ACH01A	DeltaPos^2	AMP06B	AMP01B_0	AMP02A_0	AMP02B_0	AMP03A_0	AMP03B_0	AMP03C_0	AMP04A_0	AMP04B_0	AMP05A_0	AMP05B_0	AMP06A_0	AMP06B_0	AMP07A_0	AMP07B_0	AMP08A_0	AMP08B_0	AMP09A_0	AMP09B_0	AMP10A_0	AMP10B_0	AMU11A_0	AMU11B_0	AMP12A_0	AMP12B_0	AMP01A_0	AMP01B_1	AMP02A_1	AMP02B_1	AMP03A_1	AMP03B_1	AMP03C_1	AMP04A_1	AMP04B_1	AMP05A_1	AMP05B_1	AMP06A_1	AMP06B_1	AMP07A_1	AMP07B_1	AMP08A_1	AMP08B_1	AMP09A_1	AMP09B_1	AMP10A_1	AMP10B_1	AMU11A_1	AMU11B_1	AMP12A_1	AMP12B_1	AMP01A_1	
-0.1000	 6.49457229966336E-0004	-1.1169	-2.2416	0.8127	-1.5652	-0.4142	-1.4618	-2.7420	-0.5552	-0.1529	-0.9618	0.0730	0.0472	-1.1169	0.8739	0.7559	-0.9611	-0.3934	0.8328	1.1751	-0.3169	-1.2158	0.3827	0.9216	-0.2758	-1.0748	-1.2778	-2.1961	0.8001	-1.5881	-0.4163	-1.4494	-2.7314	-0.5475	-0.1597	-1.0048	0.0430	0.0689	-1.1024	0.8579	0.7265	-0.9733	-0.3924	0.8545	1.1842	-0.3435	-1.2325	0.4276	0.9639	-0.3049	-1.1030	-1.2402	
-0.0667	 3.56868001295543E-0004	-0.9871	-1.8981	0.7605	-1.6948	-0.3973	-1.3493	-2.6581	-0.4645	-0.1623	-1.2365	-0.1105	0.2385	-0.9871	0.4406	0.3443	-0.7802	-0.1901	0.5176	0.7886	-0.2606	-1.0666	0.3628	0.8113	-0.3751	-1.0685	-0.9774	-1.8649	0.7523	-1.7106	-0.4008	-1.3418	-2.6505	-0.4573	-0.1667	-1.2703	-0.1346	0.2564	-0.9746	0.4274	0.3205	-0.7878	-0.1878	0.5334	0.7945	-0.2799	-1.0778	0.3955	0.8420	-0.3953	-1.0880	-0.9507	
-0.0333	 1.64864728369567E-0004	-0.8559	-1.5516	0.7087	-1.8248	-0.3816	-1.2371	-2.5738	-0.3730	-0.1714	-1.5132	-0.2965	0.4313	-0.8559	0.0033	-0.0716	-0.5973	0.0147	0.1993	0.3982	-0.2032	-0.9150	0.3407	0.6981	-0.4742	-1.0609	-0.6761	-1.5300	0.7045	-1.8337	-0.3861	-1.2336	-2.5691	-0.3660	-0.1727	-1.5382	-0.3145	0.4455	-0.8455	-0.0067	-0.0894	-0.6017	0.0173	0.2093	0.4015	-0.2156	-0.9217	0.3619	0.7180	-0.4867	-1.0731	-0.6591	
0.0000	 4.98170313473463E-0005	-0.7241	-1.2060	0.6581	-1.9535	-0.3677	-1.1270	-2.4900	-0.2803	-0.1791	-1.7900	-0.4833	0.6238	-0.7241	-0.4347	-0.4885	-0.4139	0.2196	-0.1207	0.0067	-0.1445	-0.7627	0.3162	0.5827	-0.5715	-1.0520	-0.3768	-1.1960	0.6573	-1.9563	-0.3720	-1.1268	-2.4878	-0.2744	-0.1786	-1.8054	-0.4949	0.6336	-0.7166	-0.4407	-0.4992	-0.4156	0.2221	-0.1157	0.0075	-0.1505	-0.7657	0.3267	0.5925	-0.5772	-1.0574	-0.3695	
0.0333	 5.98279163422644E-0006	-0.5914	-0.8635	0.6090	-2.0797	-0.3560	-1.0194	-2.4075	-0.1868	-0.1856	-2.0663	-0.6712	0.8161	-0.5914	-0.8722	-0.9054	-0.2302	0.4242	-0.4418	-0.3854	-0.0839	-0.6094	0.2886	0.4643	-0.6668	-1.0410	-0.0813	-0.8622	0.6104	-2.0785	-0.3593	-1.0213	-2.4075	-0.1832	-0.1842	-2.0720	-0.6757	0.8208	-0.5880	-0.8739	-0.9092	-0.2297	0.4264	-0.4407	-0.3856	-0.0851	-0.6093	0.2901	0.4656	-0.6669	-1.0411	-0.0814	
0.0667	 1.78781024911393E-0005	-0.4600	-0.5216	0.5600	-2.2057	-0.3448	-0.9125	-2.3253	-0.0944	-0.1921	-2.3401	-0.8581	1.0062	-0.4600	-1.3058	-1.3187	-0.0473	0.6271	-0.7623	-0.7754	-0.0236	-0.4573	0.2602	0.3456	-0.7612	-1.0296	0.2113	-0.5295	0.5636	-2.1999	-0.3467	-0.9160	-2.3271	-0.0930	-0.1898	-2.3363	-0.8555	1.0066	-0.4602	-1.3033	-1.3155	-0.0448	0.6285	-0.7650	-0.7775	-0.0193	-0.4539	0.2527	0.3382	-0.7560	-1.0244	0.2038	
0.1000	 9.85425950890344E-0005	-0.3283	-0.1828	0.5122	-2.3297	-0.3343	-0.8068	-2.2435	-0.0015	-0.1981	-2.6123	-1.0453	1.1960	-0.3283	-1.7368	-1.7304	0.1349	0.8287	-1.0820	-1.1649	0.0371	-0.3053	0.2295	0.2251	-0.8547	-1.0178	0.5013	-0.2009	0.5189	-2.3189	-0.3368	-0.8137	-2.2478	-0.0016	-0.1937	-2.5995	-1.0366	1.1924	-0.3313	-1.7311	-1.7210	0.1404	0.8305	-1.0902	-1.1690	0.0478	-0.2972	0.2114	0.2075	-0.8424	-1.0054	0.4852	
