Arquivo: c:\arq\medidas\BBA_1704_072055\BBA_AMP10A_H.dat
Data: 1704	 Hora:  0816
Comentário: 
NomeParametro	 ValorParametro
Nmedias	5
PausaCorretora	3000
PausaShunt	2000
PausaLeitura	500
NumCiclos	3
 NPassosCor	7
DeltaShunt	3.00
TetaIni	-0.10
TetaFim	0.10
I[mA]	  35.1
ACH03A	DeltaPos^2	AMP10A	AMP01B_0	AMP02A_0	AMP02B_0	AMP03A_0	AMP03B_0	AMP03C_0	AMP04A_0	AMP04B_0	AMP05A_0	AMP05B_0	AMP06A_0	AMP06B_0	AMP07A_0	AMP07B_0	AMP08A_0	AMP08B_0	AMP09A_0	AMP09B_0	AMP10A_0	AMP10B_0	AMU11A_0	AMU11B_0	AMP12A_0	AMP12B_0	AMP01A_0	AMP01B_1	AMP02A_1	AMP02B_1	AMP03A_1	AMP03B_1	AMP03C_1	AMP04A_1	AMP04B_1	AMP05A_1	AMP05B_1	AMP06A_1	AMP06B_1	AMP07A_1	AMP07B_1	AMP08A_1	AMP08B_1	AMP09A_1	AMP09B_1	AMP10A_1	AMP10B_1	AMU11A_1	AMU11B_1	AMP12A_1	AMP12B_1	AMP01A_1	
-0.1000	 1.89522303338119E-0004	-0.6503	-0.7918	0.8721	-2.0343	-1.1419	-2.0234	-2.8814	-0.1816	0.1525	-1.7978	-0.7796	0.3531	-0.7337	0.3362	0.0372	-0.9401	-0.1579	0.9812	1.0655	-0.6503	-1.3147	1.2260	1.6454	-0.7906	-1.5023	-0.2776	-0.7889	0.8572	-2.0426	-1.1174	-2.0019	-2.8754	-0.1979	0.1362	-1.7756	-0.7554	0.3405	-0.7488	0.3454	0.0520	-0.9437	-0.1677	0.9702	1.0615	-0.6454	-1.3065	1.2120	1.6257	-0.7963	-1.5008	-0.2686	
-0.0667	 6.94639047330714E-0005	-0.5033	-0.9034	0.7941	-2.0242	-0.8965	-1.7351	-2.7570	-0.2204	0.0398	-1.7974	-0.6901	0.4324	-0.7348	0.1007	-0.1249	-0.7844	-0.0480	0.6418	0.7403	-0.5033	-1.1536	0.9557	1.3275	-0.7374	-1.3774	-0.2957	-0.9044	0.7862	-2.0270	-0.8827	-1.7241	-2.7541	-0.2297	0.0309	-1.7835	-0.6756	0.4248	-0.7435	0.1072	-0.1159	-0.7862	-0.0542	0.6336	0.7373	-0.4994	-1.1483	0.9441	1.3130	-0.7391	-1.3749	-0.2933	
-0.0333	 1.28581229021107E-0005	-0.3550	-1.0176	0.7161	-2.0129	-0.6493	-1.4446	-2.6315	-0.2590	-0.0734	-1.7973	-0.6003	0.5125	-0.7359	-0.1367	-0.2890	-0.6276	0.0623	0.2985	0.4114	-0.3550	-0.9913	0.6812	1.0050	-0.6825	-1.2504	-0.3155	-1.0220	0.7149	-2.0111	-0.6469	-1.4444	-2.6319	-0.2615	-0.0749	-1.7924	-0.5964	0.5096	-0.7378	-0.1340	-0.2857	-0.6277	0.0601	0.2940	0.4097	-0.3523	-0.9886	0.6732	0.9963	-0.6806	-1.2469	-0.3195	
0.0000	 3.41906847674796E-0005	-0.2070	-1.1333	0.6389	-2.0011	-0.4030	-1.1547	-2.5061	-0.2978	-0.1858	-1.7979	-0.5116	0.5926	-0.7364	-0.3741	-0.4532	-0.4712	0.1726	-0.0445	0.0829	-0.2070	-0.8294	0.4054	0.6807	-0.6277	-1.1235	-0.3370	-1.1414	0.6450	-1.9932	-0.4130	-1.1664	-2.5101	-0.2924	-0.1797	-1.8016	-0.5182	0.5946	-0.7314	-0.3741	-0.4561	-0.4691	0.1748	-0.0462	0.0817	-0.2043	-0.8284	0.3994	0.6769	-0.6211	-1.1187	-0.3488	
0.0333	 1.58880428816351E-0004	-0.0578	-1.2504	0.5616	-1.9882	-0.1580	-0.8654	-2.3811	-0.3352	-0.2985	-1.7993	-0.4234	0.6731	-0.7365	-0.6125	-0.6183	-0.3143	0.2835	-0.3884	-0.2470	-0.0578	-0.6664	0.1278	0.3546	-0.5717	-0.9957	-0.3603	-1.2650	0.5767	-1.9731	-0.1821	-0.8918	-2.3897	-0.3226	-0.2836	-1.8112	-0.4412	0.6788	-0.7244	-0.6123	-0.6255	-0.3107	0.2888	-0.3864	-0.2460	-0.0552	-0.6678	0.1211	0.3534	-0.5582	-0.9878	-0.3835	
0.0667	 3.49971395438618E-0004	0.0911	-1.3694	0.4859	-1.9739	0.0860	-0.5770	-2.2563	-0.3728	-0.4103	-1.8012	-0.3364	0.7536	-0.7361	-0.8497	-0.7833	-0.1573	0.3940	-0.7321	-0.5763	0.0911	-0.5034	-0.1509	0.0273	-0.5142	-0.8667	-0.3862	-1.3875	0.5085	-1.9533	0.0488	-0.6160	-2.2682	-0.3519	-0.3873	-1.8224	-0.3654	0.7642	-0.7170	-0.8517	-0.7957	-0.1515	0.4038	-0.7259	-0.5727	0.0934	-0.5068	-0.1536	0.0328	-0.4965	-0.8576	-0.4164	
0.1000	 4.82428133129071E-0004	0.2409	-1.4903	0.4110	-1.9582	0.3277	-0.2916	-2.1319	-0.4093	-0.5213	-1.8036	-0.2503	0.8338	-0.7352	-1.0852	-0.9478	-0.0005	0.5044	-1.0756	-0.9049	0.2409	-0.3402	-0.4320	-0.3018	-0.4556	-0.7367	-0.4150	-1.5057	0.4372	-1.9375	0.2855	-0.3326	-2.1444	-0.3832	-0.4938	-1.8349	-0.2876	0.8500	-0.7108	-1.0949	-0.9676	0.0060	0.5182	-1.0638	-0.9000	0.2386	-0.3481	-0.4229	-0.2836	-0.4393	-0.7318	-0.4425	
