Arquivo: c:\arq\medidas\BBA_1704_072055\BBA_AMP02A_H.dat
Data: 1704	 Hora:  0724
Comentário: 
NomeParametro	 ValorParametro
Nmedias	5
PausaCorretora	3000
PausaShunt	2000
PausaLeitura	500
NumCiclos	3
 NPassosCor	7
DeltaShunt	3.00
TetaIni	-0.10
TetaFim	0.10
I[mA]	 145.1
ACH09B	DeltaPos^2	AMP02A	AMP01B_0	AMP02A_0	AMP02B_0	AMP03A_0	AMP03B_0	AMP03C_0	AMP04A_0	AMP04B_0	AMP05A_0	AMP05B_0	AMP06A_0	AMP06B_0	AMP07A_0	AMP07B_0	AMP08A_0	AMP08B_0	AMP09A_0	AMP09B_0	AMP10A_0	AMP10B_0	AMU11A_0	AMU11B_0	AMP12A_0	AMP12B_0	AMP01A_0	AMP01B_1	AMP02A_1	AMP02B_1	AMP03A_1	AMP03B_1	AMP03C_1	AMP04A_1	AMP04B_1	AMP05A_1	AMP05B_1	AMP06A_1	AMP06B_1	AMP07A_1	AMP07B_1	AMP08A_1	AMP08B_1	AMP09A_1	AMP09B_1	AMP10A_1	AMP10B_1	AMU11A_1	AMU11B_1	AMP12A_1	AMP12B_1	AMP01A_1	
-0.1000	 1.40771798203090E-0005	0.1108	-0.2355	0.1108	-2.4504	0.7110	0.0818	-2.0042	-0.5247	-0.6746	-1.5596	0.0854	0.8390	-0.8250	-1.1806	-0.9274	0.1424	0.5681	-1.3779	-1.1860	-0.0816	-0.3382	0.5464	0.5122	-1.0013	-1.1611	0.7782	-0.2324	0.1095	-2.4540	0.7148	0.0869	-2.0018	-0.5236	-0.6750	-1.5615	0.0849	0.8423	-0.8224	-1.1868	-0.9337	0.1461	0.5720	-1.3841	-1.1930	-0.0786	-0.3344	0.5438	0.5084	-1.0005	-1.1587	0.7823	
-0.0667	 1.39081072194511E-0004	0.2965	-0.5403	0.2965	-2.2890	0.3385	-0.3254	-2.1640	-0.4261	-0.5020	-1.6708	-0.1316	0.7881	-0.7719	-0.9737	-0.8237	-0.0259	0.4736	-0.9811	-0.8202	-0.1021	-0.4673	0.4853	0.5452	-0.8628	-1.1277	0.4091	-0.5359	0.2924	-2.2960	0.3499	-0.3099	-2.1566	-0.4224	-0.5029	-1.6772	-0.1324	0.7988	-0.7649	-0.9942	-0.8410	-0.0120	0.4863	-1.0024	-0.8428	-0.0923	-0.4541	0.4756	0.5313	-0.8606	-1.1204	0.4186	
-0.0333	 3.95287893028551E-0004	0.4841	-0.8494	0.4841	-2.1248	-0.0383	-0.7368	-2.3257	-0.3271	-0.3275	-1.7833	-0.3503	0.7364	-0.7181	-0.7653	-0.7195	-0.1954	0.3782	-0.5806	-0.4508	-0.1223	-0.5969	0.4218	0.5767	-0.7227	-1.0937	0.0351	-0.8432	0.4773	-2.1360	-0.0191	-0.7105	-2.3129	-0.3207	-0.3300	-1.7938	-0.3512	0.7550	-0.7069	-0.7993	-0.7483	-0.1720	0.3998	-0.6166	-0.4892	-0.1053	-0.5746	0.4049	0.5527	-0.7186	-1.0807	0.0501	
0.0000	 7.97797458382865E-0004	0.6724	-1.1608	0.6724	-1.9596	-0.4174	-1.1496	-2.4873	-0.2272	-0.1527	-1.8971	-0.5708	0.6852	-0.6637	-0.5563	-0.6155	-0.3658	0.2826	-0.1782	-0.0805	-0.1420	-0.7270	0.3566	0.6074	-0.5813	-1.0590	-0.3423	-1.1523	0.6630	-1.9746	-0.3907	-1.1132	-2.4693	-0.2178	-0.1560	-1.9122	-0.5721	0.7117	-0.6476	-0.6047	-0.6561	-0.3320	0.3137	-0.2293	-0.1351	-0.1177	-0.6947	0.3327	0.5733	-0.5754	-1.0402	-0.3212	
0.0333	 1.32964246694011E-0003	0.8612	-1.4724	0.8612	-1.7935	-0.7979	-1.5630	-2.6490	-0.1266	0.0225	-2.0120	-0.7921	0.6342	-0.6090	-0.3475	-0.5124	-0.5359	0.1876	0.2235	0.2895	-0.1606	-0.8565	0.2897	0.6362	-0.4390	-1.0232	-0.7209	-1.4632	0.8490	-1.8119	-0.7629	-1.5155	-2.6259	-0.1146	0.0184	-2.0312	-0.7936	0.6686	-0.5883	-0.4101	-0.5648	-0.4923	0.2274	0.1572	0.2191	-0.1294	-0.8150	0.2583	0.5916	-0.4311	-0.9986	-0.6950	
0.0667	 1.98840934253256E-0003	1.0496	-1.7849	1.0496	-1.6271	-1.1770	-1.9746	-2.8104	-0.0262	0.1976	-2.1269	-1.0133	0.5834	-0.5541	-0.1403	-0.4104	-0.7058	0.0928	0.6226	0.6571	-0.1788	-0.9855	0.2208	0.6628	-0.2965	-0.9869	-1.1001	-1.7735	1.0344	-1.6494	-1.1349	-1.9167	-2.7824	-0.0113	0.1922	-2.1504	-1.0148	0.6260	-0.5290	-0.2169	-0.4747	-0.6520	0.1418	0.5423	0.5711	-0.1402	-0.9343	0.1826	0.6083	-0.2868	-0.9566	-1.0684	
0.1000	 2.77328929507630E-0003	1.2378	-2.0971	1.2378	-1.4600	-1.5570	-2.3856	-2.9717	0.0749	0.3724	-2.2437	-1.2357	0.5337	-0.4984	0.0659	-0.3103	-0.8748	-0.0011	1.0213	1.0236	-0.1959	-1.1134	0.1505	0.6880	-0.1530	-0.9494	-1.4794	-2.0842	1.2200	-1.4861	-1.5068	-2.3173	-2.9386	0.0928	0.3663	-2.2716	-1.2374	0.5842	-0.4686	-0.0248	-0.3856	-0.8113	0.0567	0.9263	0.9220	-0.1503	-1.0532	0.1052	0.6233	-0.1417	-0.9138	-1.4423	
