Arquivo: c:\arq\medidas\BBA_1704_072055\BBA_AMP09B_V.dat
Data: 1704	 Hora:  0815
Comentário: 
NomeParametro	 ValorParametro
Nmedias	5
PausaCorretora	3000
PausaShunt	2000
PausaLeitura	500
NumCiclos	3
 NPassosCor	7
DeltaShunt	3.00
TetaIni	-0.10
TetaFim	0.10
I[mA]	  35.1
ACV09B	DeltaPos^2	AMP09B	AMP01B_0	AMP02A_0	AMP02B_0	AMP03A_0	AMP03B_0	AMP03C_0	AMP04A_0	AMP04B_0	AMP05A_0	AMP05B_0	AMP06A_0	AMP06B_0	AMP07A_0	AMP07B_0	AMP08A_0	AMP08B_0	AMP09A_0	AMP09B_0	AMP10A_0	AMP10B_0	AMU11A_0	AMU11B_0	AMP12A_0	AMP12B_0	AMP01A_0	AMP01B_1	AMP02A_1	AMP02B_1	AMP03A_1	AMP03B_1	AMP03C_1	AMP04A_1	AMP04B_1	AMP05A_1	AMP05B_1	AMP06A_1	AMP06B_1	AMP07A_1	AMP07B_1	AMP08A_1	AMP08B_1	AMP09A_1	AMP09B_1	AMP10A_1	AMP10B_1	AMU11A_1	AMU11B_1	AMP12A_1	AMP12B_1	AMP01A_1	
-0.1000	 1.34617170205637E-0002	-0.9243	0.2096	0.5460	1.0988	1.2741	1.2389	-1.4097	-0.1754	-0.2210	1.3892	1.1355	0.9375	-1.5521	-1.1082	1.2658	1.7699	0.4920	0.4039	-0.9243	-0.1077	0.2733	0.9425	2.0891	1.2345	0.1799	-0.7240	0.2982	0.6405	1.2038	1.3900	1.1014	-1.7075	-0.2765	-0.2050	1.4753	1.1613	0.9084	-1.6710	-1.2884	1.4176	1.8911	0.5757	0.4637	-1.0776	-0.2175	0.2232	0.9443	2.1808	1.2713	0.1047	-0.8650	
-0.0667	 8.25728178064767E-0003	-0.6096	0.0377	0.3577	0.8841	1.0343	1.5186	-0.8011	0.0318	-0.2478	1.2239	1.0752	0.9903	-1.3134	-0.7425	0.9630	1.5259	0.3189	0.2755	-0.6096	0.1131	0.3794	0.9452	1.9017	1.1565	0.3285	-0.4427	0.1067	0.4317	0.9664	1.1241	1.4101	-1.0350	-0.0473	-0.2350	1.2909	1.0945	0.9672	-1.4068	-0.8842	1.0822	1.6209	0.3843	0.3221	-0.7290	0.0272	0.3402	0.9461	1.9728	1.1852	0.2694	-0.5527	
-0.0333	 4.34253841657707E-0003	-0.2867	-0.1388	0.1654	0.6645	0.7877	1.8038	-0.1774	0.2441	-0.2751	1.0549	1.0123	1.0441	-1.0702	-0.3690	0.6547	1.2763	0.1418	0.1436	-0.2867	0.3387	0.4878	0.9473	1.7099	1.0765	0.4805	-0.1551	-0.0879	0.2192	0.7238	0.8526	1.7247	-0.3476	0.1871	-0.2651	1.1037	1.0254	1.0270	-1.1380	-0.4716	0.7408	1.3451	0.1887	0.1774	-0.3732	0.2769	0.4597	0.9482	1.7606	1.0971	0.4374	-0.2350	
0.0000	 1.66639537620981E-0003	0.0394	-0.3174	-0.0299	0.4417	0.5377	2.0905	0.4530	0.4592	-0.3011	0.8851	0.9477	1.0975	-0.8241	0.0084	0.3434	1.0237	-0.0384	0.0085	0.0394	0.5675	0.5976	0.9495	1.5151	0.9955	0.6338	0.1354	-0.2858	0.0034	0.4788	0.5787	2.0427	0.3474	0.4235	-0.2957	0.9150	0.9568	1.0874	-0.8657	-0.0543	0.3963	1.0662	-0.0090	0.0298	-0.0145	0.5289	0.5803	0.9503	1.5476	1.0088	0.6075	0.0855	
0.0333	 2.12589390759294E-0004	0.3683	-0.4980	-0.2261	0.2181	0.2859	2.3785	1.0855	0.6751	-0.3268	0.7153	0.8822	1.1503	-0.5765	0.3874	0.0301	0.7693	-0.2195	-0.1273	0.3683	0.7979	0.7082	0.9519	1.3185	0.9138	0.7880	0.4284	-0.4864	-0.2138	0.2311	0.3004	2.3610	1.0482	0.6625	-0.3250	0.7264	0.8853	1.1468	-0.5915	0.3651	0.0491	0.7844	-0.2091	-0.1197	0.3492	0.7841	0.7019	0.9520	1.3304	0.9188	0.7785	0.4104	
0.0667	 1.35006454426614E-0004	0.6971	-0.6784	-0.4221	-0.0073	0.0323	2.6651	1.7164	0.8923	-0.3517	0.5468	0.8152	1.2025	-0.3292	0.7663	-0.2827	0.5153	-0.4010	-0.2640	0.6971	1.0287	0.8201	0.9547	1.1208	0.8312	0.9421	0.7219	-0.6869	-0.4317	-0.0182	0.0204	2.6781	1.7458	0.9029	-0.3529	0.5389	0.8114	1.2049	-0.3173	0.7846	-0.2980	0.5029	-0.4097	-0.2703	0.7125	1.0399	0.8250	0.9543	1.1112	0.8278	0.9498	0.7358	
0.1000	 1.28505805116033E-0003	1.0253	-0.8584	-0.6183	-0.2323	-0.2208	2.9504	2.3428	1.1095	-0.3757	0.3790	0.7470	1.2536	-0.0824	1.1445	-0.5951	0.2613	-0.5819	-0.4005	1.0253	1.2590	0.9319	0.9583	0.9221	0.7487	1.0965	1.0153	-0.8849	-0.6478	-0.2664	-0.2587	2.9906	2.4320	1.1419	-0.3792	0.3544	0.7357	1.2608	-0.0455	1.2002	-0.6416	0.2234	-0.6090	-0.4198	1.0732	1.2943	0.9489	0.9581	0.8909	0.7357	1.1194	1.0589	
