Arquivo: c:\arq\medidas\BBA_1704_072055\BBA_AMU11A_H.dat
Data: 1704	 Hora:  0823
Comentário: 
NomeParametro	 ValorParametro
Nmedias	5
PausaCorretora	3000
PausaShunt	2000
PausaLeitura	500
NumCiclos	3
 NPassosCor	7
DeltaShunt	3.00
TetaIni	-0.10
TetaFim	0.10
I[mA]	  35.0
ACH05A	DeltaPos^2	AMU11A	AMP01B_0	AMP02A_0	AMP02B_0	AMP03A_0	AMP03B_0	AMP03C_0	AMP04A_0	AMP04B_0	AMP05A_0	AMP05B_0	AMP06A_0	AMP06B_0	AMP07A_0	AMP07B_0	AMP08A_0	AMP08B_0	AMP09A_0	AMP09B_0	AMP10A_0	AMP10B_0	AMU11A_0	AMU11B_0	AMP12A_0	AMP12B_0	AMP01A_0	AMP01B_1	AMP02A_1	AMP02B_1	AMP03A_1	AMP03B_1	AMP03C_1	AMP04A_1	AMP04B_1	AMP05A_1	AMP05B_1	AMP06A_1	AMP06B_1	AMP07A_1	AMP07B_1	AMP08A_1	AMP08B_1	AMP09A_1	AMP09B_1	AMP10A_1	AMP10B_1	AMU11A_1	AMU11B_1	AMP12A_1	AMP12B_1	AMP01A_1	
-0.1000	 2.10564812910360E-0003	1.3844	-0.1332	0.4883	-2.3765	-0.3679	-0.8349	-2.2586	-0.0261	-0.2107	-2.6124	-1.4648	0.7905	-0.3437	-0.5653	-0.9033	-0.6161	0.2726	0.4899	0.3803	-0.6202	-1.0715	1.3844	1.6117	-1.0863	-1.5825	0.5034	-0.1513	0.4594	-2.3859	-0.2950	-0.7749	-2.2545	-0.0714	-0.2467	-2.5346	-1.3847	0.7555	-0.3898	-0.5092	-0.8297	-0.6293	0.2408	0.4939	0.4076	-0.6006	-1.0757	1.3195	1.5272	-1.0813	-1.5543	0.5168	
-0.0667	 1.07423528104268E-0003	1.0717	-0.4478	0.5310	-2.2606	-0.3700	-0.9267	-2.3328	-0.1155	-0.2080	-2.3528	-1.1599	0.7268	-0.4701	-0.5064	-0.7620	-0.5685	0.2409	0.3143	0.2807	-0.4864	-0.9923	1.0717	1.3125	-0.9422	-1.4362	0.2412	-0.4574	0.5097	-2.2686	-0.3160	-0.8815	-2.3276	-0.1479	-0.2344	-2.2962	-1.1010	0.7017	-0.5030	-0.4658	-0.7082	-0.5791	0.2179	0.3193	0.3014	-0.4745	-0.9965	1.0300	1.2570	-0.9407	-1.4181	0.2539	
-0.0333	 3.71175813468602E-0004	0.7536	-0.7664	0.5746	-2.1424	-0.3729	-1.0204	-2.4079	-0.2055	-0.2047	-2.0896	-0.8509	0.6624	-0.5978	-0.4471	-0.6188	-0.5208	0.2085	0.1371	0.1800	-0.3519	-0.9127	0.7536	1.0086	-0.7966	-1.2883	-0.0252	-0.7665	0.5603	-2.1496	-0.3395	-0.9909	-2.4017	-0.2248	-0.2213	-2.0557	-0.8150	0.6480	-0.6171	-0.4227	-0.5866	-0.5276	0.1953	0.1430	0.1942	-0.3467	-0.9158	0.7360	0.9829	-0.7993	-1.2811	-0.0119	
0.0000	 3.97840126323552E-0005	0.4322	-1.0881	0.6191	-2.0231	-0.3776	-1.1165	-2.4837	-0.2954	-0.2010	-1.8248	-0.5412	0.5980	-0.7256	-0.3876	-0.4752	-0.4725	0.1766	-0.0421	0.0780	-0.2157	-0.8314	0.4322	0.7013	-0.6501	-1.1399	-0.2952	-1.0811	0.6130	-2.0296	-0.3662	-1.1035	-2.4799	-0.3010	-0.2069	-1.8188	-0.5327	0.5956	-0.7307	-0.3848	-0.4690	-0.4752	0.1737	-0.0367	0.0837	-0.2179	-0.8346	0.4378	0.7040	-0.6549	-1.1421	-0.2833	
0.0333	 1.90865420569906E-0004	0.1086	-1.4099	0.6644	-1.9026	-0.3832	-1.2132	-2.5604	-0.3854	-0.1965	-1.5598	-0.2316	0.5332	-0.8531	-0.3285	-0.3324	-0.4243	0.1445	-0.2216	-0.0247	-0.0792	-0.7504	0.1086	0.3919	-0.5022	-0.9901	-0.5677	-1.3976	0.6668	-1.9087	-0.3956	-1.2186	-2.5601	-0.3763	-0.1915	-1.5831	-0.2512	0.5437	-0.8442	-0.3484	-0.3527	-0.4224	0.1528	-0.2175	-0.0284	-0.0885	-0.7528	0.1378	0.4230	-0.5108	-1.0032	-0.5573	
0.0667	 9.29353679968011E-0004	-0.2158	-1.7320	0.7100	-1.7810	-0.3900	-1.3113	-2.6375	-0.4745	-0.1911	-1.2953	0.0773	0.4689	-0.9805	-0.2710	-0.1910	-0.3749	0.1132	-0.4020	-0.1277	0.0570	-0.6695	-0.2158	0.0810	-0.3530	-0.8391	-0.8414	-1.7269	0.7233	-1.7858	-0.4327	-1.3417	-2.6509	-0.4506	-0.1731	-1.3540	0.0239	0.4945	-0.9568	-0.3208	-0.2431	-0.3677	0.1332	-0.4048	-0.1465	0.0431	-0.6700	-0.1701	0.1335	-0.3630	-0.8618	-0.8431	
0.1000	 2.13306253228329E-0003	-0.5395	-2.0528	0.7560	-1.6597	-0.3957	-1.4081	-2.7139	-0.5637	-0.1861	-1.0305	0.3865	0.4047	-1.1082	-0.2134	-0.0488	-0.3262	0.0815	-0.5823	-0.2312	0.1936	-0.5881	-0.5395	-0.2289	-0.2045	-0.6885	-1.1146	-2.0490	0.7785	-1.6629	-0.4653	-1.4604	-2.7349	-0.5260	-0.1569	-1.1181	0.3050	0.4430	-1.0707	-0.2863	-0.1277	-0.3140	0.1126	-0.5892	-0.2611	0.1738	-0.5872	-0.4748	-0.1523	-0.2164	-0.7210	-1.1239	
