Arquivo: c:\arq\medidas\BBA_1704_072055\BBA_AMP02B_H.dat
Data: 1704	 Hora:  0727
Comentário: 
NomeParametro	 ValorParametro
Nmedias	5
PausaCorretora	3000
PausaShunt	2000
PausaLeitura	500
NumCiclos	3
 NPassosCor	7
DeltaShunt	3.00
TetaIni	-0.10
TetaFim	0.10
I[mA]	 144.9
ACH07A	DeltaPos^2	AMP02B	AMP01B_0	AMP02A_0	AMP02B_0	AMP03A_0	AMP03B_0	AMP03C_0	AMP04A_0	AMP04B_0	AMP05A_0	AMP05B_0	AMP06A_0	AMP06B_0	AMP07A_0	AMP07B_0	AMP08A_0	AMP08B_0	AMP09A_0	AMP09B_0	AMP10A_0	AMP10B_0	AMU11A_0	AMU11B_0	AMP12A_0	AMP12B_0	AMP01A_0	AMP01B_1	AMP02A_1	AMP02B_1	AMP03A_1	AMP03B_1	AMP03C_1	AMP04A_1	AMP04B_1	AMP05A_1	AMP05B_1	AMP06A_1	AMP06B_1	AMP07A_1	AMP07B_1	AMP08A_1	AMP08B_1	AMP09A_1	AMP09B_1	AMP10A_1	AMP10B_1	AMU11A_1	AMU11B_1	AMP12A_1	AMP12B_1	AMP01A_1	
-0.1000	 5.64113030692344E-0003	-2.5223	0.0803	0.1993	-2.5223	0.3846	-0.1103	-2.0089	-0.2755	-0.5289	-2.1435	-0.4515	1.1074	-0.5502	-1.7039	-1.9194	-0.0905	0.8109	-0.4279	-0.6827	-0.3534	-0.6026	1.0855	1.1149	-1.1471	-1.4090	0.9346	0.0145	0.2350	-2.4978	0.3725	-0.1554	-2.0403	-0.3250	-0.5432	-2.0537	-0.3932	1.0218	-0.6135	-1.5580	-1.7825	-0.1747	0.7219	-0.3139	-0.5467	-0.3969	-0.6763	1.1026	1.1630	-1.1384	-1.4365	0.8404	
-0.0667	 4.38330697134362E-0003	-2.3375	-0.3276	0.3566	-2.3375	0.1193	-0.4553	-2.1676	-0.2604	-0.4052	-2.0616	-0.4910	0.9666	-0.5888	-1.3248	-1.4921	-0.1847	0.6362	-0.3372	-0.4777	-0.2865	-0.6472	0.8499	0.9533	-0.9614	-1.2959	0.5140	-0.3854	0.3882	-2.3162	0.1085	-0.4945	-2.1951	-0.3034	-0.4173	-1.9833	-0.4403	0.8920	-0.6439	-1.1962	-1.3709	-0.2592	0.5573	-0.2366	-0.3575	-0.3255	-0.7129	0.8656	0.9966	-0.9539	-1.3205	0.4313	
-0.0333	 3.25190696153743E-0003	-2.1502	-0.7406	0.5155	-2.1502	-0.1490	-0.8027	-2.3277	-0.2443	-0.2797	-1.9802	-0.5320	0.8254	-0.6269	-0.9416	-1.0589	-0.2803	0.4589	-0.2460	-0.2711	-0.2191	-0.6925	0.6107	0.7892	-0.7740	-1.1819	0.0874	-0.7896	0.5423	-2.1324	-0.1575	-0.8359	-2.3511	-0.2819	-0.2908	-1.9117	-0.4874	0.7607	-0.6747	-0.8305	-0.9544	-0.3442	0.3909	-0.1596	-0.1673	-0.2524	-0.7487	0.6246	0.8269	-0.7676	-1.2030	0.0174	
0.0000	 2.26601223305118E-0003	-1.9617	-1.1552	0.6745	-1.9617	-0.4182	-1.1509	-2.4875	-0.2285	-0.1543	-1.8979	-0.5725	0.6836	-0.6652	-0.5568	-0.6240	-0.3752	0.2811	-0.1566	-0.0651	-0.1506	-0.7369	0.3688	0.6226	-0.5855	-1.0667	-0.3410	-1.1956	0.6975	-1.9466	-0.4256	-1.1787	-2.5067	-0.2595	-0.1629	-1.8414	-0.5360	0.6297	-0.7046	-0.4643	-0.5374	-0.4287	0.2244	-0.0838	0.0220	-0.1786	-0.7841	0.3811	0.6551	-0.5796	-1.0843	-0.4000	
0.0333	 1.46329908754828E-0003	-1.7723	-1.5707	0.8343	-1.7723	-0.6885	-1.4997	-2.6475	-0.2126	-0.0288	-1.8160	-0.6138	0.5411	-0.7037	-0.1703	-0.1877	-0.4705	0.1021	-0.0675	0.1417	-0.0819	-0.7819	0.1251	0.4543	-0.3965	-0.9510	-0.7728	-1.6025	0.8530	-1.7601	-0.6942	-1.5217	-2.6629	-0.2366	-0.0351	-1.7710	-0.5851	0.4977	-0.7349	-0.0956	-0.1178	-0.5131	0.0567	-0.0084	0.2123	-0.1041	-0.8194	0.1357	0.4812	-0.3912	-0.9650	-0.8197	
0.0667	 8.34624726188074E-0004	-1.5822	-1.9863	0.9941	-1.5822	-0.9596	-1.8480	-2.8076	-0.1959	0.0973	-1.7346	-0.6560	0.3984	-0.7417	0.2157	0.2489	-0.5650	-0.0771	0.0199	0.3472	-0.0120	-0.8254	-0.1208	0.2836	-0.2060	-0.8339	-1.2054	-2.0094	1.0084	-1.5729	-0.9637	-1.8647	-2.8192	-0.2142	0.0931	-1.7007	-0.6345	0.3658	-0.7647	0.2715	0.3009	-0.5977	-0.1113	0.0653	0.4011	-0.0293	-0.8543	-0.1118	0.3050	-0.2022	-0.8448	-1.2407	
0.1000	 3.86171920943886E-0004	-1.3920	-2.3993	1.1535	-1.3920	-1.2306	-2.1954	-2.9667	-0.1785	0.2232	-1.6549	-0.6993	0.2566	-0.7788	0.5990	0.6822	-0.6587	-0.2552	0.1063	0.5504	0.0584	-0.8682	-0.3675	0.1115	-0.0159	-0.7163	-1.6372	-2.4141	1.1634	-1.3858	-1.2326	-2.2058	-2.9742	-0.1906	0.2205	-1.6317	-0.6850	0.2345	-0.7938	0.6370	0.7172	-0.6808	-0.2780	0.1380	0.5880	0.0466	-0.8878	-0.3598	0.1279	-0.0129	-0.7239	-1.6598	
