Arquivo: c:\arq\medidas\BBA_1704_072055\BBA_AMP04B_H.dat
Data: 1704	 Hora:  0742
Comentário: 
NomeParametro	 ValorParametro
Nmedias	5
PausaCorretora	3000
PausaShunt	2000
PausaLeitura	500
NumCiclos	3
 NPassosCor	7
DeltaShunt	3.00
TetaIni	-0.10
TetaFim	0.10
I[mA]	 143.3
ACH11A	DeltaPos^2	AMP04B	AMP01B_0	AMP02A_0	AMP02B_0	AMP03A_0	AMP03B_0	AMP03C_0	AMP04A_0	AMP04B_0	AMP05A_0	AMP05B_0	AMP06A_0	AMP06B_0	AMP07A_0	AMP07B_0	AMP08A_0	AMP08B_0	AMP09A_0	AMP09B_0	AMP10A_0	AMP10B_0	AMU11A_0	AMU11B_0	AMP12A_0	AMP12B_0	AMP01A_0	AMP01B_1	AMP02A_1	AMP02B_1	AMP03A_1	AMP03B_1	AMP03C_1	AMP04A_1	AMP04B_1	AMP05A_1	AMP05B_1	AMP06A_1	AMP06B_1	AMP07A_1	AMP07B_1	AMP08A_1	AMP08B_1	AMP09A_1	AMP09B_1	AMP10A_1	AMP10B_1	AMU11A_1	AMU11B_1	AMP12A_1	AMP12B_1	AMP01A_1	
-0.1000	 1.21130391040945E-0004	-0.5186	-1.4768	0.4085	-1.9518	0.3759	-0.5757	-2.3881	-0.7432	-0.5186	-0.7719	0.5150	0.2124	-1.2009	0.2872	0.4139	-0.5260	-0.1209	-0.1537	0.2534	0.1143	-0.7531	-0.4683	-0.3738	-0.4435	-0.6942	-0.3700	-1.4823	0.4078	-1.9481	0.3919	-0.5635	-2.3858	-0.7496	-0.5224	-0.7693	0.5231	0.2198	-1.1983	0.2738	0.4050	-0.5135	-0.1111	-0.1742	0.2335	0.1259	-0.7399	-0.4840	-0.3924	-0.4371	-0.6837	-0.3704	
-0.0667	 2.62821860300425E-0004	-0.4025	-1.3771	0.4936	-1.9542	0.1238	-0.7600	-2.4203	-0.5830	-0.4025	-1.1245	0.1734	0.3581	-1.0339	0.0291	0.0954	-0.4814	0.0015	-0.1511	0.1584	0.0297	-0.7503	-0.2036	-0.0574	-0.4877	-0.8119	-0.3630	-1.3858	0.4927	-1.9482	0.1459	-0.7437	-2.4174	-0.5908	-0.4076	-1.1211	0.1846	0.3692	-1.0296	0.0094	0.0823	-0.4626	0.0162	-0.1816	0.1291	0.0471	-0.7307	-0.2275	-0.0855	-0.4777	-0.7957	-0.3645	
-0.0333	 4.50222552514626E-0004	-0.2850	-1.2779	0.5799	-1.9554	-0.1319	-0.9471	-2.4535	-0.4203	-0.2850	-1.4803	-0.1727	0.5055	-0.8647	-0.2325	-0.2271	-0.4353	0.1264	-0.1501	0.0608	-0.0551	-0.7470	0.0623	0.2604	-0.5318	-0.9303	-0.3578	-1.2895	0.5788	-1.9478	-0.1038	-0.9262	-2.4495	-0.4307	-0.2913	-1.4760	-0.1582	0.5203	-0.8589	-0.2589	-0.2448	-0.4106	0.1455	-0.1900	0.0223	-0.0321	-0.7212	0.0313	0.2239	-0.5184	-0.9087	-0.3596	
0.0000	 6.62324037997483E-0004	-0.1663	-1.1795	0.6670	-1.9563	-0.3891	-1.1355	-2.4871	-0.2569	-0.1663	-1.8368	-0.5201	0.6532	-0.6946	-0.4956	-0.5515	-0.3888	0.2513	-0.1501	-0.0375	-0.1401	-0.7431	0.3280	0.5786	-0.5753	-1.0483	-0.3535	-1.1937	0.6652	-1.9470	-0.3537	-1.1098	-2.4825	-0.2702	-0.1750	-1.8312	-0.5019	0.6709	-0.6881	-0.5267	-0.5718	-0.3588	0.2744	-0.1981	-0.0837	-0.1117	-0.7119	0.2901	0.5341	-0.5594	-1.0227	-0.3557	
0.0333	 9.27291249598748E-0004	-0.0479	-1.0826	0.7542	-1.9566	-0.6468	-1.3252	-2.5215	-0.0940	-0.0479	-2.1919	-0.8672	0.8006	-0.5245	-0.7595	-0.8765	-0.3420	0.3763	-0.1508	-0.1364	-0.2241	-0.7385	0.5927	0.8956	-0.6180	-1.1660	-0.3510	-1.0991	0.7519	-1.9460	-0.6050	-1.2941	-2.5157	-0.1096	-0.0582	-2.1854	-0.8457	0.8216	-0.5171	-0.7962	-0.9006	-0.3065	0.4035	-0.2081	-0.1912	-0.1906	-0.7016	0.5482	0.8430	-0.5996	-1.1357	-0.3528	
0.0667	 1.27825180843399E-0003	0.0708	-0.9851	0.8425	-1.9565	-0.9054	-1.5152	-2.5560	0.0696	0.0708	-2.5467	-1.2149	0.9482	-0.3543	-1.0232	-1.2010	-0.2950	0.5014	-0.1519	-0.2359	-0.3091	-0.7342	0.8579	1.2126	-0.6612	-1.2842	-0.3485	-1.0060	0.8400	-1.9430	-0.8579	-1.4808	-2.5501	0.0519	0.0598	-2.5396	-1.1906	0.9729	-0.3450	-1.0667	-1.2296	-0.2529	0.5336	-0.2191	-0.3000	-0.2689	-0.6903	0.8054	1.1509	-0.6384	-1.2480	-0.3519	
0.1000	 1.62973179897637E-0003	0.1905	-0.8913	0.9312	-1.9551	-1.1645	-1.7068	-2.5915	0.2329	0.1905	-2.8993	-1.5619	1.0957	-0.1837	-1.2871	-1.5255	-0.2466	0.6271	-0.1552	-0.3368	-0.3919	-0.7282	1.1191	1.5252	-0.7024	-1.4006	-0.3492	-0.9143	0.9281	-1.9404	-1.1099	-1.6673	-2.5847	0.2125	0.1775	-2.8908	-1.5340	1.1238	-0.1734	-1.3359	-1.5574	-0.1995	0.6627	-0.2313	-0.4094	-0.3466	-0.6790	1.0600	1.4555	-0.6774	-1.3599	-0.3524	
