Arquivo: c:\arq\medidas\BBA_1704_072055\BBA_AMP10A_V.dat
Data: 1704	 Hora:  0818
Comentário: 
NomeParametro	 ValorParametro
Nmedias	5
PausaCorretora	3000
PausaShunt	2000
PausaLeitura	500
NumCiclos	3
 NPassosCor	7
DeltaShunt	3.00
TetaIni	-0.10
TetaFim	0.10
I[mA]	  35.1
ACV11A	DeltaPos^2	AMP10A	AMP01B_0	AMP02A_0	AMP02B_0	AMP03A_0	AMP03B_0	AMP03C_0	AMP04A_0	AMP04B_0	AMP05A_0	AMP05B_0	AMP06A_0	AMP06B_0	AMP07A_0	AMP07B_0	AMP08A_0	AMP08B_0	AMP09A_0	AMP09B_0	AMP10A_0	AMP10B_0	AMU11A_0	AMU11B_0	AMP12A_0	AMP12B_0	AMP01A_0	AMP01B_1	AMP02A_1	AMP02B_1	AMP03A_1	AMP03B_1	AMP03C_1	AMP04A_1	AMP04B_1	AMP05A_1	AMP05B_1	AMP06A_1	AMP06B_1	AMP07A_1	AMP07B_1	AMP08A_1	AMP08B_1	AMP09A_1	AMP09B_1	AMP10A_1	AMP10B_1	AMU11A_1	AMU11B_1	AMP12A_1	AMP12B_1	AMP01A_1	
-0.1000	 2.56815266376895E-0004	0.2097	-1.4952	-0.7350	0.4711	1.0237	2.3807	0.7326	0.3305	-1.0985	-0.2997	1.9241	1.9300	-0.2203	0.4950	-0.7379	0.4876	0.2416	0.7926	-0.0487	0.2097	-0.2100	0.0286	1.8813	1.6577	1.4277	0.9838	-1.4985	-0.7294	0.4869	1.0476	2.3670	0.6929	0.3144	-1.1058	-0.3033	1.9433	1.9365	-0.2300	0.4765	-0.7300	0.4992	0.2576	0.8127	-0.0735	0.1949	-0.2234	0.0205	1.9023	1.6707	1.4261	0.9752	
-0.0667	 1.43357585512483E-0004	0.3329	-1.1208	-0.5130	0.4546	0.8585	2.2964	0.6620	0.3788	-0.8415	0.0789	1.6065	1.6627	-0.4071	0.3508	-0.3983	0.6520	0.1445	0.5337	-0.0084	0.3329	0.0540	0.3257	1.7579	1.4424	1.1768	0.7182	-1.1241	-0.5094	0.4666	0.8767	2.2866	0.6328	0.3667	-0.8472	0.0759	1.6219	1.6680	-0.4139	0.3376	-0.3929	0.6605	0.1565	0.5485	-0.0269	0.3216	0.0438	0.3202	1.7743	1.4524	1.1758	0.7123	
-0.0333	 6.16454399821842E-0005	0.4573	-0.7372	-0.2860	0.4386	0.6908	2.2088	0.5884	0.4273	-0.5789	0.4655	1.2827	1.3892	-0.5989	0.2020	-0.0508	0.8213	0.0463	0.2703	0.0306	0.4573	0.3234	0.6300	1.6316	1.2218	0.9190	0.4470	-0.7403	-0.2842	0.4462	0.7035	2.2035	0.5701	0.4198	-0.5832	0.4629	1.2934	1.3938	-0.6026	0.1942	-0.0478	0.8262	0.0543	0.2802	0.0185	0.4498	0.3164	0.6273	1.6435	1.2285	0.9192	0.4434	
0.0000	 1.46795365670794E-0005	0.5820	-0.3492	-0.0566	0.4230	0.5219	2.1195	0.5126	0.4760	-0.3134	0.8544	0.9548	1.1131	-0.7931	0.0502	0.3004	0.9929	-0.0516	0.0050	0.0684	0.5820	0.5956	0.9374	1.5031	0.9976	0.6581	0.1726	-0.3525	-0.0571	0.4260	0.5283	2.1195	0.5060	0.4731	-0.3163	0.8520	0.9620	1.1166	-0.7934	0.0485	0.3009	0.9940	-0.0478	0.0100	0.0633	0.5783	0.5918	0.9374	1.5109	1.0016	0.6593	0.1724	
0.0333	 7.12202405604956E-0006	0.7068	0.0397	0.1745	0.4070	0.3521	2.0295	0.4357	0.5248	-0.0471	1.2456	0.6260	0.8345	-0.9886	-0.1030	0.6539	1.1655	-0.1496	-0.2604	0.1061	0.7068	0.8695	1.2449	1.3738	0.7721	0.3957	-0.1027	0.0366	0.1719	0.4064	0.3531	2.0347	0.4400	0.5256	-0.0490	1.2437	0.6296	0.8377	-0.9856	-0.0992	0.6521	1.1630	-0.1499	-0.2604	0.1072	0.7070	0.8688	1.2489	1.3781	0.7733	0.3982	-0.1000	
0.0667	 3.47493697465097E-0005	0.8318	0.4285	0.4052	0.3922	0.1831	1.9383	0.3572	0.5729	0.2193	1.6359	0.2963	0.5563	-1.1840	-0.2574	1.0075	1.3384	-0.2474	-0.5255	0.1423	0.8318	1.1428	1.5530	1.2456	0.5463	0.1328	-0.3794	0.4257	0.4005	0.3877	0.1784	1.9492	0.3726	0.5778	0.2183	1.6352	0.2963	0.5587	-1.1774	-0.2477	1.0044	1.3324	-0.2514	-0.5310	0.1497	0.8355	1.1450	1.5609	1.2465	0.5449	0.1369	-0.3742	
0.1000	 9.67828983930195E-0005	0.9557	0.8158	0.6348	0.3777	0.0153	1.8471	0.2787	0.6208	0.4836	2.0226	-0.0321	0.2794	-1.3783	-0.4102	1.3582	1.5098	-0.3444	-0.7897	0.1789	0.9557	1.4138	1.8589	1.1179	0.3217	-0.1291	-0.6555	0.8137	0.6276	0.3689	0.0047	1.8626	0.3052	0.6297	0.4839	2.0230	-0.0365	0.2813	-1.3686	-0.3949	1.3534	1.5002	-0.3524	-0.8000	0.1926	0.9634	1.4194	1.8700	1.1148	0.3179	-0.1237	-0.6478	
