Arquivo: c:\arq\medidas\BBA_1704_072055\BBA_AMP03A_V.dat
Data: 1704	 Hora:  0731
Comentário: 
NomeParametro	 ValorParametro
Nmedias	5
PausaCorretora	3000
PausaShunt	2000
PausaLeitura	500
NumCiclos	3
 NPassosCor	7
DeltaShunt	3.00
TetaIni	-0.10
TetaFim	0.10
I[mA]	 144.5
ACV09A	DeltaPos^2	AMP03A	AMP01B_0	AMP02A_0	AMP02B_0	AMP03A_0	AMP03B_0	AMP03C_0	AMP04A_0	AMP04B_0	AMP05A_0	AMP05B_0	AMP06A_0	AMP06B_0	AMP07A_0	AMP07B_0	AMP08A_0	AMP08B_0	AMP09A_0	AMP09B_0	AMP10A_0	AMP10B_0	AMU11A_0	AMU11B_0	AMP12A_0	AMP12B_0	AMP01A_0	AMP01B_1	AMP02A_1	AMP02B_1	AMP03A_1	AMP03B_1	AMP03C_1	AMP04A_1	AMP04B_1	AMP05A_1	AMP05B_1	AMP06A_1	AMP06B_1	AMP07A_1	AMP07B_1	AMP08A_1	AMP08B_1	AMP09A_1	AMP09B_1	AMP10A_1	AMP10B_1	AMU11A_1	AMU11B_1	AMP12A_1	AMP12B_1	AMP01A_1	
-0.1000	 3.70941853755911E-0003	-0.4092	-0.2581	-0.2530	-0.2171	-0.4092	2.7613	2.1019	1.1535	0.0576	1.0210	0.2124	0.7873	-0.4195	0.8487	-0.0213	0.5522	-0.7094	-0.8434	0.4862	1.0700	1.2063	1.3968	0.7784	0.4279	0.6846	0.5565	-0.2916	-0.3003	-0.2869	-0.4997	2.7908	2.1980	1.2066	0.1221	1.0898	0.1125	0.7250	-0.4200	0.8863	0.0057	0.5447	-0.7725	-0.9397	0.5648	1.1350	1.2512	1.4145	0.7107	0.3903	0.7168	0.6300	
-0.0667	 1.68147844534417E-0003	-0.1085	-0.2870	-0.1919	-0.0130	-0.1085	2.5559	1.5931	0.9384	-0.0571	0.9687	0.4411	0.8832	-0.5429	0.5866	0.0847	0.6937	-0.5023	-0.5783	0.3521	0.9157	1.0135	1.2484	1.0109	0.6074	0.6748	0.4323	-0.3088	-0.2235	-0.0601	-0.1696	2.5751	1.6579	0.9739	-0.0136	1.0156	0.3737	0.8409	-0.5436	0.6112	0.1033	0.6889	-0.5447	-0.6434	0.4047	0.9593	1.0441	1.2604	0.9653	0.5815	0.6962	0.4813	
-0.0333	 4.33808944195979E-0004	0.1960	-0.3168	-0.1305	0.1937	0.1960	2.3469	1.0760	0.7206	-0.1734	0.9160	0.6721	0.9803	-0.6674	0.3215	0.1909	0.8364	-0.2928	-0.3101	0.2164	0.7599	0.8185	1.0975	1.2460	0.7888	0.6657	0.3077	-0.3275	-0.1462	0.1699	0.1644	2.3558	1.1082	0.7385	-0.1515	0.9401	0.6374	0.9584	-0.6681	0.3340	0.2006	0.8340	-0.3145	-0.3436	0.2430	0.7816	0.8340	1.1038	1.2226	0.7753	0.6759	0.3317	
0.0000	 9.85547028139948E-0007	0.5032	-0.3478	-0.0695	0.4010	0.5032	2.1361	0.5527	0.5010	-0.2909	0.8625	0.9049	1.0781	-0.7929	0.0540	0.2979	0.9804	-0.0812	-0.0390	0.0797	0.6019	0.6211	0.9455	1.4829	0.9723	0.6572	0.1824	-0.3471	-0.0691	0.4006	0.5015	2.1342	0.5516	0.5013	-0.2902	0.8636	0.9032	1.0770	-0.7935	0.0538	0.2987	0.9807	-0.0818	-0.0407	0.0798	0.6026	0.6218	0.9461	1.4817	0.9710	0.6564	0.1814	
0.0333	 3.97884204820805E-0004	0.8110	-0.3798	-0.0083	0.6092	0.8110	1.9235	0.0269	0.2805	-0.4085	0.8095	1.1387	1.1766	-0.9186	-0.2142	0.4050	1.1251	0.1311	0.2329	-0.0573	0.4440	0.4226	0.7918	1.7207	1.1565	0.6490	0.0578	-0.3679	0.0078	0.6319	0.8395	1.9114	-0.0068	0.2630	-0.4286	0.7875	1.1704	1.1960	-0.9192	-0.2270	0.3966	1.1275	0.1516	0.2633	-0.0836	0.4225	0.4081	0.7864	1.7419	1.1681	0.6373	0.0320	
0.0667	 1.62612469179466E-0003	1.1176	-0.4123	0.0523	0.8171	1.1176	1.7110	-0.4988	0.0605	-0.5252	0.7566	1.3712	1.2743	-1.0441	-0.4825	0.5121	1.2689	0.3427	0.5042	-0.1935	0.2865	0.2244	0.6374	1.9574	1.3402	0.6412	-0.0662	-0.3894	0.0847	0.8629	1.1758	1.6881	-0.5658	0.0244	-0.5669	0.7118	1.4359	1.3142	-1.0447	-0.5081	0.4947	1.2740	0.3840	0.5665	-0.2464	0.2432	0.1950	0.6264	2.0007	1.3638	0.6185	-0.1170	
0.1000	 3.73316474553623E-0003	1.4331	-0.4472	0.1150	1.0313	1.4331	1.4907	-1.0417	-0.1668	-0.6460	0.7018	1.6109	1.3748	-1.1735	-0.7600	0.6225	1.4170	0.5614	0.7845	-0.3339	0.1240	0.0188	0.4770	2.2016	1.5305	0.6338	-0.1938	-0.4131	0.1628	1.1010	1.5217	1.4568	-1.1420	-0.2208	-0.7102	0.6332	1.7094	1.4359	-1.1739	-0.7979	0.5956	1.4249	0.6243	0.8798	-0.4134	0.0582	-0.0260	0.4595	2.2671	1.5672	0.5999	-0.2698	
