Arquivo: c:\arq\medidas\BBA_1704_072055\BBA_AMP08B_V.dat
Data: 1704	 Hora:  0809
Comentário: 
NomeParametro	 ValorParametro
Nmedias	5
PausaCorretora	3000
PausaShunt	2000
PausaLeitura	500
NumCiclos	3
 NPassosCor	7
DeltaShunt	3.00
TetaIni	-0.10
TetaFim	0.10
I[mA]	  40.5
ACV11B	DeltaPos^2	AMP08B	AMP01B_0	AMP02A_0	AMP02B_0	AMP03A_0	AMP03B_0	AMP03C_0	AMP04A_0	AMP04B_0	AMP05A_0	AMP05B_0	AMP06A_0	AMP06B_0	AMP07A_0	AMP07B_0	AMP08A_0	AMP08B_0	AMP09A_0	AMP09B_0	AMP10A_0	AMP10B_0	AMU11A_0	AMU11B_0	AMP12A_0	AMP12B_0	AMP01A_0	AMP01B_1	AMP02A_1	AMP02B_1	AMP03A_1	AMP03B_1	AMP03C_1	AMP04A_1	AMP04B_1	AMP05A_1	AMP05B_1	AMP06A_1	AMP06B_1	AMP07A_1	AMP07B_1	AMP08A_1	AMP08B_1	AMP09A_1	AMP09B_1	AMP10A_1	AMP10B_1	AMU11A_1	AMU11B_1	AMP12A_1	AMP12B_1	AMP01A_1	
-0.1000	 2.34084377780286E-0004	-0.5831	0.5408	0.3489	0.0688	-0.3180	2.2515	1.1540	0.9149	0.4299	1.7600	-0.0946	0.3725	-1.0253	0.1188	0.9036	1.1514	-0.5831	-0.9517	0.6284	1.1555	1.2095	1.3650	0.7332	0.2227	0.1013	-0.2322	0.5320	0.3382	0.0542	-0.3351	2.2696	1.1934	0.9291	0.4304	1.7524	-0.1013	0.3742	-1.0108	0.1420	0.8867	1.1360	-0.5967	-0.9716	0.6462	1.1692	1.2176	1.3671	0.7202	0.2164	0.1093	-0.2158	
-0.0667	 1.08465135197567E-0004	-0.4116	0.2665	0.2266	0.1850	-0.0492	2.2036	0.9385	0.7725	0.1980	1.4809	0.2369	0.6031	-0.9589	0.0874	0.7225	1.1084	-0.4116	-0.6479	0.4405	0.9690	1.0183	1.2358	0.9797	0.4663	0.2712	-0.1122	0.2604	0.2192	0.1752	-0.0605	2.2161	0.9653	0.7823	0.1983	1.4756	0.2326	0.6043	-0.9488	0.1030	0.7109	1.0979	-0.4209	-0.6614	0.4526	0.9784	1.0236	1.2370	0.9712	0.4622	0.2772	-0.1009	
-0.0333	 3.09299908442933E-0005	-0.2371	-0.0128	0.1018	0.3027	0.2249	2.1552	0.7187	0.6280	-0.0383	1.1959	0.5743	0.8380	-0.8910	0.0552	0.5375	1.0646	-0.2371	-0.3383	0.2495	0.7796	0.8225	1.1032	1.2303	0.7144	0.4449	0.0096	-0.0163	0.0978	0.2975	0.2189	2.1619	0.7328	0.6330	-0.0382	1.1929	0.5723	0.8390	-0.8854	0.0638	0.5311	1.0589	-0.2420	-0.3453	0.2564	0.7843	0.8253	1.1038	1.2263	0.7127	0.4485	0.0158	
0.0000	 7.55542676992323E-0007	-0.0614	-0.2945	-0.0244	0.4211	0.5004	2.1059	0.4978	0.4819	-0.2765	0.9080	0.9127	1.0746	-0.8220	0.0233	0.3510	1.0202	-0.0614	-0.0272	0.0568	0.5885	0.6258	0.9705	1.4825	0.9639	0.6201	0.1324	-0.2953	-0.0249	0.4204	0.5000	2.1072	0.5000	0.4826	-0.2767	0.9072	0.9130	1.0751	-0.8210	0.0248	0.3499	1.0190	-0.0622	-0.0279	0.0576	0.5890	0.6257	0.9704	1.4826	0.9643	0.6210	0.1334	
0.0333	 1.61010447334611E-0005	0.1150	-0.5782	-0.1510	0.5394	0.7767	2.0568	0.2769	0.3358	-0.5154	0.6194	1.2528	1.3120	-0.7526	-0.0080	0.1638	0.9754	0.1150	0.2856	-0.1360	0.3968	0.4283	0.8368	1.7351	1.2138	0.7956	0.2563	-0.5762	-0.1482	0.5431	0.7814	2.0528	0.2665	0.3326	-0.5156	0.6211	1.2551	1.3115	-0.7561	-0.0137	0.1680	0.9790	0.1185	0.2912	-0.1410	0.3931	0.4259	0.8361	1.7393	1.2166	0.7939	0.2521	
0.0667	 8.04780208744697E-0005	0.2915	-0.8623	-0.2778	0.6580	1.0525	2.0078	0.0557	0.1898	-0.7540	0.3289	1.5925	1.5486	-0.6832	-0.0400	-0.0237	0.9306	0.2915	0.5982	-0.3299	0.2050	0.2310	0.7030	1.9867	1.4633	0.9715	0.3808	-0.8578	-0.2719	0.6665	1.0631	1.9981	0.0325	0.1815	-0.7546	0.3329	1.5969	1.5482	-0.6912	-0.0529	-0.0141	0.9388	0.2992	0.6108	-0.3404	0.1965	0.2257	0.7013	1.9956	1.4683	0.9675	0.3713	
0.1000	 1.94628200252383E-0004	0.4679	-1.1462	-0.4050	0.7765	1.3276	1.9589	-0.1654	0.0435	-0.9928	0.0380	1.9311	1.7853	-0.6141	-0.0718	-0.2110	0.8860	0.4679	0.9114	-0.5242	0.0125	0.0343	0.5699	2.2374	1.7123	1.1474	0.5056	-1.1392	-0.3954	0.7897	1.3436	1.9430	-0.2014	0.0302	-0.9930	0.0447	1.9378	1.7843	-0.6267	-0.0925	-0.1955	0.8992	0.4799	0.9301	-0.5403	-0.0002	0.0262	0.5675	2.2506	1.7193	1.1408	0.4907	
