Arquivo: c:\arq\medidas\BBA_1704_072055\BBA_AMP01B_H.dat
Data: 1704	 Hora:  0721
Comentário: 
NomeParametro	 ValorParametro
Nmedias	5
PausaCorretora	3000
PausaShunt	2000
PausaLeitura	500
NumCiclos	3
 NPassosCor	7
DeltaShunt	3.00
TetaIni	-0.10
TetaFim	0.10
I[mA]	 145.4
ACH07B	DeltaPos^2	AMP01B	AMP01B_0	AMP02A_0	AMP02B_0	AMP03A_0	AMP03B_0	AMP03C_0	AMP04A_0	AMP04B_0	AMP05A_0	AMP05B_0	AMP06A_0	AMP06B_0	AMP07A_0	AMP07B_0	AMP08A_0	AMP08B_0	AMP09A_0	AMP09B_0	AMP10A_0	AMP10B_0	AMU11A_0	AMU11B_0	AMP12A_0	AMP12B_0	AMP01A_0	AMP01B_1	AMP02A_1	AMP02B_1	AMP03A_1	AMP03B_1	AMP03C_1	AMP04A_1	AMP04B_1	AMP05A_1	AMP05B_1	AMP06A_1	AMP06B_1	AMP07A_1	AMP07B_1	AMP08A_1	AMP08B_1	AMP09A_1	AMP09B_1	AMP10A_1	AMP10B_1	AMU11A_1	AMU11B_1	AMP12A_1	AMP12B_1	AMP01A_1	
-0.1000	 3.91290842037913E-0003	0.0829	0.0829	0.3017	-2.4851	0.1067	-0.3454	-2.0727	-0.1328	-0.3992	-2.4235	-0.7528	1.2017	-0.4140	-1.8395	-1.7470	-0.2305	0.7070	-0.1154	-0.3714	-0.4539	-0.7389	1.2555	1.3398	-1.1454	-1.4818	0.8576	-0.0076	0.3031	-2.4557	0.1349	-0.3472	-2.0867	-0.1722	-0.4113	-2.3216	-0.6692	1.1438	-0.4627	-1.7182	-1.6215	-0.2738	0.6499	-0.0501	-0.2793	-0.4547	-0.7700	1.2281	1.3371	-1.1044	-1.4684	0.7523	
-0.0667	 1.35809312986602E-0003	-0.3346	-0.3346	0.4308	-2.3069	-0.0815	-0.6272	-2.2163	-0.1602	-0.3115	-2.2562	-0.7025	1.0295	-0.4942	-1.4105	-1.3718	-0.2848	0.5626	-0.1145	-0.2567	-0.3552	-0.7436	0.9638	1.1072	-0.9571	-1.3449	0.4513	-0.3878	0.4318	-2.2898	-0.0649	-0.6282	-2.2241	-0.1833	-0.3189	-2.1962	-0.6531	0.9956	-0.5230	-1.3390	-1.2979	-0.3101	0.5291	-0.0759	-0.2023	-0.3560	-0.7617	0.9477	1.1055	-0.9331	-1.3368	0.3892	
-0.0333	 1.12801768811899E-0004	-0.7576	-0.7576	0.5614	-2.1257	-0.2725	-0.9126	-2.3612	-0.1881	-0.2229	-2.0861	-0.6515	0.8552	-0.5758	-0.9750	-0.9916	-0.3386	0.4166	-0.1146	-0.1412	-0.2549	-0.7474	0.6664	0.8694	-0.7658	-1.2054	0.0392	-0.7727	0.5613	-2.1210	-0.2668	-0.9121	-2.3628	-0.1948	-0.2253	-2.0684	-0.6366	0.8455	-0.5842	-0.9544	-0.9703	-0.3458	0.4071	-0.1036	-0.1257	-0.2552	-0.7525	0.6617	0.8688	-0.7588	-1.2032	0.0216	
0.0000	 2.54152344708354E-0004	-1.1836	-1.1836	0.6928	-1.9433	-0.4643	-1.1987	-2.5062	-0.2159	-0.1339	-1.9147	-0.6004	0.6801	-0.6576	-0.5366	-0.6093	-0.3928	0.2699	-0.1159	-0.0265	-0.1538	-0.7506	0.3655	0.6284	-0.5727	-1.0647	-0.3770	-1.1603	0.6923	-1.9508	-0.4700	-1.1969	-2.5015	-0.2060	-0.1310	-1.9409	-0.6210	0.6947	-0.6451	-0.5681	-0.6413	-0.3821	0.2843	-0.1320	-0.0495	-0.1541	-0.7430	0.3731	0.6294	-0.5833	-1.0683	-0.3495	
0.0333	 1.83659598766067E-0003	-1.6099	-1.6099	0.8244	-1.7599	-0.6561	-1.4846	-2.6515	-0.2440	-0.0447	-1.7433	-0.5494	0.5035	-0.7396	-0.0964	-0.2253	-0.4466	0.1225	-0.1182	0.0887	-0.0527	-0.7543	0.0633	0.3855	-0.3800	-0.9239	-0.7953	-1.5473	0.8232	-1.7797	-0.6736	-1.4821	-2.6407	-0.2169	-0.0365	-1.8132	-0.6053	0.5434	-0.7062	-0.1801	-0.3117	-0.4176	0.1616	-0.1616	0.0260	-0.0527	-0.7335	0.0828	0.3881	-0.4078	-0.9333	-0.7224	
0.0667	 4.84751929989127E-0003	-2.0354	-2.0354	0.9561	-1.5761	-0.8494	-1.7709	-2.7965	-0.2716	0.0449	-1.5718	-0.4992	0.3272	-0.8211	0.3423	0.1568	-0.4999	-0.0250	-0.1224	0.2018	0.0495	-0.7568	-0.2408	0.1406	-0.1862	-0.7816	-1.2136	-1.9344	0.9540	-1.6085	-0.8782	-1.7673	-2.7795	-0.2278	0.0582	-1.6858	-0.5904	0.3922	-0.7668	0.2063	0.0165	-0.4521	0.0394	-0.1930	0.1004	0.0497	-0.7224	-0.2086	0.1451	-0.2312	-0.7967	-1.0959	
0.1000	 9.24170985992515E-0003	-2.4602	-2.4602	1.0878	-1.3913	-1.0433	-2.0574	-2.9415	-0.2988	0.1347	-1.4003	-0.4496	0.1506	-0.9023	0.7808	0.5385	-0.5520	-0.1713	-0.1282	0.3132	0.1530	-0.7582	-0.5475	-0.1068	0.0089	-0.6381	-1.6333	-2.3209	1.0850	-1.4367	-1.0832	-2.0524	-2.9183	-0.2384	0.1529	-1.5582	-0.5758	0.2402	-0.8273	0.5932	0.3455	-0.4864	-0.0831	-0.2253	0.1737	0.1529	-0.7114	-0.5021	-0.0997	-0.0542	-0.6602	-1.4697	
