Arquivo: c:\arq\medidas\BBA_1704_072055\BBA_AMP03B_H.dat
Data: 1704	 Hora:  0733
Comentário: 
NomeParametro	 ValorParametro
Nmedias	5
PausaCorretora	3000
PausaShunt	2000
PausaLeitura	500
NumCiclos	3
 NPassosCor	7
DeltaShunt	3.00
TetaIni	-0.10
TetaFim	0.10
I[mA]	 144.3
ACH09B	DeltaPos^2	AMP03B	AMP01B_0	AMP02A_0	AMP02B_0	AMP03A_0	AMP03B_0	AMP03C_0	AMP04A_0	AMP04B_0	AMP05A_0	AMP05B_0	AMP06A_0	AMP06B_0	AMP07A_0	AMP07B_0	AMP08A_0	AMP08B_0	AMP09A_0	AMP09B_0	AMP10A_0	AMP10B_0	AMU11A_0	AMU11B_0	AMP12A_0	AMP12B_0	AMP01A_0	AMP01B_1	AMP02A_1	AMP02B_1	AMP03A_1	AMP03B_1	AMP03C_1	AMP04A_1	AMP04B_1	AMP05A_1	AMP05B_1	AMP06A_1	AMP06B_1	AMP07A_1	AMP07B_1	AMP08A_1	AMP08B_1	AMP09A_1	AMP09B_1	AMP10A_1	AMP10B_1	AMU11A_1	AMU11B_1	AMP12A_1	AMP12B_1	AMP01A_1	
-0.1000	 4.63289193009986E-0003	0.0166	-0.2261	0.1363	-2.4465	0.6507	0.0166	-2.0356	-0.5308	-0.6573	-1.5324	0.0876	0.8036	-0.8411	-1.0981	-0.8611	0.0932	0.5263	-1.2853	-1.0911	-0.1187	-0.3860	0.6037	0.5862	-1.0096	-1.1908	0.7624	-0.2337	0.1790	-2.4297	0.5434	-0.0765	-2.0780	-0.5341	-0.6282	-1.4918	0.0936	0.7574	-0.8596	-0.9784	-0.7608	0.0302	0.4709	-1.1576	-0.9551	-0.1604	-0.4456	0.6694	0.6769	-1.0067	-1.2203	0.7217	
-0.0667	 2.05018371455186E-0003	-0.3672	-0.5311	0.3130	-2.2882	0.3009	-0.3672	-2.1852	-0.4329	-0.4923	-1.6487	-0.1265	0.7619	-0.7854	-0.9156	-0.7763	-0.0611	0.4433	-0.9168	-0.7537	-0.1293	-0.5014	0.5268	0.5980	-0.8713	-1.1508	0.4007	-0.5345	0.3407	-2.2774	0.2308	-0.4278	-2.2126	-0.4355	-0.4734	-1.6208	-0.1212	0.7309	-0.7980	-0.8352	-0.7091	-0.1026	0.4068	-0.8310	-0.6628	-0.1572	-0.5410	0.5716	0.6591	-0.8690	-1.1699	0.3752	
-0.0333	 5.02055804440876E-0004	-0.7550	-0.8395	0.4916	-2.1271	-0.0534	-0.7550	-2.3361	-0.3336	-0.3255	-1.7674	-0.3433	0.7204	-0.7282	-0.7329	-0.6927	-0.2161	0.3602	-0.5446	-0.4144	-0.1391	-0.6175	0.4473	0.6082	-0.7302	-1.1089	0.0348	-0.8399	0.5041	-2.1225	-0.0850	-0.7817	-2.3483	-0.3357	-0.3175	-1.7513	-0.3382	0.7048	-0.7351	-0.6917	-0.6578	-0.2369	0.3419	-0.5018	-0.3692	-0.1530	-0.6371	0.4706	0.6393	-0.7301	-1.1188	0.0240	
0.0000	 1.09586501417571E-0005	-1.1443	-1.1511	0.6705	-1.9650	-0.4095	-1.1443	-2.4866	-0.2345	-0.1587	-1.8860	-0.5610	0.6788	-0.6710	-0.5493	-0.6093	-0.3714	0.2772	-0.1726	-0.0752	-0.1480	-0.7328	0.3654	0.6161	-0.5881	-1.0661	-0.3344	-1.1469	0.6675	-1.9668	-0.4012	-1.1364	-2.4836	-0.2365	-0.1614	-1.8815	-0.5553	0.6783	-0.6727	-0.5484	-0.6069	-0.3708	0.2771	-0.1724	-0.0752	-0.1482	-0.7325	0.3675	0.6177	-0.5896	-1.0667	-0.3296	
0.0333	 5.74056656976152E-0004	-1.5326	-1.4624	0.8497	-1.8021	-0.7653	-1.5326	-2.6376	-0.1350	0.0082	-2.0059	-0.7791	0.6376	-0.6135	-0.3663	-0.5262	-0.5268	0.1943	0.1992	0.2635	-0.1562	-0.8477	0.2819	0.6227	-0.4455	-1.0224	-0.7050	-1.4545	0.8316	-1.8103	-0.7188	-1.4913	-2.6197	-0.1367	-0.0051	-2.0133	-0.7737	0.6523	-0.6096	-0.4052	-0.5568	-0.5055	0.2123	0.1568	0.2188	-0.1431	-0.8280	0.2628	0.5946	-0.4487	-1.0136	-0.6853	
0.0667	 2.19004439802670E-0003	-1.9199	-1.7741	1.0284	-1.6390	-1.1209	-1.9199	-2.7881	-0.0352	0.1752	-2.1265	-0.9976	0.5971	-0.5557	-0.1848	-0.4446	-0.6816	0.1119	0.5692	0.6006	-0.1637	-0.9622	0.1969	0.6278	-0.3027	-0.9784	-1.0758	-1.7621	0.9953	-1.6532	-1.0361	-1.8449	-2.7553	-0.0361	0.1514	-2.1460	-0.9923	0.6272	-0.5457	-0.2637	-0.5079	-0.6388	0.1487	0.4845	0.5109	-0.1367	-0.9223	0.1571	0.5703	-0.3072	-0.9598	-1.0411	
0.1000	 4.84273839517714E-0003	-2.3062	-2.0855	1.2070	-1.4752	-1.4765	-2.3062	-2.9381	0.0651	0.3420	-2.2484	-1.2165	0.5576	-0.4968	-0.0052	-0.3647	-0.8354	0.0303	0.9377	0.9362	-0.1699	-1.0757	0.1106	0.6312	-0.1589	-0.9329	-1.4463	-2.0695	1.1587	-1.4963	-1.3529	-2.1980	-2.8904	0.0640	0.3073	-2.2789	-1.2106	0.6026	-0.4820	-0.1235	-0.4605	-0.7722	0.0853	0.8106	0.8013	-0.1293	-1.0158	0.0499	0.5440	-0.1654	-0.9055	-1.3962	
