Arquivo: c:\arq\medidas\BBA_1704_072055\BBA_AMP09B_H.dat
Data: 1704	 Hora:  0813
Comentário: 
NomeParametro	 ValorParametro
Nmedias	5
PausaCorretora	3000
PausaShunt	2000
PausaLeitura	500
NumCiclos	3
 NPassosCor	7
DeltaShunt	3.00
TetaIni	-0.10
TetaFim	0.10
I[mA]	  35.2
ACH05B	DeltaPos^2	AMP09B	AMP01B_0	AMP02A_0	AMP02B_0	AMP03A_0	AMP03B_0	AMP03C_0	AMP04A_0	AMP04B_0	AMP05A_0	AMP05B_0	AMP06A_0	AMP06B_0	AMP07A_0	AMP07B_0	AMP08A_0	AMP08B_0	AMP09A_0	AMP09B_0	AMP10A_0	AMP10B_0	AMU11A_0	AMU11B_0	AMP12A_0	AMP12B_0	AMP01A_0	AMP01B_1	AMP02A_1	AMP02B_1	AMP03A_1	AMP03B_1	AMP03C_1	AMP04A_1	AMP04B_1	AMP05A_1	AMP05B_1	AMP06A_1	AMP06B_1	AMP07A_1	AMP07B_1	AMP08A_1	AMP08B_1	AMP09A_1	AMP09B_1	AMP10A_1	AMP10B_1	AMU11A_1	AMU11B_1	AMP12A_1	AMP12B_1	AMP01A_1	
-0.1000	 1.26324673051224E-0003	0.6104	-0.3448	0.6318	-2.2569	-0.6537	-1.1357	-2.3742	0.0655	-0.0744	-2.7375	-1.2744	0.6616	-0.4526	-0.2826	-0.6151	-0.7196	0.1426	0.6648	0.6104	-0.6374	-1.1508	1.3570	1.6534	-0.9860	-1.5615	0.2432	-0.2895	0.6001	-2.2856	-0.5919	-1.0685	-2.3455	0.0495	-0.1028	-2.7183	-1.2388	0.6685	-0.4620	-0.3137	-0.6289	-0.6930	0.1561	0.6015	0.5555	-0.6388	-1.1336	1.3756	1.6578	-1.0124	-1.5704	0.3079	
-0.0667	 6.66745431458764E-0004	0.4329	-0.6032	0.6310	-2.1743	-0.5646	-1.1342	-2.4147	-0.0554	-0.1147	-2.4287	-1.0208	0.6389	-0.5470	-0.3144	-0.5624	-0.6363	0.1530	0.4268	0.4329	-0.4930	-1.0417	1.0420	1.3297	-0.8693	-1.4162	0.0558	-0.5632	0.6082	-2.1952	-0.5191	-1.0852	-2.3930	-0.0672	-0.1350	-2.4143	-0.9943	0.6436	-0.5543	-0.3366	-0.5719	-0.6172	0.1622	0.3810	0.3936	-0.4947	-1.0297	1.0561	1.3334	-0.8882	-1.4229	0.1025	
-0.0333	 2.65470372083756E-0004	0.2538	-0.8654	0.6307	-2.0906	-0.4752	-1.1333	-2.4554	-0.1776	-0.1550	-2.1158	-0.7644	0.6159	-0.6423	-0.3467	-0.5089	-0.5524	0.1631	0.1867	0.2538	-0.3485	-0.9320	0.7223	1.0019	-0.7506	-1.2694	-0.1351	-0.8404	0.6158	-2.1038	-0.4458	-1.1022	-2.4410	-0.1852	-0.1678	-2.1058	-0.7471	0.6184	-0.6475	-0.3596	-0.5142	-0.5407	0.1685	0.1584	0.2299	-0.3498	-0.9251	0.7318	1.0055	-0.7630	-1.2736	-0.1057	
0.0000	 4.43686884329776E-0005	0.0738	-1.1284	0.6306	-2.0059	-0.3866	-1.1339	-2.4969	-0.2999	-0.1947	-1.8012	-0.5080	0.5931	-0.7379	-0.3795	-0.4564	-0.4686	0.1738	-0.0540	0.0738	-0.2030	-0.8219	0.4002	0.6717	-0.6313	-1.1220	-0.3278	-1.1188	0.6245	-2.0115	-0.3739	-1.1211	-2.4903	-0.3033	-0.2000	-1.7962	-0.5001	0.5933	-0.7407	-0.3838	-0.4572	-0.4641	0.1751	-0.0649	0.0654	-0.2046	-0.8200	0.4051	0.6748	-0.6367	-1.1242	-0.3160	
0.0333	 1.67099155196895E-0005	-0.1064	-1.3922	0.6313	-1.9208	-0.2988	-1.1353	-2.5391	-0.4222	-0.2342	-1.4855	-0.2513	0.5703	-0.8330	-0.4125	-0.4036	-0.3839	0.1846	-0.2954	-0.1064	-0.0574	-0.7112	0.0769	0.3395	-0.5110	-0.9738	-0.5223	-1.4021	0.6344	-1.9182	-0.3046	-1.1428	-2.5438	-0.4212	-0.2313	-1.4872	-0.2547	0.5692	-0.8335	-0.4114	-0.4028	-0.3866	0.1823	-0.2912	-0.1014	-0.0580	-0.7141	0.0749	0.3395	-0.5087	-0.9731	-0.5317	
0.0667	 1.65361290582116E-0004	-0.2883	-1.6588	0.6324	-1.8342	-0.2101	-1.1370	-2.5817	-0.5457	-0.2741	-1.1661	0.0076	0.5475	-0.9292	-0.4460	-0.3507	-0.2988	0.1955	-0.5389	-0.2883	0.0897	-0.5997	-0.2501	0.0039	-0.3896	-0.8242	-0.7199	-1.6804	0.6429	-1.8245	-0.2297	-1.1599	-2.5897	-0.5406	-0.2642	-1.1700	-0.0028	0.5430	-0.9276	-0.4327	-0.3430	-0.3096	0.1883	-0.5150	-0.2658	0.0878	-0.6083	-0.2542	0.0061	-0.3816	-0.8222	-0.7439	
0.1000	 4.95665778900788E-0004	-0.4702	-1.9249	0.6334	-1.7476	-0.1220	-1.1392	-2.6246	-0.6691	-0.3131	-0.8473	0.2651	0.5245	-1.0249	-0.4791	-0.2982	-0.2139	0.2065	-0.7821	-0.4702	0.2361	-0.4885	-0.5767	-0.3317	-0.2683	-0.6749	-0.9179	-1.9598	0.6518	-1.7303	-0.1570	-1.1793	-2.6383	-0.6605	-0.2963	-0.8548	0.2467	0.5175	-1.0214	-0.4559	-0.2850	-0.2326	0.1946	-0.7399	-0.4308	0.2335	-0.5029	-0.5843	-0.3291	-0.2534	-0.6707	-0.9584	
