Arquivo: c:\arq\medidas\BBA_1704_072055\BBA_AMP12B_V.dat
Data: 1704	 Hora:  0833
Comentário: 
NomeParametro	 ValorParametro
Nmedias	5
PausaCorretora	3000
PausaShunt	2000
PausaLeitura	500
NumCiclos	3
 NPassosCor	7
DeltaShunt	3.00
TetaIni	-0.10
TetaFim	0.10
I[mA]	  34.9
ACV11B	DeltaPos^2	AMP12B	AMP01B_0	AMP02A_0	AMP02B_0	AMP03A_0	AMP03B_0	AMP03C_0	AMP04A_0	AMP04B_0	AMP05A_0	AMP05B_0	AMP06A_0	AMP06B_0	AMP07A_0	AMP07B_0	AMP08A_0	AMP08B_0	AMP09A_0	AMP09B_0	AMP10A_0	AMP10B_0	AMU11A_0	AMU11B_0	AMP12A_0	AMP12B_0	AMP01A_0	AMP01B_1	AMP02A_1	AMP02B_1	AMP03A_1	AMP03B_1	AMP03C_1	AMP04A_1	AMP04B_1	AMP05A_1	AMP05B_1	AMP06A_1	AMP06B_1	AMP07A_1	AMP07B_1	AMP08A_1	AMP08B_1	AMP09A_1	AMP09B_1	AMP10A_1	AMP10B_1	AMU11A_1	AMU11B_1	AMP12A_1	AMP12B_1	AMP01A_1	
-0.1000	 2.38171641394258E-0004	0.0840	0.5814	0.3539	0.0210	-0.4034	2.2934	1.2686	0.9666	0.4777	1.8053	-0.1776	0.3283	-1.0122	0.1709	0.9088	1.1294	-0.6414	-1.0354	0.7044	1.2209	1.2760	1.4230	0.6734	0.1716	0.0840	-0.2265	0.6023	0.3699	0.0296	-0.3985	2.2789	1.2404	0.9600	0.4877	1.8255	-0.1862	0.3165	-1.0291	0.1501	0.9336	1.1458	-0.6374	-1.0391	0.6919	1.2188	1.2902	1.4422	0.6628	0.1568	0.0688	-0.2481	
-0.0667	 6.45788603642020E-0005	0.2650	0.2876	0.2261	0.1524	-0.1052	2.2344	1.0198	0.8071	0.2265	1.5055	0.1844	0.5772	-0.9457	0.1272	0.7193	1.0893	-0.4510	-0.7015	0.4977	1.0153	1.0607	1.2735	0.9466	0.4392	0.2650	-0.1033	0.2983	0.2343	0.1567	-0.1024	2.2272	1.0049	0.8037	0.2318	1.5159	0.1799	0.5710	-0.9546	0.1168	0.7325	1.0976	-0.4489	-0.7037	0.4913	1.0142	1.0683	1.2837	0.9411	0.4312	0.2570	-0.1144	
-0.0333	 5.50276361599379E-0007	0.4497	-0.0115	0.0951	0.2855	0.1992	2.1745	0.7663	0.6450	-0.0298	1.1993	0.5536	0.8314	-0.8777	0.0835	0.5257	1.0476	-0.2570	-0.3611	0.2878	0.8056	0.8403	1.1200	1.2241	0.7116	0.4497	0.0222	-0.0107	0.0958	0.2860	0.1997	2.1744	0.7644	0.6448	-0.0297	1.2000	0.5529	0.8309	-0.8784	0.0830	0.5269	1.0483	-0.2565	-0.3614	0.2872	0.8057	0.8411	1.1211	1.2239	0.7108	0.4491	0.0213	
0.0000	 4.76286556862357E-0005	0.6359	-0.3136	-0.0373	0.4195	0.5048	2.1141	0.5106	0.4807	-0.2880	0.8897	0.9236	1.0874	-0.8086	0.0399	0.3304	1.0052	-0.0615	-0.0188	0.0762	0.5947	0.6183	0.9662	1.5038	0.9859	0.6359	0.1486	-0.3232	-0.0442	0.4157	0.5038	2.1210	0.5229	0.4839	-0.2925	0.8803	0.9279	1.0928	-0.8011	0.0496	0.3189	0.9981	-0.0632	-0.0172	0.0819	0.5955	0.6122	0.9581	1.5081	0.9923	0.6427	0.1582	
0.0333	 2.07650376618070E-0004	0.8228	-0.6177	-0.1697	0.5535	0.8114	2.0538	0.2549	0.3171	-0.5466	0.5795	1.2953	1.3436	-0.7393	-0.0033	0.1339	0.9629	0.1344	0.3248	-0.1355	0.3826	0.3956	0.8111	1.7829	1.2607	0.8228	0.2761	-0.6372	-0.1847	0.5456	0.8078	2.0679	0.2810	0.3235	-0.5564	0.5603	1.3032	1.3547	-0.7235	0.0161	0.1101	0.9475	0.1309	0.3285	-0.1244	0.3849	0.3825	0.7937	1.7927	1.2741	0.8370	0.2963	
0.0667	 4.55425964911796E-0004	1.0094	-0.9214	-0.3022	0.6881	1.1177	1.9932	-0.0015	0.1526	-0.8049	0.2681	1.6660	1.5992	-0.6705	-0.0477	-0.0619	0.9211	0.3306	0.6687	-0.3492	0.1702	0.1733	0.6569	2.0612	1.5340	1.0094	0.4035	-0.9495	-0.3244	0.6753	1.1094	2.0135	0.0394	0.1638	-0.8184	0.2409	1.6750	1.6143	-0.6470	-0.0187	-0.0964	0.8978	0.3245	0.6720	-0.3308	0.1744	0.1548	0.6308	2.0732	1.5535	1.0303	0.4339	
0.1000	 8.68944657081659E-0004	1.1957	-1.2239	-0.4348	0.8219	1.4211	1.9328	-0.2565	-0.0110	-1.0621	-0.0426	2.0342	1.8539	-0.6020	-0.0924	-0.2568	0.8792	0.5265	1.0116	-0.5622	-0.0412	-0.0478	0.5035	2.3375	1.8060	1.1957	0.5315	-1.2636	-0.4650	0.8055	1.4130	1.9614	-0.2023	0.0026	-1.0819	-0.0817	2.0502	1.8760	-0.5696	-0.0524	-0.3048	0.8478	0.5189	1.0184	-0.5391	-0.0370	-0.0743	0.4675	2.3573	1.8341	1.2247	0.5725	
