Arquivo: c:\arq\medidas\BBA_1704_072055\BBA_AMP10B_H.dat
Data: 1704	 Hora:  0820
Comentário: 
NomeParametro	 ValorParametro
Nmedias	5
PausaCorretora	3000
PausaShunt	2000
PausaLeitura	500
NumCiclos	3
 NPassosCor	7
DeltaShunt	3.00
TetaIni	-0.10
TetaFim	0.10
I[mA]	  35.1
ACH05A	DeltaPos^2	AMP10B	AMP01B_0	AMP02A_0	AMP02B_0	AMP03A_0	AMP03B_0	AMP03C_0	AMP04A_0	AMP04B_0	AMP05A_0	AMP05B_0	AMP06A_0	AMP06B_0	AMP07A_0	AMP07B_0	AMP08A_0	AMP08B_0	AMP09A_0	AMP09B_0	AMP10A_0	AMP10B_0	AMU11A_0	AMU11B_0	AMP12A_0	AMP12B_0	AMP01A_0	AMP01B_1	AMP02A_1	AMP02B_1	AMP03A_1	AMP03B_1	AMP03C_1	AMP04A_1	AMP04B_1	AMP05A_1	AMP05B_1	AMP06A_1	AMP06B_1	AMP07A_1	AMP07B_1	AMP08A_1	AMP08B_1	AMP09A_1	AMP09B_1	AMP10A_1	AMP10B_1	AMU11A_1	AMU11B_1	AMP12A_1	AMP12B_1	AMP01A_1	
-0.1000	 5.27625537708566E-0004	-1.0681	-0.1215	0.4970	-2.3775	-0.3924	-0.8515	-2.2628	-0.0104	-0.1997	-2.6474	-1.4978	0.8068	-0.3280	-0.5953	-0.9362	-0.6087	0.2866	0.4857	0.3669	-0.6258	-1.0681	1.4114	1.6426	-1.0908	-1.5934	0.5084	-0.1192	0.4756	-2.3876	-0.3558	-0.8208	-2.2525	-0.0321	-0.2229	-2.6112	-1.4574	0.7937	-0.3467	-0.5905	-0.9216	-0.6026	0.2796	0.4427	0.3369	-0.6070	-1.0547	1.3835	1.6073	-1.0980	-1.5902	0.5164	
-0.0667	 3.61061469274525E-0004	-0.9901	-0.4374	0.5366	-2.2626	-0.3866	-0.9370	-2.3356	-0.1042	-0.2007	-2.3788	-1.1830	0.7392	-0.4590	-0.5300	-0.7862	-0.5629	0.2516	0.3109	0.2705	-0.4913	-0.9901	1.0928	1.3353	-0.9468	-1.4448	0.2476	-0.4345	0.5189	-2.2702	-0.3565	-0.9118	-2.3270	-0.1219	-0.2198	-2.3502	-1.1509	0.7287	-0.4739	-0.5261	-0.7752	-0.5571	0.2462	0.2743	0.2444	-0.4747	-0.9782	1.0693	1.3056	-0.9531	-1.4422	0.2547	
-0.0333	 2.36186673516649E-0004	-0.9108	-0.7589	0.5771	-2.1452	-0.3820	-1.0251	-2.4094	-0.1991	-0.2016	-2.1053	-0.8638	0.6708	-0.5917	-0.4631	-0.6337	-0.5166	0.2160	0.1341	0.1729	-0.3543	-0.9108	0.7683	1.0235	-0.8012	-1.2950	-0.0183	-0.7554	0.5631	-2.1509	-0.3577	-1.0044	-2.4024	-0.2131	-0.2166	-2.0833	-0.8391	0.6626	-0.6032	-0.4617	-0.6262	-0.5113	0.2121	0.1036	0.1511	-0.3403	-0.9003	0.7488	0.9987	-0.8051	-1.2909	-0.0119	
0.0000	 1.39029343995688E-0004	-0.8314	-1.0818	0.6181	-2.0268	-0.3768	-1.1129	-2.4833	-0.2946	-0.2019	-1.8297	-0.5427	0.6018	-0.7248	-0.3964	-0.4804	-0.4707	0.1798	-0.0438	0.0743	-0.2174	-0.8314	0.4409	0.7087	-0.6543	-1.1439	-0.2865	-1.0792	0.6078	-2.0303	-0.3589	-1.0978	-2.4782	-0.3042	-0.2130	-1.8140	-0.5252	0.5960	-0.7329	-0.3955	-0.4759	-0.4652	0.1778	-0.0682	0.0565	-0.2054	-0.8222	0.4249	0.6885	-0.6566	-1.1399	-0.2819	
0.0333	 7.28717135301741E-0005	-0.7512	-1.4059	0.6596	-1.9079	-0.3735	-1.2024	-2.5580	-0.3899	-0.2021	-1.5527	-0.2208	0.5327	-0.8581	-0.3294	-0.3271	-0.4240	0.1441	-0.2222	-0.0244	-0.0796	-0.7512	0.1116	0.3914	-0.5061	-0.9910	-0.5572	-1.4041	0.6531	-1.9090	-0.3610	-1.1922	-2.5548	-0.3960	-0.2092	-1.5428	-0.2094	0.5292	-0.8631	-0.3298	-0.3254	-0.4192	0.1432	-0.2410	-0.0383	-0.0700	-0.7437	0.0988	0.3758	-0.5067	-0.9867	-0.5546	
0.0667	 2.94590673699160E-0005	-0.6712	-1.7308	0.7018	-1.7879	-0.3700	-1.2925	-2.6333	-0.4847	-0.2016	-1.2750	0.1015	0.4636	-0.9917	-0.2623	-0.1736	-0.3771	0.1082	-0.4015	-0.1234	0.0585	-0.6712	-0.2192	0.0728	-0.3571	-0.8382	-0.8299	-1.7302	0.6986	-1.7870	-0.3632	-1.2870	-2.6316	-0.4877	-0.2052	-1.2698	0.1074	0.4619	-0.9938	-0.2635	-0.1737	-0.3732	0.1084	-0.4141	-0.1331	0.0653	-0.6654	-0.2281	0.0619	-0.3569	-0.8348	-0.8294	
0.1000	 5.99806989005201E-0006	-0.5900	-2.0560	0.7449	-1.6662	-0.3682	-1.3846	-2.7091	-0.5795	-0.2004	-0.9972	0.4233	0.3941	-1.1252	-0.1950	-0.0208	-0.3303	0.0718	-0.5818	-0.2233	0.1977	-0.5900	-0.5522	-0.2481	-0.2074	-0.6844	-1.1050	-2.0567	0.7442	-1.6647	-0.3663	-1.3832	-2.7087	-0.5800	-0.2008	-0.9957	0.4252	0.3941	-1.1250	-0.1960	-0.0209	-0.3275	0.0729	-0.5871	-0.2277	0.2010	-0.5872	-0.5567	-0.2533	-0.2060	-0.6813	-1.1055	
