Arquivo: c:\arq\medidas\BBA_1704_072055\BBA_AMP05B_H.dat
Data: 1704	 Hora:  0749
Comentário: 
NomeParametro	 ValorParametro
Nmedias	5
PausaCorretora	3000
PausaShunt	2000
PausaLeitura	500
NumCiclos	3
 NPassosCor	7
DeltaShunt	3.00
TetaIni	-0.10
TetaFim	0.10
I[mA]	 139.6
ACH01B	DeltaPos^2	AMP05B	AMP01B_0	AMP02A_0	AMP02B_0	AMP03A_0	AMP03B_0	AMP03C_0	AMP04A_0	AMP04B_0	AMP05A_0	AMP05B_0	AMP06A_0	AMP06B_0	AMP07A_0	AMP07B_0	AMP08A_0	AMP08B_0	AMP09A_0	AMP09B_0	AMP10A_0	AMP10B_0	AMU11A_0	AMU11B_0	AMP12A_0	AMP12B_0	AMP01A_0	AMP01B_1	AMP02A_1	AMP02B_1	AMP03A_1	AMP03B_1	AMP03C_1	AMP04A_1	AMP04B_1	AMP05A_1	AMP05B_1	AMP06A_1	AMP06B_1	AMP07A_1	AMP07B_1	AMP08A_1	AMP08B_1	AMP09A_1	AMP09B_1	AMP10A_1	AMP10B_1	AMU11A_1	AMU11B_1	AMP12A_1	AMP12B_1	AMP01A_1	
-0.1000	 1.44105767993646E-0003	0.2876	-2.0892	0.6917	-1.6540	-0.1399	-1.1862	-2.6437	-0.6483	-0.2750	-0.8022	0.2876	0.0353	-1.1889	0.8277	0.7868	-0.8714	-0.3689	0.6059	0.9969	-0.1834	-1.1048	0.1055	0.6322	-0.1712	-0.9408	-1.4311	-2.0345	0.6938	-1.6710	-0.1648	-1.1913	-2.6360	-0.6193	-0.2637	-0.8754	0.2279	0.0390	-1.1682	0.8389	0.7780	-0.8929	-0.3734	0.6642	1.0422	-0.2160	-1.1314	0.1765	0.7065	-0.1966	-0.9734	-1.3919	
-0.0667	 6.37830837857158E-0004	0.0351	-1.7972	0.6806	-1.7527	-0.2132	-1.1643	-2.5915	-0.5260	-0.2434	-1.1285	0.0351	0.2309	-1.0342	0.4084	0.3643	-0.7181	-0.1725	0.3646	0.6679	-0.1691	-0.9894	0.1743	0.6149	-0.3018	-0.9759	-1.0844	-1.7610	0.6819	-1.7640	-0.2295	-1.1676	-2.5862	-0.5070	-0.2363	-1.1770	-0.0045	0.2331	-1.0202	0.4163	0.3586	-0.7322	-0.1754	0.4034	0.6985	-0.1905	-1.0072	0.2219	0.6644	-0.3186	-0.9975	-1.0582	
-0.0333	 1.55148121706461E-0004	-0.2206	-1.5021	0.6701	-1.8516	-0.2884	-1.1434	-2.5394	-0.4028	-0.2111	-1.4580	-0.2206	0.4281	-0.8773	-0.0155	-0.0639	-0.5629	0.0261	0.1203	0.3353	-0.1541	-0.8728	0.2430	0.5965	-0.4331	-1.0104	-0.7343	-1.4840	0.6705	-1.8571	-0.2961	-1.1447	-2.5366	-0.3932	-0.2077	-1.4821	-0.2403	0.4291	-0.8707	-0.0110	-0.0658	-0.5700	0.0241	0.1392	0.3503	-0.1648	-0.8818	0.2662	0.6206	-0.4415	-1.0212	-0.7211	
0.0000	 3.03837787866900E-0007	-0.4788	-1.2060	0.6605	-1.9506	-0.3652	-1.1234	-2.4877	-0.2781	-0.1777	-1.7890	-0.4788	0.6266	-0.7191	-0.4436	-0.4959	-0.4061	0.2261	-0.1284	-0.0021	-0.1379	-0.7542	0.3094	0.5753	-0.5642	-1.0443	-0.3827	-1.2061	0.6603	-1.9505	-0.3644	-1.1232	-2.4869	-0.2784	-0.1782	-1.7885	-0.4783	0.6260	-0.7196	-0.4425	-0.4946	-0.4063	0.2256	-0.1289	-0.0018	-0.1374	-0.7542	0.3089	0.5744	-0.5644	-1.0442	-0.3826	
0.0333	 1.70567653432629E-0004	-0.7387	-0.9100	0.6512	-2.0492	-0.4436	-1.1050	-2.4361	-0.1523	-0.1439	-2.1207	-0.7387	0.8256	-0.5598	-0.8734	-0.9301	-0.2487	0.4266	-0.3781	-0.3404	-0.1210	-0.6350	0.3747	0.5525	-0.6953	-1.0776	-0.0318	-0.9289	0.6501	-2.0438	-0.4342	-1.1025	-2.4377	-0.1624	-0.1482	-2.0958	-0.7180	0.8239	-0.5676	-0.8759	-0.9254	-0.2416	0.4275	-0.3984	-0.3555	-0.1095	-0.6263	0.3502	0.5266	-0.6872	-1.0666	-0.0447	
0.0667	 6.64926842845573E-0004	-0.9998	-0.6140	0.6427	-2.1474	-0.5231	-1.0877	-2.3855	-0.0266	-0.1093	-2.4515	-0.9998	1.0243	-0.4006	-1.3022	-1.3636	-0.0908	0.6266	-0.6296	-0.6801	-0.1033	-0.5154	0.4388	0.5286	-0.8264	-1.1105	0.3182	-0.6512	0.6402	-2.1364	-0.5053	-1.0838	-2.3896	-0.0466	-0.1171	-2.4028	-0.9591	1.0208	-0.4156	-1.3078	-1.3556	-0.0773	0.6287	-0.6695	-0.7105	-0.0811	-0.4980	0.3899	0.4772	-0.8103	-1.0888	0.2923	
0.1000	 1.46657716780836E-0003	-1.2617	-0.3183	0.6342	-2.2456	-0.6035	-1.0719	-2.3350	0.0991	-0.0743	-2.7819	-1.2617	1.2232	-0.2414	-1.7300	-1.7965	0.0666	0.8259	-0.8819	-1.0198	-0.0860	-0.3962	0.5021	0.5039	-0.9572	-1.1433	0.6675	-0.3733	0.6301	-2.2299	-0.5767	-1.0653	-2.3414	0.0682	-0.0870	-2.7081	-1.2005	1.2179	-0.2645	-1.7381	-1.7845	0.0867	0.8286	-0.9407	-1.0647	-0.0533	-0.3707	0.4301	0.4282	-0.9341	-1.1114	0.6298	
