Arquivo: c:\arq\medidas\BBA_1704_072055\BBA_AMP07B_H.dat
Data: 1704	 Hora:  0801
Comentário: 
NomeParametro	 ValorParametro
Nmedias	5
PausaCorretora	3000
PausaShunt	2000
PausaLeitura	500
NumCiclos	3
 NPassosCor	7
DeltaShunt	3.00
TetaIni	-0.10
TetaFim	0.10
I[mA]	  67.7
ACH03B	DeltaPos^2	AMP07B	AMP01B_0	AMP02A_0	AMP02B_0	AMP03A_0	AMP03B_0	AMP03C_0	AMP04A_0	AMP04B_0	AMP05A_0	AMP05B_0	AMP06A_0	AMP06B_0	AMP07A_0	AMP07B_0	AMP08A_0	AMP08B_0	AMP09A_0	AMP09B_0	AMP10A_0	AMP10B_0	AMU11A_0	AMU11B_0	AMP12A_0	AMP12B_0	AMP01A_0	AMP01B_1	AMP02A_1	AMP02B_1	AMP03A_1	AMP03B_1	AMP03C_1	AMP04A_1	AMP04B_1	AMP05A_1	AMP05B_1	AMP06A_1	AMP06B_1	AMP07A_1	AMP07B_1	AMP08A_1	AMP08B_1	AMP09A_1	AMP09B_1	AMP10A_1	AMP10B_1	AMU11A_1	AMU11B_1	AMP12A_1	AMP12B_1	AMP01A_1	
-0.1000	 8.61519335260258E-0004	0.3059	-1.1779	1.0310	-1.8431	-1.3848	-1.9802	-2.8834	-0.2784	0.1012	-1.5358	-0.5410	0.2403	-0.8521	0.5717	0.3059	-0.9943	-0.2599	1.0567	1.2255	-0.5645	-1.3271	0.9915	1.4753	-0.5971	-1.3692	-0.6682	-1.1221	1.0153	-1.8662	-1.3609	-1.9445	-2.8652	-0.2732	0.0909	-1.5603	-0.5492	0.2649	-0.8398	0.5100	0.2532	-0.9881	-0.2406	1.0571	1.2102	-0.5789	-1.3275	1.0314	1.5076	-0.6219	-1.3881	-0.6147	
-0.0667	 2.17050798374240E-0004	0.0532	-1.1775	0.9076	-1.8854	-1.0616	-1.7073	-2.7589	-0.2822	0.0082	-1.6185	-0.5255	0.3610	-0.8142	0.2528	0.0532	-0.8135	-0.1107	0.6845	0.8403	-0.4358	-1.1526	0.7831	1.1980	-0.5960	-1.2751	-0.5686	-1.1503	0.9003	-1.8957	-1.0493	-1.6900	-2.7503	-0.2788	0.0037	-1.6315	-0.5301	0.3743	-0.8070	0.2194	0.0241	-0.8093	-0.1001	0.6819	0.8299	-0.4417	-1.1516	0.8001	1.2111	-0.6073	-1.2830	-0.5431	
-0.0333	 1.35196210943335E-0005	-0.2027	-1.1782	0.7834	-1.9270	-0.7349	-1.4325	-2.6336	-0.2854	-0.0850	-1.7032	-0.5111	0.4833	-0.7752	-0.0701	-0.2027	-0.6301	0.0404	0.3067	0.4492	-0.3043	-0.9751	0.5704	0.9148	-0.5940	-1.1788	-0.4696	-1.1815	0.7851	-1.9236	-0.7353	-1.4348	-2.6347	-0.2840	-0.0831	-1.7043	-0.5124	0.4849	-0.7728	-0.0745	-0.2078	-0.6282	0.0421	0.3005	0.4433	-0.3023	-0.9728	0.5629	0.9075	-0.5903	-1.1755	-0.4743	
0.0000	 2.89056416298510E-0004	-0.4527	-1.1800	0.6622	-1.9677	-0.4163	-1.1648	-2.5116	-0.2890	-0.1755	-1.7859	-0.4978	0.6015	-0.7377	-0.3841	-0.4527	-0.4524	0.1869	-0.0612	0.0684	-0.1773	-0.8030	0.3630	0.6384	-0.5920	-1.0861	-0.3738	-1.2131	0.6730	-1.9510	-0.4304	-1.1874	-2.5222	-0.2882	-0.1676	-1.7752	-0.4958	0.5923	-0.7396	-0.3595	-0.4333	-0.4524	0.1805	-0.0694	0.0687	-0.1662	-0.7987	0.3318	0.6118	-0.5739	-1.0710	-0.4083	
0.0333	 9.49863444634231E-0004	-0.7042	-1.1829	0.5401	-2.0088	-0.0958	-0.8957	-2.3889	-0.2922	-0.2667	-1.8695	-0.4848	0.7206	-0.6994	-0.7007	-0.7042	-0.2734	0.3345	-0.4326	-0.3153	-0.0489	-0.6295	0.1523	0.3582	-0.5896	-0.9915	-0.2784	-1.2429	0.5589	-1.9803	-0.1228	-0.9370	-2.4085	-0.2934	-0.2533	-1.8478	-0.4797	0.6999	-0.7066	-0.6466	-0.6601	-0.2765	0.3189	-0.4400	-0.3067	-0.0311	-0.6253	0.1026	0.3168	-0.5594	-0.9674	-0.3395	
0.0667	 1.93715653224765E-0003	-0.9574	-1.1863	0.4181	-2.0492	0.2247	-0.6269	-2.2657	-0.2944	-0.3575	-1.9551	-0.4738	0.8403	-0.6602	-1.0174	-0.9574	-0.0943	0.4822	-0.8044	-0.6997	0.0796	-0.4558	-0.0588	0.0775	-0.5869	-0.8968	-0.1840	-1.2722	0.4444	-2.0102	0.1860	-0.6849	-2.2938	-0.2980	-0.3392	-1.9223	-0.4655	0.8084	-0.6730	-0.9356	-0.8890	-0.1004	0.4581	-0.8107	-0.6830	0.1037	-0.4520	-0.1256	0.0224	-0.5452	-0.8644	-0.2696	
0.1000	 3.05651537663010E-0003	-1.2102	-1.1921	0.2963	-2.0889	0.5439	-0.3591	-2.1429	-0.2967	-0.4478	-2.0408	-0.4637	0.9596	-0.6208	-1.3334	-1.2102	0.0850	0.6295	-1.1763	-1.0841	0.2087	-0.2822	-0.2714	-0.2045	-0.5833	-0.8014	-0.0911	-1.2998	0.3287	-2.0419	0.4975	-0.4295	-2.1782	-0.3034	-0.4261	-1.9978	-0.4507	0.9173	-0.6398	-1.2258	-1.1195	0.0754	0.5970	-1.1822	-1.0613	0.2376	-0.2790	-0.3528	-0.2714	-0.5330	-0.7628	-0.1963	
