Arquivo: c:\arq\medidas\BBA_1704_072055\BBA_AMP09A_V.dat
Data: 1704	 Hora:  0812
Comentário: 
NomeParametro	 ValorParametro
Nmedias	5
PausaCorretora	3000
PausaShunt	2000
PausaLeitura	500
NumCiclos	3
 NPassosCor	7
DeltaShunt	3.00
TetaIni	-0.10
TetaFim	0.10
I[mA]	  36.5
ACV07A	DeltaPos^2	AMP09A	AMP01B_0	AMP02A_0	AMP02B_0	AMP03A_0	AMP03B_0	AMP03C_0	AMP04A_0	AMP04B_0	AMP05A_0	AMP05B_0	AMP06A_0	AMP06B_0	AMP07A_0	AMP07B_0	AMP08A_0	AMP08B_0	AMP09A_0	AMP09B_0	AMP10A_0	AMP10B_0	AMU11A_0	AMU11B_0	AMP12A_0	AMP12B_0	AMP01A_0	AMP01B_1	AMP02A_1	AMP02B_1	AMP03A_1	AMP03B_1	AMP03C_1	AMP04A_1	AMP04B_1	AMP05A_1	AMP05B_1	AMP06A_1	AMP06B_1	AMP07A_1	AMP07B_1	AMP08A_1	AMP08B_1	AMP09A_1	AMP09B_1	AMP10A_1	AMP10B_1	AMU11A_1	AMU11B_1	AMP12A_1	AMP12B_1	AMP01A_1	
-0.1000	 1.37718664052926E-0003	0.7268	0.7504	0.7911	0.8842	0.7653	1.3211	-1.0176	0.0912	0.2289	1.9356	0.4987	0.4887	-1.6909	-1.1272	1.0579	1.7151	0.6711	0.7268	-1.1102	-0.0858	0.7262	1.4913	1.6958	0.7644	-0.1583	-0.9703	0.7415	0.8005	0.9220	0.8222	1.2835	-1.1125	0.0515	0.2072	1.9258	0.5410	0.5069	-1.7123	-1.1737	1.0749	1.7391	0.7097	0.7771	-1.1327	-0.1139	0.6880	1.4613	1.7411	0.8000	-0.1577	-0.9908	
-0.0667	 4.15770329565216E-0004	0.4960	0.4067	0.5274	0.7424	0.6928	1.5686	-0.5454	0.2091	0.0578	1.5977	0.6446	0.6854	-1.4125	-0.7632	0.8286	1.4934	0.4433	0.4960	-0.7408	0.1249	0.6846	1.3172	1.6379	0.8387	0.0965	-0.6146	0.4019	0.5325	0.7629	0.7242	1.5484	-0.5977	0.1874	0.0457	1.5920	0.6681	0.6957	-1.4239	-0.7880	0.8374	1.5061	0.4645	0.5238	-0.7532	0.1092	0.6636	1.3007	1.6630	0.8587	0.0972	-0.6259	
-0.0333	 1.04568396312100E-0005	0.2606	0.0572	0.2587	0.5969	0.6176	1.8212	-0.0628	0.3299	-0.1155	1.2534	0.7919	0.8848	-1.1285	-0.3904	0.5943	1.2668	0.2105	0.2606	-0.3631	0.3390	0.6430	1.1398	1.5779	0.9139	0.3561	-0.2517	0.0564	0.2591	0.6003	0.6227	1.8182	-0.0707	0.3262	-0.1179	1.2525	0.7954	0.8865	-1.1300	-0.3941	0.5958	1.2685	0.2138	0.2650	-0.3649	0.3365	0.6394	1.1373	1.5825	0.9175	0.3563	-0.2533	
0.0000	 2.15762293173685E-0004	0.0220	-0.2954	-0.0131	0.4506	0.5416	2.0750	0.4230	0.4515	-0.2899	0.9064	0.9387	1.0851	-0.8418	-0.0148	0.3587	1.0383	-0.0245	0.0220	0.0166	0.5550	0.6018	0.9613	1.5170	0.9888	0.6171	0.1129	-0.2927	-0.0172	0.4354	0.5192	2.0903	0.4615	0.4676	-0.2822	0.9095	0.9221	1.0783	-0.8328	0.0041	0.3513	1.0282	-0.0400	0.0029	0.0264	0.5662	0.6160	0.9728	1.5003	0.9762	0.6180	0.1217	
0.0333	 1.04888089033794E-0003	-0.2178	-0.6506	-0.2857	0.3028	0.4647	2.3292	0.9115	0.5747	-0.4645	0.5586	1.0860	1.2849	-0.5540	0.3614	0.1223	0.8084	-0.2609	-0.2178	0.3995	0.7730	0.5613	0.7826	1.4547	1.0640	0.8790	0.4799	-0.6442	-0.2945	0.2697	0.4152	2.3626	0.9951	0.6099	-0.4462	0.5666	1.0494	1.2699	-0.5345	0.4030	0.1069	0.7865	-0.2950	-0.2606	0.4204	0.7976	0.5936	0.8085	1.4169	1.0342	0.8794	0.4989	
0.0667	 2.53170914087070E-0003	-0.4590	-1.0050	-0.5581	0.1552	0.3874	2.5819	1.3983	0.6977	-0.6381	0.2106	1.2326	1.4839	-0.2666	0.7368	-0.1130	0.5799	-0.4975	-0.4590	0.7816	0.9911	0.5216	0.6045	1.3916	1.1375	1.1400	0.8471	-0.9948	-0.5718	0.1035	0.3098	2.6331	1.5277	0.7516	-0.6096	0.2236	1.1752	1.4596	-0.2370	0.8011	-0.1368	0.5459	-0.5502	-0.5257	0.8139	1.0295	0.5720	0.6448	1.3324	1.0909	1.1406	0.8760	
0.1000	 4.61003340070652E-0003	-0.6993	-1.3558	-0.8286	0.0073	0.3101	2.8326	1.8805	0.8208	-0.8098	-0.1349	1.3767	1.6808	0.0183	1.1091	-0.3453	0.3529	-0.7329	-0.6993	1.1616	1.2086	0.4834	0.4286	1.3276	1.2100	1.3987	1.2119	-1.3416	-0.8471	-0.0624	0.2050	2.9013	2.0536	0.8936	-0.7708	-0.1166	1.2991	1.6478	0.0579	1.1961	-0.3771	0.3070	-0.8039	-0.7902	1.2048	1.2604	0.5518	0.4836	1.2470	1.1466	1.3994	1.2506	
