Arquivo: c:\arq\medidas\BBA_1704_072055\BBA_AMP08B_H.dat
Data: 1704	 Hora:  0807
Comentário: 
NomeParametro	 ValorParametro
Nmedias	5
PausaCorretora	3000
PausaShunt	2000
PausaLeitura	500
NumCiclos	3
 NPassosCor	7
DeltaShunt	3.00
TetaIni	-0.10
TetaFim	0.10
I[mA]	  42.5
ACH03A	DeltaPos^2	AMP08B	AMP01B_0	AMP02A_0	AMP02B_0	AMP03A_0	AMP03B_0	AMP03C_0	AMP04A_0	AMP04B_0	AMP05A_0	AMP05B_0	AMP06A_0	AMP06B_0	AMP07A_0	AMP07B_0	AMP08A_0	AMP08B_0	AMP09A_0	AMP09B_0	AMP10A_0	AMP10B_0	AMU11A_0	AMU11B_0	AMP12A_0	AMP12B_0	AMP01A_0	AMP01B_1	AMP02A_1	AMP02B_1	AMP03A_1	AMP03B_1	AMP03C_1	AMP04A_1	AMP04B_1	AMP05A_1	AMP05B_1	AMP06A_1	AMP06B_1	AMP07A_1	AMP07B_1	AMP08A_1	AMP08B_1	AMP09A_1	AMP09B_1	AMP10A_1	AMP10B_1	AMU11A_1	AMU11B_1	AMP12A_1	AMP12B_1	AMP01A_1	
-0.1000	 3.56935470878333E-0004	-0.1650	-0.8701	0.9159	-1.9904	-1.2189	-2.1074	-2.9155	-0.1576	0.1914	-1.8216	-0.8216	0.3527	-0.7194	0.3589	0.0441	-0.9606	-0.1650	1.0435	1.1344	-0.6433	-1.3315	1.1979	1.6365	-0.7495	-1.4811	-0.3647	-0.8352	0.8966	-2.0110	-1.1964	-2.0785	-2.9023	-0.1650	0.1748	-1.8274	-0.8168	0.3591	-0.7221	0.3275	0.0205	-0.9471	-0.1541	1.0346	1.1147	-0.6542	-1.3321	1.2174	1.6490	-0.7710	-1.4957	-0.3286	
-0.0667	 1.89182164301471E-0004	-0.0529	-0.9641	0.8262	-1.9903	-0.9498	-1.7946	-2.7820	-0.2044	0.0672	-1.8104	-0.7159	0.4322	-0.7262	0.1172	-0.1183	-0.7973	-0.0529	0.6836	0.7873	-0.4946	-1.1624	0.9298	1.3148	-0.7046	-1.3579	-0.3606	-0.9388	0.8122	-2.0048	-0.9336	-1.7736	-2.7722	-0.2094	0.0553	-1.8149	-0.7126	0.4370	-0.7280	0.0939	-0.1359	-0.7874	-0.0447	0.6768	0.7728	-0.5025	-1.1628	0.9440	1.3239	-0.7205	-1.3685	-0.3345	
-0.0333	 7.31270210144777E-0005	0.0605	-1.0603	0.7356	-1.9894	-0.6786	-1.4786	-2.6471	-0.2511	-0.0576	-1.7997	-0.6096	0.5125	-0.7329	-0.1282	-0.2834	-0.6324	0.0605	0.3186	0.4355	-0.3445	-0.9912	0.6573	0.9883	-0.6589	-1.2330	-0.3578	-1.0449	0.7270	-1.9981	-0.6682	-1.4653	-2.6408	-0.2540	-0.0654	-1.8025	-0.6074	0.5159	-0.7338	-0.1430	-0.2943	-0.6259	0.0658	0.3141	0.4262	-0.3495	-0.9912	0.6657	0.9934	-0.6687	-1.2393	-0.3419	
0.0000	 1.24296643457198E-0005	0.1734	-1.1577	0.6460	-1.9881	-0.4080	-1.1628	-2.5119	-0.2977	-0.1822	-1.7895	-0.5040	0.5927	-0.7394	-0.3728	-0.4485	-0.4684	0.1734	-0.0464	0.0845	-0.1948	-0.8208	0.3837	0.6602	-0.6130	-1.1080	-0.3564	-1.1514	0.6422	-1.9911	-0.4039	-1.1574	-2.5094	-0.2987	-0.1853	-1.7907	-0.5030	0.5947	-0.7395	-0.3793	-0.4532	-0.4652	0.1763	-0.0484	0.0800	-0.1966	-0.8201	0.3869	0.6618	-0.6166	-1.1102	-0.3502	
0.0333	 3.27161023307032E-0006	0.2868	-1.2566	0.5565	-1.9858	-0.1371	-0.8465	-2.3774	-0.3438	-0.3070	-1.7793	-0.3985	0.6731	-0.7454	-0.6180	-0.6141	-0.3036	0.2868	-0.4119	-0.2680	-0.0445	-0.6495	0.1085	0.3298	-0.5658	-0.9822	-0.3570	-1.2599	0.5581	-1.9831	-0.1396	-0.8494	-2.3783	-0.3428	-0.3054	-1.7791	-0.3990	0.6736	-0.7445	-0.6160	-0.6124	-0.3036	0.2869	-0.4114	-0.2670	-0.0435	-0.6490	0.1063	0.3279	-0.5637	-0.9804	-0.3608	
0.0667	 4.74310924294923E-0005	0.3999	-1.3565	0.4675	-1.9831	0.1326	-0.5311	-2.2422	-0.3896	-0.4312	-1.7705	-0.2946	0.7536	-0.7508	-0.8630	-0.7801	-0.1392	0.3999	-0.7773	-0.6201	0.1056	-0.4787	-0.1667	-0.0005	-0.5186	-0.8565	-0.3586	-1.3693	0.4744	-1.9748	0.1240	-0.5420	-2.2470	-0.3863	-0.4251	-1.7686	-0.2963	0.7529	-0.7490	-0.8525	-0.7720	-0.1425	0.3974	-0.7750	-0.6142	0.1100	-0.4774	-0.1743	-0.0060	-0.5106	-0.8505	-0.3722	
0.1000	 1.46715108071762E-0004	0.5133	-1.4583	0.3785	-1.9796	0.4023	-0.2149	-2.1068	-0.4355	-0.5558	-1.7621	-0.1905	0.8344	-0.7562	-1.1088	-0.9470	0.0258	0.5133	-1.1447	-0.9737	0.2566	-0.3070	-0.4446	-0.3335	-0.4703	-0.7296	-0.3618	-1.4810	0.3908	-1.9654	0.3869	-0.2343	-2.1152	-0.4302	-0.5451	-1.7590	-0.1940	0.8323	-0.7533	-1.0905	-0.9330	0.0192	0.5085	-1.1395	-0.9626	0.2641	-0.3049	-0.4580	-0.3429	-0.4563	-0.7192	-0.3854	
