Arquivo: c:\arq\medidas\BBA_1704_072055\BBA_AMP05A_V.dat
Data: 1704	 Hora:  0747
Comentário: 
NomeParametro	 ValorParametro
Nmedias	5
PausaCorretora	3000
PausaShunt	2000
PausaLeitura	500
NumCiclos	3
 NPassosCor	7
DeltaShunt	3.00
TetaIni	-0.10
TetaFim	0.10
I[mA]	 141.1
ACV11B	DeltaPos^2	AMP05A	AMP01B_0	AMP02A_0	AMP02B_0	AMP03A_0	AMP03B_0	AMP03C_0	AMP04A_0	AMP04B_0	AMP05A_0	AMP05B_0	AMP06A_0	AMP06B_0	AMP07A_0	AMP07B_0	AMP08A_0	AMP08B_0	AMP09A_0	AMP09B_0	AMP10A_0	AMP10B_0	AMU11A_0	AMU11B_0	AMP12A_0	AMP12B_0	AMP01A_0	AMP01B_1	AMP02A_1	AMP02B_1	AMP03A_1	AMP03B_1	AMP03C_1	AMP04A_1	AMP04B_1	AMP05A_1	AMP05B_1	AMP06A_1	AMP06B_1	AMP07A_1	AMP07B_1	AMP08A_1	AMP08B_1	AMP09A_1	AMP09B_1	AMP10A_1	AMP10B_1	AMU11A_1	AMU11B_1	AMP12A_1	AMP12B_1	AMP01A_1	
-0.1000	 3.39699836987808E-0003	1.7412	0.5285	0.3395	0.0692	-0.2994	2.2472	1.1382	0.9102	0.4216	1.7412	-0.0738	0.3782	-1.0271	0.0987	0.8832	1.1401	-0.5856	-0.9462	0.6328	1.1585	1.2025	1.3442	0.7426	0.2245	0.1063	-0.2274	0.6109	0.3803	0.0441	-0.3666	2.2513	1.1776	0.9429	0.4875	1.8275	-0.1114	0.3279	-1.0976	0.0130	0.9897	1.2081	-0.5737	-0.9691	0.5891	1.1550	1.2650	1.4236	0.6902	0.1580	0.0531	-0.2706	
-0.0667	 1.52632693263826E-0003	1.4734	0.2651	0.2208	0.1793	-0.0441	2.2034	0.9364	0.7754	0.1996	1.4734	0.2424	0.5972	-0.9692	0.0592	0.7181	1.1064	-0.4141	-0.6497	0.4412	0.9734	1.0215	1.2276	0.9786	0.4576	0.2705	-0.1111	0.3202	0.2482	0.1626	-0.0886	2.2058	0.9621	0.7969	0.2436	1.5315	0.2170	0.5638	-1.0166	0.0018	0.7899	1.1521	-0.4060	-0.6653	0.4121	0.9714	1.0636	1.2808	0.9435	0.4129	0.2346	-0.1400	
-0.0333	 3.65074481341306E-0004	1.2002	-0.0026	0.0997	0.2905	0.2156	2.1592	0.7314	0.6382	-0.0269	1.2002	0.5639	0.8204	-0.9102	0.0197	0.5499	1.0717	-0.2396	-0.3484	0.2466	0.7855	0.8372	1.1086	1.2183	0.6944	0.4376	0.0072	0.0242	0.1132	0.2826	0.1941	2.1597	0.7433	0.6484	-0.0054	1.2292	0.5513	0.8040	-0.9333	-0.0077	0.5851	1.0941	-0.2355	-0.3553	0.2325	0.7842	0.8584	1.1349	1.2008	0.6723	0.4200	-0.0068	
0.0000	 1.31348393171115E-0006	0.9247	-0.2726	-0.0228	0.4021	0.4763	2.1146	0.5259	0.5002	-0.2543	0.9247	0.8858	1.0446	-0.8502	-0.0192	0.3803	1.0369	-0.0643	-0.0452	0.0511	0.5962	0.6518	0.9897	1.4591	0.9329	0.6061	0.1263	-0.2740	-0.0229	0.4030	0.4785	2.1135	0.5229	0.4991	-0.2555	0.9233	0.8862	1.0458	-0.8493	-0.0177	0.3789	1.0362	-0.0639	-0.0440	0.0511	0.5958	0.6510	0.9889	1.4596	0.9332	0.6067	0.1267	
0.0333	 4.49563992058313E-0004	0.6489	-0.5439	-0.1450	0.5138	0.7382	2.0698	0.3196	0.3619	-0.4824	0.6489	1.2094	1.2698	-0.7900	-0.0587	0.2099	1.0013	0.1118	0.2592	-0.1452	0.4062	0.4656	0.8699	1.7003	1.1714	0.7752	0.2463	-0.5746	-0.1596	0.5238	0.7639	2.0671	0.3028	0.3490	-0.5069	0.6173	1.2235	1.2882	-0.7649	-0.0279	0.1717	0.9775	0.1087	0.2691	-0.1302	0.4067	0.4431	0.8414	1.7185	1.1951	0.7940	0.2616	
0.0667	 1.70753570063897E-0003	0.3705	-0.8167	-0.2683	0.6258	1.0000	2.0252	0.1131	0.2233	-0.7112	0.3705	1.5334	1.4952	-0.7295	-0.0978	0.0385	0.9658	0.2882	0.5640	-0.3424	0.2156	0.2793	0.7495	1.9418	1.4105	0.9447	0.3669	-0.8760	-0.2970	0.6448	1.0496	2.0210	0.0812	0.1987	-0.7582	0.3087	1.5603	1.5311	-0.6802	-0.0381	-0.0360	0.9187	0.2814	0.5828	-0.3130	0.2171	0.2349	0.6935	1.9776	1.4567	0.9819	0.3971	
0.1000	 3.78264693113079E-0003	0.0891	-1.0920	-0.3929	0.7390	1.2634	1.9805	-0.0948	0.0835	-0.9416	0.0891	1.8596	1.7218	-0.6685	-0.1379	-0.1338	0.9302	0.4662	0.8719	-0.5419	0.0231	0.0913	0.6284	2.1840	1.6509	1.1161	0.4892	-1.1796	-0.4355	0.7670	1.3364	1.9744	-0.1415	0.0469	-1.0120	-0.0029	1.8995	1.7753	-0.5950	-0.0489	-0.2448	0.8597	0.4558	0.8995	-0.4979	0.0254	0.0254	0.5449	2.2377	1.7201	1.1712	0.5344	
