Arquivo: c:\arq\medidas\BBA_1704_072055\BBA_AMP03C_V.dat
Data: 1704	 Hora:  0738
Comentário: 
NomeParametro	 ValorParametro
Nmedias	5
PausaCorretora	3000
PausaShunt	2000
PausaLeitura	500
NumCiclos	3
 NPassosCor	7
DeltaShunt	3.00
TetaIni	-0.10
TetaFim	0.10
I[mA]	 143.8
ACV09B	DeltaPos^2	AMP03C	AMP01B_0	AMP02A_0	AMP02B_0	AMP03A_0	AMP03B_0	AMP03C_0	AMP04A_0	AMP04B_0	AMP05A_0	AMP05B_0	AMP06A_0	AMP06B_0	AMP07A_0	AMP07B_0	AMP08A_0	AMP08B_0	AMP09A_0	AMP09B_0	AMP10A_0	AMP10B_0	AMU11A_0	AMU11B_0	AMP12A_0	AMP12B_0	AMP01A_0	AMP01B_1	AMP02A_1	AMP02B_1	AMP03A_1	AMP03B_1	AMP03C_1	AMP04A_1	AMP04B_1	AMP05A_1	AMP05B_1	AMP06A_1	AMP06B_1	AMP07A_1	AMP07B_1	AMP08A_1	AMP08B_1	AMP09A_1	AMP09B_1	AMP10A_1	AMP10B_1	AMU11A_1	AMU11B_1	AMP12A_1	AMP12B_1	AMP01A_1	
-0.1000	 1.33231153668499E-0002	-1.2759	0.1032	0.4617	1.0567	1.2620	1.3087	-1.2759	-0.1443	-0.2754	1.2688	1.1644	0.9821	-1.4697	-1.0085	1.1482	1.6793	0.4254	0.3446	-0.8222	-0.0509	0.2635	0.8838	2.0723	1.2498	0.2539	-0.6181	-0.0311	0.3445	0.9668	1.1854	1.4415	-0.9939	-0.0256	-0.2111	1.2996	1.0383	0.9284	-1.4030	-0.8648	1.0921	1.6030	0.3109	0.2079	-0.6497	0.0598	0.2776	0.8363	2.0116	1.2512	0.3592	-0.4533	
-0.0667	 5.41173459399415E-0003	-0.7179	-0.0355	0.2988	0.8567	1.0320	1.5616	-0.7179	0.0504	-0.2877	1.1342	1.0948	1.0191	-1.2588	-0.6819	0.8800	1.4629	0.2747	0.2368	-0.5447	0.1490	0.3717	0.9018	1.8929	1.1655	0.3782	-0.3725	-0.1208	0.2244	0.7997	0.9825	1.6463	-0.5378	0.1263	-0.2467	1.1540	1.0148	0.9852	-1.2162	-0.5905	0.8444	1.4144	0.2018	0.1494	-0.4349	0.2196	0.3812	0.8715	1.8541	1.1664	0.4451	-0.2677	
-0.0333	 9.23627506584093E-0004	-0.1483	-0.1774	0.1326	0.6528	0.7960	1.8194	-0.1483	0.2493	-0.2997	0.9978	1.0238	1.0565	-1.0442	-0.3484	0.6072	1.2424	0.1207	0.1263	-0.2619	0.3526	0.4823	0.9200	1.7101	1.0804	0.5049	-0.1219	-0.2124	0.1022	0.6293	0.7759	1.8533	-0.0734	0.2807	-0.2827	1.0060	0.9907	1.0424	-1.0264	-0.3106	0.5926	1.2224	0.0908	0.0898	-0.2164	0.3817	0.4862	0.9071	1.6940	1.0809	0.5325	-0.0784	
0.0000	 1.80680298909405E-0004	0.4265	-0.3211	-0.0356	0.4467	0.5576	2.0784	0.4265	0.4502	-0.3114	0.8609	0.9514	1.0935	-0.8272	-0.0123	0.3320	1.0191	-0.0352	0.0130	0.0235	0.5583	0.5941	0.9378	1.5248	0.9938	0.6327	0.1310	-0.3052	-0.0218	0.4578	0.5669	2.0616	0.3941	0.4364	-0.3185	0.8577	0.9662	1.0996	-0.8351	-0.0291	0.3388	1.0282	-0.0217	0.0286	0.0038	0.5456	0.5926	0.9429	1.5318	0.9936	0.6205	0.1123	
0.0333	 3.31133038744935E-0003	1.0042	-0.4664	-0.2047	0.2387	0.3165	2.3380	1.0042	0.6525	-0.3222	0.7236	0.8768	1.1299	-0.6094	0.3251	0.0557	0.7944	-0.1921	-0.1002	0.3121	0.7658	0.7066	0.9559	1.3376	0.9067	0.7610	0.3859	-0.3987	-0.1458	0.2845	0.3556	2.2710	0.8643	0.5936	-0.3542	0.7087	0.9408	1.1569	-0.6425	0.2533	0.0837	0.8329	-0.1349	-0.0326	0.2267	0.7106	0.6996	0.9790	1.3680	0.9061	0.7090	0.3046	
0.0667	 1.03357328907567E-0002	1.5805	-0.6121	-0.3744	0.0296	0.0748	2.5968	1.5805	0.8554	-0.3327	0.5870	0.8019	1.1659	-0.3910	0.6629	-0.2213	0.5693	-0.3493	-0.2145	0.6005	0.9733	0.8198	0.9739	1.1500	0.8188	0.8900	0.6414	-0.4924	-0.2704	0.1109	0.1445	2.4798	1.3344	0.7511	-0.3895	0.5602	0.9147	1.2141	-0.4499	0.5365	-0.1716	0.6372	-0.2482	-0.0941	0.4492	0.8761	0.8068	1.0148	1.2041	0.8178	0.7974	0.4974	
0.1000	 2.12046161149976E-0002	2.1535	-0.7570	-0.5437	-0.1794	-0.1673	2.8550	2.1535	1.0586	-0.3422	0.4510	0.7258	1.2014	-0.1729	1.0011	-0.4981	0.3444	-0.5067	-0.3289	0.8892	1.1813	0.9333	0.9927	0.9610	0.7314	1.0192	0.8974	-0.5863	-0.3949	-0.0634	-0.0677	2.6878	1.8027	0.9092	-0.4244	0.4117	0.8884	1.2705	-0.2571	0.8196	-0.4275	0.4419	-0.3615	-0.1561	0.6717	1.0417	0.9144	1.0510	1.0392	0.7297	0.8864	0.6904	
