# ARAUCARIA1_F25 KICKMAP 
# Author: Ximenes R. Resende @ LNLS, Date: 07-Feb-2013 11:44:44
# ID Length [m]
3.0000
# Number of Horizontal Points
81 
# Number of Vertical Points
17 
# Horizontal KickTable in T2m2
START
            -0.03000000 -0.02925000 -0.02850000 -0.02775000 -0.02700000 -0.02625000 -0.02550000 -0.02475000 -0.02400000 -0.02325000 -0.02250000 -0.02175000 -0.02100000 -0.02025000 -0.01950000 -0.01875000 -0.01800000 -0.01725000 -0.01650000 -0.01575000 -0.01500000 -0.01425000 -0.01350000 -0.01275000 -0.01200000 -0.01125000 -0.01050000 -0.00975000 -0.00900000 -0.00825000 -0.00750000 -0.00675000 -0.00600000 -0.00525000 -0.00450000 -0.00375000 -0.00300000 -0.00225000 -0.00150000 -0.00075000 +0.00000000 +0.00075000 +0.00150000 +0.00225000 +0.00300000 +0.00375000 +0.00450000 +0.00525000 +0.00600000 +0.00675000 +0.00750000 +0.00825000 +0.00900000 +0.00975000 +0.01050000 +0.01125000 +0.01200000 +0.01275000 +0.01350000 +0.01425000 +0.01500000 +0.01575000 +0.01650000 +0.01725000 +0.01800000 +0.01875000 +0.01950000 +0.02025000 +0.02100000 +0.02175000 +0.02250000 +0.02325000 +0.02400000 +0.02475000 +0.02550000 +0.02625000 +0.02700000 +0.02775000 +0.02850000 +0.02925000 +0.03000000 
+0.00490000 +2.855E-004 +2.419E-004 +1.990E-004 +1.621E-004 +1.301E-004 +1.019E-004 +7.678E-005 +5.388E-005 +3.247E-005 +8.562E-006 -2.005E-006 -2.473E-005 -4.660E-005 -6.960E-005 -9.490E-005 -1.234E-004 -1.560E-004 -1.939E-004 -2.383E-004 -2.907E-004 -3.529E-004 -4.270E-004 -5.156E-004 -6.216E-004 -7.488E-004 -9.017E-004 -1.086E-003 -1.308E-003 -1.579E-003 -1.908E-003 -2.315E-003 -2.822E-003 -3.469E-003 -4.317E-003 -5.474E-003 -7.145E-003 -9.762E-003 -1.438E-002 -2.431E-002 -8.029E-002 +0.000E+000 +8.029E-002 +2.431E-002 +1.438E-002 +9.762E-003 +7.145E-003 +5.474E-003 +4.317E-003 +3.469E-003 +2.822E-003 +2.315E-003 +1.908E-003 +1.579E-003 +1.308E-003 +1.086E-003 +9.017E-004 +7.488E-004 +6.216E-004 +5.156E-004 +4.270E-004 +3.529E-004 +2.907E-004 +2.383E-004 +1.939E-004 +1.560E-004 +1.234E-004 +9.490E-005 +6.960E-005 +4.660E-005 +2.473E-005 +2.005E-006 -8.562E-006 -3.247E-005 -5.388E-005 -7.678E-005 -1.019E-004 -1.301E-004 -1.621E-004 -1.990E-004 -2.419E-004 -2.855E-004 
+0.00428750 +2.786E-004 +2.363E-004 +1.946E-004 +1.586E-004 +1.272E-004 +9.964E-005 +7.502E-005 +5.259E-005 +3.164E-005 +8.208E-006 -1.996E-006 -2.432E-005 -4.570E-005 -6.824E-005 -9.306E-005 -1.210E-004 -1.532E-004 -1.905E-004 -2.343E-004 -2.861E-004 -3.476E-004 -4.209E-004 -5.084E-004 -6.130E-004 -7.384E-004 -8.886E-004 -1.069E-003 -1.285E-003 -1.546E-003 -1.860E-003 -2.242E-003 -2.710E-003 -3.290E-003 -4.026E-003 -4.989E-003 -6.304E-003 -8.211E-003 -1.119E-002 -1.635E-002 -1.918E-002 +0.000E+000 +1.918E-002 +1.635E-002 +1.119E-002 +8.211E-003 +6.304E-003 +4.989E-003 +4.026E-003 +3.290E-003 +2.710E-003 +2.242E-003 +1.860E-003 +1.546E-003 +1.285E-003 +1.069E-003 +8.886E-004 +7.384E-004 +6.130E-004 +5.084E-004 +4.209E-004 +3.476E-004 +2.861E-004 +2.343E-004 +1.905E-004 +1.532E-004 +1.210E-004 +9.306E-005 +6.824E-005 +4.570E-005 +2.432E-005 +1.996E-006 -8.208E-006 -3.164E-005 -5.259E-005 -7.502E-005 -9.964E-005 -1.272E-004 -1.586E-004 -1.946E-004 -2.363E-004 -2.786E-004 
+0.00367500 +2.753E-004 +2.336E-004 +1.924E-004 +1.567E-004 +1.257E-004 +9.837E-005 +7.401E-005 +5.185E-005 +3.118E-005 +8.103E-006 -1.960E-006 -2.392E-005 -4.498E-005 -6.718E-005 -9.166E-005 -1.193E-004 -1.511E-004 -1.880E-004 -2.315E-004 -2.829E-004 -3.439E-004 -4.167E-004 -5.036E-004 -6.074E-004 -7.316E-004 -8.800E-004 -1.057E-003 -1.269E-003 -1.522E-003 -1.824E-003 -2.185E-003 -2.617E-003 -3.137E-003 -3.768E-003 -4.543E-003 -5.512E-003 -6.733E-003 -8.218E-003 -9.531E-003 -7.135E-003 +0.000E+000 +7.135E-003 +9.531E-003 +8.218E-003 +6.733E-003 +5.512E-003 +4.543E-003 +3.768E-003 +3.137E-003 +2.617E-003 +2.185E-003 +1.824E-003 +1.522E-003 +1.269E-003 +1.057E-003 +8.800E-004 +7.316E-004 +6.074E-004 +5.036E-004 +4.167E-004 +3.439E-004 +2.829E-004 +2.315E-004 +1.880E-004 +1.511E-004 +1.193E-004 +9.166E-005 +6.718E-005 +4.498E-005 +2.392E-005 +1.960E-006 -8.103E-006 -3.118E-005 -5.185E-005 -7.401E-005 -9.837E-005 -1.257E-004 -1.567E-004 -1.924E-004 -2.336E-004 -2.753E-004 
+0.00306250 +2.750E-004 +2.333E-004 +1.920E-004 +1.562E-004 +1.251E-004 +9.785E-005 +7.356E-005 +5.151E-005 +3.100E-005 +8.178E-006 -1.905E-006 -2.353E-005 -4.437E-005 -6.634E-005 -9.058E-005 -1.180E-004 -1.495E-004 -1.862E-004 -2.294E-004 -2.806E-004 -3.414E-004 -4.140E-004 -5.006E-004 -6.041E-004 -7.277E-004 -8.752E-004 -1.051E-003 -1.260E-003 -1.507E-003 -1.800E-003 -2.144E-003 -2.547E-003 -3.016E-003 -3.558E-003 -4.175E-003 -4.859E-003 -5.561E-003 -6.102E-003 -5.940E-003 -3.564E-003 +0.000E+000 +3.564E-003 +5.940E-003 +6.102E-003 +5.561E-003 +4.859E-003 +4.175E-003 +3.558E-003 +3.016E-003 +2.547E-003 +2.144E-003 +1.800E-003 +1.507E-003 +1.260E-003 +1.051E-003 +8.752E-004 +7.277E-004 +6.041E-004 +5.006E-004 +4.140E-004 +3.414E-004 +2.806E-004 +2.294E-004 +1.862E-004 +1.495E-004 +1.180E-004 +9.058E-005 +6.634E-005 +4.437E-005 +2.353E-005 +1.905E-006 -8.178E-006 -3.100E-005 -5.151E-005 -7.356E-005 -9.785E-005 -1.251E-004 -1.562E-004 -1.920E-004 -2.333E-004 -2.750E-004 
+0.00245000 +2.768E-004 +2.345E-004 +1.927E-004 +1.566E-004 +1.253E-004 +9.783E-005 +7.349E-005 +5.145E-005 +3.100E-005 +8.360E-006 -1.842E-006 -2.317E-005 -4.388E-005 -6.568E-005 -8.976E-005 -1.170E-004 -1.484E-004 -1.850E-004 -2.280E-004 -2.791E-004 -3.399E-004 -4.124E-004 -4.990E-004 -6.025E-004 -7.260E-004 -8.732E-004 -1.048E-003 -1.255E-003 -1.500E-003 -1.786E-003 -2.118E-003 -2.499E-003 -2.929E-003 -3.401E-003 -3.896E-003 -4.372E-003 -4.734E-003 -4.784E-003 -4.160E-003 -2.228E-003 +0.000E+000 +2.228E-003 +4.160E-003 +4.784E-003 +4.734E-003 +4.372E-003 +3.896E-003 +3.401E-003 +2.929E-003 +2.499E-003 +2.118E-003 +1.786E-003 +1.500E-003 +1.255E-003 +1.048E-003 +8.732E-004 +7.260E-004 +6.025E-004 +4.990E-004 +4.124E-004 +3.399E-004 +2.791E-004 +2.280E-004 +1.850E-004 +1.484E-004 +1.170E-004 +8.976E-005 +6.568E-005 +4.388E-005 +2.317E-005 +1.842E-006 -8.360E-006 -3.100E-005 -5.145E-005 -7.349E-005 -9.783E-005 -1.253E-004 -1.566E-004 -1.927E-004 -2.345E-004 -2.768E-004 
+0.00183750 +2.795E-004 +2.365E-004 +1.940E-004 +1.574E-004 +1.257E-004 +9.810E-005 +7.364E-005 +5.155E-005 +3.110E-005 +8.582E-006 -1.779E-006 -2.286E-005 -4.349E-005 -6.519E-005 -8.917E-005 -1.163E-004 -1.476E-004 -1.841E-004 -2.271E-004 -2.782E-004 -3.390E-004 -4.116E-004 -4.983E-004 -6.019E-004 -7.256E-004 -8.729E-004 -1.048E-003 -1.254E-003 -1.497E-003 -1.779E-003 -2.103E-003 -2.469E-003 -2.870E-003 -3.291E-003 -3.700E-003 -4.036E-003 -4.195E-003 -4.008E-003 -3.256E-003 -1.642E-003 +0.000E+000 +1.642E-003 +3.256E-003 +4.008E-003 +4.195E-003 +4.036E-003 +3.700E-003 +3.291E-003 +2.870E-003 +2.469E-003 +2.103E-003 +1.779E-003 +1.497E-003 +1.254E-003 +1.048E-003 +8.729E-004 +7.256E-004 +6.019E-004 +4.983E-004 +4.116E-004 +3.390E-004 +2.782E-004 +2.271E-004 +1.841E-004 +1.476E-004 +1.163E-004 +8.917E-005 +6.519E-005 +4.349E-005 +2.286E-005 +1.779E-006 -8.582E-006 -3.110E-005 -5.155E-005 -7.364E-005 -9.810E-005 -1.257E-004 -1.574E-004 -1.940E-004 -2.365E-004 -2.795E-004 
+0.00122500 +2.823E-004 +2.385E-004 +1.953E-004 +1.583E-004 +1.263E-004 +9.845E-005 +7.386E-005 +5.170E-005 +3.122E-005 +8.786E-006 -1.727E-006 -2.262E-005 -4.322E-005 -6.485E-005 -8.876E-005 -1.158E-004 -1.471E-004 -1.835E-004 -2.266E-004 -2.776E-004 -3.385E-004 -4.112E-004 -4.981E-004 -6.019E-004 -7.259E-004 -8.735E-004 -1.048E-003 -1.255E-003 -1.497E-003 -1.776E-003 -2.096E-003 -2.451E-003 -2.833E-003 -3.220E-003 -3.573E-003 -3.824E-003 -3.868E-003 -3.569E-003 -2.790E-003 -1.363E-003 +0.000E+000 +1.363E-003 +2.790E-003 +3.569E-003 +3.868E-003 +3.824E-003 +3.573E-003 +3.220E-003 +2.833E-003 +2.451E-003 +2.096E-003 +1.776E-003 +1.497E-003 +1.255E-003 +1.048E-003 +8.735E-004 +7.259E-004 +6.019E-004 +4.981E-004 +4.112E-004 +3.385E-004 +2.776E-004 +2.266E-004 +1.835E-004 +1.471E-004 +1.158E-004 +8.876E-005 +6.485E-005 +4.322E-005 +2.262E-005 +1.727E-006 -8.786E-006 -3.122E-005 -5.170E-005 -7.386E-005 -9.845E-005 -1.263E-004 -1.583E-004 -1.953E-004 -2.385E-004 -2.823E-004 
+0.00061250 +2.843E-004 +2.400E-004 +1.963E-004 +1.590E-004 +1.267E-004 +9.873E-005 +7.404E-005 +5.183E-005 +3.132E-005 +8.926E-006 -1.693E-006 -2.247E-005 -4.305E-005 -6.465E-005 -8.853E-005 -1.156E-004 -1.468E-004 -1.832E-004 -2.263E-004 -2.774E-004 -3.383E-004 -4.111E-004 -4.981E-004 -6.021E-004 -7.263E-004 -8.741E-004 -1.049E-003 -1.256E-003 -1.497E-003 -1.776E-003 -2.092E-003 -2.442E-003 -2.814E-003 -3.182E-003 -3.503E-003 -3.708E-003 -3.695E-003 -3.346E-003 -2.565E-003 -1.234E-003 +0.000E+000 +1.234E-003 +2.565E-003 +3.346E-003 +3.695E-003 +3.708E-003 +3.503E-003 +3.182E-003 +2.814E-003 +2.442E-003 +2.092E-003 +1.776E-003 +1.497E-003 +1.256E-003 +1.049E-003 +8.741E-004 +7.263E-004 +6.021E-004 +4.981E-004 +4.111E-004 +3.383E-004 +2.774E-004 +2.263E-004 +1.832E-004 +1.468E-004 +1.156E-004 +8.853E-005 +6.465E-005 +4.305E-005 +2.247E-005 +1.693E-006 -8.926E-006 -3.132E-005 -5.183E-005 -7.404E-005 -9.873E-005 -1.267E-004 -1.590E-004 -1.963E-004 -2.400E-004 -2.843E-004 
+0.00000000 +2.851E-004 +2.405E-004 +1.967E-004 +1.592E-004 +1.269E-004 +9.883E-005 +7.411E-005 +5.187E-005 +3.136E-005 +8.976E-006 -1.681E-006 -2.242E-005 -4.300E-005 -6.459E-005 -8.845E-005 -1.155E-004 -1.467E-004 -1.831E-004 -2.262E-004 -2.773E-004 -3.382E-004 -4.110E-004 -4.981E-004 -6.022E-004 -7.265E-004 -8.744E-004 -1.050E-003 -1.256E-003 -1.498E-003 -1.776E-003 -2.092E-003 -2.440E-003 -2.808E-003 -3.170E-003 -3.481E-003 -3.671E-003 -3.641E-003 -3.278E-003 -2.497E-003 -1.196E-003 +0.000E+000 +1.196E-003 +2.497E-003 +3.278E-003 +3.641E-003 +3.671E-003 +3.481E-003 +3.170E-003 +2.808E-003 +2.440E-003 +2.092E-003 +1.776E-003 +1.498E-003 +1.256E-003 +1.050E-003 +8.744E-004 +7.265E-004 +6.022E-004 +4.981E-004 +4.110E-004 +3.382E-004 +2.773E-004 +2.262E-004 +1.831E-004 +1.467E-004 +1.155E-004 +8.845E-005 +6.459E-005 +4.300E-005 +2.242E-005 +1.681E-006 -8.976E-006 -3.136E-005 -5.187E-005 -7.411E-005 -9.883E-005 -1.269E-004 -1.592E-004 -1.967E-004 -2.405E-004 -2.851E-004 
-0.00061250 +2.843E-004 +2.400E-004 +1.963E-004 +1.590E-004 +1.267E-004 +9.873E-005 +7.404E-005 +5.183E-005 +3.132E-005 +8.926E-006 -1.693E-006 -2.247E-005 -4.305E-005 -6.465E-005 -8.853E-005 -1.156E-004 -1.468E-004 -1.832E-004 -2.263E-004 -2.774E-004 -3.383E-004 -4.111E-004 -4.981E-004 -6.021E-004 -7.263E-004 -8.741E-004 -1.049E-003 -1.256E-003 -1.497E-003 -1.776E-003 -2.092E-003 -2.442E-003 -2.814E-003 -3.182E-003 -3.503E-003 -3.708E-003 -3.695E-003 -3.346E-003 -2.565E-003 -1.234E-003 +0.000E+000 +1.234E-003 +2.565E-003 +3.346E-003 +3.695E-003 +3.708E-003 +3.503E-003 +3.182E-003 +2.814E-003 +2.442E-003 +2.092E-003 +1.776E-003 +1.497E-003 +1.256E-003 +1.049E-003 +8.741E-004 +7.263E-004 +6.021E-004 +4.981E-004 +4.111E-004 +3.383E-004 +2.774E-004 +2.263E-004 +1.832E-004 +1.468E-004 +1.156E-004 +8.853E-005 +6.465E-005 +4.305E-005 +2.247E-005 +1.693E-006 -8.926E-006 -3.132E-005 -5.183E-005 -7.404E-005 -9.873E-005 -1.267E-004 -1.590E-004 -1.963E-004 -2.400E-004 -2.843E-004 
-0.00122500 +2.823E-004 +2.385E-004 +1.953E-004 +1.583E-004 +1.263E-004 +9.845E-005 +7.386E-005 +5.170E-005 +3.122E-005 +8.786E-006 -1.727E-006 -2.262E-005 -4.322E-005 -6.485E-005 -8.876E-005 -1.158E-004 -1.471E-004 -1.835E-004 -2.266E-004 -2.776E-004 -3.385E-004 -4.112E-004 -4.981E-004 -6.019E-004 -7.259E-004 -8.735E-004 -1.048E-003 -1.255E-003 -1.497E-003 -1.776E-003 -2.096E-003 -2.451E-003 -2.833E-003 -3.220E-003 -3.573E-003 -3.824E-003 -3.868E-003 -3.569E-003 -2.790E-003 -1.363E-003 +0.000E+000 +1.363E-003 +2.790E-003 +3.569E-003 +3.868E-003 +3.824E-003 +3.573E-003 +3.220E-003 +2.833E-003 +2.451E-003 +2.096E-003 +1.776E-003 +1.497E-003 +1.255E-003 +1.048E-003 +8.735E-004 +7.259E-004 +6.019E-004 +4.981E-004 +4.112E-004 +3.385E-004 +2.776E-004 +2.266E-004 +1.835E-004 +1.471E-004 +1.158E-004 +8.876E-005 +6.485E-005 +4.322E-005 +2.262E-005 +1.727E-006 -8.786E-006 -3.122E-005 -5.170E-005 -7.386E-005 -9.845E-005 -1.263E-004 -1.583E-004 -1.953E-004 -2.385E-004 -2.823E-004 
-0.00183750 +2.795E-004 +2.365E-004 +1.940E-004 +1.574E-004 +1.257E-004 +9.810E-005 +7.364E-005 +5.155E-005 +3.110E-005 +8.582E-006 -1.779E-006 -2.286E-005 -4.349E-005 -6.519E-005 -8.917E-005 -1.163E-004 -1.476E-004 -1.841E-004 -2.271E-004 -2.782E-004 -3.390E-004 -4.116E-004 -4.983E-004 -6.019E-004 -7.256E-004 -8.729E-004 -1.048E-003 -1.254E-003 -1.497E-003 -1.779E-003 -2.103E-003 -2.469E-003 -2.870E-003 -3.291E-003 -3.700E-003 -4.036E-003 -4.195E-003 -4.008E-003 -3.256E-003 -1.642E-003 +0.000E+000 +1.642E-003 +3.256E-003 +4.008E-003 +4.195E-003 +4.036E-003 +3.700E-003 +3.291E-003 +2.870E-003 +2.469E-003 +2.103E-003 +1.779E-003 +1.497E-003 +1.254E-003 +1.048E-003 +8.729E-004 +7.256E-004 +6.019E-004 +4.983E-004 +4.116E-004 +3.390E-004 +2.782E-004 +2.271E-004 +1.841E-004 +1.476E-004 +1.163E-004 +8.917E-005 +6.519E-005 +4.349E-005 +2.286E-005 +1.779E-006 -8.582E-006 -3.110E-005 -5.155E-005 -7.364E-005 -9.810E-005 -1.257E-004 -1.574E-004 -1.940E-004 -2.365E-004 -2.795E-004 
-0.00245000 +2.768E-004 +2.345E-004 +1.927E-004 +1.566E-004 +1.253E-004 +9.783E-005 +7.349E-005 +5.145E-005 +3.100E-005 +8.360E-006 -1.842E-006 -2.317E-005 -4.388E-005 -6.568E-005 -8.976E-005 -1.170E-004 -1.484E-004 -1.850E-004 -2.280E-004 -2.791E-004 -3.399E-004 -4.124E-004 -4.990E-004 -6.025E-004 -7.260E-004 -8.732E-004 -1.048E-003 -1.255E-003 -1.500E-003 -1.786E-003 -2.118E-003 -2.499E-003 -2.929E-003 -3.401E-003 -3.896E-003 -4.372E-003 -4.734E-003 -4.784E-003 -4.160E-003 -2.228E-003 +0.000E+000 +2.228E-003 +4.160E-003 +4.784E-003 +4.734E-003 +4.372E-003 +3.896E-003 +3.401E-003 +2.929E-003 +2.499E-003 +2.118E-003 +1.786E-003 +1.500E-003 +1.255E-003 +1.048E-003 +8.732E-004 +7.260E-004 +6.025E-004 +4.990E-004 +4.124E-004 +3.399E-004 +2.791E-004 +2.280E-004 +1.850E-004 +1.484E-004 +1.170E-004 +8.976E-005 +6.568E-005 +4.388E-005 +2.317E-005 +1.842E-006 -8.360E-006 -3.100E-005 -5.145E-005 -7.349E-005 -9.783E-005 -1.253E-004 -1.566E-004 -1.927E-004 -2.345E-004 -2.768E-004 
-0.00306250 +2.750E-004 +2.333E-004 +1.920E-004 +1.562E-004 +1.251E-004 +9.785E-005 +7.356E-005 +5.151E-005 +3.100E-005 +8.178E-006 -1.905E-006 -2.353E-005 -4.437E-005 -6.634E-005 -9.058E-005 -1.180E-004 -1.495E-004 -1.862E-004 -2.294E-004 -2.806E-004 -3.414E-004 -4.140E-004 -5.006E-004 -6.041E-004 -7.277E-004 -8.752E-004 -1.051E-003 -1.260E-003 -1.507E-003 -1.800E-003 -2.144E-003 -2.547E-003 -3.016E-003 -3.558E-003 -4.175E-003 -4.859E-003 -5.561E-003 -6.102E-003 -5.940E-003 -3.564E-003 +0.000E+000 +3.564E-003 +5.940E-003 +6.102E-003 +5.561E-003 +4.859E-003 +4.175E-003 +3.558E-003 +3.016E-003 +2.547E-003 +2.144E-003 +1.800E-003 +1.507E-003 +1.260E-003 +1.051E-003 +8.752E-004 +7.277E-004 +6.041E-004 +5.006E-004 +4.140E-004 +3.414E-004 +2.806E-004 +2.294E-004 +1.862E-004 +1.495E-004 +1.180E-004 +9.058E-005 +6.634E-005 +4.437E-005 +2.353E-005 +1.905E-006 -8.178E-006 -3.100E-005 -5.151E-005 -7.356E-005 -9.785E-005 -1.251E-004 -1.562E-004 -1.920E-004 -2.333E-004 -2.750E-004 
-0.00367500 +2.753E-004 +2.336E-004 +1.924E-004 +1.567E-004 +1.257E-004 +9.837E-005 +7.401E-005 +5.185E-005 +3.118E-005 +8.103E-006 -1.960E-006 -2.392E-005 -4.498E-005 -6.718E-005 -9.166E-005 -1.193E-004 -1.511E-004 -1.880E-004 -2.315E-004 -2.829E-004 -3.439E-004 -4.167E-004 -5.036E-004 -6.074E-004 -7.316E-004 -8.800E-004 -1.057E-003 -1.269E-003 -1.522E-003 -1.824E-003 -2.185E-003 -2.617E-003 -3.137E-003 -3.768E-003 -4.543E-003 -5.512E-003 -6.733E-003 -8.218E-003 -9.531E-003 -7.135E-003 +0.000E+000 +7.135E-003 +9.531E-003 +8.218E-003 +6.733E-003 +5.512E-003 +4.543E-003 +3.768E-003 +3.137E-003 +2.617E-003 +2.185E-003 +1.824E-003 +1.522E-003 +1.269E-003 +1.057E-003 +8.800E-004 +7.316E-004 +6.074E-004 +5.036E-004 +4.167E-004 +3.439E-004 +2.829E-004 +2.315E-004 +1.880E-004 +1.511E-004 +1.193E-004 +9.166E-005 +6.718E-005 +4.498E-005 +2.392E-005 +1.960E-006 -8.103E-006 -3.118E-005 -5.185E-005 -7.401E-005 -9.837E-005 -1.257E-004 -1.567E-004 -1.924E-004 -2.336E-004 -2.753E-004 
-0.00428750 +2.786E-004 +2.363E-004 +1.946E-004 +1.586E-004 +1.272E-004 +9.964E-005 +7.502E-005 +5.259E-005 +3.164E-005 +8.208E-006 -1.996E-006 -2.432E-005 -4.570E-005 -6.824E-005 -9.306E-005 -1.210E-004 -1.532E-004 -1.905E-004 -2.343E-004 -2.861E-004 -3.476E-004 -4.209E-004 -5.084E-004 -6.130E-004 -7.384E-004 -8.886E-004 -1.069E-003 -1.285E-003 -1.546E-003 -1.860E-003 -2.242E-003 -2.710E-003 -3.290E-003 -4.026E-003 -4.989E-003 -6.304E-003 -8.211E-003 -1.119E-002 -1.635E-002 -1.918E-002 +0.000E+000 +1.918E-002 +1.635E-002 +1.119E-002 +8.211E-003 +6.304E-003 +4.989E-003 +4.026E-003 +3.290E-003 +2.710E-003 +2.242E-003 +1.860E-003 +1.546E-003 +1.285E-003 +1.069E-003 +8.886E-004 +7.384E-004 +6.130E-004 +5.084E-004 +4.209E-004 +3.476E-004 +2.861E-004 +2.343E-004 +1.905E-004 +1.532E-004 +1.210E-004 +9.306E-005 +6.824E-005 +4.570E-005 +2.432E-005 +1.996E-006 -8.208E-006 -3.164E-005 -5.259E-005 -7.502E-005 -9.964E-005 -1.272E-004 -1.586E-004 -1.946E-004 -2.363E-004 -2.786E-004 
-0.00490000 +2.855E-004 +2.419E-004 +1.990E-004 +1.621E-004 +1.301E-004 +1.019E-004 +7.678E-005 +5.388E-005 +3.247E-005 +8.562E-006 -2.005E-006 -2.473E-005 -4.660E-005 -6.960E-005 -9.490E-005 -1.234E-004 -1.560E-004 -1.939E-004 -2.383E-004 -2.907E-004 -3.529E-004 -4.270E-004 -5.156E-004 -6.216E-004 -7.488E-004 -9.017E-004 -1.086E-003 -1.308E-003 -1.579E-003 -1.908E-003 -2.315E-003 -2.822E-003 -3.469E-003 -4.317E-003 -5.474E-003 -7.145E-003 -9.762E-003 -1.438E-002 -2.431E-002 -8.029E-002 +0.000E+000 +8.029E-002 +2.431E-002 +1.438E-002 +9.762E-003 +7.145E-003 +5.474E-003 +4.317E-003 +3.469E-003 +2.822E-003 +2.315E-003 +1.908E-003 +1.579E-003 +1.308E-003 +1.086E-003 +9.017E-004 +7.488E-004 +6.216E-004 +5.156E-004 +4.270E-004 +3.529E-004 +2.907E-004 +2.383E-004 +1.939E-004 +1.560E-004 +1.234E-004 +9.490E-005 +6.960E-005 +4.660E-005 +2.473E-005 +2.005E-006 -8.562E-006 -3.247E-005 -5.388E-005 -7.678E-005 -1.019E-004 -1.301E-004 -1.621E-004 -1.990E-004 -2.419E-004 -2.855E-004 
# Vertical KickTable in T2m2
START
            -0.03000000 -0.02925000 -0.02850000 -0.02775000 -0.02700000 -0.02625000 -0.02550000 -0.02475000 -0.02400000 -0.02325000 -0.02250000 -0.02175000 -0.02100000 -0.02025000 -0.01950000 -0.01875000 -0.01800000 -0.01725000 -0.01650000 -0.01575000 -0.01500000 -0.01425000 -0.01350000 -0.01275000 -0.01200000 -0.01125000 -0.01050000 -0.00975000 -0.00900000 -0.00825000 -0.00750000 -0.00675000 -0.00600000 -0.00525000 -0.00450000 -0.00375000 -0.00300000 -0.00225000 -0.00150000 -0.00075000 +0.00000000 +0.00075000 +0.00150000 +0.00225000 +0.00300000 +0.00375000 +0.00450000 +0.00525000 +0.00600000 +0.00675000 +0.00750000 +0.00825000 +0.00900000 +0.00975000 +0.01050000 +0.01125000 +0.01200000 +0.01275000 +0.01350000 +0.01425000 +0.01500000 +0.01575000 +0.01650000 +0.01725000 +0.01800000 +0.01875000 +0.01950000 +0.02025000 +0.02100000 +0.02175000 +0.02250000 +0.02325000 +0.02400000 +0.02475000 +0.02550000 +0.02625000 +0.02700000 +0.02775000 +0.02850000 +0.02925000 +0.03000000 
+0.00490000 -1.275E-002 -1.274E-002 -1.273E-002 -1.273E-002 -1.272E-002 -1.272E-002 -1.271E-002 -1.271E-002 -1.271E-002 -1.271E-002 -1.271E-002 -1.271E-002 -1.271E-002 -1.271E-002 -1.271E-002 -1.272E-002 -1.272E-002 -1.272E-002 -1.273E-002 -1.274E-002 -1.274E-002 -1.275E-002 -1.276E-002 -1.277E-002 -1.278E-002 -1.280E-002 -1.282E-002 -1.285E-002 -1.289E-002 -1.294E-002 -1.302E-002 -1.314E-002 -1.333E-002 -1.362E-002 -1.410E-002 -1.491E-002 -1.634E-002 -1.915E-002 -2.582E-002 -5.065E-002 -2.608E-001 -5.065E-002 -2.582E-002 -1.915E-002 -1.634E-002 -1.491E-002 -1.410E-002 -1.362E-002 -1.333E-002 -1.314E-002 -1.302E-002 -1.294E-002 -1.289E-002 -1.285E-002 -1.282E-002 -1.280E-002 -1.278E-002 -1.277E-002 -1.276E-002 -1.275E-002 -1.274E-002 -1.274E-002 -1.273E-002 -1.272E-002 -1.272E-002 -1.272E-002 -1.271E-002 -1.271E-002 -1.271E-002 -1.271E-002 -1.271E-002 -1.271E-002 -1.271E-002 -1.271E-002 -1.271E-002 -1.272E-002 -1.272E-002 -1.273E-002 -1.273E-002 -1.274E-002 -1.275E-002 
+0.00428750 -9.679E-003 -9.674E-003 -9.670E-003 -9.666E-003 -9.663E-003 -9.661E-003 -9.659E-003 -9.658E-003 -9.657E-003 -9.656E-003 -9.656E-003 -9.656E-003 -9.657E-003 -9.658E-003 -9.660E-003 -9.662E-003 -9.665E-003 -9.668E-003 -9.672E-003 -9.677E-003 -9.682E-003 -9.687E-003 -9.694E-003 -9.702E-003 -9.711E-003 -9.723E-003 -9.737E-003 -9.757E-003 -9.786E-003 -9.827E-003 -9.891E-003 -9.991E-003 -1.015E-002 -1.042E-002 -1.086E-002 -1.163E-002 -1.301E-002 -1.570E-002 -2.161E-002 -3.757E-002 -8.523E-002 -3.757E-002 -2.161E-002 -1.570E-002 -1.301E-002 -1.163E-002 -1.086E-002 -1.042E-002 -1.015E-002 -9.991E-003 -9.891E-003 -9.827E-003 -9.786E-003 -9.757E-003 -9.737E-003 -9.723E-003 -9.711E-003 -9.702E-003 -9.694E-003 -9.687E-003 -9.682E-003 -9.677E-003 -9.672E-003 -9.668E-003 -9.665E-003 -9.662E-003 -9.660E-003 -9.658E-003 -9.657E-003 -9.656E-003 -9.656E-003 -9.656E-003 -9.657E-003 -9.658E-003 -9.659E-003 -9.661E-003 -9.663E-003 -9.666E-003 -9.670E-003 -9.674E-003 -9.679E-003 
+0.00367500 -7.304E-003 -7.302E-003 -7.300E-003 -7.299E-003 -7.298E-003 -7.297E-003 -7.296E-003 -7.295E-003 -7.294E-003 -7.294E-003 -7.294E-003 -7.294E-003 -7.295E-003 -7.296E-003 -7.297E-003 -7.299E-003 -7.301E-003 -7.304E-003 -7.306E-003 -7.309E-003 -7.313E-003 -7.317E-003 -7.321E-003 -7.326E-003 -7.332E-003 -7.339E-003 -7.348E-003 -7.360E-003 -7.379E-003 -7.407E-003 -7.454E-003 -7.530E-003 -7.659E-003 -7.878E-003 -8.257E-003 -8.924E-003 -1.013E-002 -1.237E-002 -1.670E-002 -2.445E-002 -2.974E-002 -2.445E-002 -1.670E-002 -1.237E-002 -1.013E-002 -8.924E-003 -8.257E-003 -7.878E-003 -7.659E-003 -7.530E-003 -7.454E-003 -7.407E-003 -7.379E-003 -7.360E-003 -7.348E-003 -7.339E-003 -7.332E-003 -7.326E-003 -7.321E-003 -7.317E-003 -7.313E-003 -7.309E-003 -7.306E-003 -7.304E-003 -7.301E-003 -7.299E-003 -7.297E-003 -7.296E-003 -7.295E-003 -7.294E-003 -7.294E-003 -7.294E-003 -7.294E-003 -7.295E-003 -7.296E-003 -7.297E-003 -7.298E-003 -7.299E-003 -7.300E-003 -7.302E-003 -7.304E-003 
+0.00306250 -5.704E-003 -5.705E-003 -5.706E-003 -5.706E-003 -5.706E-003 -5.706E-003 -5.705E-003 -5.705E-003 -5.705E-003 -5.705E-003 -5.705E-003 -5.705E-003 -5.706E-003 -5.707E-003 -5.708E-003 -5.709E-003 -5.711E-003 -5.712E-003 -5.714E-003 -5.716E-003 -5.719E-003 -5.721E-003 -5.724E-003 -5.727E-003 -5.730E-003 -5.733E-003 -5.738E-003 -5.744E-003 -5.754E-003 -5.771E-003 -5.802E-003 -5.855E-003 -5.950E-003 -6.118E-003 -6.415E-003 -6.938E-003 -7.855E-003 -9.431E-003 -1.197E-002 -1.519E-002 -1.690E-002 -1.519E-002 -1.197E-002 -9.431E-003 -7.855E-003 -6.938E-003 -6.415E-003 -6.118E-003 -5.950E-003 -5.855E-003 -5.802E-003 -5.771E-003 -5.754E-003 -5.744E-003 -5.738E-003 -5.733E-003 -5.730E-003 -5.727E-003 -5.724E-003 -5.721E-003 -5.719E-003 -5.716E-003 -5.714E-003 -5.712E-003 -5.711E-003 -5.709E-003 -5.708E-003 -5.707E-003 -5.706E-003 -5.705E-003 -5.705E-003 -5.705E-003 -5.705E-003 -5.705E-003 -5.705E-003 -5.706E-003 -5.706E-003 -5.706E-003 -5.706E-003 -5.705E-003 -5.704E-003 
+0.00245000 -4.330E-003 -4.332E-003 -4.334E-003 -4.335E-003 -4.336E-003 -4.336E-003 -4.336E-003 -4.336E-003 -4.336E-003 -4.336E-003 -4.337E-003 -4.337E-003 -4.337E-003 -4.338E-003 -4.339E-003 -4.340E-003 -4.341E-003 -4.342E-003 -4.343E-003 -4.345E-003 -4.346E-003 -4.348E-003 -4.349E-003 -4.350E-003 -4.351E-003 -4.352E-003 -4.354E-003 -4.356E-003 -4.360E-003 -4.369E-003 -4.386E-003 -4.420E-003 -4.485E-003 -4.604E-003 -4.820E-003 -5.198E-003 -5.836E-003 -6.845E-003 -8.250E-003 -9.712E-003 -1.039E-002 -9.712E-003 -8.250E-003 -6.845E-003 -5.836E-003 -5.198E-003 -4.820E-003 -4.604E-003 -4.485E-003 -4.420E-003 -4.386E-003 -4.369E-003 -4.360E-003 -4.356E-003 -4.354E-003 -4.352E-003 -4.351E-003 -4.350E-003 -4.349E-003 -4.348E-003 -4.346E-003 -4.345E-003 -4.343E-003 -4.342E-003 -4.341E-003 -4.340E-003 -4.339E-003 -4.338E-003 -4.337E-003 -4.337E-003 -4.337E-003 -4.336E-003 -4.336E-003 -4.336E-003 -4.336E-003 -4.336E-003 -4.336E-003 -4.335E-003 -4.334E-003 -4.332E-003 -4.330E-003 
+0.00183750 -3.112E-003 -3.115E-003 -3.117E-003 -3.118E-003 -3.119E-003 -3.120E-003 -3.120E-003 -3.120E-003 -3.120E-003 -3.121E-003 -3.121E-003 -3.121E-003 -3.121E-003 -3.122E-003 -3.122E-003 -3.123E-003 -3.124E-003 -3.125E-003 -3.125E-003 -3.126E-003 -3.127E-003 -3.128E-003 -3.128E-003 -3.129E-003 -3.129E-003 -3.129E-003 -3.128E-003 -3.128E-003 -3.128E-003 -3.131E-003 -3.140E-003 -3.159E-003 -3.200E-003 -3.278E-003 -3.423E-003 -3.675E-003 -4.086E-003 -4.694E-003 -5.461E-003 -6.173E-003 -6.475E-003 -6.173E-003 -5.461E-003 -4.694E-003 -4.086E-003 -3.675E-003 -3.423E-003 -3.278E-003 -3.200E-003 -3.159E-003 -3.140E-003 -3.131E-003 -3.128E-003 -3.128E-003 -3.128E-003 -3.129E-003 -3.129E-003 -3.129E-003 -3.128E-003 -3.128E-003 -3.127E-003 -3.126E-003 -3.125E-003 -3.125E-003 -3.124E-003 -3.123E-003 -3.122E-003 -3.122E-003 -3.121E-003 -3.121E-003 -3.121E-003 -3.121E-003 -3.120E-003 -3.120E-003 -3.120E-003 -3.120E-003 -3.119E-003 -3.118E-003 -3.117E-003 -3.115E-003 -3.112E-003 
+0.00122500 -1.993E-003 -1.996E-003 -1.997E-003 -1.999E-003 -1.999E-003 -2.000E-003 -2.000E-003 -2.000E-003 -2.001E-003 -2.001E-003 -2.001E-003 -2.001E-003 -2.001E-003 -2.002E-003 -2.002E-003 -2.002E-003 -2.003E-003 -2.003E-003 -2.004E-003 -2.004E-003 -2.005E-003 -2.005E-003 -2.005E-003 -2.005E-003 -2.005E-003 -2.004E-003 -2.003E-003 -2.002E-003 -2.001E-003 -2.001E-003 -2.004E-003 -2.014E-003 -2.036E-003 -2.082E-003 -2.168E-003 -2.318E-003 -2.556E-003 -2.893E-003 -3.292E-003 -3.639E-003 -3.780E-003 -3.639E-003 -3.292E-003 -2.893E-003 -2.556E-003 -2.318E-003 -2.168E-003 -2.082E-003 -2.036E-003 -2.014E-003 -2.004E-003 -2.001E-003 -2.001E-003 -2.002E-003 -2.003E-003 -2.004E-003 -2.005E-003 -2.005E-003 -2.005E-003 -2.005E-003 -2.005E-003 -2.004E-003 -2.004E-003 -2.003E-003 -2.003E-003 -2.002E-003 -2.002E-003 -2.002E-003 -2.001E-003 -2.001E-003 -2.001E-003 -2.001E-003 -2.001E-003 -2.000E-003 -2.000E-003 -2.000E-003 -1.999E-003 -1.999E-003 -1.997E-003 -1.996E-003 -1.993E-003 
+0.00061250 -8.572E-004 -8.585E-004 -8.594E-004 -8.600E-004 -8.604E-004 -8.607E-004 -8.609E-004 -8.610E-004 -8.611E-004 -8.611E-004 -8.612E-004 -8.613E-004 -8.614E-004 -8.615E-004 -8.617E-004 -8.618E-004 -8.620E-004 -8.622E-004 -8.624E-004 -8.626E-004 -8.628E-004 -8.629E-004 -8.629E-004 -8.628E-004 -8.625E-004 -8.621E-004 -8.614E-004 -8.606E-004 -8.598E-004 -8.594E-004 -8.601E-004 -8.635E-004 -8.722E-004 -8.907E-004 -9.258E-004 -9.869E-004 -1.083E-003 -1.215E-003 -1.366E-003 -1.494E-003 -1.544E-003 -1.494E-003 -1.366E-003 -1.215E-003 -1.083E-003 -9.869E-004 -9.258E-004 -8.907E-004 -8.722E-004 -8.635E-004 -8.601E-004 -8.594E-004 -8.598E-004 -8.606E-004 -8.614E-004 -8.621E-004 -8.625E-004 -8.628E-004 -8.629E-004 -8.629E-004 -8.628E-004 -8.626E-004 -8.624E-004 -8.622E-004 -8.620E-004 -8.618E-004 -8.617E-004 -8.615E-004 -8.614E-004 -8.613E-004 -8.612E-004 -8.611E-004 -8.611E-004 -8.610E-004 -8.609E-004 -8.607E-004 -8.604E-004 -8.600E-004 -8.594E-004 -8.585E-004 -8.572E-004 
+0.00000000 +0.000E+000 +0.000E+000 -2.320E-019 -2.320E-019 +2.320E-019 -1.160E-019 +0.000E+000 +1.160E-019 -8.701E-020 +2.320E-019 -7.250E-020 +5.800E-020 -5.800E-020 +1.160E-019 +1.160E-019 +1.160E-019 +0.000E+000 -2.320E-019 +0.000E+000 +0.000E+000 +0.000E+000 +0.000E+000 -9.281E-019 +0.000E+000 +0.000E+000 +0.000E+000 +0.000E+000 +0.000E+000 +0.000E+000 +0.000E+000 +0.000E+000 +0.000E+000 -7.424E-018 +0.000E+000 +0.000E+000 +0.000E+000 +0.000E+000 +0.000E+000 +0.000E+000 +0.000E+000 +0.000E+000 +0.000E+000 +0.000E+000 +0.000E+000 +0.000E+000 +0.000E+000 +0.000E+000 +0.000E+000 -7.424E-018 +0.000E+000 +0.000E+000 +0.000E+000 +0.000E+000 +0.000E+000 +0.000E+000 +0.000E+000 +0.000E+000 +0.000E+000 -9.281E-019 +0.000E+000 +0.000E+000 +0.000E+000 +0.000E+000 -2.320E-019 +0.000E+000 +1.160E-019 +1.160E-019 +1.160E-019 -5.800E-020 +5.800E-020 -7.250E-020 +2.320E-019 -8.701E-020 +1.160E-019 +0.000E+000 -1.160E-019 +2.320E-019 -2.320E-019 -2.320E-019 +0.000E+000 +0.000E+000 
-0.00061250 +8.572E-004 +8.585E-004 +8.594E-004 +8.600E-004 +8.604E-004 +8.607E-004 +8.609E-004 +8.610E-004 +8.611E-004 +8.611E-004 +8.612E-004 +8.613E-004 +8.614E-004 +8.615E-004 +8.617E-004 +8.618E-004 +8.620E-004 +8.622E-004 +8.624E-004 +8.626E-004 +8.628E-004 +8.629E-004 +8.629E-004 +8.628E-004 +8.625E-004 +8.621E-004 +8.614E-004 +8.606E-004 +8.598E-004 +8.594E-004 +8.601E-004 +8.635E-004 +8.722E-004 +8.907E-004 +9.258E-004 +9.869E-004 +1.083E-003 +1.215E-003 +1.366E-003 +1.494E-003 +1.544E-003 +1.494E-003 +1.366E-003 +1.215E-003 +1.083E-003 +9.869E-004 +9.258E-004 +8.907E-004 +8.722E-004 +8.635E-004 +8.601E-004 +8.594E-004 +8.598E-004 +8.606E-004 +8.614E-004 +8.621E-004 +8.625E-004 +8.628E-004 +8.629E-004 +8.629E-004 +8.628E-004 +8.626E-004 +8.624E-004 +8.622E-004 +8.620E-004 +8.618E-004 +8.617E-004 +8.615E-004 +8.614E-004 +8.613E-004 +8.612E-004 +8.611E-004 +8.611E-004 +8.610E-004 +8.609E-004 +8.607E-004 +8.604E-004 +8.600E-004 +8.594E-004 +8.585E-004 +8.572E-004 
-0.00122500 +1.993E-003 +1.996E-003 +1.997E-003 +1.999E-003 +1.999E-003 +2.000E-003 +2.000E-003 +2.000E-003 +2.001E-003 +2.001E-003 +2.001E-003 +2.001E-003 +2.001E-003 +2.002E-003 +2.002E-003 +2.002E-003 +2.003E-003 +2.003E-003 +2.004E-003 +2.004E-003 +2.005E-003 +2.005E-003 +2.005E-003 +2.005E-003 +2.005E-003 +2.004E-003 +2.003E-003 +2.002E-003 +2.001E-003 +2.001E-003 +2.004E-003 +2.014E-003 +2.036E-003 +2.082E-003 +2.168E-003 +2.318E-003 +2.556E-003 +2.893E-003 +3.292E-003 +3.639E-003 +3.780E-003 +3.639E-003 +3.292E-003 +2.893E-003 +2.556E-003 +2.318E-003 +2.168E-003 +2.082E-003 +2.036E-003 +2.014E-003 +2.004E-003 +2.001E-003 +2.001E-003 +2.002E-003 +2.003E-003 +2.004E-003 +2.005E-003 +2.005E-003 +2.005E-003 +2.005E-003 +2.005E-003 +2.004E-003 +2.004E-003 +2.003E-003 +2.003E-003 +2.002E-003 +2.002E-003 +2.002E-003 +2.001E-003 +2.001E-003 +2.001E-003 +2.001E-003 +2.001E-003 +2.000E-003 +2.000E-003 +2.000E-003 +1.999E-003 +1.999E-003 +1.997E-003 +1.996E-003 +1.993E-003 
-0.00183750 +3.112E-003 +3.115E-003 +3.117E-003 +3.118E-003 +3.119E-003 +3.120E-003 +3.120E-003 +3.120E-003 +3.120E-003 +3.121E-003 +3.121E-003 +3.121E-003 +3.121E-003 +3.122E-003 +3.122E-003 +3.123E-003 +3.124E-003 +3.125E-003 +3.125E-003 +3.126E-003 +3.127E-003 +3.128E-003 +3.128E-003 +3.129E-003 +3.129E-003 +3.129E-003 +3.128E-003 +3.128E-003 +3.128E-003 +3.131E-003 +3.140E-003 +3.159E-003 +3.200E-003 +3.278E-003 +3.423E-003 +3.675E-003 +4.086E-003 +4.694E-003 +5.461E-003 +6.173E-003 +6.475E-003 +6.173E-003 +5.461E-003 +4.694E-003 +4.086E-003 +3.675E-003 +3.423E-003 +3.278E-003 +3.200E-003 +3.159E-003 +3.140E-003 +3.131E-003 +3.128E-003 +3.128E-003 +3.128E-003 +3.129E-003 +3.129E-003 +3.129E-003 +3.128E-003 +3.128E-003 +3.127E-003 +3.126E-003 +3.125E-003 +3.125E-003 +3.124E-003 +3.123E-003 +3.122E-003 +3.122E-003 +3.121E-003 +3.121E-003 +3.121E-003 +3.121E-003 +3.120E-003 +3.120E-003 +3.120E-003 +3.120E-003 +3.119E-003 +3.118E-003 +3.117E-003 +3.115E-003 +3.112E-003 
-0.00245000 +4.330E-003 +4.332E-003 +4.334E-003 +4.335E-003 +4.336E-003 +4.336E-003 +4.336E-003 +4.336E-003 +4.336E-003 +4.336E-003 +4.337E-003 +4.337E-003 +4.337E-003 +4.338E-003 +4.339E-003 +4.340E-003 +4.341E-003 +4.342E-003 +4.343E-003 +4.345E-003 +4.346E-003 +4.348E-003 +4.349E-003 +4.350E-003 +4.351E-003 +4.352E-003 +4.354E-003 +4.356E-003 +4.360E-003 +4.369E-003 +4.386E-003 +4.420E-003 +4.485E-003 +4.604E-003 +4.820E-003 +5.198E-003 +5.836E-003 +6.845E-003 +8.250E-003 +9.712E-003 +1.039E-002 +9.712E-003 +8.250E-003 +6.845E-003 +5.836E-003 +5.198E-003 +4.820E-003 +4.604E-003 +4.485E-003 +4.420E-003 +4.386E-003 +4.369E-003 +4.360E-003 +4.356E-003 +4.354E-003 +4.352E-003 +4.351E-003 +4.350E-003 +4.349E-003 +4.348E-003 +4.346E-003 +4.345E-003 +4.343E-003 +4.342E-003 +4.341E-003 +4.340E-003 +4.339E-003 +4.338E-003 +4.337E-003 +4.337E-003 +4.337E-003 +4.336E-003 +4.336E-003 +4.336E-003 +4.336E-003 +4.336E-003 +4.336E-003 +4.335E-003 +4.334E-003 +4.332E-003 +4.330E-003 
-0.00306250 +5.704E-003 +5.705E-003 +5.706E-003 +5.706E-003 +5.706E-003 +5.706E-003 +5.705E-003 +5.705E-003 +5.705E-003 +5.705E-003 +5.705E-003 +5.705E-003 +5.706E-003 +5.707E-003 +5.708E-003 +5.709E-003 +5.711E-003 +5.712E-003 +5.714E-003 +5.716E-003 +5.719E-003 +5.721E-003 +5.724E-003 +5.727E-003 +5.730E-003 +5.733E-003 +5.738E-003 +5.744E-003 +5.754E-003 +5.771E-003 +5.802E-003 +5.855E-003 +5.950E-003 +6.118E-003 +6.415E-003 +6.938E-003 +7.855E-003 +9.431E-003 +1.197E-002 +1.519E-002 +1.690E-002 +1.519E-002 +1.197E-002 +9.431E-003 +7.855E-003 +6.938E-003 +6.415E-003 +6.118E-003 +5.950E-003 +5.855E-003 +5.802E-003 +5.771E-003 +5.754E-003 +5.744E-003 +5.738E-003 +5.733E-003 +5.730E-003 +5.727E-003 +5.724E-003 +5.721E-003 +5.719E-003 +5.716E-003 +5.714E-003 +5.712E-003 +5.711E-003 +5.709E-003 +5.708E-003 +5.707E-003 +5.706E-003 +5.705E-003 +5.705E-003 +5.705E-003 +5.705E-003 +5.705E-003 +5.705E-003 +5.706E-003 +5.706E-003 +5.706E-003 +5.706E-003 +5.705E-003 +5.704E-003 
-0.00367500 +7.304E-003 +7.302E-003 +7.300E-003 +7.299E-003 +7.298E-003 +7.297E-003 +7.296E-003 +7.295E-003 +7.294E-003 +7.294E-003 +7.294E-003 +7.294E-003 +7.295E-003 +7.296E-003 +7.297E-003 +7.299E-003 +7.301E-003 +7.304E-003 +7.306E-003 +7.309E-003 +7.313E-003 +7.317E-003 +7.321E-003 +7.326E-003 +7.332E-003 +7.339E-003 +7.348E-003 +7.360E-003 +7.379E-003 +7.407E-003 +7.454E-003 +7.530E-003 +7.659E-003 +7.878E-003 +8.257E-003 +8.924E-003 +1.013E-002 +1.237E-002 +1.670E-002 +2.445E-002 +2.974E-002 +2.445E-002 +1.670E-002 +1.237E-002 +1.013E-002 +8.924E-003 +8.257E-003 +7.878E-003 +7.659E-003 +7.530E-003 +7.454E-003 +7.407E-003 +7.379E-003 +7.360E-003 +7.348E-003 +7.339E-003 +7.332E-003 +7.326E-003 +7.321E-003 +7.317E-003 +7.313E-003 +7.309E-003 +7.306E-003 +7.304E-003 +7.301E-003 +7.299E-003 +7.297E-003 +7.296E-003 +7.295E-003 +7.294E-003 +7.294E-003 +7.294E-003 +7.294E-003 +7.295E-003 +7.296E-003 +7.297E-003 +7.298E-003 +7.299E-003 +7.300E-003 +7.302E-003 +7.304E-003 
-0.00428750 +9.679E-003 +9.674E-003 +9.670E-003 +9.666E-003 +9.663E-003 +9.661E-003 +9.659E-003 +9.658E-003 +9.657E-003 +9.656E-003 +9.656E-003 +9.656E-003 +9.657E-003 +9.658E-003 +9.660E-003 +9.662E-003 +9.665E-003 +9.668E-003 +9.672E-003 +9.677E-003 +9.682E-003 +9.687E-003 +9.694E-003 +9.702E-003 +9.711E-003 +9.723E-003 +9.737E-003 +9.757E-003 +9.786E-003 +9.827E-003 +9.891E-003 +9.991E-003 +1.015E-002 +1.042E-002 +1.086E-002 +1.163E-002 +1.301E-002 +1.570E-002 +2.161E-002 +3.757E-002 +8.523E-002 +3.757E-002 +2.161E-002 +1.570E-002 +1.301E-002 +1.163E-002 +1.086E-002 +1.042E-002 +1.015E-002 +9.991E-003 +9.891E-003 +9.827E-003 +9.786E-003 +9.757E-003 +9.737E-003 +9.723E-003 +9.711E-003 +9.702E-003 +9.694E-003 +9.687E-003 +9.682E-003 +9.677E-003 +9.672E-003 +9.668E-003 +9.665E-003 +9.662E-003 +9.660E-003 +9.658E-003 +9.657E-003 +9.656E-003 +9.656E-003 +9.656E-003 +9.657E-003 +9.658E-003 +9.659E-003 +9.661E-003 +9.663E-003 +9.666E-003 +9.670E-003 +9.674E-003 +9.679E-003 
-0.00490000 +1.275E-002 +1.274E-002 +1.273E-002 +1.273E-002 +1.272E-002 +1.272E-002 +1.271E-002 +1.271E-002 +1.271E-002 +1.271E-002 +1.271E-002 +1.271E-002 +1.271E-002 +1.271E-002 +1.271E-002 +1.272E-002 +1.272E-002 +1.272E-002 +1.273E-002 +1.274E-002 +1.274E-002 +1.275E-002 +1.276E-002 +1.277E-002 +1.278E-002 +1.280E-002 +1.282E-002 +1.285E-002 +1.289E-002 +1.294E-002 +1.302E-002 +1.314E-002 +1.333E-002 +1.362E-002 +1.410E-002 +1.491E-002 +1.634E-002 +1.915E-002 +2.582E-002 +5.065E-002 +2.608E-001 +5.065E-002 +2.582E-002 +1.915E-002 +1.634E-002 +1.491E-002 +1.410E-002 +1.362E-002 +1.333E-002 +1.314E-002 +1.302E-002 +1.294E-002 +1.289E-002 +1.285E-002 +1.282E-002 +1.280E-002 +1.278E-002 +1.277E-002 +1.276E-002 +1.275E-002 +1.274E-002 +1.274E-002 +1.273E-002 +1.272E-002 +1.272E-002 +1.272E-002 +1.271E-002 +1.271E-002 +1.271E-002 +1.271E-002 +1.271E-002 +1.271E-002 +1.271E-002 +1.271E-002 +1.271E-002 +1.272E-002 +1.272E-002 +1.273E-002 +1.273E-002 +1.274E-002 +1.275E-002 
