# EPU50_CP_UVX_kicktable KICKMAP
# Author: lnls_at2tracy @ LNLS, Date: 30-Nov-2020 14:34:37
# ID Length [m]
1.80000000000000004E+00
# Number of Horizontal Points
81
# Number of Vertical Points
17
# Horizontal KickTable in T2m2
START
                          -1.20000000000000002E-02  -1.17000000000000003E-02  -1.14000000000000004E-02  -1.11000000000000005E-02  -1.08000000000000006E-02  -1.05000000000000007E-02  -1.02000000000000007E-02  -9.90000000000000081E-03  -9.59999999999999916E-03  -9.29999999999999924E-03  -8.99999999999999932E-03  -8.69999999999999940E-03  -8.40000000000000122E-03  -8.09999999999999956E-03  -7.79999999999999964E-03  -7.49999999999999972E-03  -7.19999999999999980E-03  -6.89999999999999988E-03  -6.59999999999999996E-03  -6.30000000000000004E-03  -6.00000000000000012E-03  -5.70000000000000021E-03  -5.40000000000000029E-03  -5.10000000000000037E-03  -4.79999999999999958E-03  -4.49999999999999966E-03  -4.20000000000000061E-03  -3.89999999999999982E-03  -3.59999999999999990E-03  -3.29999999999999998E-03  -3.00000000000000006E-03  -2.70000000000000014E-03  -2.39999999999999979E-03  -2.10000000000000030E-03  -1.79999999999999995E-03  -1.50000000000000003E-03  -1.19999999999999989E-03  -8.99999999999999975E-04  -5.99999999999999947E-04  -2.99999999999999974E-04  +0.00000000000000000E+00  +2.99999999999999974E-04  +5.99999999999999947E-04  +8.99999999999999975E-04  +1.19999999999999989E-03  +1.50000000000000003E-03  +1.79999999999999995E-03  +2.10000000000000030E-03  +2.39999999999999979E-03  +2.70000000000000014E-03  +3.00000000000000006E-03  +3.29999999999999998E-03  +3.59999999999999990E-03  +3.89999999999999982E-03  +4.20000000000000061E-03  +4.49999999999999966E-03  +4.79999999999999958E-03  +5.10000000000000037E-03  +5.40000000000000029E-03  +5.70000000000000021E-03  +6.00000000000000012E-03  +6.30000000000000004E-03  +6.59999999999999996E-03  +6.89999999999999988E-03  +7.19999999999999980E-03  +7.49999999999999972E-03  +7.79999999999999964E-03  +8.09999999999999956E-03  +8.40000000000000122E-03  +8.69999999999999940E-03  +8.99999999999999932E-03  +9.29999999999999924E-03  +9.59999999999999916E-03  +9.90000000000000081E-03  +1.02000000000000007E-02  +1.05000000000000007E-02  +1.08000000000000006E-02  +1.11000000000000005E-02  +1.14000000000000004E-02  +1.17000000000000003E-02  +1.20000000000000002E-02 
+4.49999999999999966E-03  -8.26000000000000020E-04  -8.80499999999999989E-04  -9.44999999999999985E-04  -1.01449999999999999E-03  -1.08899999999999991E-03  -1.16850000000000005E-03  -1.25399999999999991E-03  -1.34549999999999991E-03  -1.44349999999999990E-03  -1.54900000000000003E-03  -1.66150000000000000E-03  -1.78250000000000001E-03  -1.91249999999999992E-03  -2.05200000000000000E-03  -2.20199999999999996E-03  -2.36350000000000015E-03  -2.53700000000000019E-03  -2.72449999999999993E-03  -2.92649999999999985E-03  -3.14450000000000016E-03  -3.38149999999999996E-03  -3.63800000000000017E-03  -3.91700000000000034E-03  -4.22150000000000043E-03  -4.55399999999999989E-03  -4.91799999999999963E-03  -5.31500000000000028E-03  -5.75499999999999970E-03  -6.23500000000000009E-03  -6.76500000000000018E-03  -7.33500000000000037E-03  -7.94500000000000067E-03  -8.58000000000000082E-03  -9.20999999999999944E-03  -9.74999999999999999E-03  -1.00850000000000002E-02  -9.99500000000000041E-03  -9.15499999999999994E-03  -7.22499999999999965E-03  -4.05300000000000018E-03  +1.21249999999999998E-16  +4.05300000000000018E-03  +7.22499999999999965E-03  +9.15499999999999994E-03  +9.99500000000000041E-03  +1.00850000000000002E-02  +9.74999999999999999E-03  +9.20999999999999944E-03  +8.58000000000000082E-03  +7.94500000000000067E-03  +7.33500000000000037E-03  +6.76500000000000018E-03  +6.23500000000000009E-03  +5.75499999999999970E-03  +5.31500000000000028E-03  +4.91799999999999963E-03  +4.55399999999999989E-03  +4.22150000000000043E-03  +3.91700000000000034E-03  +3.63800000000000017E-03  +3.38149999999999996E-03  +3.14450000000000016E-03  +2.92649999999999985E-03  +2.72449999999999993E-03  +2.53700000000000019E-03  +2.36350000000000015E-03  +2.20199999999999996E-03  +2.05200000000000000E-03  +1.91249999999999992E-03  +1.78250000000000001E-03  +1.66150000000000000E-03  +1.54900000000000003E-03  +1.44349999999999990E-03  +1.34549999999999991E-03  +1.25399999999999991E-03  +1.16850000000000005E-03  +1.08899999999999991E-03  +1.01449999999999999E-03  +9.44999999999999985E-04  +8.80499999999999989E-04  +8.26000000000000020E-04 
+3.93750000000000003E-03  -8.29500000000000051E-04  -8.84000000000000020E-04  -9.47999999999999949E-04  -1.01699999999999989E-03  -1.09050000000000011E-03  -1.16899999999999990E-03  -1.25249999999999992E-03  -1.34200000000000009E-03  -1.43749999999999998E-03  -1.53950000000000007E-03  -1.64850000000000001E-03  -1.76450000000000001E-03  -1.88799999999999992E-03  -2.01950000000000003E-03  -2.15949999999999996E-03  -2.30899999999999985E-03  -2.46800000000000014E-03  -2.63700000000000002E-03  -2.81700000000000006E-03  -3.00799999999999982E-03  -3.21099999999999988E-03  -3.42699999999999992E-03  -3.65599999999999996E-03  -3.89900000000000012E-03  -4.15550000000000034E-03  -4.42600000000000025E-03  -4.70950000000000014E-03  -5.00499999999999990E-03  -5.30999999999999962E-03  -5.61500000000000020E-03  -5.91500000000000012E-03  -6.19000000000000019E-03  -6.41499999999999970E-03  -6.55999999999999986E-03  -6.56499999999999966E-03  -6.35500000000000041E-03  -5.85000000000000017E-03  -4.96450000000000016E-03  -3.64800000000000020E-03  -1.94250000000000000E-03  +0.00000000000000000E+00  +1.94250000000000000E-03  +3.64800000000000020E-03  +4.96450000000000016E-03  +5.85000000000000017E-03  +6.35500000000000041E-03  +6.56499999999999966E-03  +6.55999999999999986E-03  +6.41499999999999970E-03  +6.19000000000000019E-03  +5.91500000000000012E-03  +5.61500000000000020E-03  +5.30999999999999962E-03  +5.00499999999999990E-03  +4.70950000000000014E-03  +4.42600000000000025E-03  +4.15550000000000034E-03  +3.89900000000000012E-03  +3.65599999999999996E-03  +3.42699999999999992E-03  +3.21099999999999988E-03  +3.00799999999999982E-03  +2.81700000000000006E-03  +2.63700000000000002E-03  +2.46800000000000014E-03  +2.30899999999999985E-03  +2.15949999999999996E-03  +2.01950000000000003E-03  +1.88799999999999992E-03  +1.76450000000000001E-03  +1.64850000000000001E-03  +1.53950000000000007E-03  +1.43749999999999998E-03  +1.34200000000000009E-03  +1.25249999999999992E-03  +1.16899999999999990E-03  +1.09050000000000011E-03  +1.01699999999999989E-03  +9.47999999999999949E-04  +8.84000000000000020E-04  +8.29500000000000051E-04 
+3.37499999999999996E-03  -8.35499999999999980E-04  -8.89999999999999949E-04  -9.53999999999999987E-04  -1.02249999999999997E-03  -1.09549999999999990E-03  -1.17350000000000006E-03  -1.25650000000000002E-03  -1.34500000000000006E-03  -1.43899999999999996E-03  -1.53849999999999994E-03  -1.64449999999999991E-03  -1.75650000000000003E-03  -1.87550000000000000E-03  -2.00149999999999981E-03  -2.13400000000000005E-03  -2.27399999999999998E-03  -2.42150000000000004E-03  -2.57600000000000016E-03  -2.73850000000000005E-03  -2.90799999999999999E-03  -3.08500000000000007E-03  -3.26850000000000014E-03  -3.45750000000000007E-03  -3.65199999999999986E-03  -3.85050000000000019E-03  -4.04999999999999978E-03  -4.24750000000000041E-03  -4.43949999999999987E-03  -4.61999999999999997E-03  -4.78050000000000003E-03  -4.90949999999999980E-03  -4.99250000000000041E-03  -5.00999999999999970E-03  -4.93600000000000028E-03  -4.74250000000000019E-03  -4.39750000000000037E-03  -3.87200000000000001E-03  -3.14849999999999982E-03  -2.23250000000000011E-03  -1.16050000000000007E-03  +0.00000000000000000E+00  +1.16050000000000007E-03  +2.23250000000000011E-03  +3.14849999999999982E-03  +3.87200000000000001E-03  +4.39750000000000037E-03  +4.74250000000000019E-03  +4.93600000000000028E-03  +5.00999999999999970E-03  +4.99250000000000041E-03  +4.90949999999999980E-03  +4.78050000000000003E-03  +4.61999999999999997E-03  +4.43949999999999987E-03  +4.24750000000000041E-03  +4.04999999999999978E-03  +3.85050000000000019E-03  +3.65199999999999986E-03  +3.45750000000000007E-03  +3.26850000000000014E-03  +3.08500000000000007E-03  +2.90799999999999999E-03  +2.73850000000000005E-03  +2.57600000000000016E-03  +2.42150000000000004E-03  +2.27399999999999998E-03  +2.13400000000000005E-03  +2.00149999999999981E-03  +1.87550000000000000E-03  +1.75650000000000003E-03  +1.64449999999999991E-03  +1.53849999999999994E-03  +1.43899999999999996E-03  +1.34500000000000006E-03  +1.25650000000000002E-03  +1.17350000000000006E-03  +1.09549999999999990E-03  +1.02249999999999997E-03  +9.53999999999999987E-04  +8.89999999999999949E-04  +8.35499999999999980E-04 
+2.81249999999999990E-03  -8.42999999999999999E-04  -8.97499999999999969E-04  -9.61999999999999965E-04  -1.03049999999999995E-03  -1.10350000000000010E-03  -1.18150000000000004E-03  -1.26399999999999993E-03  -1.35199999999999990E-03  -1.44500000000000010E-03  -1.54349999999999995E-03  -1.64750000000000009E-03  -1.75700000000000010E-03  -1.87300000000000010E-03  -1.99450000000000018E-03  -2.12150000000000012E-03  -2.25500000000000006E-03  -2.39349999999999979E-03  -2.53749999999999983E-03  -2.68650000000000009E-03  -2.84000000000000008E-03  -2.99650000000000003E-03  -3.15549999999999988E-03  -3.31499999999999980E-03  -3.47350000000000003E-03  -3.62850000000000021E-03  -3.77649999999999991E-03  -3.91399999999999994E-03  -4.03599999999999966E-03  -4.13499999999999979E-03  -4.20449999999999990E-03  -4.23450000000000042E-03  -4.21299999999999973E-03  -4.12699999999999959E-03  -3.96249999999999988E-03  -3.70449999999999989E-03  -3.34099999999999979E-03  -2.86399999999999979E-03  -2.27349999999999991E-03  -1.58150000000000001E-03  -8.12000000000000005E-04  +0.00000000000000000E+00  +8.12000000000000005E-04  +1.58150000000000001E-03  +2.27349999999999991E-03  +2.86399999999999979E-03  +3.34099999999999979E-03  +3.70449999999999989E-03  +3.96249999999999988E-03  +4.12699999999999959E-03  +4.21299999999999973E-03  +4.23450000000000042E-03  +4.20449999999999990E-03  +4.13499999999999979E-03  +4.03599999999999966E-03  +3.91399999999999994E-03  +3.77649999999999991E-03  +3.62850000000000021E-03  +3.47350000000000003E-03  +3.31499999999999980E-03  +3.15549999999999988E-03  +2.99650000000000003E-03  +2.84000000000000008E-03  +2.68650000000000009E-03  +2.53749999999999983E-03  +2.39349999999999979E-03  +2.25500000000000006E-03  +2.12150000000000012E-03  +1.99450000000000018E-03  +1.87300000000000010E-03  +1.75700000000000010E-03  +1.64750000000000009E-03  +1.54349999999999995E-03  +1.44500000000000010E-03  +1.35199999999999990E-03  +1.26399999999999993E-03  +1.18150000000000004E-03  +1.10350000000000010E-03  +1.03049999999999995E-03  +9.61999999999999965E-04  +8.97499999999999969E-04  +8.42999999999999999E-04 
+2.24999999999999983E-03  -8.50500000000000019E-04  -9.05499999999999946E-04  -9.70500000000000008E-04  -1.03950000000000006E-03  -1.11300000000000006E-03  -1.19100000000000000E-03  -1.27349999999999989E-03  -1.36100000000000001E-03  -1.45349999999999993E-03  -1.55149999999999993E-03  -1.65449999999999994E-03  -1.76300000000000003E-03  -1.87649999999999991E-03  -1.99499999999999981E-03  -2.11850000000000016E-03  -2.24699999999999987E-03  -2.37950000000000010E-03  -2.51600000000000001E-03  -2.65549999999999987E-03  -2.79649999999999994E-03  -2.93850000000000014E-03  -3.07950000000000021E-03  -3.21749999999999987E-03  -3.35000000000000011E-03  -3.47450000000000016E-03  -3.58699999999999991E-03  -3.68350000000000014E-03  -3.75900000000000019E-03  -3.80700000000000005E-03  -3.82100000000000018E-03  -3.79350000000000000E-03  -3.71650000000000019E-03  -3.58049999999999992E-03  -3.37900000000000006E-03  -3.10349999999999992E-03  -2.75099999999999997E-03  -2.32050000000000008E-03  -1.81649999999999997E-03  -1.25000000000000003E-03  -6.36999999999999979E-04  +0.00000000000000000E+00  +6.36999999999999979E-04  +1.25000000000000003E-03  +1.81649999999999997E-03  +2.32050000000000008E-03  +2.75099999999999997E-03  +3.10349999999999992E-03  +3.37900000000000006E-03  +3.58049999999999992E-03  +3.71650000000000019E-03  +3.79350000000000000E-03  +3.82100000000000018E-03  +3.80700000000000005E-03  +3.75900000000000019E-03  +3.68350000000000014E-03  +3.58699999999999991E-03  +3.47450000000000016E-03  +3.35000000000000011E-03  +3.21749999999999987E-03  +3.07950000000000021E-03  +2.93850000000000014E-03  +2.79649999999999994E-03  +2.65549999999999987E-03  +2.51600000000000001E-03  +2.37950000000000010E-03  +2.24699999999999987E-03  +2.11850000000000016E-03  +1.99499999999999981E-03  +1.87649999999999991E-03  +1.76300000000000003E-03  +1.65449999999999994E-03  +1.55149999999999993E-03  +1.45349999999999993E-03  +1.36100000000000001E-03  +1.27349999999999989E-03  +1.19100000000000000E-03  +1.11300000000000006E-03  +1.03950000000000006E-03  +9.70500000000000008E-04  +9.05499999999999946E-04  +8.50500000000000019E-04 
+1.68749999999999998E-03  -8.58000000000000039E-04  -9.12999999999999966E-04  -9.78499999999999986E-04  -1.04800000000000010E-03  -1.12150000000000010E-03  -1.19999999999999989E-03  -1.28300000000000007E-03  -1.37049999999999997E-03  -1.46300000000000011E-03  -1.56050000000000004E-03  -1.66350000000000005E-03  -1.77049999999999994E-03  -1.88299999999999991E-03  -2.00000000000000004E-03  -2.12100000000000006E-03  -2.24649999999999980E-03  -2.37499999999999994E-03  -2.50599999999999998E-03  -2.63849999999999979E-03  -2.77100000000000003E-03  -2.90300000000000020E-03  -3.03099999999999984E-03  -3.15450000000000019E-03  -3.26949999999999984E-03  -3.37300000000000013E-03  -3.46199999999999980E-03  -3.53149999999999992E-03  -3.57649999999999982E-03  -3.59299999999999984E-03  -3.57399999999999992E-03  -3.51350000000000013E-03  -3.40649999999999981E-03  -3.24649999999999982E-03  -3.02950000000000007E-03  -2.75250000000000017E-03  -2.41399999999999991E-03  -2.01650000000000006E-03  -1.56599999999999990E-03  -1.07050000000000005E-03  -5.43500000000000038E-04  +0.00000000000000000E+00  +5.43500000000000038E-04  +1.07050000000000005E-03  +1.56599999999999990E-03  +2.01650000000000006E-03  +2.41399999999999991E-03  +2.75250000000000017E-03  +3.02950000000000007E-03  +3.24649999999999982E-03  +3.40649999999999981E-03  +3.51350000000000013E-03  +3.57399999999999992E-03  +3.59299999999999984E-03  +3.57649999999999982E-03  +3.53149999999999992E-03  +3.46199999999999980E-03  +3.37300000000000013E-03  +3.26949999999999984E-03  +3.15450000000000019E-03  +3.03099999999999984E-03  +2.90300000000000020E-03  +2.77100000000000003E-03  +2.63849999999999979E-03  +2.50599999999999998E-03  +2.37499999999999994E-03  +2.24649999999999980E-03  +2.12100000000000006E-03  +2.00000000000000004E-03  +1.88299999999999991E-03  +1.77049999999999994E-03  +1.66350000000000005E-03  +1.56050000000000004E-03  +1.46300000000000011E-03  +1.37049999999999997E-03  +1.28300000000000007E-03  +1.19999999999999989E-03  +1.12150000000000010E-03  +1.04800000000000010E-03  +9.78499999999999986E-04  +9.12999999999999966E-04  +8.58000000000000039E-04 
+1.12499999999999991E-03  -8.63500000000000010E-04  -9.19000000000000004E-04  -9.84999999999999981E-04  -1.05450000000000010E-03  -1.12900000000000001E-03  -1.20750000000000002E-03  -1.29049999999999998E-03  -1.37849999999999995E-03  -1.47149999999999993E-03  -1.56900000000000008E-03  -1.67150000000000003E-03  -1.77849999999999992E-03  -1.88999999999999997E-03  -2.00599999999999997E-03  -2.12549999999999979E-03  -2.24900000000000013E-03  -2.37449999999999987E-03  -2.50199999999999988E-03  -2.63050000000000003E-03  -2.75800000000000003E-03  -2.88250000000000008E-03  -3.00300000000000003E-03  -3.11649999999999991E-03  -3.22000000000000021E-03  -3.31050000000000007E-03  -3.38399999999999986E-03  -3.43649999999999988E-03  -3.46400000000000007E-03  -3.46100000000000010E-03  -3.42250000000000019E-03  -3.34400000000000018E-03  -3.22099999999999990E-03  -3.04950000000000013E-03  -2.82650000000000002E-03  -2.55049999999999982E-03  -2.22300000000000015E-03  -1.84699999999999990E-03  -1.42700000000000010E-03  -9.72499999999999949E-04  -4.92600000000000047E-04  +0.00000000000000000E+00  +4.92600000000000047E-04  +9.72499999999999949E-04  +1.42700000000000010E-03  +1.84699999999999990E-03  +2.22300000000000015E-03  +2.55049999999999982E-03  +2.82650000000000002E-03  +3.04950000000000013E-03  +3.22099999999999990E-03  +3.34400000000000018E-03  +3.42250000000000019E-03  +3.46100000000000010E-03  +3.46400000000000007E-03  +3.43649999999999988E-03  +3.38399999999999986E-03  +3.31050000000000007E-03  +3.22000000000000021E-03  +3.11649999999999991E-03  +3.00300000000000003E-03  +2.88250000000000008E-03  +2.75800000000000003E-03  +2.63050000000000003E-03  +2.50199999999999988E-03  +2.37449999999999987E-03  +2.24900000000000013E-03  +2.12549999999999979E-03  +2.00599999999999997E-03  +1.88999999999999997E-03  +1.77849999999999992E-03  +1.67150000000000003E-03  +1.56900000000000008E-03  +1.47149999999999993E-03  +1.37849999999999995E-03  +1.29049999999999998E-03  +1.20750000000000002E-03  +1.12900000000000001E-03  +1.05450000000000010E-03  +9.84999999999999981E-04  +9.19000000000000004E-04  +8.63500000000000010E-04 
+5.62499999999999957E-04  -8.67000000000000041E-04  -9.22999999999999992E-04  -9.89000000000000079E-04  -1.05900000000000005E-03  -1.13349999999999996E-03  -1.21250000000000004E-03  -1.29600000000000006E-03  -1.38400000000000003E-03  -1.47700000000000001E-03  -1.57449999999999994E-03  -1.67700000000000011E-03  -1.78400000000000000E-03  -1.89499999999999998E-03  -2.01050000000000013E-03  -2.12949999999999988E-03  -2.25150000000000003E-03  -2.37600000000000007E-03  -2.50149999999999982E-03  -2.62750000000000006E-03  -2.75150000000000004E-03  -2.87300000000000012E-03  -2.98849999999999984E-03  -3.09649999999999986E-03  -3.19350000000000016E-03  -3.27649999999999990E-03  -3.34199999999999992E-03  -3.38550000000000005E-03  -3.40250000000000014E-03  -3.38950000000000015E-03  -3.34099999999999979E-03  -3.25349999999999988E-03  -3.12249999999999984E-03  -2.94550000000000020E-03  -2.72000000000000020E-03  -2.44599999999999982E-03  -2.12500000000000015E-03  -1.76049999999999991E-03  -1.35699999999999992E-03  -9.22999999999999992E-04  -4.67000000000000021E-04  +0.00000000000000000E+00  +4.67000000000000021E-04  +9.22999999999999992E-04  +1.35699999999999992E-03  +1.76049999999999991E-03  +2.12500000000000015E-03  +2.44599999999999982E-03  +2.72000000000000020E-03  +2.94550000000000020E-03  +3.12249999999999984E-03  +3.25349999999999988E-03  +3.34099999999999979E-03  +3.38950000000000015E-03  +3.40250000000000014E-03  +3.38550000000000005E-03  +3.34199999999999992E-03  +3.27649999999999990E-03  +3.19350000000000016E-03  +3.09649999999999986E-03  +2.98849999999999984E-03  +2.87300000000000012E-03  +2.75150000000000004E-03  +2.62750000000000006E-03  +2.50149999999999982E-03  +2.37600000000000007E-03  +2.25150000000000003E-03  +2.12949999999999988E-03  +2.01050000000000013E-03  +1.89499999999999998E-03  +1.78400000000000000E-03  +1.67700000000000011E-03  +1.57449999999999994E-03  +1.47700000000000001E-03  +1.38400000000000003E-03  +1.29600000000000006E-03  +1.21250000000000004E-03  +1.13349999999999996E-03  +1.05900000000000005E-03  +9.89000000000000079E-04  +9.22999999999999992E-04  +8.67000000000000041E-04 
+0.00000000000000000E+00  -8.68500000000000023E-04  -9.24499999999999975E-04  -9.90500000000000061E-04  -1.06050000000000003E-03  -1.13499999999999994E-03  -1.21400000000000002E-03  -1.29750000000000004E-03  -1.38600000000000008E-03  -1.47900000000000006E-03  -1.57649999999999999E-03  -1.67899999999999994E-03  -1.78549999999999998E-03  -1.89700000000000003E-03  -2.01199999999999990E-03  -2.13100000000000008E-03  -2.25250000000000016E-03  -2.37650000000000014E-03  -2.50149999999999982E-03  -2.62649999999999993E-03  -2.74999999999999984E-03  -2.87000000000000016E-03  -2.98400000000000011E-03  -3.08999999999999986E-03  -3.18549999999999996E-03  -3.26599999999999981E-03  -3.32849999999999986E-03  -3.36900000000000003E-03  -3.38349999999999979E-03  -3.36700000000000020E-03  -3.31549999999999987E-03  -3.22500000000000000E-03  -3.09150000000000006E-03  -2.91299999999999979E-03  -2.68700000000000015E-03  -2.41399999999999991E-03  -2.09500000000000007E-03  -1.73350000000000001E-03  -1.33550000000000010E-03  -9.07499999999999995E-04  -4.59199999999999994E-04  +0.00000000000000000E+00  +4.59199999999999994E-04  +9.07499999999999995E-04  +1.33550000000000010E-03  +1.73350000000000001E-03  +2.09500000000000007E-03  +2.41399999999999991E-03  +2.68700000000000015E-03  +2.91299999999999979E-03  +3.09150000000000006E-03  +3.22500000000000000E-03  +3.31549999999999987E-03  +3.36700000000000020E-03  +3.38349999999999979E-03  +3.36900000000000003E-03  +3.32849999999999986E-03  +3.26599999999999981E-03  +3.18549999999999996E-03  +3.08999999999999986E-03  +2.98400000000000011E-03  +2.87000000000000016E-03  +2.74999999999999984E-03  +2.62649999999999993E-03  +2.50149999999999982E-03  +2.37650000000000014E-03  +2.25250000000000016E-03  +2.13100000000000008E-03  +2.01199999999999990E-03  +1.89700000000000003E-03  +1.78549999999999998E-03  +1.67899999999999994E-03  +1.57649999999999999E-03  +1.47900000000000006E-03  +1.38600000000000008E-03  +1.29750000000000004E-03  +1.21400000000000002E-03  +1.13499999999999994E-03  +1.06050000000000003E-03  +9.90500000000000061E-04  +9.24499999999999975E-04  +8.68500000000000023E-04 
-5.62499999999999957E-04  -8.67000000000000041E-04  -9.22999999999999992E-04  -9.89000000000000079E-04  -1.05900000000000005E-03  -1.13349999999999996E-03  -1.21250000000000004E-03  -1.29600000000000006E-03  -1.38400000000000003E-03  -1.47700000000000001E-03  -1.57449999999999994E-03  -1.67700000000000011E-03  -1.78400000000000000E-03  -1.89499999999999998E-03  -2.01050000000000013E-03  -2.12949999999999988E-03  -2.25150000000000003E-03  -2.37600000000000007E-03  -2.50149999999999982E-03  -2.62750000000000006E-03  -2.75150000000000004E-03  -2.87300000000000012E-03  -2.98849999999999984E-03  -3.09649999999999986E-03  -3.19350000000000016E-03  -3.27649999999999990E-03  -3.34199999999999992E-03  -3.38550000000000005E-03  -3.40250000000000014E-03  -3.38950000000000015E-03  -3.34099999999999979E-03  -3.25349999999999988E-03  -3.12249999999999984E-03  -2.94550000000000020E-03  -2.72000000000000020E-03  -2.44599999999999982E-03  -2.12500000000000015E-03  -1.76049999999999991E-03  -1.35699999999999992E-03  -9.22999999999999992E-04  -4.67000000000000021E-04  +0.00000000000000000E+00  +4.67000000000000021E-04  +9.22999999999999992E-04  +1.35699999999999992E-03  +1.76049999999999991E-03  +2.12500000000000015E-03  +2.44599999999999982E-03  +2.72000000000000020E-03  +2.94550000000000020E-03  +3.12249999999999984E-03  +3.25349999999999988E-03  +3.34099999999999979E-03  +3.38950000000000015E-03  +3.40250000000000014E-03  +3.38550000000000005E-03  +3.34199999999999992E-03  +3.27649999999999990E-03  +3.19350000000000016E-03  +3.09649999999999986E-03  +2.98849999999999984E-03  +2.87300000000000012E-03  +2.75150000000000004E-03  +2.62750000000000006E-03  +2.50149999999999982E-03  +2.37600000000000007E-03  +2.25150000000000003E-03  +2.12949999999999988E-03  +2.01050000000000013E-03  +1.89499999999999998E-03  +1.78400000000000000E-03  +1.67700000000000011E-03  +1.57449999999999994E-03  +1.47700000000000001E-03  +1.38400000000000003E-03  +1.29600000000000006E-03  +1.21250000000000004E-03  +1.13349999999999996E-03  +1.05900000000000005E-03  +9.89000000000000079E-04  +9.22999999999999992E-04  +8.67000000000000041E-04 
-1.12499999999999991E-03  -8.63500000000000010E-04  -9.19000000000000004E-04  -9.84999999999999981E-04  -1.05450000000000010E-03  -1.12900000000000001E-03  -1.20750000000000002E-03  -1.29049999999999998E-03  -1.37849999999999995E-03  -1.47149999999999993E-03  -1.56900000000000008E-03  -1.67150000000000003E-03  -1.77849999999999992E-03  -1.88999999999999997E-03  -2.00599999999999997E-03  -2.12549999999999979E-03  -2.24900000000000013E-03  -2.37449999999999987E-03  -2.50199999999999988E-03  -2.63050000000000003E-03  -2.75800000000000003E-03  -2.88250000000000008E-03  -3.00300000000000003E-03  -3.11649999999999991E-03  -3.22000000000000021E-03  -3.31050000000000007E-03  -3.38399999999999986E-03  -3.43649999999999988E-03  -3.46400000000000007E-03  -3.46100000000000010E-03  -3.42250000000000019E-03  -3.34400000000000018E-03  -3.22099999999999990E-03  -3.04950000000000013E-03  -2.82650000000000002E-03  -2.55049999999999982E-03  -2.22300000000000015E-03  -1.84699999999999990E-03  -1.42700000000000010E-03  -9.72499999999999949E-04  -4.92600000000000047E-04  +0.00000000000000000E+00  +4.92600000000000047E-04  +9.72499999999999949E-04  +1.42700000000000010E-03  +1.84699999999999990E-03  +2.22300000000000015E-03  +2.55049999999999982E-03  +2.82650000000000002E-03  +3.04950000000000013E-03  +3.22099999999999990E-03  +3.34400000000000018E-03  +3.42250000000000019E-03  +3.46100000000000010E-03  +3.46400000000000007E-03  +3.43649999999999988E-03  +3.38399999999999986E-03  +3.31050000000000007E-03  +3.22000000000000021E-03  +3.11649999999999991E-03  +3.00300000000000003E-03  +2.88250000000000008E-03  +2.75800000000000003E-03  +2.63050000000000003E-03  +2.50199999999999988E-03  +2.37449999999999987E-03  +2.24900000000000013E-03  +2.12549999999999979E-03  +2.00599999999999997E-03  +1.88999999999999997E-03  +1.77849999999999992E-03  +1.67150000000000003E-03  +1.56900000000000008E-03  +1.47149999999999993E-03  +1.37849999999999995E-03  +1.29049999999999998E-03  +1.20750000000000002E-03  +1.12900000000000001E-03  +1.05450000000000010E-03  +9.84999999999999981E-04  +9.19000000000000004E-04  +8.63500000000000010E-04 
-1.68749999999999998E-03  -8.58000000000000039E-04  -9.12999999999999966E-04  -9.78499999999999986E-04  -1.04800000000000010E-03  -1.12150000000000010E-03  -1.19999999999999989E-03  -1.28300000000000007E-03  -1.37049999999999997E-03  -1.46300000000000011E-03  -1.56050000000000004E-03  -1.66350000000000005E-03  -1.77049999999999994E-03  -1.88299999999999991E-03  -2.00000000000000004E-03  -2.12100000000000006E-03  -2.24649999999999980E-03  -2.37499999999999994E-03  -2.50599999999999998E-03  -2.63849999999999979E-03  -2.77100000000000003E-03  -2.90300000000000020E-03  -3.03099999999999984E-03  -3.15450000000000019E-03  -3.26949999999999984E-03  -3.37300000000000013E-03  -3.46199999999999980E-03  -3.53149999999999992E-03  -3.57649999999999982E-03  -3.59299999999999984E-03  -3.57399999999999992E-03  -3.51350000000000013E-03  -3.40649999999999981E-03  -3.24649999999999982E-03  -3.02950000000000007E-03  -2.75250000000000017E-03  -2.41399999999999991E-03  -2.01650000000000006E-03  -1.56599999999999990E-03  -1.07050000000000005E-03  -5.43500000000000038E-04  +0.00000000000000000E+00  +5.43500000000000038E-04  +1.07050000000000005E-03  +1.56599999999999990E-03  +2.01650000000000006E-03  +2.41399999999999991E-03  +2.75250000000000017E-03  +3.02950000000000007E-03  +3.24649999999999982E-03  +3.40649999999999981E-03  +3.51350000000000013E-03  +3.57399999999999992E-03  +3.59299999999999984E-03  +3.57649999999999982E-03  +3.53149999999999992E-03  +3.46199999999999980E-03  +3.37300000000000013E-03  +3.26949999999999984E-03  +3.15450000000000019E-03  +3.03099999999999984E-03  +2.90300000000000020E-03  +2.77100000000000003E-03  +2.63849999999999979E-03  +2.50599999999999998E-03  +2.37499999999999994E-03  +2.24649999999999980E-03  +2.12100000000000006E-03  +2.00000000000000004E-03  +1.88299999999999991E-03  +1.77049999999999994E-03  +1.66350000000000005E-03  +1.56050000000000004E-03  +1.46300000000000011E-03  +1.37049999999999997E-03  +1.28300000000000007E-03  +1.19999999999999989E-03  +1.12150000000000010E-03  +1.04800000000000010E-03  +9.78499999999999986E-04  +9.12999999999999966E-04  +8.58000000000000039E-04 
-2.24999999999999983E-03  -8.50500000000000019E-04  -9.05499999999999946E-04  -9.70500000000000008E-04  -1.03950000000000006E-03  -1.11300000000000006E-03  -1.19100000000000000E-03  -1.27349999999999989E-03  -1.36100000000000001E-03  -1.45349999999999993E-03  -1.55149999999999993E-03  -1.65449999999999994E-03  -1.76300000000000003E-03  -1.87649999999999991E-03  -1.99499999999999981E-03  -2.11850000000000016E-03  -2.24699999999999987E-03  -2.37950000000000010E-03  -2.51600000000000001E-03  -2.65549999999999987E-03  -2.79649999999999994E-03  -2.93850000000000014E-03  -3.07950000000000021E-03  -3.21749999999999987E-03  -3.35000000000000011E-03  -3.47450000000000016E-03  -3.58699999999999991E-03  -3.68350000000000014E-03  -3.75900000000000019E-03  -3.80700000000000005E-03  -3.82100000000000018E-03  -3.79350000000000000E-03  -3.71650000000000019E-03  -3.58049999999999992E-03  -3.37900000000000006E-03  -3.10349999999999992E-03  -2.75099999999999997E-03  -2.32050000000000008E-03  -1.81649999999999997E-03  -1.25000000000000003E-03  -6.36999999999999979E-04  +0.00000000000000000E+00  +6.36999999999999979E-04  +1.25000000000000003E-03  +1.81649999999999997E-03  +2.32050000000000008E-03  +2.75099999999999997E-03  +3.10349999999999992E-03  +3.37900000000000006E-03  +3.58049999999999992E-03  +3.71650000000000019E-03  +3.79350000000000000E-03  +3.82100000000000018E-03  +3.80700000000000005E-03  +3.75900000000000019E-03  +3.68350000000000014E-03  +3.58699999999999991E-03  +3.47450000000000016E-03  +3.35000000000000011E-03  +3.21749999999999987E-03  +3.07950000000000021E-03  +2.93850000000000014E-03  +2.79649999999999994E-03  +2.65549999999999987E-03  +2.51600000000000001E-03  +2.37950000000000010E-03  +2.24699999999999987E-03  +2.11850000000000016E-03  +1.99499999999999981E-03  +1.87649999999999991E-03  +1.76300000000000003E-03  +1.65449999999999994E-03  +1.55149999999999993E-03  +1.45349999999999993E-03  +1.36100000000000001E-03  +1.27349999999999989E-03  +1.19100000000000000E-03  +1.11300000000000006E-03  +1.03950000000000006E-03  +9.70500000000000008E-04  +9.05499999999999946E-04  +8.50500000000000019E-04 
-2.81249999999999990E-03  -8.42999999999999999E-04  -8.97499999999999969E-04  -9.61999999999999965E-04  -1.03049999999999995E-03  -1.10350000000000010E-03  -1.18150000000000004E-03  -1.26399999999999993E-03  -1.35199999999999990E-03  -1.44500000000000010E-03  -1.54349999999999995E-03  -1.64750000000000009E-03  -1.75700000000000010E-03  -1.87300000000000010E-03  -1.99450000000000018E-03  -2.12150000000000012E-03  -2.25500000000000006E-03  -2.39349999999999979E-03  -2.53749999999999983E-03  -2.68650000000000009E-03  -2.84000000000000008E-03  -2.99650000000000003E-03  -3.15549999999999988E-03  -3.31499999999999980E-03  -3.47350000000000003E-03  -3.62850000000000021E-03  -3.77649999999999991E-03  -3.91399999999999994E-03  -4.03599999999999966E-03  -4.13499999999999979E-03  -4.20449999999999990E-03  -4.23450000000000042E-03  -4.21299999999999973E-03  -4.12699999999999959E-03  -3.96249999999999988E-03  -3.70449999999999989E-03  -3.34099999999999979E-03  -2.86399999999999979E-03  -2.27349999999999991E-03  -1.58150000000000001E-03  -8.12000000000000005E-04  +0.00000000000000000E+00  +8.12000000000000005E-04  +1.58150000000000001E-03  +2.27349999999999991E-03  +2.86399999999999979E-03  +3.34099999999999979E-03  +3.70449999999999989E-03  +3.96249999999999988E-03  +4.12699999999999959E-03  +4.21299999999999973E-03  +4.23450000000000042E-03  +4.20449999999999990E-03  +4.13499999999999979E-03  +4.03599999999999966E-03  +3.91399999999999994E-03  +3.77649999999999991E-03  +3.62850000000000021E-03  +3.47350000000000003E-03  +3.31499999999999980E-03  +3.15549999999999988E-03  +2.99650000000000003E-03  +2.84000000000000008E-03  +2.68650000000000009E-03  +2.53749999999999983E-03  +2.39349999999999979E-03  +2.25500000000000006E-03  +2.12150000000000012E-03  +1.99450000000000018E-03  +1.87300000000000010E-03  +1.75700000000000010E-03  +1.64750000000000009E-03  +1.54349999999999995E-03  +1.44500000000000010E-03  +1.35199999999999990E-03  +1.26399999999999993E-03  +1.18150000000000004E-03  +1.10350000000000010E-03  +1.03049999999999995E-03  +9.61999999999999965E-04  +8.97499999999999969E-04  +8.42999999999999999E-04 
-3.37499999999999996E-03  -8.35499999999999980E-04  -8.89999999999999949E-04  -9.53999999999999987E-04  -1.02249999999999997E-03  -1.09549999999999990E-03  -1.17350000000000006E-03  -1.25650000000000002E-03  -1.34500000000000006E-03  -1.43899999999999996E-03  -1.53849999999999994E-03  -1.64449999999999991E-03  -1.75650000000000003E-03  -1.87550000000000000E-03  -2.00149999999999981E-03  -2.13400000000000005E-03  -2.27399999999999998E-03  -2.42150000000000004E-03  -2.57600000000000016E-03  -2.73850000000000005E-03  -2.90799999999999999E-03  -3.08500000000000007E-03  -3.26850000000000014E-03  -3.45750000000000007E-03  -3.65199999999999986E-03  -3.85050000000000019E-03  -4.04999999999999978E-03  -4.24750000000000041E-03  -4.43949999999999987E-03  -4.61999999999999997E-03  -4.78050000000000003E-03  -4.90949999999999980E-03  -4.99250000000000041E-03  -5.00999999999999970E-03  -4.93600000000000028E-03  -4.74250000000000019E-03  -4.39750000000000037E-03  -3.87200000000000001E-03  -3.14849999999999982E-03  -2.23250000000000011E-03  -1.16050000000000007E-03  +0.00000000000000000E+00  +1.16050000000000007E-03  +2.23250000000000011E-03  +3.14849999999999982E-03  +3.87200000000000001E-03  +4.39750000000000037E-03  +4.74250000000000019E-03  +4.93600000000000028E-03  +5.00999999999999970E-03  +4.99250000000000041E-03  +4.90949999999999980E-03  +4.78050000000000003E-03  +4.61999999999999997E-03  +4.43949999999999987E-03  +4.24750000000000041E-03  +4.04999999999999978E-03  +3.85050000000000019E-03  +3.65199999999999986E-03  +3.45750000000000007E-03  +3.26850000000000014E-03  +3.08500000000000007E-03  +2.90799999999999999E-03  +2.73850000000000005E-03  +2.57600000000000016E-03  +2.42150000000000004E-03  +2.27399999999999998E-03  +2.13400000000000005E-03  +2.00149999999999981E-03  +1.87550000000000000E-03  +1.75650000000000003E-03  +1.64449999999999991E-03  +1.53849999999999994E-03  +1.43899999999999996E-03  +1.34500000000000006E-03  +1.25650000000000002E-03  +1.17350000000000006E-03  +1.09549999999999990E-03  +1.02249999999999997E-03  +9.53999999999999987E-04  +8.89999999999999949E-04  +8.35499999999999980E-04 
-3.93750000000000003E-03  -8.29500000000000051E-04  -8.84000000000000020E-04  -9.47999999999999949E-04  -1.01699999999999989E-03  -1.09050000000000011E-03  -1.16899999999999990E-03  -1.25249999999999992E-03  -1.34200000000000009E-03  -1.43749999999999998E-03  -1.53950000000000007E-03  -1.64850000000000001E-03  -1.76450000000000001E-03  -1.88799999999999992E-03  -2.01950000000000003E-03  -2.15949999999999996E-03  -2.30899999999999985E-03  -2.46800000000000014E-03  -2.63700000000000002E-03  -2.81700000000000006E-03  -3.00799999999999982E-03  -3.21099999999999988E-03  -3.42699999999999992E-03  -3.65599999999999996E-03  -3.89900000000000012E-03  -4.15550000000000034E-03  -4.42600000000000025E-03  -4.70950000000000014E-03  -5.00499999999999990E-03  -5.30999999999999962E-03  -5.61500000000000020E-03  -5.91500000000000012E-03  -6.19000000000000019E-03  -6.41499999999999970E-03  -6.55999999999999986E-03  -6.56499999999999966E-03  -6.35500000000000041E-03  -5.85000000000000017E-03  -4.96450000000000016E-03  -3.64800000000000020E-03  -1.94250000000000000E-03  +0.00000000000000000E+00  +1.94250000000000000E-03  +3.64800000000000020E-03  +4.96450000000000016E-03  +5.85000000000000017E-03  +6.35500000000000041E-03  +6.56499999999999966E-03  +6.55999999999999986E-03  +6.41499999999999970E-03  +6.19000000000000019E-03  +5.91500000000000012E-03  +5.61500000000000020E-03  +5.30999999999999962E-03  +5.00499999999999990E-03  +4.70950000000000014E-03  +4.42600000000000025E-03  +4.15550000000000034E-03  +3.89900000000000012E-03  +3.65599999999999996E-03  +3.42699999999999992E-03  +3.21099999999999988E-03  +3.00799999999999982E-03  +2.81700000000000006E-03  +2.63700000000000002E-03  +2.46800000000000014E-03  +2.30899999999999985E-03  +2.15949999999999996E-03  +2.01950000000000003E-03  +1.88799999999999992E-03  +1.76450000000000001E-03  +1.64850000000000001E-03  +1.53950000000000007E-03  +1.43749999999999998E-03  +1.34200000000000009E-03  +1.25249999999999992E-03  +1.16899999999999990E-03  +1.09050000000000011E-03  +1.01699999999999989E-03  +9.47999999999999949E-04  +8.84000000000000020E-04  +8.29500000000000051E-04 
-4.49999999999999966E-03  -8.26000000000000020E-04  -8.80499999999999989E-04  -9.44999999999999985E-04  -1.01449999999999999E-03  -1.08899999999999991E-03  -1.16850000000000005E-03  -1.25399999999999991E-03  -1.34549999999999991E-03  -1.44349999999999990E-03  -1.54900000000000003E-03  -1.66150000000000000E-03  -1.78250000000000001E-03  -1.91249999999999992E-03  -2.05200000000000000E-03  -2.20199999999999996E-03  -2.36350000000000015E-03  -2.53700000000000019E-03  -2.72449999999999993E-03  -2.92649999999999985E-03  -3.14450000000000016E-03  -3.38149999999999996E-03  -3.63800000000000017E-03  -3.91700000000000034E-03  -4.22150000000000043E-03  -4.55399999999999989E-03  -4.91799999999999963E-03  -5.31500000000000028E-03  -5.75499999999999970E-03  -6.23500000000000009E-03  -6.76500000000000018E-03  -7.33500000000000037E-03  -7.94500000000000067E-03  -8.58000000000000082E-03  -9.20999999999999944E-03  -9.74999999999999999E-03  -1.00850000000000002E-02  -9.99500000000000041E-03  -9.15499999999999994E-03  -7.22499999999999965E-03  -4.05300000000000018E-03  +1.21249999999999998E-16  +4.05300000000000018E-03  +7.22499999999999965E-03  +9.15499999999999994E-03  +9.99500000000000041E-03  +1.00850000000000002E-02  +9.74999999999999999E-03  +9.20999999999999944E-03  +8.58000000000000082E-03  +7.94500000000000067E-03  +7.33500000000000037E-03  +6.76500000000000018E-03  +6.23500000000000009E-03  +5.75499999999999970E-03  +5.31500000000000028E-03  +4.91799999999999963E-03  +4.55399999999999989E-03  +4.22150000000000043E-03  +3.91700000000000034E-03  +3.63800000000000017E-03  +3.38149999999999996E-03  +3.14450000000000016E-03  +2.92649999999999985E-03  +2.72449999999999993E-03  +2.53700000000000019E-03  +2.36350000000000015E-03  +2.20199999999999996E-03  +2.05200000000000000E-03  +1.91249999999999992E-03  +1.78250000000000001E-03  +1.66150000000000000E-03  +1.54900000000000003E-03  +1.44349999999999990E-03  +1.34549999999999991E-03  +1.25399999999999991E-03  +1.16850000000000005E-03  +1.08899999999999991E-03  +1.01449999999999999E-03  +9.44999999999999985E-04  +8.80499999999999989E-04  +8.26000000000000020E-04 
# Vertical KickTable in T2m2
START
                          -1.20000000000000002E-02  -1.17000000000000003E-02  -1.14000000000000004E-02  -1.11000000000000005E-02  -1.08000000000000006E-02  -1.05000000000000007E-02  -1.02000000000000007E-02  -9.90000000000000081E-03  -9.59999999999999916E-03  -9.29999999999999924E-03  -8.99999999999999932E-03  -8.69999999999999940E-03  -8.40000000000000122E-03  -8.09999999999999956E-03  -7.79999999999999964E-03  -7.49999999999999972E-03  -7.19999999999999980E-03  -6.89999999999999988E-03  -6.59999999999999996E-03  -6.30000000000000004E-03  -6.00000000000000012E-03  -5.70000000000000021E-03  -5.40000000000000029E-03  -5.10000000000000037E-03  -4.79999999999999958E-03  -4.49999999999999966E-03  -4.20000000000000061E-03  -3.89999999999999982E-03  -3.59999999999999990E-03  -3.29999999999999998E-03  -3.00000000000000006E-03  -2.70000000000000014E-03  -2.39999999999999979E-03  -2.10000000000000030E-03  -1.79999999999999995E-03  -1.50000000000000003E-03  -1.19999999999999989E-03  -8.99999999999999975E-04  -5.99999999999999947E-04  -2.99999999999999974E-04  +0.00000000000000000E+00  +2.99999999999999974E-04  +5.99999999999999947E-04  +8.99999999999999975E-04  +1.19999999999999989E-03  +1.50000000000000003E-03  +1.79999999999999995E-03  +2.10000000000000030E-03  +2.39999999999999979E-03  +2.70000000000000014E-03  +3.00000000000000006E-03  +3.29999999999999998E-03  +3.59999999999999990E-03  +3.89999999999999982E-03  +4.20000000000000061E-03  +4.49999999999999966E-03  +4.79999999999999958E-03  +5.10000000000000037E-03  +5.40000000000000029E-03  +5.70000000000000021E-03  +6.00000000000000012E-03  +6.30000000000000004E-03  +6.59999999999999996E-03  +6.89999999999999988E-03  +7.19999999999999980E-03  +7.49999999999999972E-03  +7.79999999999999964E-03  +8.09999999999999956E-03  +8.40000000000000122E-03  +8.69999999999999940E-03  +8.99999999999999932E-03  +9.29999999999999924E-03  +9.59999999999999916E-03  +9.90000000000000081E-03  +1.02000000000000007E-02  +1.05000000000000007E-02  +1.08000000000000006E-02  +1.11000000000000005E-02  +1.14000000000000004E-02  +1.17000000000000003E-02  +1.20000000000000002E-02 
+4.49999999999999966E-03  -1.24099999999999992E-02  -1.24099999999999992E-02  -1.24099999999999992E-02  -1.24099999999999992E-02  -1.24099999999999992E-02  -1.24099999999999992E-02  -1.24099999999999992E-02  -1.24150000000000007E-02  -1.24200000000000005E-02  -1.24250000000000003E-02  -1.24300000000000001E-02  -1.24449999999999995E-02  -1.24550000000000008E-02  -1.24750000000000000E-02  -1.25000000000000007E-02  -1.25299999999999995E-02  -1.25649999999999998E-02  -1.26149999999999995E-02  -1.26750000000000005E-02  -1.27449999999999994E-02  -1.28400000000000007E-02  -1.29499999999999997E-02  -1.30899999999999992E-02  -1.32599999999999992E-02  -1.34699999999999993E-02  -1.37299999999999991E-02  -1.40500000000000000E-02  -1.44499999999999993E-02  -1.49400000000000002E-02  -1.55549999999999994E-02  -1.63249999999999992E-02  -1.72899999999999998E-02  -1.84950000000000010E-02  -2.00000000000000004E-02  -2.18749999999999986E-02  -2.41549999999999994E-02  -2.68299999999999997E-02  -2.97649999999999998E-02  -3.25850000000000029E-02  -3.47099999999999978E-02  -3.55099999999999999E-02  -3.47099999999999978E-02  -3.25850000000000029E-02  -2.97649999999999998E-02  -2.68299999999999997E-02  -2.41549999999999994E-02  -2.18749999999999986E-02  -2.00000000000000004E-02  -1.84950000000000010E-02  -1.72899999999999998E-02  -1.63249999999999992E-02  -1.55549999999999994E-02  -1.49400000000000002E-02  -1.44499999999999993E-02  -1.40500000000000000E-02  -1.37299999999999991E-02  -1.34699999999999993E-02  -1.32599999999999992E-02  -1.30899999999999992E-02  -1.29499999999999997E-02  -1.28400000000000007E-02  -1.27449999999999994E-02  -1.26750000000000005E-02  -1.26149999999999995E-02  -1.25649999999999998E-02  -1.25299999999999995E-02  -1.25000000000000007E-02  -1.24750000000000000E-02  -1.24550000000000008E-02  -1.24449999999999995E-02  -1.24300000000000001E-02  -1.24250000000000003E-02  -1.24200000000000005E-02  -1.24150000000000007E-02  -1.24099999999999992E-02  -1.24099999999999992E-02  -1.24099999999999992E-02  -1.24099999999999992E-02  -1.24099999999999992E-02  -1.24099999999999992E-02  -1.24099999999999992E-02 
+3.93750000000000003E-03  -1.03499999999999998E-02  -1.03450000000000000E-02  -1.03450000000000000E-02  -1.03400000000000002E-02  -1.03400000000000002E-02  -1.03400000000000002E-02  -1.03350000000000004E-02  -1.03350000000000004E-02  -1.03350000000000004E-02  -1.03400000000000002E-02  -1.03400000000000002E-02  -1.03499999999999998E-02  -1.03549999999999996E-02  -1.03649999999999992E-02  -1.03850000000000001E-02  -1.04049999999999993E-02  -1.04300000000000000E-02  -1.04650000000000003E-02  -1.05100000000000002E-02  -1.05649999999999997E-02  -1.06350000000000004E-02  -1.07250000000000002E-02  -1.08349999999999991E-02  -1.09700000000000006E-02  -1.11400000000000006E-02  -1.13449999999999992E-02  -1.15999999999999992E-02  -1.19150000000000002E-02  -1.23050000000000000E-02  -1.27799999999999997E-02  -1.33600000000000003E-02  -1.40649999999999994E-02  -1.49149999999999994E-02  -1.59350000000000012E-02  -1.71299999999999994E-02  -1.84899999999999995E-02  -1.99749999999999997E-02  -2.14799999999999991E-02  -2.28250000000000015E-02  -2.37850000000000006E-02  -2.41350000000000002E-02  -2.37850000000000006E-02  -2.28250000000000015E-02  -2.14799999999999991E-02  -1.99749999999999997E-02  -1.84899999999999995E-02  -1.71299999999999994E-02  -1.59350000000000012E-02  -1.49149999999999994E-02  -1.40649999999999994E-02  -1.33600000000000003E-02  -1.27799999999999997E-02  -1.23050000000000000E-02  -1.19150000000000002E-02  -1.15999999999999992E-02  -1.13449999999999992E-02  -1.11400000000000006E-02  -1.09700000000000006E-02  -1.08349999999999991E-02  -1.07250000000000002E-02  -1.06350000000000004E-02  -1.05649999999999997E-02  -1.05100000000000002E-02  -1.04650000000000003E-02  -1.04300000000000000E-02  -1.04049999999999993E-02  -1.03850000000000001E-02  -1.03649999999999992E-02  -1.03549999999999996E-02  -1.03499999999999998E-02  -1.03400000000000002E-02  -1.03400000000000002E-02  -1.03350000000000004E-02  -1.03350000000000004E-02  -1.03350000000000004E-02  -1.03400000000000002E-02  -1.03400000000000002E-02  -1.03400000000000002E-02  -1.03450000000000000E-02  -1.03450000000000000E-02  -1.03499999999999998E-02 
+3.37499999999999996E-03  -8.36499999999999917E-03  -8.35999999999999938E-03  -8.35499999999999958E-03  -8.35499999999999958E-03  -8.34999999999999978E-03  -8.34499999999999999E-03  -8.34000000000000019E-03  -8.34000000000000019E-03  -8.33500000000000039E-03  -8.33500000000000039E-03  -8.33500000000000039E-03  -8.33500000000000039E-03  -8.33500000000000039E-03  -8.34499999999999999E-03  -8.34999999999999978E-03  -8.35999999999999938E-03  -8.38000000000000030E-03  -8.39999999999999948E-03  -8.42999999999999999E-03  -8.47000000000000010E-03  -8.51999999999999980E-03  -8.58500000000000062E-03  -8.66500000000000083E-03  -8.76500000000000022E-03  -8.89000000000000033E-03  -9.04499999999999922E-03  -9.23999999999999995E-03  -9.46999999999999925E-03  -9.74999999999999999E-03  -1.00900000000000000E-02  -1.04950000000000009E-02  -1.09750000000000004E-02  -1.15250000000000005E-02  -1.21549999999999991E-02  -1.28500000000000003E-02  -1.35899999999999996E-02  -1.43300000000000007E-02  -1.50150000000000006E-02  -1.55750000000000003E-02  -1.59399999999999993E-02  -1.60700000000000010E-02  -1.59399999999999993E-02  -1.55750000000000003E-02  -1.50150000000000006E-02  -1.43300000000000007E-02  -1.35899999999999996E-02  -1.28500000000000003E-02  -1.21549999999999991E-02  -1.15250000000000005E-02  -1.09750000000000004E-02  -1.04950000000000009E-02  -1.00900000000000000E-02  -9.74999999999999999E-03  -9.46999999999999925E-03  -9.23999999999999995E-03  -9.04499999999999922E-03  -8.89000000000000033E-03  -8.76500000000000022E-03  -8.66500000000000083E-03  -8.58500000000000062E-03  -8.51999999999999980E-03  -8.47000000000000010E-03  -8.42999999999999999E-03  -8.39999999999999948E-03  -8.38000000000000030E-03  -8.35999999999999938E-03  -8.34999999999999978E-03  -8.34499999999999999E-03  -8.33500000000000039E-03  -8.33500000000000039E-03  -8.33500000000000039E-03  -8.33500000000000039E-03  -8.33500000000000039E-03  -8.34000000000000019E-03  -8.34000000000000019E-03  -8.34499999999999999E-03  -8.34999999999999978E-03  -8.35499999999999958E-03  -8.35499999999999958E-03  -8.35999999999999938E-03  -8.36499999999999917E-03 
+2.81249999999999990E-03  -6.64499999999999987E-03  -6.64000000000000007E-03  -6.64000000000000007E-03  -6.63500000000000027E-03  -6.62999999999999961E-03  -6.62499999999999981E-03  -6.62000000000000002E-03  -6.61500000000000022E-03  -6.61000000000000042E-03  -6.60499999999999976E-03  -6.60499999999999976E-03  -6.59999999999999996E-03  -6.59999999999999996E-03  -6.59999999999999996E-03  -6.59999999999999996E-03  -6.60499999999999976E-03  -6.61500000000000022E-03  -6.62999999999999961E-03  -6.64999999999999966E-03  -6.67500000000000038E-03  -6.70500000000000002E-03  -6.74999999999999992E-03  -6.80500000000000028E-03  -6.87500000000000003E-03  -6.96499999999999984E-03  -7.07499999999999969E-03  -7.21000000000000026E-03  -7.37499999999999961E-03  -7.57000000000000034E-03  -7.79999999999999964E-03  -8.07000000000000078E-03  -8.38000000000000030E-03  -8.72999999999999991E-03  -9.11499999999999984E-03  -9.52000000000000068E-03  -9.93999999999999918E-03  -1.03450000000000000E-02  -1.07049999999999992E-02  -1.09999999999999994E-02  -1.11900000000000003E-02  -1.12549999999999994E-02  -1.11900000000000003E-02  -1.09999999999999994E-02  -1.07049999999999992E-02  -1.03450000000000000E-02  -9.93999999999999918E-03  -9.52000000000000068E-03  -9.11499999999999984E-03  -8.72999999999999991E-03  -8.38000000000000030E-03  -8.07000000000000078E-03  -7.79999999999999964E-03  -7.57000000000000034E-03  -7.37499999999999961E-03  -7.21000000000000026E-03  -7.07499999999999969E-03  -6.96499999999999984E-03  -6.87500000000000003E-03  -6.80500000000000028E-03  -6.74999999999999992E-03  -6.70500000000000002E-03  -6.67500000000000038E-03  -6.64999999999999966E-03  -6.62999999999999961E-03  -6.61500000000000022E-03  -6.60499999999999976E-03  -6.59999999999999996E-03  -6.59999999999999996E-03  -6.59999999999999996E-03  -6.59999999999999996E-03  -6.60499999999999976E-03  -6.60499999999999976E-03  -6.61000000000000042E-03  -6.61500000000000022E-03  -6.62000000000000002E-03  -6.62499999999999981E-03  -6.62999999999999961E-03  -6.63500000000000027E-03  -6.64000000000000007E-03  -6.64000000000000007E-03  -6.64499999999999987E-03 
+2.24999999999999983E-03  -5.11499999999999976E-03  -5.11499999999999976E-03  -5.10999999999999996E-03  -5.10500000000000016E-03  -5.10000000000000037E-03  -5.09499999999999970E-03  -5.08999999999999991E-03  -5.08500000000000011E-03  -5.08000000000000031E-03  -5.07499999999999965E-03  -5.06999999999999985E-03  -5.06500000000000006E-03  -5.06000000000000026E-03  -5.06000000000000026E-03  -5.06000000000000026E-03  -5.06000000000000026E-03  -5.06000000000000026E-03  -5.06999999999999985E-03  -5.08000000000000031E-03  -5.09499999999999970E-03  -5.11499999999999976E-03  -5.14500000000000027E-03  -5.17999999999999971E-03  -5.22499999999999961E-03  -5.28499999999999977E-03  -5.36000000000000018E-03  -5.45499999999999978E-03  -5.55999999999999984E-03  -5.69500000000000041E-03  -5.84500000000000037E-03  -6.02000000000000018E-03  -6.21999999999999983E-03  -6.43499999999999975E-03  -6.66999999999999971E-03  -6.91000000000000034E-03  -7.15000000000000011E-03  -7.37499999999999961E-03  -7.57000000000000034E-03  -7.72500000000000010E-03  -7.82000000000000056E-03  -7.85499999999999914E-03  -7.82000000000000056E-03  -7.72500000000000010E-03  -7.57000000000000034E-03  -7.37499999999999961E-03  -7.15000000000000011E-03  -6.91000000000000034E-03  -6.66999999999999971E-03  -6.43499999999999975E-03  -6.21999999999999983E-03  -6.02000000000000018E-03  -5.84500000000000037E-03  -5.69500000000000041E-03  -5.55999999999999984E-03  -5.45499999999999978E-03  -5.36000000000000018E-03  -5.28499999999999977E-03  -5.22499999999999961E-03  -5.17999999999999971E-03  -5.14500000000000027E-03  -5.11499999999999976E-03  -5.09499999999999970E-03  -5.08000000000000031E-03  -5.06999999999999985E-03  -5.06000000000000026E-03  -5.06000000000000026E-03  -5.06000000000000026E-03  -5.06000000000000026E-03  -5.06000000000000026E-03  -5.06500000000000006E-03  -5.06999999999999985E-03  -5.07499999999999965E-03  -5.08000000000000031E-03  -5.08500000000000011E-03  -5.08999999999999991E-03  -5.09499999999999970E-03  -5.10000000000000037E-03  -5.10500000000000016E-03  -5.10999999999999996E-03  -5.11499999999999976E-03  -5.11499999999999976E-03 
+1.68749999999999998E-03  -3.72650000000000021E-03  -3.72300000000000018E-03  -3.71900000000000008E-03  -3.71499999999999999E-03  -3.71099999999999989E-03  -3.70650000000000016E-03  -3.70200000000000000E-03  -3.69700000000000020E-03  -3.69250000000000004E-03  -3.68749999999999981E-03  -3.68250000000000001E-03  -3.67799999999999985E-03  -3.67400000000000018E-03  -3.67050000000000015E-03  -3.66799999999999982E-03  -3.66650000000000005E-03  -3.66650000000000005E-03  -3.66849999999999989E-03  -3.67350000000000012E-03  -3.68149999999999988E-03  -3.69350000000000017E-03  -3.71049999999999982E-03  -3.73300000000000021E-03  -3.76299999999999985E-03  -3.80150000000000019E-03  -3.84899999999999999E-03  -3.90800000000000002E-03  -3.97850000000000027E-03  -4.06150000000000001E-03  -4.15849999999999987E-03  -4.26849999999999972E-03  -4.39099999999999994E-03  -4.52349999999999974E-03  -4.66350000000000011E-03  -4.80549999999999988E-03  -4.94399999999999961E-03  -5.06999999999999985E-03  -5.17999999999999971E-03  -5.27000000000000038E-03  -5.32000000000000008E-03  -5.34000000000000013E-03  -5.32000000000000008E-03  -5.27000000000000038E-03  -5.17999999999999971E-03  -5.06999999999999985E-03  -4.94399999999999961E-03  -4.80549999999999988E-03  -4.66350000000000011E-03  -4.52349999999999974E-03  -4.39099999999999994E-03  -4.26849999999999972E-03  -4.15849999999999987E-03  -4.06150000000000001E-03  -3.97850000000000027E-03  -3.90800000000000002E-03  -3.84899999999999999E-03  -3.80150000000000019E-03  -3.76299999999999985E-03  -3.73300000000000021E-03  -3.71049999999999982E-03  -3.69350000000000017E-03  -3.68149999999999988E-03  -3.67350000000000012E-03  -3.66849999999999989E-03  -3.66650000000000005E-03  -3.66650000000000005E-03  -3.66799999999999982E-03  -3.67050000000000015E-03  -3.67400000000000018E-03  -3.67799999999999985E-03  -3.68250000000000001E-03  -3.68749999999999981E-03  -3.69250000000000004E-03  -3.69700000000000020E-03  -3.70200000000000000E-03  -3.70650000000000016E-03  -3.71099999999999989E-03  -3.71499999999999999E-03  -3.71900000000000008E-03  -3.72300000000000018E-03  -3.72650000000000021E-03 
+1.12499999999999991E-03  -2.43299999999999983E-03  -2.43049999999999993E-03  -2.42749999999999997E-03  -2.42450000000000001E-03  -2.42150000000000004E-03  -2.41800000000000001E-03  -2.41449999999999998E-03  -2.41099999999999995E-03  -2.40749999999999992E-03  -2.40349999999999982E-03  -2.39999999999999979E-03  -2.39600000000000013E-03  -2.39250000000000010E-03  -2.38950000000000013E-03  -2.38650000000000017E-03  -2.38449999999999990E-03  -2.38350000000000020E-03  -2.38350000000000020E-03  -2.38550000000000003E-03  -2.38900000000000006E-03  -2.39550000000000006E-03  -2.40449999999999995E-03  -2.41749999999999994E-03  -2.43500000000000010E-03  -2.45699999999999998E-03  -2.48499999999999980E-03  -2.51950000000000004E-03  -2.56099999999999991E-03  -2.60999999999999991E-03  -2.66700000000000010E-03  -2.73099999999999992E-03  -2.80150000000000017E-03  -2.87699999999999978E-03  -2.95599999999999986E-03  -3.03550000000000000E-03  -3.11200000000000018E-03  -3.18199999999999993E-03  -3.24150000000000002E-03  -3.28699999999999999E-03  -3.31549999999999987E-03  -3.32549999999999990E-03  -3.31549999999999987E-03  -3.28699999999999999E-03  -3.24150000000000002E-03  -3.18199999999999993E-03  -3.11200000000000018E-03  -3.03550000000000000E-03  -2.95599999999999986E-03  -2.87699999999999978E-03  -2.80150000000000017E-03  -2.73099999999999992E-03  -2.66700000000000010E-03  -2.60999999999999991E-03  -2.56099999999999991E-03  -2.51950000000000004E-03  -2.48499999999999980E-03  -2.45699999999999998E-03  -2.43500000000000010E-03  -2.41749999999999994E-03  -2.40449999999999995E-03  -2.39550000000000006E-03  -2.38900000000000006E-03  -2.38550000000000003E-03  -2.38350000000000020E-03  -2.38350000000000020E-03  -2.38449999999999990E-03  -2.38650000000000017E-03  -2.38950000000000013E-03  -2.39250000000000010E-03  -2.39600000000000013E-03  -2.39999999999999979E-03  -2.40349999999999982E-03  -2.40749999999999992E-03  -2.41099999999999995E-03  -2.41449999999999998E-03  -2.41800000000000001E-03  -2.42150000000000004E-03  -2.42450000000000001E-03  -2.42749999999999997E-03  -2.43049999999999993E-03  -2.43299999999999983E-03 
+5.62499999999999957E-04  -1.20150000000000009E-03  -1.19999999999999989E-03  -1.19849999999999991E-03  -1.19699999999999993E-03  -1.19549999999999995E-03  -1.19349999999999990E-03  -1.19150000000000007E-03  -1.19000000000000009E-03  -1.18800000000000004E-03  -1.18549999999999992E-03  -1.18350000000000009E-03  -1.18150000000000004E-03  -1.17949999999999999E-03  -1.17749999999999994E-03  -1.17599999999999996E-03  -1.17449999999999998E-03  -1.17399999999999991E-03  -1.17350000000000006E-03  -1.17399999999999991E-03  -1.17549999999999990E-03  -1.17800000000000001E-03  -1.18200000000000011E-03  -1.18749999999999997E-03  -1.19549999999999995E-03  -1.20549999999999997E-03  -1.21849999999999997E-03  -1.23449999999999992E-03  -1.25350000000000006E-03  -1.27600000000000001E-03  -1.30250000000000006E-03  -1.33150000000000000E-03  -1.36399999999999998E-03  -1.39799999999999994E-03  -1.43399999999999994E-03  -1.46950000000000010E-03  -1.50350000000000006E-03  -1.53499999999999991E-03  -1.56100000000000010E-03  -1.58099999999999994E-03  -1.59399999999999993E-03  -1.59800000000000003E-03  -1.59399999999999993E-03  -1.58099999999999994E-03  -1.56100000000000010E-03  -1.53499999999999991E-03  -1.50350000000000006E-03  -1.46950000000000010E-03  -1.43399999999999994E-03  -1.39799999999999994E-03  -1.36399999999999998E-03  -1.33150000000000000E-03  -1.30250000000000006E-03  -1.27600000000000001E-03  -1.25350000000000006E-03  -1.23449999999999992E-03  -1.21849999999999997E-03  -1.20549999999999997E-03  -1.19549999999999995E-03  -1.18749999999999997E-03  -1.18200000000000011E-03  -1.17800000000000001E-03  -1.17549999999999990E-03  -1.17399999999999991E-03  -1.17350000000000006E-03  -1.17399999999999991E-03  -1.17449999999999998E-03  -1.17599999999999996E-03  -1.17749999999999994E-03  -1.17949999999999999E-03  -1.18150000000000004E-03  -1.18350000000000009E-03  -1.18549999999999992E-03  -1.18800000000000004E-03  -1.19000000000000009E-03  -1.19150000000000007E-03  -1.19349999999999990E-03  -1.19549999999999995E-03  -1.19699999999999993E-03  -1.19849999999999991E-03  -1.19999999999999989E-03  -1.20150000000000009E-03 
+0.00000000000000000E+00  +0.00000000000000000E+00  +0.00000000000000000E+00  +0.00000000000000000E+00  +0.00000000000000000E+00  +0.00000000000000000E+00  +0.00000000000000000E+00  +0.00000000000000000E+00  +0.00000000000000000E+00  +0.00000000000000000E+00  +0.00000000000000000E+00  +0.00000000000000000E+00  +0.00000000000000000E+00  +0.00000000000000000E+00  +0.00000000000000000E+00  +0.00000000000000000E+00  +0.00000000000000000E+00  +0.00000000000000000E+00  +0.00000000000000000E+00  +0.00000000000000000E+00  +0.00000000000000000E+00  +0.00000000000000000E+00  +0.00000000000000000E+00  +0.00000000000000000E+00  +0.00000000000000000E+00  +0.00000000000000000E+00  +0.00000000000000000E+00  +0.00000000000000000E+00  +0.00000000000000000E+00  +0.00000000000000000E+00  +0.00000000000000000E+00  +0.00000000000000000E+00  +0.00000000000000000E+00  +0.00000000000000000E+00  +0.00000000000000000E+00  +0.00000000000000000E+00  +0.00000000000000000E+00  +0.00000000000000000E+00  +0.00000000000000000E+00  +0.00000000000000000E+00  +0.00000000000000000E+00  +0.00000000000000000E+00  +0.00000000000000000E+00  +0.00000000000000000E+00  +0.00000000000000000E+00  +0.00000000000000000E+00  +0.00000000000000000E+00  +0.00000000000000000E+00  +0.00000000000000000E+00  +0.00000000000000000E+00  +0.00000000000000000E+00  +0.00000000000000000E+00  +0.00000000000000000E+00  +0.00000000000000000E+00  +0.00000000000000000E+00  +0.00000000000000000E+00  +0.00000000000000000E+00  +0.00000000000000000E+00  +0.00000000000000000E+00  +0.00000000000000000E+00  +0.00000000000000000E+00  +0.00000000000000000E+00  +0.00000000000000000E+00  +0.00000000000000000E+00  +0.00000000000000000E+00  +0.00000000000000000E+00  +0.00000000000000000E+00  +0.00000000000000000E+00  +0.00000000000000000E+00  +0.00000000000000000E+00  +0.00000000000000000E+00  +0.00000000000000000E+00  +0.00000000000000000E+00  +0.00000000000000000E+00  +0.00000000000000000E+00  +0.00000000000000000E+00  +0.00000000000000000E+00  +0.00000000000000000E+00  +0.00000000000000000E+00  +0.00000000000000000E+00  +0.00000000000000000E+00  +0.00000000000000000E+00 
-5.62499999999999957E-04  +1.20150000000000009E-03  +1.19999999999999989E-03  +1.19849999999999991E-03  +1.19699999999999993E-03  +1.19549999999999995E-03  +1.19349999999999990E-03  +1.19150000000000007E-03  +1.19000000000000009E-03  +1.18800000000000004E-03  +1.18549999999999992E-03  +1.18350000000000009E-03  +1.18150000000000004E-03  +1.17949999999999999E-03  +1.17749999999999994E-03  +1.17599999999999996E-03  +1.17449999999999998E-03  +1.17399999999999991E-03  +1.17350000000000006E-03  +1.17399999999999991E-03  +1.17549999999999990E-03  +1.17800000000000001E-03  +1.18200000000000011E-03  +1.18749999999999997E-03  +1.19549999999999995E-03  +1.20549999999999997E-03  +1.21849999999999997E-03  +1.23449999999999992E-03  +1.25350000000000006E-03  +1.27600000000000001E-03  +1.30250000000000006E-03  +1.33150000000000000E-03  +1.36399999999999998E-03  +1.39799999999999994E-03  +1.43399999999999994E-03  +1.46950000000000010E-03  +1.50350000000000006E-03  +1.53499999999999991E-03  +1.56100000000000010E-03  +1.58099999999999994E-03  +1.59399999999999993E-03  +1.59800000000000003E-03  +1.59399999999999993E-03  +1.58099999999999994E-03  +1.56100000000000010E-03  +1.53499999999999991E-03  +1.50350000000000006E-03  +1.46950000000000010E-03  +1.43399999999999994E-03  +1.39799999999999994E-03  +1.36399999999999998E-03  +1.33150000000000000E-03  +1.30250000000000006E-03  +1.27600000000000001E-03  +1.25350000000000006E-03  +1.23449999999999992E-03  +1.21849999999999997E-03  +1.20549999999999997E-03  +1.19549999999999995E-03  +1.18749999999999997E-03  +1.18200000000000011E-03  +1.17800000000000001E-03  +1.17549999999999990E-03  +1.17399999999999991E-03  +1.17350000000000006E-03  +1.17399999999999991E-03  +1.17449999999999998E-03  +1.17599999999999996E-03  +1.17749999999999994E-03  +1.17949999999999999E-03  +1.18150000000000004E-03  +1.18350000000000009E-03  +1.18549999999999992E-03  +1.18800000000000004E-03  +1.19000000000000009E-03  +1.19150000000000007E-03  +1.19349999999999990E-03  +1.19549999999999995E-03  +1.19699999999999993E-03  +1.19849999999999991E-03  +1.19999999999999989E-03  +1.20150000000000009E-03 
-1.12499999999999991E-03  +2.43299999999999983E-03  +2.43049999999999993E-03  +2.42749999999999997E-03  +2.42450000000000001E-03  +2.42150000000000004E-03  +2.41800000000000001E-03  +2.41449999999999998E-03  +2.41099999999999995E-03  +2.40749999999999992E-03  +2.40349999999999982E-03  +2.39999999999999979E-03  +2.39600000000000013E-03  +2.39250000000000010E-03  +2.38950000000000013E-03  +2.38650000000000017E-03  +2.38449999999999990E-03  +2.38350000000000020E-03  +2.38350000000000020E-03  +2.38550000000000003E-03  +2.38900000000000006E-03  +2.39550000000000006E-03  +2.40449999999999995E-03  +2.41749999999999994E-03  +2.43500000000000010E-03  +2.45699999999999998E-03  +2.48499999999999980E-03  +2.51950000000000004E-03  +2.56099999999999991E-03  +2.60999999999999991E-03  +2.66700000000000010E-03  +2.73099999999999992E-03  +2.80150000000000017E-03  +2.87699999999999978E-03  +2.95599999999999986E-03  +3.03550000000000000E-03  +3.11200000000000018E-03  +3.18199999999999993E-03  +3.24150000000000002E-03  +3.28699999999999999E-03  +3.31549999999999987E-03  +3.32549999999999990E-03  +3.31549999999999987E-03  +3.28699999999999999E-03  +3.24150000000000002E-03  +3.18199999999999993E-03  +3.11200000000000018E-03  +3.03550000000000000E-03  +2.95599999999999986E-03  +2.87699999999999978E-03  +2.80150000000000017E-03  +2.73099999999999992E-03  +2.66700000000000010E-03  +2.60999999999999991E-03  +2.56099999999999991E-03  +2.51950000000000004E-03  +2.48499999999999980E-03  +2.45699999999999998E-03  +2.43500000000000010E-03  +2.41749999999999994E-03  +2.40449999999999995E-03  +2.39550000000000006E-03  +2.38900000000000006E-03  +2.38550000000000003E-03  +2.38350000000000020E-03  +2.38350000000000020E-03  +2.38449999999999990E-03  +2.38650000000000017E-03  +2.38950000000000013E-03  +2.39250000000000010E-03  +2.39600000000000013E-03  +2.39999999999999979E-03  +2.40349999999999982E-03  +2.40749999999999992E-03  +2.41099999999999995E-03  +2.41449999999999998E-03  +2.41800000000000001E-03  +2.42150000000000004E-03  +2.42450000000000001E-03  +2.42749999999999997E-03  +2.43049999999999993E-03  +2.43299999999999983E-03 
-1.68749999999999998E-03  +3.72650000000000021E-03  +3.72300000000000018E-03  +3.71900000000000008E-03  +3.71499999999999999E-03  +3.71099999999999989E-03  +3.70650000000000016E-03  +3.70200000000000000E-03  +3.69700000000000020E-03  +3.69250000000000004E-03  +3.68749999999999981E-03  +3.68250000000000001E-03  +3.67799999999999985E-03  +3.67400000000000018E-03  +3.67050000000000015E-03  +3.66799999999999982E-03  +3.66650000000000005E-03  +3.66650000000000005E-03  +3.66849999999999989E-03  +3.67350000000000012E-03  +3.68149999999999988E-03  +3.69350000000000017E-03  +3.71049999999999982E-03  +3.73300000000000021E-03  +3.76299999999999985E-03  +3.80150000000000019E-03  +3.84899999999999999E-03  +3.90800000000000002E-03  +3.97850000000000027E-03  +4.06150000000000001E-03  +4.15849999999999987E-03  +4.26849999999999972E-03  +4.39099999999999994E-03  +4.52349999999999974E-03  +4.66350000000000011E-03  +4.80549999999999988E-03  +4.94399999999999961E-03  +5.06999999999999985E-03  +5.17999999999999971E-03  +5.27000000000000038E-03  +5.32000000000000008E-03  +5.34000000000000013E-03  +5.32000000000000008E-03  +5.27000000000000038E-03  +5.17999999999999971E-03  +5.06999999999999985E-03  +4.94399999999999961E-03  +4.80549999999999988E-03  +4.66350000000000011E-03  +4.52349999999999974E-03  +4.39099999999999994E-03  +4.26849999999999972E-03  +4.15849999999999987E-03  +4.06150000000000001E-03  +3.97850000000000027E-03  +3.90800000000000002E-03  +3.84899999999999999E-03  +3.80150000000000019E-03  +3.76299999999999985E-03  +3.73300000000000021E-03  +3.71049999999999982E-03  +3.69350000000000017E-03  +3.68149999999999988E-03  +3.67350000000000012E-03  +3.66849999999999989E-03  +3.66650000000000005E-03  +3.66650000000000005E-03  +3.66799999999999982E-03  +3.67050000000000015E-03  +3.67400000000000018E-03  +3.67799999999999985E-03  +3.68250000000000001E-03  +3.68749999999999981E-03  +3.69250000000000004E-03  +3.69700000000000020E-03  +3.70200000000000000E-03  +3.70650000000000016E-03  +3.71099999999999989E-03  +3.71499999999999999E-03  +3.71900000000000008E-03  +3.72300000000000018E-03  +3.72650000000000021E-03 
-2.24999999999999983E-03  +5.11499999999999976E-03  +5.11499999999999976E-03  +5.10999999999999996E-03  +5.10500000000000016E-03  +5.10000000000000037E-03  +5.09499999999999970E-03  +5.08999999999999991E-03  +5.08500000000000011E-03  +5.08000000000000031E-03  +5.07499999999999965E-03  +5.06999999999999985E-03  +5.06500000000000006E-03  +5.06000000000000026E-03  +5.06000000000000026E-03  +5.06000000000000026E-03  +5.06000000000000026E-03  +5.06000000000000026E-03  +5.06999999999999985E-03  +5.08000000000000031E-03  +5.09499999999999970E-03  +5.11499999999999976E-03  +5.14500000000000027E-03  +5.17999999999999971E-03  +5.22499999999999961E-03  +5.28499999999999977E-03  +5.36000000000000018E-03  +5.45499999999999978E-03  +5.55999999999999984E-03  +5.69500000000000041E-03  +5.84500000000000037E-03  +6.02000000000000018E-03  +6.21999999999999983E-03  +6.43499999999999975E-03  +6.66999999999999971E-03  +6.91000000000000034E-03  +7.15000000000000011E-03  +7.37499999999999961E-03  +7.57000000000000034E-03  +7.72500000000000010E-03  +7.82000000000000056E-03  +7.85499999999999914E-03  +7.82000000000000056E-03  +7.72500000000000010E-03  +7.57000000000000034E-03  +7.37499999999999961E-03  +7.15000000000000011E-03  +6.91000000000000034E-03  +6.66999999999999971E-03  +6.43499999999999975E-03  +6.21999999999999983E-03  +6.02000000000000018E-03  +5.84500000000000037E-03  +5.69500000000000041E-03  +5.55999999999999984E-03  +5.45499999999999978E-03  +5.36000000000000018E-03  +5.28499999999999977E-03  +5.22499999999999961E-03  +5.17999999999999971E-03  +5.14500000000000027E-03  +5.11499999999999976E-03  +5.09499999999999970E-03  +5.08000000000000031E-03  +5.06999999999999985E-03  +5.06000000000000026E-03  +5.06000000000000026E-03  +5.06000000000000026E-03  +5.06000000000000026E-03  +5.06000000000000026E-03  +5.06500000000000006E-03  +5.06999999999999985E-03  +5.07499999999999965E-03  +5.08000000000000031E-03  +5.08500000000000011E-03  +5.08999999999999991E-03  +5.09499999999999970E-03  +5.10000000000000037E-03  +5.10500000000000016E-03  +5.10999999999999996E-03  +5.11499999999999976E-03  +5.11499999999999976E-03 
-2.81249999999999990E-03  +6.64499999999999987E-03  +6.64000000000000007E-03  +6.64000000000000007E-03  +6.63500000000000027E-03  +6.62999999999999961E-03  +6.62499999999999981E-03  +6.62000000000000002E-03  +6.61500000000000022E-03  +6.61000000000000042E-03  +6.60499999999999976E-03  +6.60499999999999976E-03  +6.59999999999999996E-03  +6.59999999999999996E-03  +6.59999999999999996E-03  +6.59999999999999996E-03  +6.60499999999999976E-03  +6.61500000000000022E-03  +6.62999999999999961E-03  +6.64999999999999966E-03  +6.67500000000000038E-03  +6.70500000000000002E-03  +6.74999999999999992E-03  +6.80500000000000028E-03  +6.87500000000000003E-03  +6.96499999999999984E-03  +7.07499999999999969E-03  +7.21000000000000026E-03  +7.37499999999999961E-03  +7.57000000000000034E-03  +7.79999999999999964E-03  +8.07000000000000078E-03  +8.38000000000000030E-03  +8.72999999999999991E-03  +9.11499999999999984E-03  +9.52000000000000068E-03  +9.93999999999999918E-03  +1.03450000000000000E-02  +1.07049999999999992E-02  +1.09999999999999994E-02  +1.11900000000000003E-02  +1.12549999999999994E-02  +1.11900000000000003E-02  +1.09999999999999994E-02  +1.07049999999999992E-02  +1.03450000000000000E-02  +9.93999999999999918E-03  +9.52000000000000068E-03  +9.11499999999999984E-03  +8.72999999999999991E-03  +8.38000000000000030E-03  +8.07000000000000078E-03  +7.79999999999999964E-03  +7.57000000000000034E-03  +7.37499999999999961E-03  +7.21000000000000026E-03  +7.07499999999999969E-03  +6.96499999999999984E-03  +6.87500000000000003E-03  +6.80500000000000028E-03  +6.74999999999999992E-03  +6.70500000000000002E-03  +6.67500000000000038E-03  +6.64999999999999966E-03  +6.62999999999999961E-03  +6.61500000000000022E-03  +6.60499999999999976E-03  +6.59999999999999996E-03  +6.59999999999999996E-03  +6.59999999999999996E-03  +6.59999999999999996E-03  +6.60499999999999976E-03  +6.60499999999999976E-03  +6.61000000000000042E-03  +6.61500000000000022E-03  +6.62000000000000002E-03  +6.62499999999999981E-03  +6.62999999999999961E-03  +6.63500000000000027E-03  +6.64000000000000007E-03  +6.64000000000000007E-03  +6.64499999999999987E-03 
-3.37499999999999996E-03  +8.36499999999999917E-03  +8.35999999999999938E-03  +8.35499999999999958E-03  +8.35499999999999958E-03  +8.34999999999999978E-03  +8.34499999999999999E-03  +8.34000000000000019E-03  +8.34000000000000019E-03  +8.33500000000000039E-03  +8.33500000000000039E-03  +8.33500000000000039E-03  +8.33500000000000039E-03  +8.33500000000000039E-03  +8.34499999999999999E-03  +8.34999999999999978E-03  +8.35999999999999938E-03  +8.38000000000000030E-03  +8.39999999999999948E-03  +8.42999999999999999E-03  +8.47000000000000010E-03  +8.51999999999999980E-03  +8.58500000000000062E-03  +8.66500000000000083E-03  +8.76500000000000022E-03  +8.89000000000000033E-03  +9.04499999999999922E-03  +9.23999999999999995E-03  +9.46999999999999925E-03  +9.74999999999999999E-03  +1.00900000000000000E-02  +1.04950000000000009E-02  +1.09750000000000004E-02  +1.15250000000000005E-02  +1.21549999999999991E-02  +1.28500000000000003E-02  +1.35899999999999996E-02  +1.43300000000000007E-02  +1.50150000000000006E-02  +1.55750000000000003E-02  +1.59399999999999993E-02  +1.60700000000000010E-02  +1.59399999999999993E-02  +1.55750000000000003E-02  +1.50150000000000006E-02  +1.43300000000000007E-02  +1.35899999999999996E-02  +1.28500000000000003E-02  +1.21549999999999991E-02  +1.15250000000000005E-02  +1.09750000000000004E-02  +1.04950000000000009E-02  +1.00900000000000000E-02  +9.74999999999999999E-03  +9.46999999999999925E-03  +9.23999999999999995E-03  +9.04499999999999922E-03  +8.89000000000000033E-03  +8.76500000000000022E-03  +8.66500000000000083E-03  +8.58500000000000062E-03  +8.51999999999999980E-03  +8.47000000000000010E-03  +8.42999999999999999E-03  +8.39999999999999948E-03  +8.38000000000000030E-03  +8.35999999999999938E-03  +8.34999999999999978E-03  +8.34499999999999999E-03  +8.33500000000000039E-03  +8.33500000000000039E-03  +8.33500000000000039E-03  +8.33500000000000039E-03  +8.33500000000000039E-03  +8.34000000000000019E-03  +8.34000000000000019E-03  +8.34499999999999999E-03  +8.34999999999999978E-03  +8.35499999999999958E-03  +8.35499999999999958E-03  +8.35999999999999938E-03  +8.36499999999999917E-03 
-3.93750000000000003E-03  +1.03499999999999998E-02  +1.03450000000000000E-02  +1.03450000000000000E-02  +1.03400000000000002E-02  +1.03400000000000002E-02  +1.03400000000000002E-02  +1.03350000000000004E-02  +1.03350000000000004E-02  +1.03350000000000004E-02  +1.03400000000000002E-02  +1.03400000000000002E-02  +1.03499999999999998E-02  +1.03549999999999996E-02  +1.03649999999999992E-02  +1.03850000000000001E-02  +1.04049999999999993E-02  +1.04300000000000000E-02  +1.04650000000000003E-02  +1.05100000000000002E-02  +1.05649999999999997E-02  +1.06350000000000004E-02  +1.07250000000000002E-02  +1.08349999999999991E-02  +1.09700000000000006E-02  +1.11400000000000006E-02  +1.13449999999999992E-02  +1.15999999999999992E-02  +1.19150000000000002E-02  +1.23050000000000000E-02  +1.27799999999999997E-02  +1.33600000000000003E-02  +1.40649999999999994E-02  +1.49149999999999994E-02  +1.59350000000000012E-02  +1.71299999999999994E-02  +1.84899999999999995E-02  +1.99749999999999997E-02  +2.14799999999999991E-02  +2.28250000000000015E-02  +2.37850000000000006E-02  +2.41350000000000002E-02  +2.37850000000000006E-02  +2.28250000000000015E-02  +2.14799999999999991E-02  +1.99749999999999997E-02  +1.84899999999999995E-02  +1.71299999999999994E-02  +1.59350000000000012E-02  +1.49149999999999994E-02  +1.40649999999999994E-02  +1.33600000000000003E-02  +1.27799999999999997E-02  +1.23050000000000000E-02  +1.19150000000000002E-02  +1.15999999999999992E-02  +1.13449999999999992E-02  +1.11400000000000006E-02  +1.09700000000000006E-02  +1.08349999999999991E-02  +1.07250000000000002E-02  +1.06350000000000004E-02  +1.05649999999999997E-02  +1.05100000000000002E-02  +1.04650000000000003E-02  +1.04300000000000000E-02  +1.04049999999999993E-02  +1.03850000000000001E-02  +1.03649999999999992E-02  +1.03549999999999996E-02  +1.03499999999999998E-02  +1.03400000000000002E-02  +1.03400000000000002E-02  +1.03350000000000004E-02  +1.03350000000000004E-02  +1.03350000000000004E-02  +1.03400000000000002E-02  +1.03400000000000002E-02  +1.03400000000000002E-02  +1.03450000000000000E-02  +1.03450000000000000E-02  +1.03499999999999998E-02 
-4.49999999999999966E-03  +1.24099999999999992E-02  +1.24099999999999992E-02  +1.24099999999999992E-02  +1.24099999999999992E-02  +1.24099999999999992E-02  +1.24099999999999992E-02  +1.24099999999999992E-02  +1.24150000000000007E-02  +1.24200000000000005E-02  +1.24250000000000003E-02  +1.24300000000000001E-02  +1.24449999999999995E-02  +1.24550000000000008E-02  +1.24750000000000000E-02  +1.25000000000000007E-02  +1.25299999999999995E-02  +1.25649999999999998E-02  +1.26149999999999995E-02  +1.26750000000000005E-02  +1.27449999999999994E-02  +1.28400000000000007E-02  +1.29499999999999997E-02  +1.30899999999999992E-02  +1.32599999999999992E-02  +1.34699999999999993E-02  +1.37299999999999991E-02  +1.40500000000000000E-02  +1.44499999999999993E-02  +1.49400000000000002E-02  +1.55549999999999994E-02  +1.63249999999999992E-02  +1.72899999999999998E-02  +1.84950000000000010E-02  +2.00000000000000004E-02  +2.18749999999999986E-02  +2.41549999999999994E-02  +2.68299999999999997E-02  +2.97649999999999998E-02  +3.25850000000000029E-02  +3.47099999999999978E-02  +3.55099999999999999E-02  +3.47099999999999978E-02  +3.25850000000000029E-02  +2.97649999999999998E-02  +2.68299999999999997E-02  +2.41549999999999994E-02  +2.18749999999999986E-02  +2.00000000000000004E-02  +1.84950000000000010E-02  +1.72899999999999998E-02  +1.63249999999999992E-02  +1.55549999999999994E-02  +1.49400000000000002E-02  +1.44499999999999993E-02  +1.40500000000000000E-02  +1.37299999999999991E-02  +1.34699999999999993E-02  +1.32599999999999992E-02  +1.30899999999999992E-02  +1.29499999999999997E-02  +1.28400000000000007E-02  +1.27449999999999994E-02  +1.26750000000000005E-02  +1.26149999999999995E-02  +1.25649999999999998E-02  +1.25299999999999995E-02  +1.25000000000000007E-02  +1.24750000000000000E-02  +1.24550000000000008E-02  +1.24449999999999995E-02  +1.24300000000000001E-02  +1.24250000000000003E-02  +1.24200000000000005E-02  +1.24150000000000007E-02  +1.24099999999999992E-02  +1.24099999999999992E-02  +1.24099999999999992E-02  +1.24099999999999992E-02  +1.24099999999999992E-02  +1.24099999999999992E-02  +1.24099999999999992E-02 
