Arquivo: c:\arq\medidas\BBA_2404_072627\BBA_AMP04A_V.dat
Data: 2404	 Hora:  0746
Comentário: 
NomeParametro	 ValorParametro
Nmedias	5
PausaCorretora	3000
PausaShunt	2000
PausaLeitura	500
NumCiclos	3
 NPassosCor	7
DeltaShunt	3.00
TetaIni	-0.10
TetaFim	0.10
I[mA]	 136.2
ACV11A	DeltaPos^2	AMP04A	AMP01B_0	AMP02A_0	AMP02B_0	AMP03A_0	AMP03B_0	AMP03C_0	AMP04A_0	AMP04B_0	AMP05A_0	AMP05B_0	AMP06A_0	AMP06B_0	AMP07A_0	AMP07B_0	AMP08A_0	AMP08B_0	AMP09A_0	AMP09B_0	AMP10A_0	AMP10B_0	AMU11A_0	AMU11B_0	AMP12A_0	AMP12B_0	AMP01A_0	AMP01B_1	AMP02A_1	AMP02B_1	AMP03A_1	AMP03B_1	AMP03C_1	AMP04A_1	AMP04B_1	AMP05A_1	AMP05B_1	AMP06A_1	AMP06B_1	AMP07A_1	AMP07B_1	AMP08A_1	AMP08B_1	AMP09A_1	AMP09B_1	AMP10A_1	AMP10B_1	AMU11A_1	AMU11B_1	AMP12A_1	AMP12B_1	AMP01A_1	
-0.1000	 1.13432851735671E-0005	0.3547	-1.3709	-0.6755	0.4540	0.9666	2.3592	0.7233	0.3547	-1.0107	-0.1803	1.8209	1.8256	-0.3287	0.3594	-0.5840	0.5864	0.2684	0.7676	-0.1500	0.1869	-0.1119	0.1538	1.8061	1.5487	1.3395	0.9014	-1.3672	-0.6726	0.4570	0.9689	2.3558	0.7154	0.3519	-1.0126	-0.1835	1.8261	1.8286	-0.3287	0.3582	-0.5857	0.5864	0.2713	0.7715	-0.1537	0.1838	-0.1146	0.1524	1.8104	1.5521	1.3385	0.8966	
-0.0667	 2.99491330368528E-0006	0.3915	-1.0405	-0.4762	0.4449	0.8286	2.2782	0.6463	0.3915	-0.7850	0.1525	1.5382	1.5907	-0.4835	0.2492	-0.2954	0.7195	0.1653	0.5204	-0.0841	0.3131	0.1171	0.4044	1.7115	1.3699	1.1184	0.6630	-1.0381	-0.4747	0.4464	0.8293	2.2766	0.6435	0.3905	-0.7858	0.1506	1.5409	1.5922	-0.4832	0.2492	-0.2967	0.7191	0.1668	0.5223	-0.0856	0.3115	0.1153	0.4033	1.7145	1.3722	1.1181	0.6602	
-0.0333	 7.58521269658068E-0007	0.4291	-0.7037	-0.2737	0.4362	0.6884	2.1950	0.5679	0.4291	-0.5555	0.4907	1.2507	1.3512	-0.6413	0.1370	-0.0016	0.8555	0.0611	0.2697	-0.0183	0.4401	0.3499	0.6597	1.6150	1.1873	0.8929	0.4205	-0.7023	-0.2734	0.4358	0.6872	2.1955	0.5694	0.4295	-0.5552	0.4905	1.2509	1.3513	-0.6405	0.1384	-0.0026	0.8547	0.0607	0.2689	-0.0176	0.4406	0.3491	0.6590	1.6163	1.1888	0.8935	0.4195	
0.0000	 4.28992216052437E-0006	0.4667	-0.3634	-0.0692	0.4275	0.5476	2.1107	0.4878	0.4667	-0.3241	0.8304	0.9601	1.1096	-0.8007	0.0229	0.2950	0.9930	-0.0435	0.0166	0.0471	0.5682	0.5853	0.9171	1.5176	1.0025	0.6651	0.1759	-0.3629	-0.0700	0.4256	0.5444	2.1135	0.4932	0.4687	-0.3222	0.8320	0.9577	1.1080	-0.7998	0.0251	0.2948	0.9927	-0.0454	0.0133	0.0499	0.5704	0.5861	0.9167	1.5171	1.0031	0.6661	0.1767	
0.0333	 1.37215768471360E-0005	0.5038	-0.0214	0.1374	0.4193	0.4063	2.0260	0.4064	0.5038	-0.0914	1.1728	0.6684	0.8658	-0.9615	-0.0929	0.5937	1.1317	-0.1483	-0.2367	0.1124	0.6972	0.8222	1.1754	1.4190	0.8155	0.4354	-0.0704	-0.0220	0.1352	0.4155	0.4012	2.0298	0.4163	0.5073	-0.0879	1.1761	0.6635	0.8629	-0.9603	-0.0894	0.5940	1.1305	-0.1519	-0.2424	0.1178	0.7006	0.8240	1.1755	1.4176	0.8154	0.4371	-0.0675	
0.0667	 3.03083425274955E-0005	0.5410	0.3209	0.3441	0.4111	0.2648	1.9396	0.3240	0.5410	0.1421	1.5149	0.3752	0.6213	-1.1225	-0.2095	0.8930	1.2712	-0.2531	-0.4910	0.1776	0.8259	1.0596	1.4342	1.3204	0.6285	0.2046	-0.3177	0.3191	0.3407	0.4060	0.2574	1.9460	0.3383	0.5462	0.1469	1.5199	0.3676	0.6166	-1.1213	-0.2045	0.8939	1.2696	-0.2584	-0.4993	0.1847	0.8318	1.0626	1.4348	1.3170	0.6271	0.2070	-0.3133	
0.1000	 5.01422301535540E-0005	0.5781	0.6638	0.5503	0.4029	0.1233	1.8533	0.2415	0.5781	0.3749	1.8562	0.0816	0.3769	-1.2834	-0.3257	1.1924	1.4101	-0.3577	-0.7458	0.2422	0.9550	1.2966	1.6938	1.2221	0.4412	-0.0264	-0.5660	0.6611	0.5460	0.3964	0.1141	1.8614	0.2596	0.5846	0.3812	1.8632	0.0712	0.3709	-1.2820	-0.3200	1.1940	1.4084	-0.3646	-0.7561	0.2512	0.9627	1.3011	1.6946	1.2173	0.4387	-0.0236	-0.5600	
