Arquivo: c:\arq\medidas\BBA_2404_072627\BBA_AMU11B_V.dat
Data: 2404	 Hora:  0833
Comentário: 
NomeParametro	 ValorParametro
Nmedias	5
PausaCorretora	3000
PausaShunt	2000
PausaLeitura	500
NumCiclos	3
 NPassosCor	7
DeltaShunt	3.00
TetaIni	-0.10
TetaFim	0.10
I[mA]	  32.4
ACV11B	DeltaPos^2	AMU11B	AMP01B_0	AMP02A_0	AMP02B_0	AMP03A_0	AMP03B_0	AMP03C_0	AMP04A_0	AMP04B_0	AMP05A_0	AMP05B_0	AMP06A_0	AMP06B_0	AMP07A_0	AMP07B_0	AMP08A_0	AMP08B_0	AMP09A_0	AMP09B_0	AMP10A_0	AMP10B_0	AMU11A_0	AMU11B_0	AMP12A_0	AMP12B_0	AMP01A_0	AMP01B_1	AMP02A_1	AMP02B_1	AMP03A_1	AMP03B_1	AMP03C_1	AMP04A_1	AMP04B_1	AMP05A_1	AMP05B_1	AMP06A_1	AMP06B_1	AMP07A_1	AMP07B_1	AMP08A_1	AMP08B_1	AMP09A_1	AMP09B_1	AMP10A_1	AMP10B_1	AMU11A_1	AMU11B_1	AMP12A_1	AMP12B_1	AMP01A_1	
-0.1000	 6.89890588747183E-0003	0.6953	0.5414	0.3252	0.0144	-0.3984	2.3198	1.3014	0.9709	0.4500	1.7689	-0.1525	0.3556	-0.9873	0.2012	0.8707	1.1066	-0.6419	-1.0254	0.7200	1.2181	1.2507	1.3891	0.6953	0.2011	0.1194	-0.1911	0.6481	0.3707	-0.0406	-0.5164	2.3418	1.4074	1.0361	0.5458	1.8757	-0.2921	0.2604	-1.0078	0.2241	0.9321	1.1162	-0.7190	-1.1522	0.8046	1.3001	1.3300	1.4348	0.5887	0.0990	0.0530	-0.2317	
-0.0667	 3.42477228648035E-0003	0.9612	0.2592	0.2063	0.1488	-0.0993	2.2521	1.0396	0.8092	0.2061	1.4799	0.2041	0.5967	-0.9314	0.1446	0.6950	1.0761	-0.4496	-0.6930	0.5053	1.0117	1.0441	1.2497	0.9612	0.4584	0.2893	-0.0790	0.3349	0.2383	0.1105	-0.1826	2.2674	1.1139	0.8545	0.2732	1.5555	0.1054	0.5296	-0.9457	0.1602	0.7388	1.0830	-0.5034	-0.7828	0.5648	1.0692	1.0999	1.2819	0.8858	0.3866	0.2429	-0.1080	
-0.0333	 1.08626023401268E-0003	1.2314	-0.0275	0.0850	0.2857	0.2058	2.1838	0.7717	0.6440	-0.0432	1.1849	0.5673	0.8429	-0.8740	0.0872	0.5162	1.0450	-0.2533	-0.3536	0.2866	0.8010	0.8331	1.1073	1.2314	0.7206	0.4631	0.0345	0.0155	0.1031	0.2644	0.1587	2.1909	0.8128	0.6692	-0.0055	1.2279	0.5112	0.8051	-0.8823	0.0956	0.5410	1.0489	-0.2834	-0.4045	0.3201	0.8327	0.8644	1.1247	1.1885	0.6806	0.4372	0.0179	
0.0000	 5.32822232549914E-0005	1.5027	-0.3171	-0.0381	0.4231	0.5121	2.1154	0.5033	0.4774	-0.2938	0.8873	0.9313	1.0907	-0.8156	0.0303	0.3358	1.0127	-0.0560	-0.0137	0.0669	0.5886	0.6206	0.9654	1.5027	0.9846	0.6383	0.1490	-0.3072	-0.0337	0.4186	0.5013	2.1144	0.5113	0.4826	-0.2857	0.8968	0.9178	1.0819	-0.8177	0.0316	0.3412	1.0137	-0.0624	-0.0247	0.0745	0.5953	0.6270	0.9676	1.4923	0.9763	0.6325	0.1451	
0.0333	 3.41355227123143E-0004	1.7753	-0.6080	-0.1608	0.5609	0.8196	2.0466	0.2338	0.3103	-0.5454	0.5898	1.2971	1.3388	-0.7570	-0.0266	0.1553	0.9807	0.1425	0.3279	-0.1531	0.3755	0.4073	0.8224	1.7753	1.2495	0.8144	0.2643	-0.6312	-0.1705	0.5735	0.8450	2.0370	0.2081	0.2953	-0.5660	0.5655	1.3262	1.3592	-0.7530	-0.0331	0.1410	0.9788	0.1598	0.3570	-0.1723	0.3569	0.3895	0.8092	1.7965	1.2721	0.8285	0.2728	
0.0667	 1.91669533741667E-0003	2.0467	-0.8998	-0.2845	0.6986	1.1260	1.9788	-0.0351	0.1439	-0.7971	0.2902	1.6622	1.5871	-0.6980	-0.0832	-0.0255	0.9483	0.3408	0.6694	-0.3738	0.1623	0.1941	0.6796	2.0467	1.5135	0.9908	0.3808	-0.9557	-0.3077	0.7277	1.1871	1.9607	-0.0941	0.1089	-0.8467	0.2326	1.7328	1.6358	-0.6883	-0.0974	-0.0591	0.9436	0.3816	0.7381	-0.4196	0.1186	0.1522	0.6513	2.0991	1.5663	1.0247	0.4015	
0.1000	 4.50277590927117E-0003	2.3164	-1.1903	-0.4083	0.8361	1.4304	1.9107	-0.3039	-0.0228	-1.0474	-0.0085	2.0252	1.8341	-0.6399	-0.1408	-0.2051	0.9169	0.5388	1.0104	-0.5948	-0.0506	-0.0180	0.5382	2.3164	1.7758	1.1666	0.4971	-1.2762	-0.4439	0.8808	1.5237	1.8837	-0.3942	-0.0766	-1.1238	-0.0971	2.1336	1.9087	-0.6255	-0.1632	-0.2561	0.9103	0.6019	1.1156	-0.6654	-0.1182	-0.0819	0.4964	2.3959	1.8567	1.2192	0.5295	
