Arquivo: c:\arq\medidas\BBA_2404_072627\BBA_AMP06B_V.dat
Data: 2404	 Hora:  0802
Comentário: 
NomeParametro	 ValorParametro
Nmedias	5
PausaCorretora	3000
PausaShunt	2000
PausaLeitura	500
NumCiclos	3
 NPassosCor	7
DeltaShunt	3.00
TetaIni	-0.10
TetaFim	0.10
I[mA]	 133.0
ACV09B	DeltaPos^2	AMP06B	AMP01B_0	AMP02A_0	AMP02B_0	AMP03A_0	AMP03B_0	AMP03C_0	AMP04A_0	AMP04B_0	AMP05A_0	AMP05B_0	AMP06A_0	AMP06B_0	AMP07A_0	AMP07B_0	AMP08A_0	AMP08B_0	AMP09A_0	AMP09B_0	AMP10A_0	AMP10B_0	AMU11A_0	AMU11B_0	AMP12A_0	AMP12B_0	AMP01A_0	AMP01B_1	AMP02A_1	AMP02B_1	AMP03A_1	AMP03B_1	AMP03C_1	AMP04A_1	AMP04B_1	AMP05A_1	AMP05B_1	AMP06A_1	AMP06B_1	AMP07A_1	AMP07B_1	AMP08A_1	AMP08B_1	AMP09A_1	AMP09B_1	AMP10A_1	AMP10B_1	AMU11A_1	AMU11B_1	AMP12A_1	AMP12B_1	AMP01A_1	
-0.1000	 2.68284400867188E-0004	-1.4522	0.0946	0.4480	1.0351	1.2368	1.3371	-1.2180	-0.1216	-0.2663	1.2731	1.1729	0.9924	-1.4522	-0.9816	1.1198	1.6611	0.4210	0.3497	-0.8069	-0.0462	0.2509	0.8634	2.0787	1.2627	0.2717	-0.5963	0.1206	0.4649	1.0381	1.2305	1.3270	-1.2327	-0.1221	-0.2500	1.2992	1.1551	0.9750	-1.4688	-1.0073	1.1424	1.6788	0.4324	0.3572	-0.8288	-0.0561	0.2600	0.8807	2.0756	1.2521	0.2539	-0.6178	
-0.0667	 9.46824557880572E-0005	-1.2471	-0.0419	0.2890	0.8415	1.0148	1.5825	-0.6776	0.0664	-0.2791	1.1417	1.1049	1.0280	-1.2471	-0.6629	0.8592	1.4502	0.2732	0.2424	-0.5352	0.1518	0.3627	0.8870	1.8975	1.1749	0.3909	-0.3568	-0.0262	0.2990	0.8433	1.0109	1.5771	-0.6858	0.0665	-0.2691	1.1575	1.0941	1.0178	-1.2567	-0.6779	0.8729	1.4609	0.2797	0.2467	-0.5480	0.1457	0.3683	0.8971	1.8961	1.1689	0.3804	-0.3696	
-0.0333	 1.35030917262942E-0005	-1.0381	-0.1820	0.1268	0.6440	0.7877	1.8327	-0.1258	0.2585	-0.2918	1.0086	1.0353	1.0644	-1.0381	-0.3379	0.5946	1.2353	0.1217	0.1327	-0.2577	0.3528	0.4764	0.9105	1.7128	1.0860	0.5126	-0.1127	-0.1756	0.1308	0.6446	0.7860	1.8310	-0.1285	0.2584	-0.2878	1.0145	1.0313	1.0599	-1.0418	-0.3431	0.5997	1.2395	0.1241	0.1339	-0.2627	0.3509	0.4788	0.9141	1.7126	1.0840	0.5087	-0.1175	
0.0000	 7.86071352360467E-0006	-0.8273	-0.3237	-0.0376	0.4451	0.5580	2.0840	0.4303	0.4521	-0.3041	0.8743	0.9643	1.0997	-0.8273	-0.0103	0.3270	1.0179	-0.0312	0.0205	0.0221	0.5564	0.5916	0.9338	1.5261	0.9955	0.6353	0.1340	-0.3274	-0.0401	0.4440	0.5580	2.0862	0.4341	0.4527	-0.3063	0.8703	0.9674	1.1024	-0.8242	-0.0051	0.3235	1.0149	-0.0334	0.0187	0.0261	0.5585	0.5906	0.9312	1.5267	0.9977	0.6384	0.1371	
0.0333	 8.42069790437572E-0005	-0.6154	-0.4664	-0.2023	0.2440	0.3265	2.3356	0.9892	0.6474	-0.3153	0.7407	0.8921	1.1351	-0.6154	0.3182	0.0589	0.7991	-0.1853	-0.0922	0.3050	0.7613	0.7080	0.9575	1.3368	0.9042	0.7585	0.3822	-0.4803	-0.2116	0.2418	0.3283	2.3424	0.9992	0.6486	-0.3238	0.7270	0.9020	1.1443	-0.6056	0.3341	0.0467	0.7894	-0.1920	-0.0969	0.3173	0.7676	0.7033	0.9484	1.3387	0.9106	0.7688	0.3936	
0.0667	 2.40534684693148E-0004	-0.4029	-0.6098	-0.3676	0.0420	0.0938	2.5869	1.5476	0.8433	-0.3261	0.6074	0.8190	1.1698	-0.4029	0.6476	-0.2102	0.5804	-0.3397	-0.2054	0.5877	0.9667	0.8245	0.9814	1.1473	0.8124	0.8820	0.6312	-0.6333	-0.3836	0.0385	0.0981	2.5972	1.5631	0.8446	-0.3408	0.5833	0.8359	1.1856	-0.3867	0.6735	-0.2307	0.5635	-0.3511	-0.2133	0.6086	0.9768	0.8164	0.9657	1.1504	0.8229	0.8992	0.6512	
0.1000	 4.76264214748031E-0004	-0.1911	-0.7525	-0.5327	-0.1596	-0.1389	2.8371	2.1018	1.0388	-0.3364	0.4747	0.7450	1.2038	-0.1911	0.9764	-0.4782	0.3617	-0.4939	-0.3184	0.8696	1.1720	0.9413	1.0062	0.9566	0.7208	1.0056	0.8800	-0.7860	-0.5551	-0.1646	-0.1329	2.8511	2.1235	1.0408	-0.3572	0.4411	0.7689	1.2263	-0.1685	1.0119	-0.5076	0.3382	-0.5098	-0.3296	0.8995	1.1864	0.9300	0.9838	0.9608	0.7356	1.0295	0.9083	
