Arquivo: c:\arq\medidas\BBA_2404_072627\BBA_AMP03C_V.dat
Data: 2404	 Hora:  0743
Comentário: 
NomeParametro	 ValorParametro
Nmedias	5
PausaCorretora	3000
PausaShunt	2000
PausaLeitura	500
NumCiclos	3
 NPassosCor	7
DeltaShunt	3.00
TetaIni	-0.10
TetaFim	0.10
I[mA]	 136.4
ACV09B	DeltaPos^2	AMP03C	AMP01B_0	AMP02A_0	AMP02B_0	AMP03A_0	AMP03B_0	AMP03C_0	AMP04A_0	AMP04B_0	AMP05A_0	AMP05B_0	AMP06A_0	AMP06B_0	AMP07A_0	AMP07B_0	AMP08A_0	AMP08B_0	AMP09A_0	AMP09B_0	AMP10A_0	AMP10B_0	AMU11A_0	AMU11B_0	AMP12A_0	AMP12B_0	AMP01A_0	AMP01B_1	AMP02A_1	AMP02B_1	AMP03A_1	AMP03B_1	AMP03C_1	AMP04A_1	AMP04B_1	AMP05A_1	AMP05B_1	AMP06A_1	AMP06B_1	AMP07A_1	AMP07B_1	AMP08A_1	AMP08B_1	AMP09A_1	AMP09B_1	AMP10A_1	AMP10B_1	AMU11A_1	AMU11B_1	AMP12A_1	AMP12B_1	AMP01A_1	
-0.1000	 1.13708159564977E-0002	-1.2012	0.0699	0.4307	1.0315	1.2412	1.3458	-1.2012	-0.1209	-0.2859	1.2381	1.1660	0.9960	-1.4369	-0.9617	1.1047	1.6476	0.4101	0.3406	-0.7880	-0.0376	0.2434	0.8486	2.0820	1.2730	0.2894	-0.5750	-0.0553	0.3226	0.9498	1.1721	1.4670	-0.9436	-0.0114	-0.2231	1.2714	1.0455	0.9427	-1.3782	-0.8308	1.0574	1.5794	0.3034	0.2109	-0.6279	0.0662	0.2600	0.8078	2.0218	1.2705	0.3855	-0.4230	
-0.0667	 4.53567629929108E-0003	-0.6633	-0.0625	0.2746	0.8386	1.0179	1.5894	-0.6633	0.0673	-0.2961	1.1102	1.0976	1.0305	-1.2348	-0.6474	0.8479	1.4395	0.2644	0.2355	-0.5201	0.1580	0.3566	0.8750	1.9003	1.1834	0.4055	-0.3393	-0.1411	0.2066	0.7871	0.9741	1.6655	-0.5004	0.1365	-0.2563	1.1317	1.0215	0.9967	-1.1977	-0.5649	0.8182	1.3966	0.1969	0.1532	-0.4188	0.2237	0.3674	0.8492	1.8621	1.1819	0.4660	-0.2433	
-0.0333	 7.29077037697977E-0004	-0.1148	-0.1971	0.1159	0.6419	0.7900	1.8370	-0.1148	0.2588	-0.3061	0.9814	1.0274	1.0646	-1.0297	-0.3277	0.5877	1.2283	0.1155	0.1272	-0.2474	0.3573	0.4721	0.9018	1.7154	1.0917	0.5236	-0.0995	-0.2284	0.0887	0.6215	0.7724	1.8664	-0.0494	0.2865	-0.2900	0.9900	0.9969	1.0509	-1.0147	-0.2951	0.5757	1.2111	0.0885	0.0940	-0.2064	0.3837	0.4764	0.8911	1.6993	1.0910	0.5478	-0.0606	
0.0000	 1.92373845816341E-0004	0.4382	-0.3339	-0.0450	0.4434	0.5594	2.0861	0.4382	0.4525	-0.3159	0.8513	0.9560	1.0989	-0.8221	-0.0054	0.3245	1.0140	-0.0351	0.0171	0.0281	0.5587	0.5886	0.9285	1.5277	0.9998	0.6431	0.1426	-0.3168	-0.0306	0.4547	0.5682	2.0691	0.4050	0.4384	-0.3235	0.8477	0.9719	1.1054	-0.8297	-0.0227	0.3310	1.0235	-0.0211	0.0334	0.0078	0.5456	0.5868	0.9332	1.5350	0.9997	0.6303	0.1235	
0.0333	 3.01203392305148E-0003	0.9933	-0.4717	-0.2067	0.2434	0.3266	2.3358	0.9933	0.6475	-0.3249	0.7216	0.8836	1.1325	-0.6135	0.3178	0.0605	0.7991	-0.1866	-0.0934	0.3057	0.7614	0.7061	0.9552	1.3382	0.9069	0.7627	0.3871	-0.4061	-0.1503	0.2863	0.3626	2.2717	0.8615	0.5912	-0.3571	0.7050	0.9463	1.1601	-0.6439	0.2503	0.0849	0.8345	-0.1315	-0.0274	0.2243	0.7084	0.6976	0.9753	1.3686	0.9076	0.7131	0.3095	
0.0667	 9.26974293542649E-0003	1.5489	-0.6098	-0.3689	0.0419	0.0928	2.5853	1.5489	0.8430	-0.3333	0.5922	0.8094	1.1658	-0.4044	0.6420	-0.2045	0.5831	-0.3389	-0.2048	0.5844	0.9648	0.8238	0.9822	1.1481	0.8134	0.8827	0.6321	-0.4955	-0.2703	0.1175	0.1562	2.4745	1.3180	0.7443	-0.3899	0.5625	0.9198	1.2143	-0.4577	0.5241	-0.1613	0.6459	-0.2423	-0.0884	0.4409	0.8717	0.8095	1.0177	1.2020	0.8151	0.7961	0.4956	
0.1000	 1.88012332707839E-0002	2.1004	-0.7475	-0.5309	-0.1594	-0.1414	2.8325	2.1004	1.0388	-0.3411	0.4633	0.7350	1.1985	-0.1955	0.9661	-0.4688	0.3679	-0.4905	-0.3163	0.8628	1.1680	0.9428	1.0100	0.9567	0.7197	1.0031	0.8771	-0.5851	-0.3906	-0.0524	-0.0510	2.6765	1.7730	0.8980	-0.4226	0.4201	0.8929	1.2682	-0.2714	0.7978	-0.4082	0.4564	-0.3526	-0.1494	0.6573	1.0348	0.9213	1.0603	1.0343	0.7224	0.8796	0.6821	
