Arquivo: c:\arq\medidas\BBA_2404_072627\BBA_AMP05A_H.dat
Data: 2404	 Hora:  0751
Comentário: 
NomeParametro	 ValorParametro
Nmedias	5
PausaCorretora	3000
PausaShunt	2000
PausaLeitura	500
NumCiclos	3
 NPassosCor	7
DeltaShunt	3.00
TetaIni	-0.10
TetaFim	0.10
I[mA]	 135.8
ACH11B	DeltaPos^2	AMP05A	AMP01B_0	AMP02A_0	AMP02B_0	AMP03A_0	AMP03B_0	AMP03C_0	AMP04A_0	AMP04B_0	AMP05A_0	AMP05B_0	AMP06A_0	AMP06B_0	AMP07A_0	AMP07B_0	AMP08A_0	AMP08B_0	AMP09A_0	AMP09B_0	AMP10A_0	AMP10B_0	AMU11A_0	AMU11B_0	AMP12A_0	AMP12B_0	AMP01A_0	AMP01B_1	AMP02A_1	AMP02B_1	AMP03A_1	AMP03B_1	AMP03C_1	AMP04A_1	AMP04B_1	AMP05A_1	AMP05B_1	AMP06A_1	AMP06B_1	AMP07A_1	AMP07B_1	AMP08A_1	AMP08B_1	AMP09A_1	AMP09B_1	AMP10A_1	AMP10B_1	AMU11A_1	AMU11B_1	AMP12A_1	AMP12B_1	AMP01A_1	
-0.1000	 1.62642029075601E-0003	-0.8552	-1.0957	0.2674	-2.1191	0.6028	-0.2681	-2.2452	-0.7576	-0.6202	-0.8552	0.5289	0.3312	-1.1630	-0.0193	0.1655	-0.3612	0.0249	-0.4911	-0.1020	0.2192	-0.5909	-0.5954	-0.2608	-0.6142	-0.7966	0.0198	-1.0204	0.2579	-2.1464	0.6020	-0.2474	-2.2272	-0.7350	-0.6201	-0.9216	0.4546	0.3495	-1.1311	-0.0396	0.1254	-0.3700	0.0354	-0.4532	-0.0828	0.1895	-0.6078	-0.5221	-0.1912	-0.6478	-0.8302	0.0827	
-0.0667	 5.07152090671664E-0004	-1.1730	-1.1158	0.3934	-2.0684	0.2876	-0.5404	-2.3198	-0.5977	-0.4736	-1.1730	0.1922	0.4371	-1.0115	-0.1746	-0.0667	-0.3689	0.1004	-0.3844	-0.0846	0.1031	-0.6369	-0.2962	0.0118	-0.6044	-0.8787	-0.0935	-1.0733	0.3878	-2.0836	0.2875	-0.5284	-2.3095	-0.5856	-0.4741	-1.2095	0.1509	0.4470	-0.9939	-0.1859	-0.0894	-0.3736	0.1063	-0.3637	-0.0742	0.0867	-0.6461	-0.2554	0.0502	-0.6238	-0.8977	-0.0576	
-0.0333	 2.44159551540947E-0005	-1.4917	-1.1377	0.5205	-2.0164	-0.0308	-0.8152	-2.3954	-0.4374	-0.3262	-1.4917	-0.1472	0.5431	-0.8594	-0.3324	-0.3019	-0.3749	0.1772	-0.2791	-0.0684	-0.0128	-0.6818	0.0037	0.2841	-0.5931	-0.9595	-0.2093	-1.1284	0.5189	-2.0198	-0.0305	-0.8122	-2.3928	-0.4343	-0.3263	-1.4998	-0.1560	0.5453	-0.8554	-0.3343	-0.3067	-0.3762	0.1781	-0.2747	-0.0663	-0.0164	-0.6840	0.0125	0.2919	-0.5976	-0.9639	-0.2009	
0.0000	 1.63534897086714E-0004	-1.8117	-1.1607	0.6481	-1.9639	-0.3506	-1.0915	-2.4712	-0.2761	-0.1783	-1.8117	-0.4878	0.6501	-0.7064	-0.4906	-0.5379	-0.3816	0.2539	-0.1732	-0.0522	-0.1299	-0.7274	0.3044	0.5575	-0.5821	-1.0416	-0.3263	-1.1836	0.6506	-1.9558	-0.3495	-1.0971	-2.4758	-0.2830	-0.1786	-1.7907	-0.4638	0.6441	-0.7164	-0.4842	-0.5255	-0.3786	0.2507	-0.1863	-0.0589	-0.1197	-0.7218	0.2809	0.5345	-0.5716	-1.0306	-0.3450	
0.0333	 9.28304451070350E-0004	-2.1315	-1.1844	0.7762	-1.9108	-0.6715	-1.3685	-2.5477	-0.1143	-0.0298	-2.1315	-0.8290	0.7570	-0.5531	-0.6501	-0.7750	-0.3875	0.3310	-0.0687	-0.0371	-0.2461	-0.7723	0.6048	0.8296	-0.5701	-1.1224	-0.4448	-1.2405	0.7830	-1.8905	-0.6695	-1.3829	-2.5598	-0.1311	-0.0302	-2.0817	-0.7721	0.7436	-0.5770	-0.6345	-0.7450	-0.3808	0.3231	-0.0984	-0.0523	-0.2227	-0.7591	0.5490	0.7755	-0.5452	-1.0970	-0.4908	
0.0667	 2.34050575763484E-0003	-2.4518	-1.2107	0.9053	-1.8563	-0.9939	-1.6472	-2.6247	0.0480	0.1199	-2.4518	-1.1715	0.8647	-0.3988	-0.8110	-1.0135	-0.3932	0.4087	0.0352	-0.0230	-0.3634	-0.8170	0.9046	1.1005	-0.5573	-1.2030	-0.5652	-1.2999	0.9165	-1.8236	-0.9913	-1.6705	-2.6446	0.0217	0.1195	-2.3737	-1.0820	0.8434	-0.4365	-0.7870	-0.9663	-0.3816	0.3970	-0.0123	-0.0477	-0.3255	-0.7955	0.8159	1.0152	-0.5167	-1.1618	-0.6388	
0.1000	 4.35152544751411E-0003	-2.7717	-1.2388	1.0353	-1.8009	-1.3164	-1.9266	-2.7027	0.2109	0.2696	-2.7717	-1.5141	0.9728	-0.2439	-0.9733	-1.2526	-0.3979	0.4873	0.1383	-0.0106	-0.4788	-0.8600	1.2023	1.3690	-0.5432	-1.2825	-0.6871	-1.3603	1.0502	-1.7564	-1.3132	-1.9583	-2.7297	0.1751	0.2689	-2.6649	-1.3916	0.9441	-0.2956	-0.9409	-1.1885	-0.3815	0.4716	0.0730	-0.0444	-0.4281	-0.8311	1.0818	1.2534	-0.4877	-1.2257	-0.7880	
