Arquivo: c:\arq\medidas\BBA_2404_072627\BBA_AMP12B_V.dat
Data: 2404	 Hora:  0839
Comentário: 
NomeParametro	 ValorParametro
Nmedias	5
PausaCorretora	3000
PausaShunt	2000
PausaLeitura	500
NumCiclos	3
 NPassosCor	7
DeltaShunt	3.00
TetaIni	-0.10
TetaFim	0.10
I[mA]	  32.2
ACV11B	DeltaPos^2	AMP12B	AMP01B_0	AMP02A_0	AMP02B_0	AMP03A_0	AMP03B_0	AMP03C_0	AMP04A_0	AMP04B_0	AMP05A_0	AMP05B_0	AMP06A_0	AMP06B_0	AMP07A_0	AMP07B_0	AMP08A_0	AMP08B_0	AMP09A_0	AMP09B_0	AMP10A_0	AMP10B_0	AMU11A_0	AMU11B_0	AMP12A_0	AMP12B_0	AMP01A_0	AMP01B_1	AMP02A_1	AMP02B_1	AMP03A_1	AMP03B_1	AMP03C_1	AMP04A_1	AMP04B_1	AMP05A_1	AMP05B_1	AMP06A_1	AMP06B_1	AMP07A_1	AMP07B_1	AMP08A_1	AMP08B_1	AMP09A_1	AMP09B_1	AMP10A_1	AMP10B_1	AMU11A_1	AMU11B_1	AMP12A_1	AMP12B_1	AMP01A_1	
-0.1000	 1.82559094521958E-0004	0.1241	0.5338	0.3219	0.0160	-0.3932	2.3178	1.2994	0.9684	0.4452	1.7601	-0.1451	0.3611	-0.9843	0.2017	0.8637	1.1042	-0.6389	-1.0167	0.7172	1.2145	1.2433	1.3798	0.7018	0.2084	0.1241	-0.1870	0.5518	0.3364	0.0223	-0.3906	2.3022	1.2760	0.9636	0.4557	1.7763	-0.1547	0.3489	-0.9994	0.1828	0.8834	1.1188	-0.6368	-1.0195	0.7070	1.2138	1.2562	1.3930	0.6892	0.1939	0.1098	-0.2053	
-0.0667	 5.85954845674881E-0005	0.2979	0.2471	0.1996	0.1507	-0.0925	2.2548	1.0399	0.8060	0.1975	1.4670	0.2161	0.6068	-0.9252	0.1485	0.6847	1.0714	-0.4454	-0.6826	0.5036	1.0064	1.0329	1.2394	0.9726	0.4695	0.2979	-0.0714	0.2575	0.2079	0.1533	-0.0924	2.2444	1.0282	0.8043	0.2043	1.4757	0.2085	0.5984	-0.9336	0.1374	0.6945	1.0787	-0.4452	-0.6844	0.4989	1.0069	1.0406	1.2441	0.9629	0.4613	0.2894	-0.0813	
-0.0333	 9.23513571863477E-0006	0.4754	-0.0452	0.0743	0.2877	0.2153	2.1896	0.7742	0.6403	-0.0557	1.1670	0.5846	0.8570	-0.8646	0.0950	0.5015	1.0372	-0.2478	-0.3404	0.2846	0.7941	0.8183	1.0952	1.2488	0.7361	0.4754	0.0464	-0.0424	0.0763	0.2859	0.2115	2.1850	0.7759	0.6419	-0.0527	1.1680	0.5784	0.8535	-0.8659	0.0928	0.5008	1.0379	-0.2498	-0.3427	0.2869	0.7959	0.8199	1.0915	1.2412	0.7333	0.4732	0.0454	
0.0000	 4.21629759279867E-0005	0.6540	-0.3403	-0.0513	0.4250	0.5241	2.1239	0.5081	0.4738	-0.3095	0.8645	0.9538	1.1085	-0.8036	0.0405	0.3166	1.0035	-0.0493	0.0036	0.0644	0.5810	0.6024	0.9509	1.5257	1.0036	0.6540	0.1649	-0.3448	-0.0563	0.4194	0.5168	2.1253	0.5219	0.4789	-0.3108	0.8581	0.9492	1.1092	-0.7974	0.0475	0.3060	0.9963	-0.0534	0.0012	0.0735	0.5839	0.5983	0.9387	1.5206	1.0071	0.6579	0.1727	
0.0333	 1.55776522113991E-0004	0.8328	-0.6367	-0.1773	0.5617	0.8326	2.0576	0.2420	0.3072	-0.5635	0.5613	1.3237	1.3596	-0.7422	-0.0137	0.1311	0.9688	0.1497	0.3482	-0.1558	0.3671	0.3861	0.8044	1.8011	1.2710	0.8328	0.2847	-0.6491	-0.1894	0.5530	0.8226	2.0658	0.2680	0.3151	-0.5695	0.5473	1.3218	1.3659	-0.7287	0.0028	0.1106	0.9547	0.1438	0.3463	-0.1407	0.3712	0.3759	0.7848	1.8005	1.2812	0.8436	0.3011	
0.0667	 3.69472271946458E-0004	1.0115	-0.9320	-0.3035	0.6987	1.1391	1.9903	-0.0237	0.1413	-0.8167	0.2577	1.6904	1.6096	-0.6812	-0.0684	-0.0542	0.9345	0.3478	0.6916	-0.3760	0.1539	0.1707	0.6579	2.0738	1.5373	1.0115	0.4042	-0.9543	-0.3230	0.6864	1.1281	2.0066	0.0143	0.1517	-0.8283	0.2348	1.6937	1.6223	-0.6598	-0.0420	-0.0855	0.9129	0.3407	0.6915	-0.3557	0.1582	0.1539	0.6308	2.0794	1.5547	1.0296	0.4301	
0.1000	 6.83889004493345E-0004	1.1892	-1.2251	-0.4292	0.8349	1.4429	1.9233	-0.2885	-0.0245	-1.0687	-0.0443	2.0542	1.8584	-0.6208	-0.1233	-0.2378	0.9004	0.5450	1.0329	-0.5953	-0.0592	-0.0426	0.5133	2.3437	1.8010	1.1892	0.5235	-1.2571	-0.4562	0.8196	1.4311	1.9474	-0.2386	-0.0115	-1.0855	-0.0769	2.0629	1.8771	-0.5916	-0.0873	-0.2801	0.8718	0.5372	1.0356	-0.5704	-0.0546	-0.0668	0.4787	2.3561	1.8258	1.2145	0.5595	
