Arquivo: c:\arq\medidas\BBA_2404_072627\BBA_AMP01B_V.dat
Data: 2404	 Hora:  0728
Comentário: 
NomeParametro	 ValorParametro
Nmedias	5
PausaCorretora	3000
PausaShunt	2000
PausaLeitura	500
NumCiclos	3
 NPassosCor	7
DeltaShunt	3.00
TetaIni	-0.10
TetaFim	0.10
I[mA]	 137.6
ACV11A	DeltaPos^2	AMP01B	AMP01B_0	AMP02A_0	AMP02B_0	AMP03A_0	AMP03B_0	AMP03C_0	AMP04A_0	AMP04B_0	AMP05A_0	AMP05B_0	AMP06A_0	AMP06B_0	AMP07A_0	AMP07B_0	AMP08A_0	AMP08B_0	AMP09A_0	AMP09B_0	AMP10A_0	AMP10B_0	AMU11A_0	AMU11B_0	AMP12A_0	AMP12B_0	AMP01A_0	AMP01B_1	AMP02A_1	AMP02B_1	AMP03A_1	AMP03B_1	AMP03C_1	AMP04A_1	AMP04B_1	AMP05A_1	AMP05B_1	AMP06A_1	AMP06B_1	AMP07A_1	AMP07B_1	AMP08A_1	AMP08B_1	AMP09A_1	AMP09B_1	AMP10A_1	AMP10B_1	AMU11A_1	AMU11B_1	AMP12A_1	AMP12B_1	AMP01A_1	
-0.1000	 4.59801624482972E-0003	-1.4011	-1.4011	-0.7128	0.4029	0.9008	2.3980	0.8252	0.4059	-0.9628	-0.1347	1.7426	1.7805	-0.3168	0.4060	-0.5792	0.5699	0.2188	0.6983	-0.0887	0.2359	-0.0808	0.1641	1.7561	1.5221	1.3657	0.9595	-1.4932	-0.7850	0.3583	0.8719	2.4708	0.9673	0.4451	-1.0027	-0.2208	1.7733	1.8281	-0.2422	0.4998	-0.6893	0.4974	0.2012	0.7149	-0.0356	0.2449	-0.1435	0.0810	1.8063	1.5889	1.4247	1.0113	
-0.0667	 2.09508317764780E-0003	-1.0706	-1.0706	-0.5122	0.3962	0.7661	2.3150	0.7448	0.4405	-0.7411	0.1936	1.4653	1.5493	-0.4709	0.2952	-0.2935	0.7026	0.1190	0.4562	-0.0265	0.3585	0.1449	0.4133	1.6656	1.3457	1.1438	0.7177	-1.1325	-0.5606	0.3666	0.7466	2.3643	0.8402	0.4670	-0.7683	0.1353	1.4862	1.5815	-0.4204	0.3585	-0.3678	0.6538	0.1073	0.4678	0.0093	0.3645	0.1023	0.3571	1.6998	1.3913	1.1839	0.7529	
-0.0333	 5.14264103334580E-0004	-0.7330	-0.7330	-0.3076	0.3902	0.6291	2.2309	0.6621	0.4757	-0.5152	0.5272	1.1831	1.3138	-0.6280	0.1814	-0.0018	0.8387	0.0177	0.2101	0.0358	0.4829	0.3750	0.6667	1.5729	1.1655	0.9172	0.4723	-0.7630	-0.3313	0.3754	0.6194	2.2555	0.7094	0.4885	-0.5288	0.4983	1.1936	1.3296	-0.6031	0.2125	-0.0387	0.8143	0.0121	0.2166	0.0533	0.4854	0.3537	0.6388	1.5907	1.1887	0.9370	0.4892	
0.0000	 9.79006867251481E-0007	-0.3915	-0.3915	-0.1007	0.3841	0.4909	2.1455	0.5782	0.5108	-0.2873	0.8626	0.8974	1.0753	-0.7867	0.0662	0.2923	0.9757	-0.0839	-0.0380	0.0984	0.6081	0.6073	0.9223	1.4791	0.9829	0.6881	0.2245	-0.3895	-0.0995	0.3846	0.4910	2.1452	0.5763	0.5101	-0.2870	0.8633	0.8975	1.0752	-0.7874	0.0647	0.2935	0.9766	-0.0832	-0.0369	0.0973	0.6074	0.6077	0.9233	1.4800	0.9833	0.6873	0.2229	
0.0333	 5.93653224850929E-0004	-0.0486	-0.0486	0.1080	0.3783	0.3524	2.0587	0.4929	0.5459	-0.0580	1.2006	0.6113	0.8349	-0.9468	-0.0505	0.5889	1.1146	-0.1854	-0.2865	0.1598	0.7332	0.8412	1.1791	1.3846	0.7989	0.4574	-0.0250	-0.0140	0.1343	0.3942	0.3625	2.0331	0.4414	0.5312	-0.0437	1.2314	0.6006	0.8181	-0.9734	-0.0845	0.6279	1.1403	-0.1786	-0.2912	0.1399	0.7294	0.8633	1.2089	1.3686	0.7763	0.4358	-0.0451	
0.0667	 2.29509891351343E-0003	0.2947	0.2947	0.3167	0.3727	0.2137	1.9711	0.4066	0.5807	0.1718	1.5384	0.3231	0.5940	-1.1073	-0.1675	0.8860	1.2534	-0.2873	-0.5361	0.2213	0.8591	1.0762	1.4364	1.2899	0.6143	0.2255	-0.2758	0.3617	0.3680	0.4041	0.2338	1.9201	0.3055	0.5527	0.1999	1.5987	0.3021	0.5608	-1.1597	-0.2347	0.9636	1.3042	-0.2740	-0.5457	0.1829	0.8517	1.1191	1.4947	1.2574	0.5685	0.1833	-0.3141	
0.1000	 5.10357845933890E-0003	0.6414	0.6414	0.5268	0.3675	0.0742	1.8825	0.3187	0.6155	0.4029	1.8781	0.0327	0.3516	-1.2689	-0.2861	1.1852	1.3930	-0.3897	-0.7872	0.2828	0.9854	1.3116	1.6959	1.1953	0.4281	-0.0082	-0.5295	0.7403	0.6031	0.4146	0.1046	1.8058	0.1673	0.5736	0.4446	1.9672	0.0011	0.3020	-1.3470	-0.3859	1.3001	1.4689	-0.3700	-0.8023	0.2259	0.9745	1.3765	1.7828	1.1455	0.3595	-0.0710	-0.5863	
