Arquivo: c:\arq\medidas\BBA_2404_072627\BBA_AMP01A_V.dat
Data: 2404	 Hora:  0842
Comentário: 
NomeParametro	 ValorParametro
Nmedias	5
PausaCorretora	3000
PausaShunt	2000
PausaLeitura	500
NumCiclos	3
 NPassosCor	7
DeltaShunt	3.00
TetaIni	-0.10
TetaFim	0.10
I[mA]	  32.2
ACV07B	DeltaPos^2	AMP01A	AMP01B_0	AMP02A_0	AMP02B_0	AMP03A_0	AMP03B_0	AMP03C_0	AMP04A_0	AMP04B_0	AMP05A_0	AMP05B_0	AMP06A_0	AMP06B_0	AMP07A_0	AMP07B_0	AMP08A_0	AMP08B_0	AMP09A_0	AMP09B_0	AMP10A_0	AMP10B_0	AMU11A_0	AMU11B_0	AMP12A_0	AMP12B_0	AMP01A_0	AMP01B_1	AMP02A_1	AMP02B_1	AMP03A_1	AMP03B_1	AMP03C_1	AMP04A_1	AMP04B_1	AMP05A_1	AMP05B_1	AMP06A_1	AMP06B_1	AMP07A_1	AMP07B_1	AMP08A_1	AMP08B_1	AMP09A_1	AMP09B_1	AMP10A_1	AMP10B_1	AMU11A_1	AMU11B_1	AMP12A_1	AMP12B_1	AMP01A_1	
-0.1000	 4.01981172078299E-0003	1.1540	-1.5846	-0.8451	0.3294	0.8570	2.5579	1.1276	0.4671	-1.0993	-0.3847	1.8705	1.9469	-0.0853	0.7116	-0.9065	0.1326	-0.5260	-0.2284	1.0232	0.9740	0.1007	0.0802	1.7564	1.5872	1.5047	1.1540	-1.6377	-0.8997	0.2730	0.7963	2.6286	1.2841	0.5209	-1.1115	-0.4337	1.8580	1.9649	-0.0198	0.8073	-0.9908	0.0655	-0.5676	-0.2541	1.1010	1.0101	0.0658	0.0154	1.7662	1.6271	1.5690	1.2337	
-0.0667	 1.67782808451582E-0003	0.8369	-1.1888	-0.5911	0.3625	0.7542	2.4154	0.9232	0.4663	-0.8493	0.0133	1.5803	1.6810	-0.3156	0.4945	-0.5161	0.4123	-0.3694	-0.1484	0.7116	0.8440	0.2587	0.3567	1.6843	1.4039	1.2336	0.8369	-1.2257	-0.6266	0.3280	0.7191	2.4616	1.0233	0.4985	-0.8592	-0.0214	1.5769	1.6949	-0.2728	0.5564	-0.5730	0.3685	-0.3951	-0.1639	0.7615	0.8658	0.2354	0.3148	1.6931	1.4303	1.2756	0.8887	
-0.0333	 1.84181016807576E-0004	0.5117	-0.7832	-0.3310	0.3968	0.6499	2.2684	0.7123	0.4644	-0.5928	0.4205	1.2838	1.4082	-0.5520	0.2706	-0.1162	0.6989	-0.2095	-0.0668	0.3929	0.7109	0.4210	0.6399	1.6103	1.2152	0.9553	0.5117	-0.7951	-0.3425	0.3853	0.6376	2.2837	0.7454	0.4759	-0.5954	0.4097	1.2813	1.4123	-0.5380	0.2913	-0.1348	0.6842	-0.2185	-0.0728	0.4098	0.7188	0.4135	0.6266	1.6124	1.2236	0.9689	0.5290	
0.0000	 2.15204248465442E-0004	0.1827	-0.3707	-0.0673	0.4318	0.5443	2.1183	0.4978	0.4626	-0.3328	0.8316	0.9827	1.1315	-0.7924	0.0426	0.2894	0.9895	-0.0478	0.0146	0.0695	0.5767	0.5858	0.9270	1.5345	1.0232	0.6723	0.1827	-0.3567	-0.0540	0.4437	0.5558	2.1012	0.4626	0.4518	-0.3280	0.8453	0.9814	1.1251	-0.8079	0.0210	0.3100	1.0048	-0.0393	0.0181	0.0528	0.5697	0.5949	0.9427	1.5294	1.0119	0.6569	0.1642	
0.0333	 1.84045728953550E-0003	-0.1482	0.0433	0.1989	0.4677	0.4383	1.9666	0.2808	0.4607	-0.0711	1.2456	0.6805	0.8519	-1.0346	-0.1880	0.6985	1.2818	0.1154	0.0971	-0.2553	0.4421	0.7527	1.2156	1.4573	0.8288	0.3874	-0.1482	0.0826	0.2367	0.5030	0.4733	1.9171	0.1768	0.4278	-0.0589	1.2838	0.6805	0.8351	-1.0799	-0.2526	0.7577	1.3272	0.1413	0.1101	-0.3059	0.4205	0.7783	1.2601	1.4456	0.7985	0.3423	-0.2025	
0.0667	 5.05367667278379E-0003	-0.4814	0.4582	0.4648	0.5037	0.3324	1.8140	0.0622	0.4580	0.1913	1.6593	0.3766	0.5717	-1.2769	-0.4199	1.1082	1.5748	0.2791	0.1793	-0.5816	0.3062	0.9200	1.5045	1.3802	0.6336	0.1011	-0.4814	0.5234	0.5274	0.5623	0.3916	1.7322	-0.1106	0.4034	0.2103	1.7219	0.3783	0.5444	-1.3517	-0.5268	1.2061	1.6498	0.3222	0.2026	-0.6666	0.2702	0.9614	1.5781	1.3622	0.5846	0.0267	-0.5719	
0.1000	 9.75949065313863E-0003	-0.8134	0.8713	0.7301	0.5400	0.2273	1.6610	-0.1562	0.4554	0.4518	2.0697	0.0738	0.2930	-1.5183	-0.6502	1.5147	1.8661	0.4423	0.2623	-0.9074	0.1706	1.0864	1.7923	1.3045	0.4398	-0.1841	-0.8134	0.9615	0.8168	0.6219	0.3102	1.5472	-0.3965	0.3784	0.4780	2.1558	0.0770	0.2557	-1.6215	-0.7995	1.6506	1.9696	0.5024	0.2953	-1.0256	0.1202	1.1438	1.8942	1.2798	0.3715	-0.2870	-0.9388	
