Arquivo: c:\arq\medidas\BBA_2404_072627\BBA_AMP02B_V.dat
Data: 2404	 Hora:  0734
Comentário: 
NomeParametro	 ValorParametro
Nmedias	5
PausaCorretora	3000
PausaShunt	2000
PausaLeitura	500
NumCiclos	3
 NPassosCor	7
DeltaShunt	3.00
TetaIni	-0.10
TetaFim	0.10
I[mA]	 137.2
ACV09B	DeltaPos^2	AMP02B	AMP01B_0	AMP02A_0	AMP02B_0	AMP03A_0	AMP03B_0	AMP03C_0	AMP04A_0	AMP04B_0	AMP05A_0	AMP05B_0	AMP06A_0	AMP06B_0	AMP07A_0	AMP07B_0	AMP08A_0	AMP08B_0	AMP09A_0	AMP09B_0	AMP10A_0	AMP10B_0	AMU11A_0	AMU11B_0	AMP12A_0	AMP12B_0	AMP01A_0	AMP01B_1	AMP02A_1	AMP02B_1	AMP03A_1	AMP03B_1	AMP03C_1	AMP04A_1	AMP04B_1	AMP05A_1	AMP05B_1	AMP06A_1	AMP06B_1	AMP07A_1	AMP07B_1	AMP08A_1	AMP08B_1	AMP09A_1	AMP09B_1	AMP10A_1	AMP10B_1	AMU11A_1	AMU11B_1	AMP12A_1	AMP12B_1	AMP01A_1	
-0.1000	 4.79792449453991E-0004	1.0068	0.0769	0.4254	1.0068	1.2019	1.3453	-1.1848	-0.1070	-0.2577	1.2732	1.1279	0.9680	-1.4468	-0.9609	1.1282	1.6537	0.3901	0.3046	-0.7729	-0.0192	0.2684	0.8693	2.0527	1.2493	0.2882	-0.5622	0.1020	0.4480	1.0269	1.2321	1.3228	-1.2364	-0.1285	-0.2693	1.2684	1.1503	0.9778	-1.4591	-0.9846	1.1373	1.6679	0.4122	0.3293	-0.8045	-0.0393	0.2654	0.8787	2.0644	1.2482	0.2676	-0.5938	
-0.0667	 2.57243800651017E-0004	0.8101	-0.0652	0.2619	0.8101	0.9773	1.5990	-0.6290	0.0884	-0.2659	1.1451	1.0536	1.0010	-1.2394	-0.6371	0.8660	1.4399	0.2382	0.1927	-0.4951	0.1824	0.3805	0.8911	1.8697	1.1617	0.4111	-0.3168	-0.0463	0.2790	0.8253	0.9997	1.5820	-0.6670	0.0728	-0.2735	1.1422	1.0694	1.0073	-1.2486	-0.6544	0.8729	1.4507	0.2543	0.2098	-0.5179	0.1681	0.3792	0.8986	1.8776	1.1601	0.3959	-0.3399	
-0.0333	 9.96655297492130E-0005	0.6093	-0.2100	0.0954	0.6093	0.7476	1.8571	-0.0616	0.2870	-0.2738	1.0150	0.9775	1.0334	-1.0283	-0.3074	0.5988	1.2222	0.0828	0.0777	-0.2113	0.3877	0.4951	0.9127	1.6825	1.0730	0.5367	-0.0667	-0.1977	0.1065	0.6189	0.7613	1.8457	-0.0851	0.2777	-0.2776	1.0148	0.9864	1.0369	-1.0345	-0.3178	0.6042	1.2296	0.0926	0.0874	-0.2255	0.3800	0.4949	0.9188	1.6865	1.0704	0.5266	-0.0813	
0.0000	 1.72923908207788E-0005	0.4068	-0.3570	-0.0735	0.4068	0.5149	2.1165	0.5109	0.4884	-0.2809	0.8845	0.9000	1.0662	-0.8148	0.0258	0.3297	1.0020	-0.0746	-0.0389	0.0753	0.5960	0.6108	0.9345	1.4927	0.9822	0.6634	0.1863	-0.3511	-0.0683	0.4110	0.5198	2.1110	0.5012	0.4852	-0.2808	0.8863	0.9015	1.0661	-0.8180	0.0219	0.3332	1.0058	-0.0712	-0.0373	0.0701	0.5936	0.6126	0.9389	1.4929	0.9794	0.6587	0.1802	
0.0333	 1.11811880927563E-0005	0.2024	-0.5054	-0.2430	0.2024	0.2806	2.3766	1.0857	0.6910	-0.2874	0.7539	0.8210	1.0981	-0.6005	0.3597	0.0593	0.7806	-0.2331	-0.1569	0.3640	0.8053	0.7277	0.9563	1.3016	0.8912	0.7907	0.4408	-0.5067	-0.2441	0.2010	0.2765	2.3770	1.0915	0.6941	-0.2838	0.7582	0.8154	1.0952	-0.6001	0.3631	0.0606	0.7804	-0.2361	-0.1632	0.3680	0.8092	0.7307	0.9588	1.2979	0.8879	0.7914	0.4441	
0.0667	 8.53729852924508E-0005	-0.0031	-0.6540	-0.4132	-0.0031	0.0448	2.6359	1.6596	0.8943	-0.2934	0.6237	0.7412	1.1301	-0.3854	0.6950	-0.2116	0.5588	-0.3920	-0.2756	0.6534	1.0150	0.8447	0.9783	1.1087	0.7993	0.9186	0.6967	-0.6622	-0.4203	-0.0103	0.0324	2.6419	1.6796	0.9036	-0.2856	0.6306	0.7281	1.1235	-0.3821	0.7050	-0.2125	0.5545	-0.4015	-0.2897	0.6665	1.0249	0.8494	0.9790	1.1010	0.7955	0.9247	0.7084	
0.1000	 2.41759376066796E-0004	-0.2106	-0.8037	-0.5849	-0.2106	-0.1936	2.8969	2.2358	1.1001	-0.2985	0.4930	0.6593	1.1611	-0.1685	1.0333	-0.4852	0.3343	-0.5524	-0.3953	0.9457	1.2270	0.9636	1.0014	0.9135	0.7069	1.0477	0.9549	-0.8188	-0.5982	-0.2235	-0.2151	2.9092	2.2703	1.1154	-0.2868	0.5021	0.6389	1.1512	-0.1621	1.0499	-0.4882	0.3262	-0.5684	-0.4176	0.9683	1.2435	0.9700	1.0005	0.9017	0.7024	1.0592	0.9758	
