Arquivo: c:\arq\medidas\BBA_2404_072627\BBA_AMP03B_V.dat
Data: 2404	 Hora:  0740
Comentário: 
NomeParametro	 ValorParametro
Nmedias	5
PausaCorretora	3000
PausaShunt	2000
PausaLeitura	500
NumCiclos	3
 NPassosCor	7
DeltaShunt	3.00
TetaIni	-0.10
TetaFim	0.10
I[mA]	 136.7
ACV09B	DeltaPos^2	AMP03B	AMP01B_0	AMP02A_0	AMP02B_0	AMP03A_0	AMP03B_0	AMP03C_0	AMP04A_0	AMP04B_0	AMP05A_0	AMP05B_0	AMP06A_0	AMP06B_0	AMP07A_0	AMP07B_0	AMP08A_0	AMP08B_0	AMP09A_0	AMP09B_0	AMP10A_0	AMP10B_0	AMU11A_0	AMU11B_0	AMP12A_0	AMP12B_0	AMP01A_0	AMP01B_1	AMP02A_1	AMP02B_1	AMP03A_1	AMP03B_1	AMP03C_1	AMP04A_1	AMP04B_1	AMP05A_1	AMP05B_1	AMP06A_1	AMP06B_1	AMP07A_1	AMP07B_1	AMP08A_1	AMP08B_1	AMP09A_1	AMP09B_1	AMP10A_1	AMP10B_1	AMU11A_1	AMU11B_1	AMP12A_1	AMP12B_1	AMP01A_1	
-0.1000	 6.77955364009630E-0003	1.3429	0.0735	0.4336	1.0340	1.2433	1.3429	-1.2080	-0.1235	-0.2864	1.2382	1.1687	0.9969	-1.4388	-0.9650	1.1065	1.6495	0.4126	0.3441	-0.7925	-0.0403	0.2429	0.8496	2.0845	1.2735	0.2869	-0.5795	0.1737	0.5188	1.0951	1.2918	1.2498	-1.4092	-0.2077	-0.3316	1.2178	1.2587	1.0350	-1.4865	-1.0670	1.1470	1.7045	0.4949	0.4418	-0.9153	-0.1194	0.2335	0.8846	2.1281	1.2723	0.2110	-0.6974	
-0.0667	 3.24252853646699E-0003	1.6058	-0.0786	0.2606	0.8277	1.0093	1.6058	-0.6296	0.0820	-0.2868	1.1163	1.0809	1.0224	-1.2275	-0.6305	0.8427	1.4303	0.2499	0.2180	-0.4994	0.1715	0.3589	0.8696	1.8936	1.1836	0.4181	-0.3199	-0.0088	0.3193	0.8700	1.0432	1.5422	-0.7689	0.0235	-0.3178	1.1022	1.1431	1.0488	-1.2603	-0.7010	0.8709	1.4685	0.3070	0.2856	-0.5843	0.1170	0.3523	0.8940	1.9240	1.1830	0.3659	-0.4010	
-0.0333	 9.40793436273067E-0004	1.8736	-0.2340	0.0838	0.6173	0.7694	1.8736	-0.0381	0.2919	-0.2864	0.9926	0.9902	1.0478	-1.0124	-0.2895	0.5743	1.2080	0.0831	0.0884	-0.1997	0.3881	0.4774	0.8899	1.6983	1.0918	0.5523	-0.0550	-0.1961	0.1155	0.6403	0.7878	1.8396	-0.1129	0.2607	-0.3030	0.9853	1.0239	1.0622	-1.0299	-0.3269	0.5897	1.2284	0.1139	0.1254	-0.2453	0.3585	0.4737	0.9031	1.7152	1.0920	0.5240	-0.0987	
0.0000	 1.45413251185621E-0005	2.1430	-0.3916	-0.0953	0.4050	0.5265	2.1430	0.5577	0.5038	-0.2855	0.8687	0.8980	1.0729	-0.7949	0.0544	0.3040	0.9825	-0.0855	-0.0435	0.1031	0.6070	0.5968	0.9102	1.5003	0.9990	0.6873	0.2127	-0.3865	-0.0910	0.4080	0.5292	2.1392	0.5489	0.5004	-0.2875	0.8681	0.9025	1.0748	-0.7967	0.0509	0.3057	0.9852	-0.0812	-0.0382	0.0974	0.6032	0.5961	0.9121	1.5032	0.9996	0.6838	0.2072	
0.0333	 5.40554160075190E-0004	2.4133	-0.5510	-0.2753	0.1910	0.2823	2.4133	1.1568	0.7173	-0.2841	0.7445	0.8046	1.0976	-0.5764	0.4002	0.0318	0.7559	-0.2553	-0.1761	0.4077	0.8270	0.7173	0.9304	1.3009	0.9057	0.8232	0.4828	-0.5786	-0.2989	0.1736	0.2684	2.4399	1.2139	0.7416	-0.2711	0.7508	0.7790	1.0871	-0.5622	0.4304	0.0200	0.7402	-0.2780	-0.2028	0.4423	0.8493	0.7200	0.9210	1.2895	0.9066	0.8444	0.5158	
0.0667	 2.52080618330769E-0003	2.6824	-0.7104	-0.4558	-0.0246	0.0363	2.6824	1.7536	0.9320	-0.2817	0.6210	0.7098	1.1217	-0.3575	0.7464	-0.2410	0.5285	-0.4254	-0.3098	0.7127	1.0482	0.8385	0.9506	1.0998	0.8113	0.9595	0.7534	-0.7707	-0.5074	-0.0623	0.0061	2.7386	1.8759	0.9838	-0.2535	0.6345	0.6543	1.0984	-0.3276	0.8099	-0.2657	0.4947	-0.4751	-0.3683	0.7881	1.0965	0.8446	0.9302	1.0743	0.8129	1.0059	0.8251	
0.1000	 5.92496116991147E-0003	2.9508	-0.8697	-0.6366	-0.2400	-0.2096	2.9508	2.3468	1.1462	-0.2786	0.4981	0.6144	1.1454	-0.1387	1.0928	-0.5134	0.3015	-0.5953	-0.4432	1.0178	1.2691	0.9603	0.9719	0.8979	0.7170	1.0960	1.0243	-0.9624	-0.7155	-0.2978	-0.2562	3.0367	2.5326	1.2262	-0.2348	0.5192	0.5285	1.1088	-0.0931	1.1901	-0.5513	0.2499	-0.6718	-0.5338	1.1335	1.3432	0.9698	0.9405	0.8577	0.7187	1.1667	1.1346	
