Arquivo: c:\arq\medidas\BBA_2404_072627\BBA_AMP12A_V.dat
Data: 2404	 Hora:  0836
Comentário: 
NomeParametro	 ValorParametro
Nmedias	5
PausaCorretora	3000
PausaShunt	2000
PausaLeitura	500
NumCiclos	3
 NPassosCor	7
DeltaShunt	3.00
TetaIni	-0.10
TetaFim	0.10
I[mA]	  32.3
ACV09A	DeltaPos^2	AMP12A	AMP01B_0	AMP02A_0	AMP02B_0	AMP03A_0	AMP03B_0	AMP03C_0	AMP04A_0	AMP04B_0	AMP05A_0	AMP05B_0	AMP06A_0	AMP06B_0	AMP07A_0	AMP07B_0	AMP08A_0	AMP08B_0	AMP09A_0	AMP09B_0	AMP10A_0	AMP10B_0	AMU11A_0	AMU11B_0	AMP12A_0	AMP12B_0	AMP01A_0	AMP01B_1	AMP02A_1	AMP02B_1	AMP03A_1	AMP03B_1	AMP03C_1	AMP04A_1	AMP04B_1	AMP05A_1	AMP05B_1	AMP06A_1	AMP06B_1	AMP07A_1	AMP07B_1	AMP08A_1	AMP08B_1	AMP09A_1	AMP09B_1	AMP10A_1	AMP10B_1	AMU11A_1	AMU11B_1	AMP12A_1	AMP12B_1	AMP01A_1	
-0.1000	 3.54699708272858E-0004	0.3726	-0.1803	-0.2090	-0.2343	-0.4820	2.7808	2.1519	1.1668	0.0756	1.0592	0.1990	0.7795	-0.4407	0.8525	0.0364	0.5815	-0.7281	-0.8993	0.5061	1.0993	1.2777	1.4935	0.7265	0.3726	0.6366	0.5209	-0.1502	-0.1922	-0.2390	-0.4983	2.7684	2.1531	1.1736	0.0980	1.0880	0.1695	0.7558	-0.4540	0.8377	0.0617	0.5925	-0.7391	-0.9195	0.5137	1.1122	1.2982	1.5047	0.7001	0.3517	0.6167	0.5002	
-0.0667	 1.61486844531364E-0004	0.5771	-0.2325	-0.1573	-0.0187	-0.1528	2.5669	1.6171	0.9405	-0.0508	0.9951	0.4469	0.8874	-0.5595	0.5865	0.1282	0.7195	-0.5061	-0.6038	0.3588	0.9290	1.0597	1.3193	0.9866	0.5771	0.6418	0.4043	-0.2122	-0.1462	-0.0219	-0.1644	2.5569	1.6171	0.9449	-0.0360	1.0141	0.4260	0.8713	-0.5684	0.5763	0.1443	0.7265	-0.5135	-0.6172	0.3642	0.9376	1.0731	1.3251	0.9676	0.5635	0.6285	0.3904	
-0.0333	 3.69778222809051E-0005	0.7844	-0.2860	-0.1056	0.1995	0.1796	2.3482	1.0732	0.7110	-0.1785	0.9301	0.6964	0.9962	-0.6794	0.3173	0.2200	0.8586	-0.2818	-0.3048	0.2103	0.7566	0.8387	1.1418	1.2482	0.7844	0.6478	0.2869	-0.2764	-0.1006	0.1974	0.1735	2.3427	1.0740	0.7134	-0.1714	0.9384	0.6853	0.9886	-0.6834	0.3126	0.2260	0.8616	-0.2856	-0.3115	0.2135	0.7608	0.8448	1.1425	1.2374	0.7783	0.6417	0.2810	
0.0000	 2.74921012432085E-0006	0.9941	-0.3401	-0.0537	0.4189	0.5151	2.1272	0.5223	0.4799	-0.3072	0.8643	0.9471	1.1060	-0.8003	0.0468	0.3120	0.9990	-0.0551	-0.0039	0.0602	0.5826	0.6152	0.9628	1.5112	0.9941	0.6544	0.1693	-0.3421	-0.0548	0.4188	0.5152	2.1250	0.5221	0.4793	-0.3089	0.8615	0.9474	1.1072	-0.7991	0.0466	0.3090	0.9978	-0.0545	-0.0022	0.0605	0.5817	0.6132	0.9585	1.5105	0.9954	0.6558	0.1710	
0.0333	 7.04320938554918E-0005	1.2042	-0.3956	-0.0022	0.6387	0.8515	1.9050	-0.0315	0.2474	-0.4364	0.7990	1.1993	1.2164	-0.9215	-0.2243	0.4039	1.1394	0.1727	0.2985	-0.0893	0.4079	0.3899	0.7823	1.7754	1.2042	0.6617	0.0525	-0.4090	-0.0097	0.6407	0.8582	1.9055	-0.0329	0.2441	-0.4464	0.7851	1.2108	1.2263	-0.9156	-0.2208	0.3914	1.1345	0.1776	0.3089	-0.0921	0.4020	0.3801	0.7720	1.7843	1.2143	0.6707	0.0612	
0.0667	 2.30152911577908E-0004	1.4148	-0.4527	0.0484	0.8588	1.1863	1.6841	-0.5853	0.0151	-0.5653	0.7333	1.4507	1.3266	-1.0419	-0.4948	0.4952	1.2792	0.4000	0.5999	-0.2382	0.2338	0.1646	0.6010	2.0388	1.4148	0.6699	-0.0632	-0.4771	0.0349	0.8624	1.2001	1.6863	-0.5876	0.0095	-0.5832	0.7082	1.4729	1.3450	-1.0314	-0.4883	0.4744	1.2705	0.4092	0.6194	-0.2442	0.2231	0.1471	0.5845	2.0569	1.4316	0.6858	-0.0477	
0.1000	 4.83330531985860E-0004	1.6257	-0.5111	0.0991	1.0789	1.5202	1.4617	-1.1394	-0.2169	-0.6948	0.6676	1.7021	1.4369	-1.1628	-0.7656	0.5872	1.4192	0.6273	0.9019	-0.3868	0.0593	-0.0612	0.4192	2.3022	1.6257	0.6786	-0.1784	-0.5467	0.0792	1.0835	1.5399	1.4660	-1.1412	-0.2250	-0.7209	0.6314	1.7344	1.4633	-1.1474	-0.7559	0.5565	1.4062	0.6402	0.9298	-0.3951	0.0444	-0.0864	0.3959	2.3287	1.6497	0.7019	-0.1553	
