Arquivo: c:\arq\medidas\BBA_2404_072627\BBA_AMP07B_V.dat
Data: 2404	 Hora:  0808
Comentário: 
NomeParametro	 ValorParametro
Nmedias	5
PausaCorretora	3000
PausaShunt	2000
PausaLeitura	500
NumCiclos	3
 NPassosCor	7
DeltaShunt	3.00
TetaIni	-0.10
TetaFim	0.10
I[mA]	  53.2
ACV07B	DeltaPos^2	AMP07B	AMP01B_0	AMP02A_0	AMP02B_0	AMP03A_0	AMP03B_0	AMP03C_0	AMP04A_0	AMP04B_0	AMP05A_0	AMP05B_0	AMP06A_0	AMP06B_0	AMP07A_0	AMP07B_0	AMP08A_0	AMP08B_0	AMP09A_0	AMP09B_0	AMP10A_0	AMP10B_0	AMU11A_0	AMU11B_0	AMP12A_0	AMP12B_0	AMP01A_0	AMP01B_1	AMP02A_1	AMP02B_1	AMP03A_1	AMP03B_1	AMP03C_1	AMP04A_1	AMP04B_1	AMP05A_1	AMP05B_1	AMP06A_1	AMP06B_1	AMP07A_1	AMP07B_1	AMP08A_1	AMP08B_1	AMP09A_1	AMP09B_1	AMP10A_1	AMP10B_1	AMU11A_1	AMU11B_1	AMP12A_1	AMP12B_1	AMP01A_1	
-0.1000	 6.69361448620948E-0003	-0.7756	-1.4734	-0.7684	0.3591	0.8630	2.4929	1.0073	0.4457	-1.0337	-0.2716	1.8121	1.8774	-0.1639	0.6126	-0.7756	0.2118	-0.5157	-0.2613	0.9668	0.9644	0.1487	0.1428	1.7217	1.5229	1.4177	1.0459	-1.6095	-0.8529	0.3554	0.9092	2.5335	1.0576	0.4380	-1.1224	-0.4081	1.9196	1.9709	-0.0902	0.6774	-0.9046	0.1173	-0.5690	-0.2892	1.0740	1.0084	0.0923	0.0477	1.7507	1.5871	1.5086	1.1497	
-0.0667	 3.20312703098757E-0003	-0.4231	-1.1087	-0.5381	0.3785	0.7526	2.3726	0.8472	0.4563	-0.7977	0.0957	1.5345	1.6276	-0.3693	0.4274	-0.4231	0.4678	-0.3665	-0.1787	0.6739	0.8402	0.2964	0.4005	1.6512	1.3506	1.1709	0.7613	-1.2027	-0.5960	0.3763	0.7848	2.4009	0.8815	0.4506	-0.8593	0.0009	1.6092	1.6925	-0.3180	0.4721	-0.5125	0.4021	-0.4031	-0.1976	0.7471	0.8704	0.2574	0.3346	1.6715	1.3955	1.2336	0.8329	
-0.0333	 9.27702251782569E-0004	-0.0619	-0.7340	-0.3021	0.3988	0.6401	2.2491	0.6819	0.4668	-0.5563	0.4707	1.2507	1.3722	-0.5799	0.2361	-0.0619	0.7291	-0.2142	-0.0948	0.3737	0.7135	0.4478	0.6640	1.5788	1.1743	0.9174	0.4699	-0.7852	-0.3332	0.3981	0.6582	2.2638	0.6994	0.4633	-0.5898	0.4200	1.2915	1.4073	-0.5525	0.2603	-0.1101	0.6938	-0.2336	-0.1047	0.4128	0.7296	0.4269	0.6292	1.5903	1.1981	0.9511	0.5088	
0.0000	 1.11176650440413E-0005	0.3033	-0.3550	-0.0635	0.4197	0.5267	2.1235	0.5146	0.4768	-0.3126	0.8484	0.9635	1.1135	-0.7931	0.0418	0.3033	0.9937	-0.0602	-0.0109	0.0703	0.5859	0.6011	0.9304	1.5052	0.9951	0.6605	0.1758	-0.3612	-0.0667	0.4206	0.5302	2.1242	0.5142	0.4755	-0.3167	0.8428	0.9690	1.1180	-0.7905	0.0443	0.2984	0.9903	-0.0620	-0.0115	0.0736	0.5873	0.5989	0.9277	1.5071	0.9973	0.6640	0.1799	
0.0333	 6.01595204461882E-0004	0.6710	0.0258	0.1778	0.4410	0.4130	1.9959	0.3448	0.4866	-0.0671	1.2292	0.6748	0.8524	-1.0082	-0.1541	0.6710	1.2604	0.0951	0.0737	-0.2350	0.4581	0.7561	1.1982	1.4304	0.8137	0.4014	-0.1203	0.0655	0.2028	0.4436	0.4018	1.9824	0.3262	0.4874	-0.0418	1.2697	0.6448	0.8251	-1.0308	-0.1743	0.7101	1.2891	0.1115	0.0832	-0.2682	0.4447	0.7727	1.2279	1.4228	0.7938	0.3739	-0.1514	
0.0667	 2.69032002220887E-0003	1.0403	0.4073	0.4183	0.4625	0.2990	1.8683	0.1743	0.4967	0.1785	1.6098	0.3844	0.5902	-1.2232	-0.3511	1.0403	1.5270	0.2507	0.1591	-0.5414	0.3294	0.9116	1.4662	1.3553	0.6317	0.1413	-0.4178	0.4919	0.4713	0.4668	0.2728	1.8406	0.1374	0.4993	0.2335	1.6955	0.3189	0.5317	-1.2707	-0.3937	1.1220	1.5871	0.2852	0.1775	-0.6110	0.3009	0.9467	1.5283	1.3384	0.5903	0.0834	-0.4839	
0.1000	 6.30633330076920E-0003	1.4066	0.7878	0.6581	0.4843	0.1854	1.7400	0.0038	0.5064	0.4232	1.9879	0.0947	0.3295	-1.4378	-0.5473	1.4066	1.7927	0.4063	0.2445	-0.8478	0.2003	1.0656	1.7338	1.2820	0.4505	-0.1180	-0.7152	0.9178	0.7398	0.4909	0.1451	1.6970	-0.0520	0.5107	0.5077	2.1181	-0.0059	0.2398	-1.5102	-0.6127	1.5320	1.8845	0.4592	0.2728	-0.9539	0.1567	1.1204	1.8276	1.2555	0.3867	-0.2069	-0.8164	
