Arquivo: c:\arq\medidas\BBA_2404_072627\BBA_AMP10B_H.dat
Data: 2404	 Hora:  0825
Comentário: 
NomeParametro	 ValorParametro
Nmedias	5
PausaCorretora	3000
PausaShunt	2000
PausaLeitura	500
NumCiclos	3
 NPassosCor	7
DeltaShunt	3.00
TetaIni	-0.10
TetaFim	0.10
I[mA]	  33.5
ACH05A	DeltaPos^2	AMP10B	AMP01B_0	AMP02A_0	AMP02B_0	AMP03A_0	AMP03B_0	AMP03C_0	AMP04A_0	AMP04B_0	AMP05A_0	AMP05B_0	AMP06A_0	AMP06B_0	AMP07A_0	AMP07B_0	AMP08A_0	AMP08B_0	AMP09A_0	AMP09B_0	AMP10A_0	AMP10B_0	AMU11A_0	AMU11B_0	AMP12A_0	AMP12B_0	AMP01A_0	AMP01B_1	AMP02A_1	AMP02B_1	AMP03A_1	AMP03B_1	AMP03C_1	AMP04A_1	AMP04B_1	AMP05A_1	AMP05B_1	AMP06A_1	AMP06B_1	AMP07A_1	AMP07B_1	AMP08A_1	AMP08B_1	AMP09A_1	AMP09B_1	AMP10A_1	AMP10B_1	AMU11A_1	AMU11B_1	AMP12A_1	AMP12B_1	AMP01A_1	
-0.1000	 5.19344241283246E-0004	-1.0504	-0.0811	0.4880	-2.3878	-0.3778	-0.8209	-2.2459	-0.0049	-0.1964	-2.6683	-1.5062	0.8272	-0.3149	-0.6262	-0.9683	-0.5882	0.3087	0.4532	0.3306	-0.6200	-1.0504	1.4128	1.6319	-1.1015	-1.5888	0.5477	-0.0574	0.4610	-2.4082	-0.3350	-0.7779	-2.2305	-0.0267	-0.2232	-2.6437	-1.4729	0.8183	-0.3331	-0.6318	-0.9621	-0.5827	0.3040	0.4183	0.3033	-0.6070	-1.0395	1.4065	1.6153	-1.1190	-1.5936	0.5797	
-0.0667	 3.69530567298035E-0004	-0.9748	-0.4044	0.5287	-2.2696	-0.3716	-0.9083	-2.3202	-0.1008	-0.1976	-2.3929	-1.1863	0.7558	-0.4489	-0.5522	-0.8094	-0.5461	0.2694	0.2846	0.2416	-0.4862	-0.9748	1.0947	1.3273	-0.9560	-1.4407	0.2808	-0.3850	0.5060	-2.2866	-0.3354	-0.8721	-2.3074	-0.1194	-0.2200	-2.3718	-1.1583	0.7481	-0.4642	-0.5566	-0.8043	-0.5413	0.2657	0.2548	0.2186	-0.4747	-0.9656	1.0887	1.3128	-0.9704	-1.4444	0.3077	
-0.0333	 2.47846839121014E-0004	-0.8986	-0.7327	0.5698	-2.1503	-0.3659	-0.9975	-2.3955	-0.1984	-0.1984	-2.1125	-0.8623	0.6829	-0.5846	-0.4762	-0.6481	-0.5040	0.2291	0.1144	0.1520	-0.3505	-0.8986	0.7713	1.0182	-0.8083	-1.2908	0.0093	-0.7170	0.5515	-2.1634	-0.3364	-0.9680	-2.3851	-0.2131	-0.2167	-2.0951	-0.8389	0.6768	-0.5969	-0.4796	-0.6437	-0.4997	0.2263	0.0893	0.1328	-0.3411	-0.8908	0.7656	1.0054	-0.8198	-1.2934	0.0306	
0.0000	 1.51354801141498E-0004	-0.8221	-1.0632	0.6118	-2.0297	-0.3611	-1.0877	-2.4711	-0.2955	-0.1989	-1.8305	-0.5365	0.6100	-0.7207	-0.4003	-0.4858	-0.4617	0.1890	-0.0570	0.0619	-0.2149	-0.8221	0.4454	0.7065	-0.6596	-1.1402	-0.2651	-1.0513	0.5981	-2.0388	-0.3383	-1.0653	-2.4632	-0.3070	-0.2126	-1.8164	-0.5182	0.6050	-0.7301	-0.4026	-0.4827	-0.4575	0.1870	-0.0776	0.0458	-0.2067	-0.8151	0.4392	0.6949	-0.6674	-1.1409	-0.2493	
0.0333	 7.30077681911268E-0005	-0.7455	-1.3939	0.6541	-1.9079	-0.3564	-1.1784	-2.5473	-0.3931	-0.1992	-1.5468	-0.2092	0.5365	-0.8575	-0.3239	-0.3236	-0.4190	0.1489	-0.2286	-0.0285	-0.0788	-0.7455	0.1174	0.3924	-0.5101	-0.9888	-0.5416	-1.3867	0.6452	-1.9130	-0.3408	-1.1639	-2.5423	-0.4008	-0.2080	-1.5367	-0.1965	0.5330	-0.8636	-0.3251	-0.3212	-0.4154	0.1477	-0.2442	-0.0404	-0.0722	-0.7397	0.1109	0.3824	-0.5147	-0.9882	-0.5320	
0.0667	 2.84732183415209E-0005	-0.6682	-1.7262	0.6970	-1.7857	-0.3525	-1.2700	-2.6238	-0.4908	-0.1991	-1.2618	0.1188	0.4629	-0.9946	-0.2478	-0.1608	-0.3759	0.1087	-0.4009	-0.1193	0.0575	-0.6682	-0.2117	0.0770	-0.3599	-0.8364	-0.8199	-1.7230	0.6926	-1.7864	-0.3443	-1.2627	-2.6217	-0.4945	-0.2037	-1.2562	0.1252	0.4611	-0.9972	-0.2479	-0.1600	-0.3728	0.1084	-0.4123	-0.1281	0.0634	-0.6635	-0.2195	0.0677	-0.3603	-0.8336	-0.8164	
0.1000	 1.23209646951061E-0005	-0.5909	-2.0589	0.7400	-1.6624	-0.3489	-1.3626	-2.7008	-0.5887	-0.1991	-0.9757	0.4474	0.3888	-1.1319	-0.1714	0.0024	-0.3332	0.0679	-0.5740	-0.2107	0.1946	-0.5909	-0.5431	-0.2405	-0.2088	-0.6836	-1.1005	-2.0591	0.7409	-1.6587	-0.3488	-1.3636	-2.7014	-0.5883	-0.1985	-0.9756	0.4463	0.3885	-1.1307	-0.1708	0.0009	-0.3299	0.0687	-0.5809	-0.2161	0.1992	-0.5873	-0.5513	-0.2484	-0.2058	-0.6792	-1.1028	
