Arquivo: c:\arq\medidas\BBA_2404_072627\BBA_AMP09B_V.dat
Data: 2404	 Hora:  0820
Comentário: 
NomeParametro	 ValorParametro
Nmedias	5
PausaCorretora	3000
PausaShunt	2000
PausaLeitura	500
NumCiclos	3
 NPassosCor	7
DeltaShunt	3.00
TetaIni	-0.10
TetaFim	0.10
I[mA]	  35.5
ACV09B	DeltaPos^2	AMP09B	AMP01B_0	AMP02A_0	AMP02B_0	AMP03A_0	AMP03B_0	AMP03C_0	AMP04A_0	AMP04B_0	AMP05A_0	AMP05B_0	AMP06A_0	AMP06B_0	AMP07A_0	AMP07B_0	AMP08A_0	AMP08B_0	AMP09A_0	AMP09B_0	AMP10A_0	AMP10B_0	AMU11A_0	AMU11B_0	AMP12A_0	AMP12B_0	AMP01A_0	AMP01B_1	AMP02A_1	AMP02B_1	AMP03A_1	AMP03B_1	AMP03C_1	AMP04A_1	AMP04B_1	AMP05A_1	AMP05B_1	AMP06A_1	AMP06B_1	AMP07A_1	AMP07B_1	AMP08A_1	AMP08B_1	AMP09A_1	AMP09B_1	AMP10A_1	AMP10B_1	AMU11A_1	AMU11B_1	AMP12A_1	AMP12B_1	AMP01A_1	
-0.1000	 1.16514005749370E-0002	-0.8826	0.1564	0.5032	1.0707	1.2552	1.2847	-1.3222	-0.1524	-0.2452	1.3386	1.1530	0.9643	-1.5095	-1.0512	1.2044	1.7283	0.4752	0.4026	-0.8826	-0.0940	0.2463	0.8901	2.1052	1.2684	0.2294	-0.6653	0.2370	0.5902	1.1684	1.3636	1.1569	-1.5992	-0.2465	-0.2317	1.4167	1.1783	0.9384	-1.6191	-1.2181	1.3439	1.8403	0.5532	0.4592	-1.0253	-0.1979	0.1938	0.8862	2.1959	1.3079	0.1618	-0.7957	
-0.0667	 7.38879021136576E-0003	-0.5817	-0.0046	0.3252	0.8650	1.0239	1.5515	-0.7403	0.0465	-0.2686	1.1836	1.0923	1.0125	-1.2832	-0.7036	0.9179	1.4967	0.3097	0.2789	-0.5817	0.1208	0.3585	0.9041	1.9154	1.1829	0.3664	-0.3986	0.0600	0.3945	0.9428	1.1101	1.4498	-0.9614	-0.0285	-0.2578	1.2453	1.1124	0.9923	-1.3704	-0.8363	1.0292	1.5855	0.3716	0.3236	-0.6954	0.0382	0.3170	0.9013	1.9878	1.2146	0.3127	-0.5021	
-0.0333	 3.97713444473367E-0003	-0.2743	-0.1691	0.1432	0.6549	0.7867	1.8226	-0.1450	0.2501	-0.2916	1.0260	1.0292	1.0611	-1.0531	-0.3495	0.6269	1.2603	0.1402	0.1510	-0.2743	0.3396	0.4732	0.9185	1.7213	1.0952	0.5059	-0.1264	-0.1217	0.1942	0.7119	0.8505	1.7485	-0.3074	0.1949	-0.2840	1.0713	1.0449	1.0465	-1.1167	-0.4466	0.7084	1.3254	0.1855	0.1843	-0.3577	0.2790	0.4428	0.9164	1.7745	1.1184	0.4666	-0.2023	
0.0000	 1.56253150437904E-0003	0.0361	-0.3362	-0.0409	0.4424	0.5464	2.0959	0.4560	0.4559	-0.3144	0.8679	0.9650	1.1094	-0.8202	0.0087	0.3330	1.0212	-0.0318	0.0210	0.0361	0.5613	0.5891	0.9327	1.5245	1.0070	0.6472	0.1487	-0.3063	-0.0090	0.4782	0.5867	2.0495	0.3543	0.4212	-0.3095	0.8963	0.9747	1.1003	-0.8602	-0.0516	0.3837	1.0620	-0.0031	0.0419	-0.0163	0.5233	0.5701	0.9315	1.5582	1.0217	0.6225	0.1007	
0.0333	 2.40925320614642E-0004	0.3495	-0.5046	-0.2261	0.2287	0.3043	2.3701	1.0594	0.6629	-0.3361	0.7097	0.8997	1.1572	-0.5862	0.3678	0.0375	0.7806	-0.2047	-0.1100	0.3495	0.7844	0.7063	0.9469	1.3255	0.9174	0.7886	0.4258	-0.4926	-0.2136	0.2426	0.3203	2.3516	1.0196	0.6493	-0.3342	0.7209	0.9033	1.1536	-0.6019	0.3445	0.0575	0.7964	-0.1937	-0.1017	0.3290	0.7695	0.6984	0.9466	1.3390	0.9233	0.7788	0.4068	
0.0667	 7.14499280662311E-0005	0.6631	-0.6729	-0.4116	0.0130	0.0606	2.6428	1.6617	0.8705	-0.3571	0.5525	0.8325	1.2040	-0.3522	0.7275	-0.2578	0.5398	-0.3783	-0.2417	0.6631	1.0084	0.8240	0.9619	1.1249	0.8268	0.9303	0.7039	-0.6791	-0.4188	0.0052	0.0525	2.6526	1.6832	0.8785	-0.3579	0.5469	0.8303	1.2062	-0.3435	0.7415	-0.2689	0.5309	-0.3844	-0.2461	0.6742	1.0162	0.8281	0.9624	1.1186	0.8245	0.9357	0.7137	
0.1000	 9.99627657684379E-0004	0.9762	-0.8411	-0.5974	-0.2025	-0.1831	2.9152	2.2610	1.0789	-0.3771	0.3958	0.7646	1.2506	-0.1186	1.0874	-0.5530	0.2991	-0.5515	-0.3736	0.9762	1.2323	0.9428	0.9778	0.9236	0.7366	1.0724	0.9822	-0.8648	-0.6229	-0.2316	-0.2157	2.9517	2.3412	1.1069	-0.3806	0.3737	0.7560	1.2577	-0.0862	1.1370	-0.5940	0.2661	-0.5746	-0.3904	1.0184	1.2626	0.9583	0.9795	0.8971	0.7250	1.0922	1.0202	
