Arquivo: c:\arq\medidas\BBA_2404_072627\BBA_AMP05A_V.dat
Data: 2404	 Hora:  0752
Comentário: 
NomeParametro	 ValorParametro
Nmedias	5
PausaCorretora	3000
PausaShunt	2000
PausaLeitura	500
NumCiclos	3
 NPassosCor	7
DeltaShunt	3.00
TetaIni	-0.10
TetaFim	0.10
I[mA]	 135.6
ACV11B	DeltaPos^2	AMP05A	AMP01B_0	AMP02A_0	AMP02B_0	AMP03A_0	AMP03B_0	AMP03C_0	AMP04A_0	AMP04B_0	AMP05A_0	AMP05B_0	AMP06A_0	AMP06B_0	AMP07A_0	AMP07B_0	AMP08A_0	AMP08B_0	AMP09A_0	AMP09B_0	AMP10A_0	AMP10B_0	AMU11A_0	AMU11B_0	AMP12A_0	AMP12B_0	AMP01A_0	AMP01B_1	AMP02A_1	AMP02B_1	AMP03A_1	AMP03B_1	AMP03C_1	AMP04A_1	AMP04B_1	AMP05A_1	AMP05B_1	AMP06A_1	AMP06B_1	AMP07A_1	AMP07B_1	AMP08A_1	AMP08B_1	AMP09A_1	AMP09B_1	AMP10A_1	AMP10B_1	AMU11A_1	AMU11B_1	AMP12A_1	AMP12B_1	AMP01A_1	
-0.1000	 3.06871787229180E-0003	1.7142	0.4973	0.3156	0.0575	-0.3025	2.2691	1.1770	0.9199	0.4080	1.7142	-0.0642	0.3934	-1.0034	0.1302	0.8493	1.1176	-0.5920	-0.9410	0.6537	1.1629	1.1821	1.3129	0.7558	0.2469	0.1343	-0.1967	0.5756	0.3536	0.0321	-0.3685	2.2747	1.2186	0.9530	0.4711	1.7964	-0.1009	0.3452	-1.0696	0.0505	0.9498	1.1814	-0.5816	-0.9633	0.6134	1.1603	1.2417	1.3876	0.7059	0.1837	0.0844	-0.2365	
-0.0667	 1.34824678163029E-0003	1.4513	0.2392	0.2010	0.1703	-0.0450	2.2208	0.9668	0.7828	0.1880	1.4513	0.2513	0.6097	-0.9511	0.0832	0.6920	1.0895	-0.4184	-0.6444	0.4568	0.9760	1.0056	1.2024	0.9887	0.4750	0.2930	-0.0858	0.2908	0.2263	0.1533	-0.0888	2.2244	0.9940	0.8046	0.2299	1.5059	0.2266	0.5778	-0.9948	0.0307	0.7587	1.1315	-0.4114	-0.6591	0.4303	0.9746	1.0453	1.2524	0.9556	0.4331	0.2599	-0.1120	
-0.0333	 3.08318983171040E-0004	1.1828	-0.0237	0.0841	0.2843	0.2171	2.1721	0.7528	0.6430	-0.0364	1.1828	0.5724	0.8304	-0.8974	0.0357	0.5316	1.0602	-0.2415	-0.3420	0.2565	0.7863	0.8255	1.0897	1.2258	0.7073	0.4551	0.0269	0.0009	0.0964	0.2766	0.1965	2.1731	0.7647	0.6530	-0.0164	1.2092	0.5604	0.8155	-0.9186	0.0107	0.5635	1.0809	-0.2378	-0.3488	0.2439	0.7853	0.8444	1.1136	1.2094	0.6871	0.4390	0.0142	
0.0000	 3.89342511088034E-0006	0.9121	-0.2885	-0.0342	0.3988	0.4801	2.1233	0.5384	0.5027	-0.2617	0.9121	0.8938	1.0525	-0.8432	-0.0111	0.3697	1.0306	-0.0640	-0.0388	0.0554	0.5955	0.6441	0.9770	1.4635	0.9406	0.6185	0.1404	-0.2914	-0.0351	0.4004	0.4833	2.1223	0.5347	0.5006	-0.2643	0.9095	0.8949	1.0542	-0.8413	-0.0086	0.3671	1.0293	-0.0634	-0.0368	0.0562	0.5950	0.6423	0.9748	1.4647	0.9423	0.6198	0.1413	
0.0333	 4.51558989541278E-0004	0.6408	-0.5551	-0.1523	0.5137	0.7442	2.0743	0.3228	0.3616	-0.4883	0.6408	1.2173	1.2751	-0.7886	-0.0587	0.2071	1.0011	0.1147	0.2662	-0.1466	0.4035	0.4623	0.8635	1.7020	1.1749	0.7822	0.2547	-0.5856	-0.1664	0.5245	0.7711	2.0711	0.3038	0.3480	-0.5129	0.6093	1.2318	1.2938	-0.7639	-0.0283	0.1694	0.9776	0.1120	0.2768	-0.1324	0.4036	0.4396	0.8352	1.7207	1.1984	0.8005	0.2695	
0.0667	 1.65331910913572E-0003	0.3677	-0.8223	-0.2713	0.6286	1.0081	2.0253	0.1075	0.2205	-0.7148	0.3677	1.5405	1.4975	-0.7340	-0.1062	0.0443	0.9715	0.2936	0.5717	-0.3495	0.2111	0.2804	0.7498	1.9400	1.4085	0.9464	0.3699	-0.8804	-0.2986	0.6486	1.0588	2.0189	0.0723	0.1947	-0.7615	0.3071	1.5675	1.5333	-0.6862	-0.0485	-0.0284	0.9260	0.2878	0.5908	-0.3220	0.2120	0.2370	0.6952	1.9760	1.4538	0.9820	0.3981	
0.1000	 3.61122958529625E-0003	0.0914	-1.0923	-0.3916	0.7446	1.2742	1.9752	-0.1103	0.0776	-0.9432	0.0914	1.8665	1.7222	-0.6791	-0.1546	-0.1198	0.9418	0.4743	0.8800	-0.5556	0.0168	0.0968	0.6352	2.1797	1.6444	1.1124	0.4862	-1.1777	-0.4321	0.7741	1.3482	1.9673	-0.1613	0.0399	-1.0125	0.0014	1.9064	1.7746	-0.6081	-0.0690	-0.2276	0.8742	0.4652	0.9077	-0.5141	0.0183	0.0325	0.5546	2.2327	1.7115	1.1654	0.5285	
