Arquivo: c:\arq\medidas\BBA_2404_072627\BBA_AMP04A_H.dat
Data: 2404	 Hora:  0745
Comentário: 
NomeParametro	 ValorParametro
Nmedias	5
PausaCorretora	3000
PausaShunt	2000
PausaLeitura	500
NumCiclos	3
 NPassosCor	7
DeltaShunt	3.00
TetaIni	-0.10
TetaFim	0.10
I[mA]	 136.3
ACH09A	DeltaPos^2	AMP04A	AMP01B_0	AMP02A_0	AMP02B_0	AMP03A_0	AMP03B_0	AMP03C_0	AMP04A_0	AMP04B_0	AMP05A_0	AMP05B_0	AMP06A_0	AMP06B_0	AMP07A_0	AMP07B_0	AMP08A_0	AMP08B_0	AMP09A_0	AMP09B_0	AMP10A_0	AMP10B_0	AMU11A_0	AMU11B_0	AMP12A_0	AMP12B_0	AMP01A_0	AMP01B_1	AMP02A_1	AMP02B_1	AMP03A_1	AMP03B_1	AMP03C_1	AMP04A_1	AMP04B_1	AMP05A_1	AMP05B_1	AMP06A_1	AMP06B_1	AMP07A_1	AMP07B_1	AMP08A_1	AMP08B_1	AMP09A_1	AMP09B_1	AMP10A_1	AMP10B_1	AMU11A_1	AMU11B_1	AMP12A_1	AMP12B_1	AMP01A_1	
-0.1000	 2.16016188678167E-0003	-0.6252	-0.4075	0.1267	-2.3895	0.7273	0.0343	-2.0540	-0.6252	-0.6825	-1.3006	0.2751	0.6738	-0.9539	-0.8237	-0.5759	-0.0044	0.3987	-1.1468	-1.2686	-0.0024	-0.2824	0.3421	0.3106	-0.9250	-1.0715	0.6336	-0.3426	0.1164	-2.4224	0.6930	0.0245	-2.0460	-0.6037	-0.6551	-1.3528	0.2042	0.6632	-0.9434	-0.8090	-0.5863	-0.0461	0.3780	-1.0754	-1.2126	-0.0580	-0.3301	0.4273	0.4005	-0.9690	-1.1251	0.6764	
-0.0667	 1.64954710146324E-0003	-0.4976	-0.6496	0.3059	-2.2495	0.3500	-0.3545	-2.1953	-0.4976	-0.5064	-1.4935	-0.0018	0.6738	-0.8617	-0.7273	-0.5821	-0.1294	0.3565	-0.8200	-0.8701	-0.0547	-0.4326	0.3553	0.4183	-0.8158	-1.0718	0.3157	-0.5927	0.2971	-2.2780	0.3197	-0.3632	-2.1882	-0.4780	-0.4820	-1.5392	-0.0643	0.6643	-0.8523	-0.7146	-0.5915	-0.1656	0.3386	-0.7577	-0.8209	-0.1031	-0.4740	0.4297	0.4964	-0.8542	-1.1185	0.3531	
-0.0333	 1.19159277054307E-0003	-0.3688	-0.8942	0.4862	-2.1084	-0.0305	-0.7460	-2.3376	-0.3688	-0.3292	-1.6878	-0.2809	0.6742	-0.7687	-0.6311	-0.5895	-0.2548	0.3144	-0.4915	-0.4684	-0.1071	-0.5838	0.3673	0.5251	-0.7057	-1.0719	-0.0050	-0.8464	0.4791	-2.1320	-0.0573	-0.7540	-2.3316	-0.3518	-0.3077	-1.7273	-0.3349	0.6664	-0.7600	-0.6211	-0.5979	-0.2855	0.2994	-0.4388	-0.4274	-0.1481	-0.6189	0.4305	0.5915	-0.7381	-1.1115	0.0263	
0.0000	 8.22129624995321E-0004	-0.2399	-1.1400	0.6664	-1.9664	-0.4116	-1.1375	-2.4791	-0.2399	-0.1527	-1.8825	-0.5605	0.6749	-0.6753	-0.5364	-0.5975	-0.3797	0.2729	-0.1642	-0.0678	-0.1583	-0.7344	0.3781	0.6305	-0.5953	-1.0713	-0.3270	-1.1007	0.6612	-1.9854	-0.4349	-1.1450	-2.4742	-0.2243	-0.1333	-1.9164	-0.6066	0.6690	-0.6671	-0.5280	-0.6053	-0.4049	0.2609	-0.1208	-0.0345	-0.1927	-0.7632	0.4300	0.6853	-0.6218	-1.1035	-0.3016	
0.0333	 5.19318654684250E-0004	-0.1105	-1.3853	0.8467	-1.8243	-0.7933	-1.5283	-2.6206	-0.1105	0.0243	-2.0791	-0.8410	0.6764	-0.5813	-0.4431	-0.6080	-0.5039	0.2323	0.1624	0.3323	-0.2093	-0.8845	0.3880	0.7352	-0.4844	-1.0701	-0.6498	-1.3544	0.8429	-1.8390	-0.8124	-1.5347	-2.6171	-0.0974	0.0407	-2.1067	-0.8787	0.6721	-0.5738	-0.4372	-0.6148	-0.5232	0.2234	0.1967	0.3585	-0.2360	-0.9064	0.4294	0.7786	-0.5053	-1.0957	-0.6299	
0.0667	 2.95424895410615E-0004	0.0183	-1.6313	1.0264	-1.6817	-1.1740	-1.9181	-2.7621	0.0183	0.2009	-2.2754	-1.1213	0.6786	-0.4869	-0.3517	-0.6194	-0.6276	0.1922	0.4870	0.7307	-0.2595	-1.0339	0.3966	0.8380	-0.3726	-1.0681	-0.9730	-1.6085	1.0243	-1.6920	-1.1894	-1.9236	-2.7595	0.0293	0.2143	-2.2971	-1.1506	0.6761	-0.4804	-0.3472	-0.6254	-0.6418	0.1861	0.5127	0.7501	-0.2796	-1.0501	0.4274	0.8703	-0.3884	-1.0872	-0.9588	
0.1000	 1.31831543791200E-0004	0.1481	-1.8762	1.2055	-1.5397	-1.5533	-2.3049	-2.9026	0.1481	0.3766	-2.4722	-1.4011	0.6818	-0.3919	-0.2617	-0.6326	-0.7505	0.1531	0.8095	1.1262	-0.3094	-1.1826	0.4042	0.9394	-0.2618	-1.0665	-1.2942	-1.8610	1.2044	-1.5462	-1.5639	-2.3087	-2.9008	0.1563	0.3868	-2.4872	-1.4215	0.6806	-0.3868	-0.2598	-0.6374	-0.7596	0.1496	0.8263	1.1387	-0.3223	-1.1927	0.4246	0.9609	-0.2718	-1.0786	-1.2847	
