Arquivo: c:\arq\medidas\BBA_2404_072627\BBA_AMP02A_V.dat
Data: 2404	 Hora:  0731
Comentário: 
NomeParametro	 ValorParametro
Nmedias	5
PausaCorretora	3000
PausaShunt	2000
PausaLeitura	500
NumCiclos	3
 NPassosCor	7
DeltaShunt	3.00
TetaIni	-0.10
TetaFim	0.10
I[mA]	 137.4
ACV07B	DeltaPos^2	AMP02A	AMP01B_0	AMP02A_0	AMP02B_0	AMP03A_0	AMP03B_0	AMP03C_0	AMP04A_0	AMP04B_0	AMP05A_0	AMP05B_0	AMP06A_0	AMP06B_0	AMP07A_0	AMP07B_0	AMP08A_0	AMP08B_0	AMP09A_0	AMP09B_0	AMP10A_0	AMP10B_0	AMU11A_0	AMU11B_0	AMP12A_0	AMP12B_0	AMP01A_0	AMP01B_1	AMP02A_1	AMP02B_1	AMP03A_1	AMP03B_1	AMP03C_1	AMP04A_1	AMP04B_1	AMP05A_1	AMP05B_1	AMP06A_1	AMP06B_1	AMP07A_1	AMP07B_1	AMP08A_1	AMP08B_1	AMP09A_1	AMP09B_1	AMP10A_1	AMP10B_1	AMU11A_1	AMU11B_1	AMP12A_1	AMP12B_1	AMP01A_1	
-0.1000	 5.26949207093577E-0004	-0.7703	-1.4235	-0.7703	0.2917	0.7529	2.5252	1.1206	0.5206	-0.9296	-0.1507	1.6546	1.7596	-0.2267	0.5676	-0.6771	0.2545	-0.5493	-0.3407	0.9779	1.0040	0.2285	0.2196	1.6366	1.4419	1.3959	1.0557	-1.4569	-0.7912	0.2726	0.7340	2.5529	1.1756	0.5395	-0.9343	-0.1694	1.6524	1.7676	-0.2037	0.6005	-0.7076	0.2313	-0.5621	-0.3462	1.0033	1.0151	0.2146	0.1963	1.6440	1.4585	1.4189	1.0817	
-0.0667	 2.85848405869312E-0004	-0.5521	-1.0870	-0.5521	0.3222	0.6683	2.4019	0.9432	0.5172	-0.7207	0.1798	1.4085	1.5371	-0.4092	0.4044	-0.3615	0.4879	-0.4021	-0.2481	0.6971	0.8793	0.3544	0.4496	1.5848	1.2923	1.1655	0.7847	-1.1117	-0.5677	0.3082	0.6546	2.4229	0.9833	0.5305	-0.7245	0.1658	1.4076	1.5438	-0.3921	0.4282	-0.3841	0.4709	-0.4112	-0.2515	0.7155	0.8870	0.3442	0.4323	1.5906	1.3048	1.1828	0.8041	
-0.0333	 1.05723472789448E-0004	-0.3295	-0.7425	-0.3295	0.3534	0.5821	2.2765	0.7617	0.5134	-0.5072	0.5165	1.1579	1.3103	-0.5956	0.2368	-0.0390	0.7262	-0.2523	-0.1543	0.4114	0.7524	0.4831	0.6841	1.5317	1.1391	0.9299	0.5084	-0.7580	-0.3392	0.3449	0.5747	2.2897	0.7856	0.5212	-0.5104	0.5073	1.1583	1.3149	-0.5847	0.2511	-0.0526	0.7163	-0.2575	-0.1555	0.4221	0.7569	0.4763	0.6734	1.5357	1.1470	0.9406	0.5201	
0.0000	 1.40169864734281E-0005	-0.1042	-0.3941	-0.1042	0.3851	0.4954	2.1483	0.5774	0.5093	-0.2923	0.8553	0.9044	1.0806	-0.7842	0.0670	0.2868	0.9674	-0.1008	-0.0599	0.1226	0.6242	0.6131	0.9209	1.4775	0.9838	0.6913	0.2288	-0.3998	-0.1081	0.3824	0.4943	2.1547	0.5848	0.5112	-0.2945	0.8512	0.9056	1.0831	-0.7801	0.0717	0.2820	0.9636	-0.1020	-0.0588	0.1255	0.6253	0.6107	0.9168	1.4798	0.9871	0.6957	0.2331	
0.0333	 1.05955941416846E-0005	0.1225	-0.0441	0.1225	0.4171	0.4086	2.0197	0.3913	0.5050	-0.0757	1.1966	0.6501	0.8492	-0.9740	-0.1042	0.6152	1.2098	0.0513	0.0347	-0.1684	0.4957	0.7446	1.1586	1.4231	0.8267	0.4511	-0.0520	-0.0404	0.1247	0.4197	0.4131	2.0179	0.3828	0.5017	-0.0767	1.1977	0.6524	0.8500	-0.9765	-0.1091	0.6187	1.2130	0.0543	0.0379	-0.1730	0.4936	0.7461	1.1615	1.4233	0.8256	0.4487	-0.0550	
0.0667	 9.66512300314677E-0005	0.3497	0.3064	0.3497	0.4494	0.3218	1.8892	0.2040	0.5003	0.1412	1.5382	0.3941	0.6167	-1.1645	-0.2768	0.9444	1.4522	0.2044	0.1306	-0.4601	0.3669	0.8770	1.3971	1.3682	0.6692	0.2095	-0.3343	0.3198	0.3579	0.4580	0.3321	1.8800	0.1792	0.4916	0.1415	1.5444	0.3974	0.6153	-1.1735	-0.2917	0.9570	1.4623	0.2112	0.1357	-0.4724	0.3613	0.8826	1.4066	1.3661	0.6636	0.2007	-0.3448	
0.1000	 2.74889167325460E-0004	0.5772	0.6576	0.5772	0.4819	0.2348	1.7589	0.0160	0.4955	0.3584	1.8792	0.1375	0.3840	-1.3549	-0.4494	1.2736	1.6953	0.3580	0.2264	-0.7529	0.2372	1.0091	1.6361	1.3142	0.5116	-0.0326	-0.6181	0.6808	0.5908	0.4961	0.2512	1.7416	-0.0254	0.4813	0.3594	1.8905	0.1418	0.3808	-1.3708	-0.4742	1.2948	1.7126	0.3689	0.2340	-0.7730	0.2280	1.0188	1.6523	1.3105	0.5013	-0.0482	-0.6359	
