Arquivo: c:\arq\medidas\BBA_2404_072627\BBA_AMP08A_V.dat
Data: 2404	 Hora:  0811
Comentário: 
NomeParametro	 ValorParametro
Nmedias	5
PausaCorretora	3000
PausaShunt	2000
PausaLeitura	500
NumCiclos	3
 NPassosCor	7
DeltaShunt	3.00
TetaIni	-0.10
TetaFim	0.10
I[mA]	  50.0
ACV03B	DeltaPos^2	AMP08A	AMP01B_0	AMP02A_0	AMP02B_0	AMP03A_0	AMP03B_0	AMP03C_0	AMP04A_0	AMP04B_0	AMP05A_0	AMP05B_0	AMP06A_0	AMP06B_0	AMP07A_0	AMP07B_0	AMP08A_0	AMP08B_0	AMP09A_0	AMP09B_0	AMP10A_0	AMP10B_0	AMU11A_0	AMU11B_0	AMP12A_0	AMP12B_0	AMP01A_0	AMP01B_1	AMP02A_1	AMP02B_1	AMP03A_1	AMP03B_1	AMP03C_1	AMP04A_1	AMP04B_1	AMP05A_1	AMP05B_1	AMP06A_1	AMP06B_1	AMP07A_1	AMP07B_1	AMP08A_1	AMP08B_1	AMP09A_1	AMP09B_1	AMP10A_1	AMP10B_1	AMU11A_1	AMU11B_1	AMP12A_1	AMP12B_1	AMP01A_1	
-0.1000	 5.05185326204409E-0004	1.3996	0.3855	0.5725	0.8932	0.9209	1.4108	-1.0011	-0.1505	-0.6343	0.7172	1.6098	1.3816	-1.1451	-0.7079	0.5920	1.3996	0.5616	0.7392	-0.8616	-0.0148	0.5130	1.1742	1.8456	0.9982	0.0966	-0.7102	0.4185	0.5963	0.9029	0.9224	1.3918	-1.0355	-0.1576	-0.6166	0.7497	1.5922	1.3619	-1.1686	-0.7349	0.6288	1.4216	0.5805	0.7577	-0.8943	-0.0326	0.5189	1.1925	1.8489	0.9895	0.0731	-0.7417	
-0.0667	 3.21487043580087E-0004	1.2753	0.1560	0.3740	0.7426	0.7935	1.6369	-0.5200	0.0498	-0.5274	0.7666	1.3981	1.2914	-1.0369	-0.4714	0.5067	1.2753	0.3663	0.5018	-0.5700	0.1744	0.5432	1.1010	1.7361	0.9944	0.2723	-0.4321	0.1821	0.3932	0.7503	0.7945	1.6215	-0.5475	0.0442	-0.5130	0.7926	1.3843	1.2753	-1.0556	-0.4930	0.5357	1.2931	0.3812	0.5164	-0.5962	0.1603	0.5482	1.1157	1.7386	0.9875	0.2538	-0.4573	
-0.0333	 1.73154783504772E-0004	1.1502	-0.0743	0.1750	0.5911	0.6647	1.8630	-0.0362	0.2519	-0.4201	0.8163	1.1849	1.2000	-0.9282	-0.2346	0.4209	1.1502	0.1695	0.2632	-0.2766	0.3651	0.5746	1.0281	1.6252	0.9901	0.4486	-0.1534	-0.0550	0.1890	0.5966	0.6657	1.8523	-0.0563	0.2474	-0.4087	0.8353	1.1748	1.1883	-0.9419	-0.2502	0.4425	1.1631	0.1808	0.2740	-0.2960	0.3546	0.5780	1.0388	1.6273	0.9852	0.4349	-0.1716	
0.0000	 7.14780186421434E-0005	1.0239	-0.3065	-0.0263	0.4385	0.5348	2.0902	0.4505	0.4546	-0.3111	0.8663	0.9697	1.1076	-0.8185	0.0042	0.3345	1.0239	-0.0286	0.0216	0.0186	0.5568	0.6061	0.9545	1.5134	0.9855	0.6256	0.1271	-0.2944	-0.0173	0.4420	0.5354	2.0835	0.4373	0.4518	-0.3043	0.8787	0.9631	1.1002	-0.8273	-0.0057	0.3488	1.0324	-0.0213	0.0287	0.0062	0.5502	0.6081	0.9615	1.5150	0.9824	0.6170	0.1154	
0.0333	 1.24175870681406E-0005	0.8957	-0.5444	-0.2314	0.2825	0.4022	2.3214	0.9455	0.6619	-0.1995	0.9188	0.7494	1.0132	-0.7072	0.2475	0.2471	0.8957	-0.2308	-0.2244	0.3203	0.7529	0.6386	0.8801	1.3986	0.9803	0.8059	0.4138	-0.5392	-0.2274	0.2840	0.4024	2.3185	0.9404	0.6608	-0.1964	0.9241	0.7466	1.0101	-0.7105	0.2438	0.2529	0.8987	-0.2278	-0.2213	0.3151	0.7499	0.6395	0.8830	1.3993	0.9791	0.8023	0.4086	
0.0667	 2.13311256337778E-0006	0.7657	-0.7842	-0.4380	0.1246	0.2678	2.5537	1.4451	0.8715	-0.0858	0.9726	0.5265	0.9170	-0.5945	0.4935	0.1593	0.7657	-0.4356	-0.4737	0.6249	0.9513	0.6728	0.8050	1.2822	0.9745	0.9878	0.7031	-0.7864	-0.4398	0.1240	0.2676	2.5555	1.4476	0.8719	-0.0867	0.9709	0.5273	0.9181	-0.5929	0.4956	0.1571	0.7641	-0.4367	-0.4748	0.6268	0.9525	0.6721	0.8042	1.2824	0.9756	0.9894	0.7051	
0.1000	 3.82565530679771E-0005	0.6350	-1.0255	-0.6467	-0.0351	0.1321	2.7868	1.9456	1.0825	0.0290	1.0280	0.3001	0.8194	-0.4814	0.7411	0.0710	0.6350	-0.6419	-0.7254	0.9323	1.1516	0.7073	0.7300	1.1639	0.9685	1.1712	0.9949	-1.0346	-0.6534	-0.0380	0.1317	2.7920	1.9552	1.0849	0.0244	1.0195	0.3045	0.8248	-0.4747	0.7488	0.0608	0.6289	-0.6469	-0.7304	0.9413	1.1565	0.7056	0.7253	1.1635	0.9712	1.1780	1.0034	
