Arquivo: c:\arq\medidas\BBA_2404_072627\BBA_AMP10A_V.dat
Data: 2404	 Hora:  0823
Comentário: 
NomeParametro	 ValorParametro
Nmedias	5
PausaCorretora	3000
PausaShunt	2000
PausaLeitura	500
NumCiclos	3
 NPassosCor	7
DeltaShunt	3.00
TetaIni	-0.10
TetaFim	0.10
I[mA]	  34.3
ACV11A	DeltaPos^2	AMP10A	AMP01B_0	AMP02A_0	AMP02B_0	AMP03A_0	AMP03B_0	AMP03C_0	AMP04A_0	AMP04B_0	AMP05A_0	AMP05B_0	AMP06A_0	AMP06B_0	AMP07A_0	AMP07B_0	AMP08A_0	AMP08B_0	AMP09A_0	AMP09B_0	AMP10A_0	AMP10B_0	AMU11A_0	AMU11B_0	AMP12A_0	AMP12B_0	AMP01A_0	AMP01B_1	AMP02A_1	AMP02B_1	AMP03A_1	AMP03B_1	AMP03C_1	AMP04A_1	AMP04B_1	AMP05A_1	AMP05B_1	AMP06A_1	AMP06B_1	AMP07A_1	AMP07B_1	AMP08A_1	AMP08B_1	AMP09A_1	AMP09B_1	AMP10A_1	AMP10B_1	AMU11A_1	AMU11B_1	AMP12A_1	AMP12B_1	AMP01A_1	
-0.1000	 2.48020278878246E-0004	0.1855	-1.4714	-0.7113	0.4968	1.0526	2.3484	0.6589	0.3046	-1.0940	-0.2768	1.9342	1.9216	-0.2605	0.4354	-0.6882	0.5288	0.2699	0.8137	-0.0989	0.1855	-0.1901	0.0577	1.8750	1.6378	1.4001	0.9493	-1.4714	-0.7054	0.5123	1.0749	2.3316	0.6187	0.2881	-1.1002	-0.2773	1.9492	1.9270	-0.2711	0.4148	-0.6776	0.5410	0.2850	0.8307	-0.1227	0.1713	-0.2038	0.0487	1.8929	1.6502	1.3976	0.9380	
-0.0667	 1.38574756396884E-0004	0.3139	-1.1102	-0.5006	0.4725	0.8816	2.2753	0.6125	0.3597	-0.8422	0.0894	1.6188	1.6607	-0.4339	0.3096	-0.3671	0.6800	0.1662	0.5519	-0.0442	0.3139	0.0645	0.3407	1.7562	1.4319	1.1615	0.6984	-1.1111	-0.4962	0.4844	0.8984	2.2632	0.5823	0.3478	-0.8471	0.0883	1.6307	1.6652	-0.4414	0.2945	-0.3600	0.6887	0.1777	0.5650	-0.0619	0.3033	0.0543	0.3340	1.7699	1.4414	1.1600	0.6907	
-0.0333	 5.53914504012856E-0005	0.4440	-0.7402	-0.2845	0.4484	0.7074	2.1999	0.5632	0.4154	-0.5849	0.4625	1.2974	1.3944	-0.6117	0.1799	-0.0393	0.8350	0.0614	0.2859	0.0093	0.4440	0.3249	0.6301	1.6348	1.2216	0.9171	0.4428	-0.7411	-0.2818	0.4560	0.7182	2.1924	0.5447	0.4080	-0.5884	0.4617	1.3050	1.3976	-0.6163	0.1706	-0.0349	0.8405	0.0687	0.2946	-0.0018	0.4372	0.3182	0.6260	1.6440	1.2279	0.9164	0.4378	
0.0000	 9.91134306970260E-0006	0.5744	-0.3658	-0.0665	0.4245	0.5317	2.1228	0.5129	0.4716	-0.3253	0.8389	0.9712	1.1247	-0.7918	0.0479	0.2926	0.9924	-0.0437	0.0181	0.0624	0.5744	0.5882	0.9228	1.5113	1.0077	0.6697	0.1838	-0.3670	-0.0658	0.4276	0.5369	2.1204	0.5056	0.4687	-0.3268	0.8379	0.9756	1.1266	-0.7931	0.0444	0.2938	0.9942	-0.0406	0.0220	0.0578	0.5717	0.5850	0.9214	1.5160	1.0105	0.6700	0.1822	
0.0333	 2.91296474688815E-0006	0.7051	0.0098	0.1535	0.4010	0.3558	2.0450	0.4612	0.5274	-0.0645	1.2169	0.6448	0.8529	-0.9732	-0.0860	0.6266	1.1511	-0.1488	-0.2498	0.1151	0.7051	0.8530	1.2158	1.3873	0.7920	0.4205	-0.0759	0.0084	0.1522	0.3995	0.3541	2.0473	0.4654	0.5288	-0.0643	1.2157	0.6449	0.8538	-0.9713	-0.0829	0.6245	1.1488	-0.1501	-0.2507	0.1171	0.7062	0.8535	1.2169	1.3869	0.7916	0.4217	-0.0742	
0.0667	 3.08926764003213E-0005	0.8362	0.3855	0.3733	0.3773	0.1790	1.9670	0.4085	0.5835	0.1974	1.5946	0.3160	0.5805	-1.1547	-0.2203	0.9612	1.3099	-0.2539	-0.5183	0.1668	0.8362	1.1180	1.5097	1.2631	0.5760	0.1704	-0.3372	0.3845	0.3705	0.3720	0.1719	1.9735	0.4231	0.5888	0.1989	1.5937	0.3123	0.5799	-1.1501	-0.2121	0.9564	1.3047	-0.2590	-0.5240	0.1751	0.8410	1.1223	1.5136	1.2582	0.5722	0.1722	-0.3328	
0.1000	 1.00569159318149E-0004	0.9660	0.7610	0.5925	0.3547	0.0038	1.8872	0.3540	0.6383	0.4575	1.9699	-0.0112	0.3092	-1.3360	-0.3551	1.2946	1.4681	-0.3582	-0.7858	0.2178	0.9660	1.3817	1.8026	1.1396	0.3604	-0.0792	-0.5992	0.7594	0.5878	0.3450	-0.0092	1.8989	0.3804	0.6484	0.4603	1.9686	-0.0186	0.3076	-1.3279	-0.3404	1.2868	1.4592	-0.3677	-0.7962	0.2325	0.9748	1.3892	1.8090	1.1302	0.3537	-0.0761	-0.5909	
