Arquivo: c:\arq\medidas\BBA_2404_072627\BBA_AMP06B_H.dat
Data: 2404	 Hora:  0800
Comentário: 
NomeParametro	 ValorParametro
Nmedias	5
PausaCorretora	3000
PausaShunt	2000
PausaLeitura	500
NumCiclos	3
 NPassosCor	7
DeltaShunt	3.00
TetaIni	-0.10
TetaFim	0.10
I[mA]	 133.2
ACH01A	DeltaPos^2	AMP06B	AMP01B_0	AMP02A_0	AMP02B_0	AMP03A_0	AMP03B_0	AMP03C_0	AMP04A_0	AMP04B_0	AMP05A_0	AMP05B_0	AMP06A_0	AMP06B_0	AMP07A_0	AMP07B_0	AMP08A_0	AMP08B_0	AMP09A_0	AMP09B_0	AMP10A_0	AMP10B_0	AMU11A_0	AMU11B_0	AMP12A_0	AMP12B_0	AMP01A_0	AMP01B_1	AMP02A_1	AMP02B_1	AMP03A_1	AMP03B_1	AMP03C_1	AMP04A_1	AMP04B_1	AMP05A_1	AMP05B_1	AMP06A_1	AMP06B_1	AMP07A_1	AMP07B_1	AMP08A_1	AMP08B_1	AMP09A_1	AMP09B_1	AMP10A_1	AMP10B_1	AMU11A_1	AMU11B_1	AMP12A_1	AMP12B_1	AMP01A_1	
-0.1000	 6.58681709673083E-0004	-1.1230	-2.2604	0.8141	-1.5510	-0.4037	-1.4506	-2.7377	-0.5642	-0.1478	-0.9369	0.0984	0.0404	-1.1230	0.8987	0.7842	-0.9631	-0.3958	0.8424	1.1906	-0.3154	-1.2107	0.3837	0.9243	-0.2679	-1.0673	-1.2898	-2.2143	0.8015	-1.5739	-0.4065	-1.4389	-2.7268	-0.5560	-0.1545	-0.9807	0.0677	0.0628	-1.1077	0.8816	0.7534	-0.9747	-0.3943	0.8635	1.1990	-0.3420	-1.2271	0.4285	0.9663	-0.2966	-1.0953	-1.2517	
-0.0667	 3.75293880491701E-0004	-0.9892	-1.9075	0.7609	-1.6837	-0.3867	-1.3354	-2.6516	-0.4708	-0.1572	-1.2190	-0.0905	0.2369	-0.9892	0.4545	0.3611	-0.7773	-0.1874	0.5187	0.7944	-0.2576	-1.0573	0.3628	0.8103	-0.3691	-1.0603	-0.9815	-1.8735	0.7519	-1.7001	-0.3899	-1.3275	-2.6435	-0.4639	-0.1613	-1.2535	-0.1150	0.2550	-0.9765	0.4410	0.3369	-0.7855	-0.1854	0.5350	0.7998	-0.2776	-1.0688	0.3963	0.8416	-0.3899	-1.0804	-0.9536	
-0.0333	 1.79447126229124E-0004	-0.8543	-1.5529	0.7081	-1.8166	-0.3715	-1.2211	-2.5651	-0.3761	-0.1657	-1.5037	-0.2822	0.4347	-0.8543	0.0063	-0.0655	-0.5899	0.0224	0.1919	0.3939	-0.1985	-0.9017	0.3396	0.6937	-0.4702	-1.0519	-0.6726	-1.5291	0.7024	-1.8270	-0.3743	-1.2160	-2.5597	-0.3703	-0.1683	-1.5283	-0.2998	0.4484	-0.8447	-0.0030	-0.0826	-0.5952	0.0245	0.2028	0.3976	-0.2119	-0.9092	0.3622	0.7148	-0.4841	-1.0655	-0.6535	
0.0000	 5.82199044468024E-0005	-0.7184	-1.1977	0.6563	-1.9482	-0.3574	-1.1083	-2.4793	-0.2808	-0.1737	-1.7886	-0.4747	0.6322	-0.7184	-0.4427	-0.4937	-0.4016	0.2328	-0.1369	-0.0087	-0.1375	-0.7448	0.3138	0.5744	-0.5694	-1.0423	-0.3650	-1.1847	0.6537	-1.9537	-0.3595	-1.1057	-2.4760	-0.2770	-0.1751	-1.8027	-0.4847	0.6409	-0.7127	-0.4477	-0.5030	-0.4050	0.2339	-0.1301	-0.0063	-0.1456	-0.7493	0.3267	0.5863	-0.5775	-1.0499	-0.3547	
0.0333	 4.80057406335638E-0006	-0.5830	-0.8458	0.6052	-2.0787	-0.3447	-0.9971	-2.3947	-0.1858	-0.1812	-2.0718	-0.6671	0.8286	-0.5830	-0.8903	-0.9202	-0.2137	0.4421	-0.4660	-0.4103	-0.0767	-0.5886	0.2854	0.4528	-0.6677	-1.0315	-0.0613	-0.8423	0.6053	-2.0791	-0.3464	-0.9969	-2.3938	-0.1836	-0.1809	-2.0761	-0.6703	0.8328	-0.5810	-0.8910	-0.9229	-0.2149	0.4427	-0.4638	-0.4093	-0.0788	-0.5896	0.2885	0.4555	-0.6699	-1.0333	-0.0595	
0.0667	 1.40527463486181E-0005	-0.4480	-0.4955	0.5553	-2.2074	-0.3333	-0.8877	-2.3101	-0.0906	-0.1875	-2.3527	-0.8594	1.0240	-0.4480	-1.3345	-1.3444	-0.0267	0.6497	-0.7948	-0.8103	-0.0143	-0.4319	0.2552	0.3301	-0.7641	-1.0192	0.2385	-0.5023	0.5581	-2.2029	-0.3345	-0.8899	-2.3115	-0.0900	-0.1858	-2.3477	-0.8558	1.0232	-0.4493	-1.3306	-1.3400	-0.0252	0.6504	-0.7967	-0.8112	-0.0108	-0.4294	0.2486	0.3237	-0.7599	-1.0148	0.2321	
0.1000	 8.88700408648466E-0005	-0.3126	-0.1490	0.5070	-2.3342	-0.3239	-0.7803	-2.2269	0.0048	-0.1929	-2.6325	-1.0523	1.2185	-0.3126	-1.7760	-1.7663	0.1602	0.8564	-1.1234	-1.2093	0.0490	-0.2753	0.2223	0.2053	-0.8582	-1.0057	0.5352	-0.1662	0.5130	-2.3242	-0.3250	-0.7858	-2.2306	0.0039	-0.1893	-2.6180	-1.0420	1.2138	-0.3169	-1.7684	-1.7550	0.1647	0.8572	-1.1297	-1.2122	0.0581	-0.2690	0.2056	0.1893	-0.8474	-0.9950	0.5199	
