# EPU50_PC KICKMAP 
# Author: Ximenes R. Resende @ LNLS, Date: 21-Feb-2013 16:19:51
# ID Length [m]
3.0000
# Number of Horizontal Points
81 
# Number of Vertical Points
17 
# Horizontal KickTable in T2m2
START
            -0.03000000 -0.02925000 -0.02850000 -0.02775000 -0.02700000 -0.02625000 -0.02550000 -0.02475000 -0.02400000 -0.02325000 -0.02250000 -0.02175000 -0.02100000 -0.02025000 -0.01950000 -0.01875000 -0.01800000 -0.01725000 -0.01650000 -0.01575000 -0.01500000 -0.01425000 -0.01350000 -0.01275000 -0.01200000 -0.01125000 -0.01050000 -0.00975000 -0.00900000 -0.00825000 -0.00750000 -0.00675000 -0.00600000 -0.00525000 -0.00450000 -0.00375000 -0.00300000 -0.00225000 -0.00150000 -0.00075000 +0.00000000 +0.00075000 +0.00150000 +0.00225000 +0.00300000 +0.00375000 +0.00450000 +0.00525000 +0.00600000 +0.00675000 +0.00750000 +0.00825000 +0.00900000 +0.00975000 +0.01050000 +0.01125000 +0.01200000 +0.01275000 +0.01350000 +0.01425000 +0.01500000 +0.01575000 +0.01650000 +0.01725000 +0.01800000 +0.01875000 +0.01950000 +0.02025000 +0.02100000 +0.02175000 +0.02250000 +0.02325000 +0.02400000 +0.02475000 +0.02550000 +0.02625000 +0.02700000 +0.02775000 +0.02850000 +0.02925000 +0.03000000 
+0.00495000 +5.246E-005 +2.821E-005 +2.789E-006 -2.608E-006 -2.155E-005 -3.350E-005 -4.393E-005 -5.341E-005 -6.252E-005 -7.178E-005 -8.171E-005 -9.281E-005 -1.056E-004 -1.207E-004 -1.386E-004 -1.601E-004 -1.861E-004 -2.175E-004 -2.554E-004 -3.012E-004 -3.566E-004 -4.233E-004 -5.039E-004 -6.012E-004 -7.185E-004 -8.601E-004 -1.031E-003 -1.239E-003 -1.491E-003 -1.800E-003 -2.182E-003 -2.660E-003 -3.272E-003 -4.077E-003 -5.180E-003 -6.783E-003 -9.308E-003 -1.379E-002 -2.324E-002 -9.402E-002 +9.701E-017 +9.402E-002 +2.324E-002 +1.379E-002 +9.308E-003 +6.783E-003 +5.180E-003 +4.077E-003 +3.272E-003 +2.660E-003 +2.182E-003 +1.800E-003 +1.491E-003 +1.239E-003 +1.031E-003 +8.601E-004 +7.185E-004 +6.012E-004 +5.039E-004 +4.233E-004 +3.566E-004 +3.012E-004 +2.554E-004 +2.175E-004 +1.861E-004 +1.601E-004 +1.386E-004 +1.207E-004 +1.056E-004 +9.281E-005 +8.171E-005 +7.178E-005 +6.252E-005 +5.341E-005 +4.393E-005 +3.350E-005 +2.155E-005 +2.608E-006 -2.789E-006 -2.821E-005 -5.246E-005 
+0.00433125 +3.592E-005 +1.299E-005 -4.229E-007 -1.451E-005 -2.789E-005 -3.843E-005 -4.765E-005 -5.613E-005 -6.439E-005 -7.291E-005 -8.218E-005 -9.267E-005 -1.049E-004 -1.194E-004 -1.368E-004 -1.579E-004 -1.833E-004 -2.141E-004 -2.515E-004 -2.967E-004 -3.513E-004 -4.173E-004 -4.968E-004 -5.927E-004 -7.081E-004 -8.470E-004 -1.014E-003 -1.216E-003 -1.458E-003 -1.752E-003 -2.110E-003 -2.549E-003 -3.096E-003 -3.791E-003 -4.706E-003 -5.963E-003 -7.802E-003 -1.072E-002 -1.590E-002 -1.946E-002 +4.851E-017 +1.946E-002 +1.590E-002 +1.072E-002 +7.802E-003 +5.963E-003 +4.706E-003 +3.791E-003 +3.096E-003 +2.549E-003 +2.110E-003 +1.752E-003 +1.458E-003 +1.216E-003 +1.014E-003 +8.470E-004 +7.081E-004 +5.927E-004 +4.968E-004 +4.173E-004 +3.513E-004 +2.967E-004 +2.515E-004 +2.141E-004 +1.833E-004 +1.579E-004 +1.368E-004 +1.194E-004 +1.049E-004 +9.267E-005 +8.218E-005 +7.291E-005 +6.439E-005 +5.613E-005 +4.765E-005 +3.843E-005 +2.789E-005 +1.451E-005 +4.229E-007 -1.299E-005 -3.592E-005 
+0.00371250 +2.704E-005 +3.803E-006 -2.074E-006 -1.952E-005 -3.091E-005 -4.057E-005 -4.908E-005 -5.697E-005 -6.473E-005 -7.280E-005 -8.167E-005 -9.178E-005 -1.037E-004 -1.178E-004 -1.349E-004 -1.556E-004 -1.807E-004 -2.112E-004 -2.482E-004 -2.931E-004 -3.473E-004 -4.128E-004 -4.918E-004 -5.869E-004 -7.012E-004 -8.385E-004 -1.003E-003 -1.200E-003 -1.436E-003 -1.718E-003 -2.055E-003 -2.460E-003 -2.949E-003 -3.544E-003 -4.279E-003 -5.204E-003 -6.383E-003 -7.842E-003 -9.205E-003 -7.012E-003 +0.000E+000 +7.012E-003 +9.205E-003 +7.842E-003 +6.383E-003 +5.204E-003 +4.279E-003 +3.544E-003 +2.949E-003 +2.460E-003 +2.055E-003 +1.718E-003 +1.436E-003 +1.200E-003 +1.003E-003 +8.385E-004 +7.012E-004 +5.869E-004 +4.918E-004 +4.128E-004 +3.473E-004 +2.931E-004 +2.482E-004 +2.112E-004 +1.807E-004 +1.556E-004 +1.349E-004 +1.178E-004 +1.037E-004 +9.178E-005 +8.167E-005 +7.280E-005 +6.473E-005 +5.697E-005 +4.908E-005 +4.057E-005 +3.091E-005 +1.952E-005 +2.074E-006 -3.803E-006 -2.704E-005 
+0.00309375 +2.125E-005 +1.465E-006 -6.452E-006 -2.193E-005 -3.264E-005 -4.177E-005 -4.983E-005 -5.734E-005 -6.476E-005 -7.253E-005 -8.111E-005 -9.097E-005 -1.026E-004 -1.165E-004 -1.334E-004 -1.538E-004 -1.787E-004 -2.090E-004 -2.458E-004 -2.905E-004 -3.445E-004 -4.098E-004 -4.886E-004 -5.834E-004 -6.972E-004 -8.337E-004 -9.967E-004 -1.191E-003 -1.422E-003 -1.695E-003 -2.017E-003 -2.394E-003 -2.835E-003 -3.345E-003 -3.928E-003 -4.579E-003 -5.255E-003 -5.792E-003 -5.675E-003 -3.429E-003 +0.000E+000 +3.429E-003 +5.675E-003 +5.792E-003 +5.255E-003 +4.579E-003 +3.928E-003 +3.345E-003 +2.835E-003 +2.394E-003 +2.017E-003 +1.695E-003 +1.422E-003 +1.191E-003 +9.967E-004 +8.337E-004 +6.972E-004 +5.834E-004 +4.886E-004 +4.098E-004 +3.445E-004 +2.905E-004 +2.458E-004 +2.090E-004 +1.787E-004 +1.538E-004 +1.334E-004 +1.165E-004 +1.026E-004 +9.097E-005 +8.111E-005 +7.253E-005 +6.476E-005 +5.734E-005 +4.983E-005 +4.177E-005 +3.264E-005 +2.193E-005 +6.452E-006 -1.465E-006 -2.125E-005 
+0.00247500 +1.854E-005 +8.477E-007 -8.607E-006 -2.303E-005 -3.343E-005 -4.229E-005 -5.011E-005 -5.739E-005 -6.460E-005 -7.218E-005 -8.058E-005 -9.025E-005 -1.017E-004 -1.155E-004 -1.322E-004 -1.525E-004 -1.772E-004 -2.074E-004 -2.441E-004 -2.887E-004 -3.427E-004 -4.080E-004 -4.868E-004 -5.816E-004 -6.954E-004 -8.316E-004 -9.939E-004 -1.187E-003 -1.414E-003 -1.682E-003 -1.992E-003 -2.349E-003 -2.751E-003 -3.195E-003 -3.661E-003 -4.112E-003 -4.460E-003 -4.518E-003 -3.941E-003 -2.116E-003 +0.000E+000 +2.116E-003 +3.941E-003 +4.518E-003 +4.460E-003 +4.112E-003 +3.661E-003 +3.195E-003 +2.751E-003 +2.349E-003 +1.992E-003 +1.682E-003 +1.414E-003 +1.187E-003 +9.939E-004 +8.316E-004 +6.954E-004 +5.816E-004 +4.868E-004 +4.080E-004 +3.427E-004 +2.887E-004 +2.441E-004 +2.074E-004 +1.772E-004 +1.525E-004 +1.322E-004 +1.155E-004 +1.017E-004 +9.025E-005 +8.058E-005 +7.218E-005 +6.460E-005 +5.739E-005 +5.011E-005 +4.229E-005 +3.343E-005 +2.303E-005 +8.607E-006 -8.477E-007 -1.854E-005 
+0.00185625 +1.799E-005 +7.076E-007 -9.104E-006 -2.332E-005 -3.363E-005 -4.238E-005 -5.010E-005 -5.727E-005 -6.436E-005 -7.182E-005 -8.010E-005 -8.966E-005 -1.010E-004 -1.146E-004 -1.312E-004 -1.515E-004 -1.762E-004 -2.063E-004 -2.430E-004 -2.875E-004 -3.416E-004 -4.070E-004 -4.859E-004 -5.809E-004 -6.949E-004 -8.312E-004 -9.935E-004 -1.186E-003 -1.412E-003 -1.675E-003 -1.978E-003 -2.320E-003 -2.695E-003 -3.090E-003 -3.474E-003 -3.792E-003 -3.944E-003 -3.771E-003 -3.068E-003 -1.549E-003 +0.000E+000 +1.549E-003 +3.068E-003 +3.771E-003 +3.944E-003 +3.792E-003 +3.474E-003 +3.090E-003 +2.695E-003 +2.320E-003 +1.978E-003 +1.675E-003 +1.412E-003 +1.186E-003 +9.935E-004 +8.312E-004 +6.949E-004 +5.809E-004 +4.859E-004 +4.070E-004 +3.416E-004 +2.875E-004 +2.430E-004 +2.063E-004 +1.762E-004 +1.515E-004 +1.312E-004 +1.146E-004 +1.010E-004 +8.966E-005 +8.010E-005 +7.182E-005 +6.436E-005 +5.727E-005 +5.010E-005 +4.238E-005 +3.363E-005 +2.332E-005 +9.104E-006 -7.076E-007 -1.799E-005 
+0.00123750 +1.852E-005 +8.126E-007 -8.811E-006 -2.320E-005 -3.354E-005 -4.228E-005 -4.996E-005 -5.709E-005 -6.412E-005 -7.152E-005 -7.973E-005 -8.922E-005 -1.005E-004 -1.141E-004 -1.306E-004 -1.508E-004 -1.755E-004 -2.056E-004 -2.422E-004 -2.868E-004 -3.410E-004 -4.065E-004 -4.856E-004 -5.808E-004 -6.951E-004 -8.317E-004 -9.942E-004 -1.186E-003 -1.412E-003 -1.673E-003 -1.971E-003 -2.303E-003 -2.660E-003 -3.023E-003 -3.354E-003 -3.589E-003 -3.631E-003 -3.351E-003 -2.620E-003 -1.281E-003 +0.000E+000 +1.281E-003 +2.620E-003 +3.351E-003 +3.631E-003 +3.589E-003 +3.354E-003 +3.023E-003 +2.660E-003 +2.303E-003 +1.971E-003 +1.673E-003 +1.412E-003 +1.186E-003 +9.942E-004 +8.317E-004 +6.951E-004 +5.808E-004 +4.856E-004 +4.065E-004 +3.410E-004 +2.868E-004 +2.422E-004 +2.056E-004 +1.755E-004 +1.508E-004 +1.306E-004 +1.141E-004 +1.005E-004 +8.922E-005 +7.973E-005 +7.152E-005 +6.412E-005 +5.709E-005 +4.996E-005 +4.228E-005 +3.354E-005 +2.320E-005 +8.811E-006 -8.126E-007 -1.852E-005 
+0.00061875 +1.924E-005 +9.624E-007 -8.354E-006 -2.299E-005 -3.338E-005 -4.214E-005 -4.983E-005 -5.694E-005 -6.395E-005 -7.132E-005 -7.949E-005 -8.895E-005 -1.002E-004 -1.137E-004 -1.302E-004 -1.504E-004 -1.750E-004 -2.051E-004 -2.418E-004 -2.865E-004 -3.407E-004 -4.063E-004 -4.855E-004 -5.809E-004 -6.954E-004 -8.323E-004 -9.950E-004 -1.187E-003 -1.412E-003 -1.672E-003 -1.968E-003 -2.295E-003 -2.642E-003 -2.987E-003 -3.287E-003 -3.478E-003 -3.465E-003 -3.138E-003 -2.405E-003 -1.157E-003 +0.000E+000 +1.157E-003 +2.405E-003 +3.138E-003 +3.465E-003 +3.478E-003 +3.287E-003 +2.987E-003 +2.642E-003 +2.295E-003 +1.968E-003 +1.672E-003 +1.412E-003 +1.187E-003 +9.950E-004 +8.323E-004 +6.954E-004 +5.809E-004 +4.855E-004 +4.063E-004 +3.407E-004 +2.865E-004 +2.418E-004 +2.051E-004 +1.750E-004 +1.504E-004 +1.302E-004 +1.137E-004 +1.002E-004 +8.895E-005 +7.949E-005 +7.132E-005 +6.395E-005 +5.694E-005 +4.983E-005 +4.214E-005 +3.338E-005 +2.299E-005 +8.354E-006 -9.624E-007 -1.924E-005 
+0.00000000 +1.954E-005 +1.027E-006 -8.152E-006 -2.290E-005 -3.330E-005 -4.208E-005 -4.977E-005 -5.688E-005 -6.389E-005 -7.125E-005 -7.941E-005 -8.886E-005 -1.001E-004 -1.136E-004 -1.301E-004 -1.503E-004 -1.749E-004 -2.050E-004 -2.417E-004 -2.864E-004 -3.406E-004 -4.062E-004 -4.855E-004 -5.810E-004 -6.956E-004 -8.325E-004 -9.954E-004 -1.188E-003 -1.413E-003 -1.672E-003 -1.967E-003 -2.292E-003 -2.636E-003 -2.975E-003 -3.266E-003 -3.443E-003 -3.414E-003 -3.073E-003 -2.341E-003 -1.121E-003 +0.000E+000 +1.121E-003 +2.341E-003 +3.073E-003 +3.414E-003 +3.443E-003 +3.266E-003 +2.975E-003 +2.636E-003 +2.292E-003 +1.967E-003 +1.672E-003 +1.413E-003 +1.188E-003 +9.954E-004 +8.325E-004 +6.956E-004 +5.810E-004 +4.855E-004 +4.062E-004 +3.406E-004 +2.864E-004 +2.417E-004 +2.050E-004 +1.749E-004 +1.503E-004 +1.301E-004 +1.136E-004 +1.001E-004 +8.886E-005 +7.941E-005 +7.125E-005 +6.389E-005 +5.688E-005 +4.977E-005 +4.208E-005 +3.330E-005 +2.290E-005 +8.152E-006 -1.027E-006 -1.954E-005 
-0.00061875 +1.924E-005 +9.624E-007 -8.354E-006 -2.299E-005 -3.338E-005 -4.214E-005 -4.983E-005 -5.694E-005 -6.395E-005 -7.132E-005 -7.949E-005 -8.895E-005 -1.002E-004 -1.137E-004 -1.302E-004 -1.504E-004 -1.750E-004 -2.051E-004 -2.418E-004 -2.865E-004 -3.407E-004 -4.063E-004 -4.855E-004 -5.809E-004 -6.954E-004 -8.323E-004 -9.950E-004 -1.187E-003 -1.412E-003 -1.672E-003 -1.968E-003 -2.295E-003 -2.642E-003 -2.987E-003 -3.287E-003 -3.478E-003 -3.465E-003 -3.138E-003 -2.405E-003 -1.157E-003 +0.000E+000 +1.157E-003 +2.405E-003 +3.138E-003 +3.465E-003 +3.478E-003 +3.287E-003 +2.987E-003 +2.642E-003 +2.295E-003 +1.968E-003 +1.672E-003 +1.412E-003 +1.187E-003 +9.950E-004 +8.323E-004 +6.954E-004 +5.809E-004 +4.855E-004 +4.063E-004 +3.407E-004 +2.865E-004 +2.418E-004 +2.051E-004 +1.750E-004 +1.504E-004 +1.302E-004 +1.137E-004 +1.002E-004 +8.895E-005 +7.949E-005 +7.132E-005 +6.395E-005 +5.694E-005 +4.983E-005 +4.214E-005 +3.338E-005 +2.299E-005 +8.354E-006 -9.624E-007 -1.924E-005 
-0.00123750 +1.852E-005 +8.126E-007 -8.811E-006 -2.320E-005 -3.354E-005 -4.228E-005 -4.996E-005 -5.709E-005 -6.412E-005 -7.152E-005 -7.973E-005 -8.922E-005 -1.005E-004 -1.141E-004 -1.306E-004 -1.508E-004 -1.755E-004 -2.056E-004 -2.422E-004 -2.868E-004 -3.410E-004 -4.065E-004 -4.856E-004 -5.808E-004 -6.951E-004 -8.317E-004 -9.942E-004 -1.186E-003 -1.412E-003 -1.673E-003 -1.971E-003 -2.303E-003 -2.660E-003 -3.023E-003 -3.354E-003 -3.589E-003 -3.631E-003 -3.351E-003 -2.620E-003 -1.281E-003 +0.000E+000 +1.281E-003 +2.620E-003 +3.351E-003 +3.631E-003 +3.589E-003 +3.354E-003 +3.023E-003 +2.660E-003 +2.303E-003 +1.971E-003 +1.673E-003 +1.412E-003 +1.186E-003 +9.942E-004 +8.317E-004 +6.951E-004 +5.808E-004 +4.856E-004 +4.065E-004 +3.410E-004 +2.868E-004 +2.422E-004 +2.056E-004 +1.755E-004 +1.508E-004 +1.306E-004 +1.141E-004 +1.005E-004 +8.922E-005 +7.973E-005 +7.152E-005 +6.412E-005 +5.709E-005 +4.996E-005 +4.228E-005 +3.354E-005 +2.320E-005 +8.811E-006 -8.126E-007 -1.852E-005 
-0.00185625 +1.799E-005 +7.076E-007 -9.104E-006 -2.332E-005 -3.363E-005 -4.238E-005 -5.010E-005 -5.727E-005 -6.436E-005 -7.182E-005 -8.010E-005 -8.966E-005 -1.010E-004 -1.146E-004 -1.312E-004 -1.515E-004 -1.762E-004 -2.063E-004 -2.430E-004 -2.875E-004 -3.416E-004 -4.070E-004 -4.859E-004 -5.809E-004 -6.949E-004 -8.312E-004 -9.935E-004 -1.186E-003 -1.412E-003 -1.675E-003 -1.978E-003 -2.320E-003 -2.695E-003 -3.090E-003 -3.474E-003 -3.792E-003 -3.944E-003 -3.771E-003 -3.068E-003 -1.549E-003 +0.000E+000 +1.549E-003 +3.068E-003 +3.771E-003 +3.944E-003 +3.792E-003 +3.474E-003 +3.090E-003 +2.695E-003 +2.320E-003 +1.978E-003 +1.675E-003 +1.412E-003 +1.186E-003 +9.935E-004 +8.312E-004 +6.949E-004 +5.809E-004 +4.859E-004 +4.070E-004 +3.416E-004 +2.875E-004 +2.430E-004 +2.063E-004 +1.762E-004 +1.515E-004 +1.312E-004 +1.146E-004 +1.010E-004 +8.966E-005 +8.010E-005 +7.182E-005 +6.436E-005 +5.727E-005 +5.010E-005 +4.238E-005 +3.363E-005 +2.332E-005 +9.104E-006 -7.076E-007 -1.799E-005 
-0.00247500 +1.854E-005 +8.477E-007 -8.607E-006 -2.303E-005 -3.343E-005 -4.229E-005 -5.011E-005 -5.739E-005 -6.460E-005 -7.218E-005 -8.058E-005 -9.025E-005 -1.017E-004 -1.155E-004 -1.322E-004 -1.525E-004 -1.772E-004 -2.074E-004 -2.441E-004 -2.887E-004 -3.427E-004 -4.080E-004 -4.868E-004 -5.816E-004 -6.954E-004 -8.316E-004 -9.939E-004 -1.187E-003 -1.414E-003 -1.682E-003 -1.992E-003 -2.349E-003 -2.751E-003 -3.195E-003 -3.661E-003 -4.112E-003 -4.460E-003 -4.518E-003 -3.941E-003 -2.116E-003 +0.000E+000 +2.116E-003 +3.941E-003 +4.518E-003 +4.460E-003 +4.112E-003 +3.661E-003 +3.195E-003 +2.751E-003 +2.349E-003 +1.992E-003 +1.682E-003 +1.414E-003 +1.187E-003 +9.939E-004 +8.316E-004 +6.954E-004 +5.816E-004 +4.868E-004 +4.080E-004 +3.427E-004 +2.887E-004 +2.441E-004 +2.074E-004 +1.772E-004 +1.525E-004 +1.322E-004 +1.155E-004 +1.017E-004 +9.025E-005 +8.058E-005 +7.218E-005 +6.460E-005 +5.739E-005 +5.011E-005 +4.229E-005 +3.343E-005 +2.303E-005 +8.607E-006 -8.477E-007 -1.854E-005 
-0.00309375 +2.125E-005 +1.465E-006 -6.452E-006 -2.193E-005 -3.264E-005 -4.177E-005 -4.983E-005 -5.734E-005 -6.476E-005 -7.253E-005 -8.111E-005 -9.097E-005 -1.026E-004 -1.165E-004 -1.334E-004 -1.538E-004 -1.787E-004 -2.090E-004 -2.458E-004 -2.905E-004 -3.445E-004 -4.098E-004 -4.886E-004 -5.834E-004 -6.972E-004 -8.337E-004 -9.967E-004 -1.191E-003 -1.422E-003 -1.695E-003 -2.017E-003 -2.394E-003 -2.835E-003 -3.345E-003 -3.928E-003 -4.579E-003 -5.255E-003 -5.792E-003 -5.675E-003 -3.429E-003 +0.000E+000 +3.429E-003 +5.675E-003 +5.792E-003 +5.255E-003 +4.579E-003 +3.928E-003 +3.345E-003 +2.835E-003 +2.394E-003 +2.017E-003 +1.695E-003 +1.422E-003 +1.191E-003 +9.967E-004 +8.337E-004 +6.972E-004 +5.834E-004 +4.886E-004 +4.098E-004 +3.445E-004 +2.905E-004 +2.458E-004 +2.090E-004 +1.787E-004 +1.538E-004 +1.334E-004 +1.165E-004 +1.026E-004 +9.097E-005 +8.111E-005 +7.253E-005 +6.476E-005 +5.734E-005 +4.983E-005 +4.177E-005 +3.264E-005 +2.193E-005 +6.452E-006 -1.465E-006 -2.125E-005 
-0.00371250 +2.704E-005 +3.803E-006 -2.074E-006 -1.952E-005 -3.091E-005 -4.057E-005 -4.908E-005 -5.697E-005 -6.473E-005 -7.280E-005 -8.167E-005 -9.178E-005 -1.037E-004 -1.178E-004 -1.349E-004 -1.556E-004 -1.807E-004 -2.112E-004 -2.482E-004 -2.931E-004 -3.473E-004 -4.128E-004 -4.918E-004 -5.869E-004 -7.012E-004 -8.385E-004 -1.003E-003 -1.200E-003 -1.436E-003 -1.718E-003 -2.055E-003 -2.460E-003 -2.949E-003 -3.544E-003 -4.279E-003 -5.204E-003 -6.383E-003 -7.842E-003 -9.205E-003 -7.012E-003 +0.000E+000 +7.012E-003 +9.205E-003 +7.842E-003 +6.383E-003 +5.204E-003 +4.279E-003 +3.544E-003 +2.949E-003 +2.460E-003 +2.055E-003 +1.718E-003 +1.436E-003 +1.200E-003 +1.003E-003 +8.385E-004 +7.012E-004 +5.869E-004 +4.918E-004 +4.128E-004 +3.473E-004 +2.931E-004 +2.482E-004 +2.112E-004 +1.807E-004 +1.556E-004 +1.349E-004 +1.178E-004 +1.037E-004 +9.178E-005 +8.167E-005 +7.280E-005 +6.473E-005 +5.697E-005 +4.908E-005 +4.057E-005 +3.091E-005 +1.952E-005 +2.074E-006 -3.803E-006 -2.704E-005 
-0.00433125 +3.592E-005 +1.299E-005 -4.229E-007 -1.451E-005 -2.789E-005 -3.843E-005 -4.765E-005 -5.613E-005 -6.439E-005 -7.291E-005 -8.218E-005 -9.267E-005 -1.049E-004 -1.194E-004 -1.368E-004 -1.579E-004 -1.833E-004 -2.141E-004 -2.515E-004 -2.967E-004 -3.513E-004 -4.173E-004 -4.968E-004 -5.927E-004 -7.081E-004 -8.470E-004 -1.014E-003 -1.216E-003 -1.458E-003 -1.752E-003 -2.110E-003 -2.549E-003 -3.096E-003 -3.791E-003 -4.706E-003 -5.963E-003 -7.802E-003 -1.072E-002 -1.590E-002 -1.946E-002 +4.851E-017 +1.946E-002 +1.590E-002 +1.072E-002 +7.802E-003 +5.963E-003 +4.706E-003 +3.791E-003 +3.096E-003 +2.549E-003 +2.110E-003 +1.752E-003 +1.458E-003 +1.216E-003 +1.014E-003 +8.470E-004 +7.081E-004 +5.927E-004 +4.968E-004 +4.173E-004 +3.513E-004 +2.967E-004 +2.515E-004 +2.141E-004 +1.833E-004 +1.579E-004 +1.368E-004 +1.194E-004 +1.049E-004 +9.267E-005 +8.218E-005 +7.291E-005 +6.439E-005 +5.613E-005 +4.765E-005 +3.843E-005 +2.789E-005 +1.451E-005 +4.229E-007 -1.299E-005 -3.592E-005 
-0.00495000 +5.246E-005 +2.821E-005 +2.789E-006 -2.608E-006 -2.155E-005 -3.350E-005 -4.393E-005 -5.341E-005 -6.252E-005 -7.178E-005 -8.171E-005 -9.281E-005 -1.056E-004 -1.207E-004 -1.386E-004 -1.601E-004 -1.861E-004 -2.175E-004 -2.554E-004 -3.012E-004 -3.566E-004 -4.233E-004 -5.039E-004 -6.012E-004 -7.185E-004 -8.601E-004 -1.031E-003 -1.239E-003 -1.491E-003 -1.800E-003 -2.182E-003 -2.660E-003 -3.272E-003 -4.077E-003 -5.180E-003 -6.783E-003 -9.308E-003 -1.379E-002 -2.324E-002 -9.402E-002 +9.701E-017 +9.402E-002 +2.324E-002 +1.379E-002 +9.308E-003 +6.783E-003 +5.180E-003 +4.077E-003 +3.272E-003 +2.660E-003 +2.182E-003 +1.800E-003 +1.491E-003 +1.239E-003 +1.031E-003 +8.601E-004 +7.185E-004 +6.012E-004 +5.039E-004 +4.233E-004 +3.566E-004 +3.012E-004 +2.554E-004 +2.175E-004 +1.861E-004 +1.601E-004 +1.386E-004 +1.207E-004 +1.056E-004 +9.281E-005 +8.171E-005 +7.178E-005 +6.252E-005 +5.341E-005 +4.393E-005 +3.350E-005 +2.155E-005 +2.608E-006 -2.789E-006 -2.821E-005 -5.246E-005 
# Vertical KickTable in T2m2
START
            -0.03000000 -0.02925000 -0.02850000 -0.02775000 -0.02700000 -0.02625000 -0.02550000 -0.02475000 -0.02400000 -0.02325000 -0.02250000 -0.02175000 -0.02100000 -0.02025000 -0.01950000 -0.01875000 -0.01800000 -0.01725000 -0.01650000 -0.01575000 -0.01500000 -0.01425000 -0.01350000 -0.01275000 -0.01200000 -0.01125000 -0.01050000 -0.00975000 -0.00900000 -0.00825000 -0.00750000 -0.00675000 -0.00600000 -0.00525000 -0.00450000 -0.00375000 -0.00300000 -0.00225000 -0.00150000 -0.00075000 +0.00000000 +0.00075000 +0.00150000 +0.00225000 +0.00300000 +0.00375000 +0.00450000 +0.00525000 +0.00600000 +0.00675000 +0.00750000 +0.00825000 +0.00900000 +0.00975000 +0.01050000 +0.01125000 +0.01200000 +0.01275000 +0.01350000 +0.01425000 +0.01500000 +0.01575000 +0.01650000 +0.01725000 +0.01800000 +0.01875000 +0.01950000 +0.02025000 +0.02100000 +0.02175000 +0.02250000 +0.02325000 +0.02400000 +0.02475000 +0.02550000 +0.02625000 +0.02700000 +0.02775000 +0.02850000 +0.02925000 +0.03000000 
+0.00495000 -1.250E-002 -1.247E-002 -1.246E-002 -1.244E-002 -1.243E-002 -1.242E-002 -1.242E-002 -1.241E-002 -1.241E-002 -1.241E-002 -1.241E-002 -1.241E-002 -1.241E-002 -1.241E-002 -1.241E-002 -1.241E-002 -1.241E-002 -1.242E-002 -1.242E-002 -1.243E-002 -1.243E-002 -1.244E-002 -1.245E-002 -1.246E-002 -1.247E-002 -1.249E-002 -1.251E-002 -1.254E-002 -1.258E-002 -1.263E-002 -1.271E-002 -1.283E-002 -1.301E-002 -1.330E-002 -1.377E-002 -1.456E-002 -1.595E-002 -1.864E-002 -2.498E-002 -4.834E-002 -3.414E-001 -4.834E-002 -2.498E-002 -1.864E-002 -1.595E-002 -1.456E-002 -1.377E-002 -1.330E-002 -1.301E-002 -1.283E-002 -1.271E-002 -1.263E-002 -1.258E-002 -1.254E-002 -1.251E-002 -1.249E-002 -1.247E-002 -1.246E-002 -1.245E-002 -1.244E-002 -1.243E-002 -1.243E-002 -1.242E-002 -1.242E-002 -1.241E-002 -1.241E-002 -1.241E-002 -1.241E-002 -1.241E-002 -1.241E-002 -1.241E-002 -1.241E-002 -1.241E-002 -1.241E-002 -1.242E-002 -1.242E-002 -1.243E-002 -1.244E-002 -1.246E-002 -1.247E-002 -1.250E-002 
+0.00433125 -1.067E-002 -1.065E-002 -1.064E-002 -1.064E-002 -1.063E-002 -1.063E-002 -1.062E-002 -1.062E-002 -1.062E-002 -1.062E-002 -1.062E-002 -1.062E-002 -1.062E-002 -1.062E-002 -1.062E-002 -1.063E-002 -1.063E-002 -1.063E-002 -1.064E-002 -1.064E-002 -1.065E-002 -1.065E-002 -1.066E-002 -1.067E-002 -1.068E-002 -1.069E-002 -1.070E-002 -1.072E-002 -1.075E-002 -1.079E-002 -1.085E-002 -1.095E-002 -1.110E-002 -1.135E-002 -1.177E-002 -1.250E-002 -1.382E-002 -1.638E-002 -2.204E-002 -3.759E-002 -9.671E-002 -3.759E-002 -2.204E-002 -1.638E-002 -1.382E-002 -1.250E-002 -1.177E-002 -1.135E-002 -1.110E-002 -1.095E-002 -1.085E-002 -1.079E-002 -1.075E-002 -1.072E-002 -1.070E-002 -1.069E-002 -1.068E-002 -1.067E-002 -1.066E-002 -1.065E-002 -1.065E-002 -1.064E-002 -1.064E-002 -1.063E-002 -1.063E-002 -1.063E-002 -1.062E-002 -1.062E-002 -1.062E-002 -1.062E-002 -1.062E-002 -1.062E-002 -1.062E-002 -1.062E-002 -1.062E-002 -1.063E-002 -1.063E-002 -1.064E-002 -1.064E-002 -1.065E-002 -1.067E-002 
+0.00371250 -8.566E-003 -8.558E-003 -8.552E-003 -8.548E-003 -8.545E-003 -8.543E-003 -8.541E-003 -8.541E-003 -8.540E-003 -8.540E-003 -8.541E-003 -8.542E-003 -8.543E-003 -8.545E-003 -8.547E-003 -8.549E-003 -8.551E-003 -8.554E-003 -8.558E-003 -8.561E-003 -8.565E-003 -8.569E-003 -8.574E-003 -8.579E-003 -8.585E-003 -8.592E-003 -8.601E-003 -8.613E-003 -8.630E-003 -8.657E-003 -8.701E-003 -8.773E-003 -8.894E-003 -9.101E-003 -9.459E-003 -1.009E-002 -1.123E-002 -1.338E-002 -1.756E-002 -2.522E-002 -3.037E-002 -2.522E-002 -1.756E-002 -1.338E-002 -1.123E-002 -1.009E-002 -9.459E-003 -9.101E-003 -8.894E-003 -8.773E-003 -8.701E-003 -8.657E-003 -8.630E-003 -8.613E-003 -8.601E-003 -8.592E-003 -8.585E-003 -8.579E-003 -8.574E-003 -8.569E-003 -8.565E-003 -8.561E-003 -8.558E-003 -8.554E-003 -8.551E-003 -8.549E-003 -8.547E-003 -8.545E-003 -8.543E-003 -8.542E-003 -8.541E-003 -8.540E-003 -8.540E-003 -8.541E-003 -8.541E-003 -8.543E-003 -8.545E-003 -8.548E-003 -8.552E-003 -8.558E-003 -8.566E-003 
+0.00309375 -6.605E-003 -6.601E-003 -6.598E-003 -6.596E-003 -6.594E-003 -6.593E-003 -6.592E-003 -6.592E-003 -6.592E-003 -6.592E-003 -6.593E-003 -6.594E-003 -6.595E-003 -6.596E-003 -6.598E-003 -6.599E-003 -6.601E-003 -6.603E-003 -6.606E-003 -6.608E-003 -6.611E-003 -6.614E-003 -6.617E-003 -6.620E-003 -6.623E-003 -6.626E-003 -6.631E-003 -6.637E-003 -6.647E-003 -6.663E-003 -6.691E-003 -6.741E-003 -6.830E-003 -6.989E-003 -7.269E-003 -7.765E-003 -8.636E-003 -1.014E-002 -1.258E-002 -1.572E-002 -1.740E-002 -1.572E-002 -1.258E-002 -1.014E-002 -8.636E-003 -7.765E-003 -7.269E-003 -6.989E-003 -6.830E-003 -6.741E-003 -6.691E-003 -6.663E-003 -6.647E-003 -6.637E-003 -6.631E-003 -6.626E-003 -6.623E-003 -6.620E-003 -6.617E-003 -6.614E-003 -6.611E-003 -6.608E-003 -6.606E-003 -6.603E-003 -6.601E-003 -6.599E-003 -6.598E-003 -6.596E-003 -6.595E-003 -6.594E-003 -6.593E-003 -6.592E-003 -6.592E-003 -6.592E-003 -6.592E-003 -6.593E-003 -6.594E-003 -6.596E-003 -6.598E-003 -6.601E-003 -6.605E-003 
+0.00247500 -4.987E-003 -4.986E-003 -4.985E-003 -4.984E-003 -4.983E-003 -4.983E-003 -4.983E-003 -4.983E-003 -4.983E-003 -4.983E-003 -4.984E-003 -4.984E-003 -4.985E-003 -4.986E-003 -4.987E-003 -4.989E-003 -4.990E-003 -4.992E-003 -4.993E-003 -4.995E-003 -4.997E-003 -4.999E-003 -5.000E-003 -5.002E-003 -5.003E-003 -5.004E-003 -5.006E-003 -5.008E-003 -5.012E-003 -5.020E-003 -5.036E-003 -5.068E-003 -5.128E-003 -5.241E-003 -5.445E-003 -5.802E-003 -6.407E-003 -7.368E-003 -8.712E-003 -1.012E-002 -1.077E-002 -1.012E-002 -8.712E-003 -7.368E-003 -6.407E-003 -5.802E-003 -5.445E-003 -5.241E-003 -5.128E-003 -5.068E-003 -5.036E-003 -5.020E-003 -5.012E-003 -5.008E-003 -5.006E-003 -5.004E-003 -5.003E-003 -5.002E-003 -5.000E-003 -4.999E-003 -4.997E-003 -4.995E-003 -4.993E-003 -4.992E-003 -4.990E-003 -4.989E-003 -4.987E-003 -4.986E-003 -4.985E-003 -4.984E-003 -4.984E-003 -4.983E-003 -4.983E-003 -4.983E-003 -4.983E-003 -4.983E-003 -4.983E-003 -4.984E-003 -4.985E-003 -4.986E-003 -4.987E-003 
+0.00185625 -3.571E-003 -3.571E-003 -3.571E-003 -3.571E-003 -3.571E-003 -3.571E-003 -3.571E-003 -3.572E-003 -3.572E-003 -3.572E-003 -3.573E-003 -3.573E-003 -3.574E-003 -3.575E-003 -3.576E-003 -3.576E-003 -3.578E-003 -3.579E-003 -3.580E-003 -3.581E-003 -3.582E-003 -3.583E-003 -3.584E-003 -3.584E-003 -3.584E-003 -3.584E-003 -3.584E-003 -3.583E-003 -3.584E-003 -3.587E-003 -3.594E-003 -3.612E-003 -3.650E-003 -3.724E-003 -3.861E-003 -4.099E-003 -4.488E-003 -5.065E-003 -5.794E-003 -6.473E-003 -6.762E-003 -6.473E-003 -5.794E-003 -5.065E-003 -4.488E-003 -4.099E-003 -3.861E-003 -3.724E-003 -3.650E-003 -3.612E-003 -3.594E-003 -3.587E-003 -3.584E-003 -3.583E-003 -3.584E-003 -3.584E-003 -3.584E-003 -3.584E-003 -3.584E-003 -3.583E-003 -3.582E-003 -3.581E-003 -3.580E-003 -3.579E-003 -3.578E-003 -3.576E-003 -3.576E-003 -3.575E-003 -3.574E-003 -3.573E-003 -3.573E-003 -3.572E-003 -3.572E-003 -3.572E-003 -3.571E-003 -3.571E-003 -3.571E-003 -3.571E-003 -3.571E-003 -3.571E-003 -3.571E-003 
+0.00123750 -2.282E-003 -2.283E-003 -2.283E-003 -2.283E-003 -2.284E-003 -2.284E-003 -2.284E-003 -2.284E-003 -2.284E-003 -2.285E-003 -2.285E-003 -2.285E-003 -2.286E-003 -2.286E-003 -2.287E-003 -2.287E-003 -2.288E-003 -2.289E-003 -2.289E-003 -2.290E-003 -2.291E-003 -2.291E-003 -2.291E-003 -2.291E-003 -2.291E-003 -2.291E-003 -2.290E-003 -2.288E-003 -2.288E-003 -2.288E-003 -2.290E-003 -2.299E-003 -2.320E-003 -2.363E-003 -2.445E-003 -2.586E-003 -2.811E-003 -3.130E-003 -3.507E-003 -3.836E-003 -3.970E-003 -3.836E-003 -3.507E-003 -3.130E-003 -2.811E-003 -2.586E-003 -2.445E-003 -2.363E-003 -2.320E-003 -2.299E-003 -2.290E-003 -2.288E-003 -2.288E-003 -2.288E-003 -2.290E-003 -2.291E-003 -2.291E-003 -2.291E-003 -2.291E-003 -2.291E-003 -2.291E-003 -2.290E-003 -2.289E-003 -2.289E-003 -2.288E-003 -2.287E-003 -2.287E-003 -2.286E-003 -2.286E-003 -2.285E-003 -2.285E-003 -2.285E-003 -2.284E-003 -2.284E-003 -2.284E-003 -2.284E-003 -2.284E-003 -2.283E-003 -2.283E-003 -2.283E-003 -2.282E-003 
+0.00061875 -9.803E-004 -9.807E-004 -9.810E-004 -9.812E-004 -9.814E-004 -9.815E-004 -9.816E-004 -9.817E-004 -9.818E-004 -9.820E-004 -9.821E-004 -9.823E-004 -9.825E-004 -9.827E-004 -9.830E-004 -9.832E-004 -9.835E-004 -9.838E-004 -9.841E-004 -9.843E-004 -9.845E-004 -9.847E-004 -9.848E-004 -9.847E-004 -9.845E-004 -9.841E-004 -9.835E-004 -9.827E-004 -9.820E-004 -9.815E-004 -9.822E-004 -9.852E-004 -9.933E-004 -1.011E-003 -1.044E-003 -1.101E-003 -1.192E-003 -1.317E-003 -1.459E-003 -1.580E-003 -1.627E-003 -1.580E-003 -1.459E-003 -1.317E-003 -1.192E-003 -1.101E-003 -1.044E-003 -1.011E-003 -9.933E-004 -9.852E-004 -9.822E-004 -9.815E-004 -9.820E-004 -9.827E-004 -9.835E-004 -9.841E-004 -9.845E-004 -9.847E-004 -9.848E-004 -9.847E-004 -9.845E-004 -9.843E-004 -9.841E-004 -9.838E-004 -9.835E-004 -9.832E-004 -9.830E-004 -9.827E-004 -9.825E-004 -9.823E-004 -9.821E-004 -9.820E-004 -9.818E-004 -9.817E-004 -9.816E-004 -9.815E-004 -9.814E-004 -9.812E-004 -9.810E-004 -9.807E-004 -9.803E-004 
+0.00000000 +0.000E+000 +0.000E+000 +0.000E+000 +0.000E+000 +0.000E+000 +0.000E+000 +0.000E+000 +0.000E+000 +0.000E+000 +0.000E+000 +0.000E+000 +0.000E+000 +0.000E+000 +0.000E+000 +0.000E+000 +0.000E+000 +0.000E+000 +0.000E+000 +0.000E+000 +0.000E+000 +0.000E+000 +0.000E+000 +0.000E+000 +0.000E+000 +0.000E+000 +0.000E+000 +0.000E+000 +0.000E+000 +0.000E+000 +0.000E+000 +0.000E+000 +0.000E+000 +0.000E+000 +0.000E+000 +0.000E+000 +0.000E+000 +0.000E+000 +0.000E+000 +0.000E+000 +0.000E+000 +0.000E+000 +0.000E+000 +0.000E+000 +0.000E+000 +0.000E+000 +0.000E+000 +0.000E+000 +0.000E+000 +0.000E+000 +0.000E+000 +0.000E+000 +0.000E+000 +0.000E+000 +0.000E+000 +0.000E+000 +0.000E+000 +0.000E+000 +0.000E+000 +0.000E+000 +0.000E+000 +0.000E+000 +0.000E+000 +0.000E+000 +0.000E+000 +0.000E+000 +0.000E+000 +0.000E+000 +0.000E+000 +0.000E+000 +0.000E+000 +0.000E+000 +0.000E+000 +0.000E+000 +0.000E+000 +0.000E+000 +0.000E+000 +0.000E+000 +0.000E+000 +0.000E+000 +0.000E+000 +0.000E+000 
-0.00061875 +9.803E-004 +9.807E-004 +9.810E-004 +9.812E-004 +9.814E-004 +9.815E-004 +9.816E-004 +9.817E-004 +9.818E-004 +9.820E-004 +9.821E-004 +9.823E-004 +9.825E-004 +9.827E-004 +9.830E-004 +9.832E-004 +9.835E-004 +9.838E-004 +9.841E-004 +9.843E-004 +9.845E-004 +9.847E-004 +9.848E-004 +9.847E-004 +9.845E-004 +9.841E-004 +9.835E-004 +9.827E-004 +9.820E-004 +9.815E-004 +9.822E-004 +9.852E-004 +9.933E-004 +1.011E-003 +1.044E-003 +1.101E-003 +1.192E-003 +1.317E-003 +1.459E-003 +1.580E-003 +1.627E-003 +1.580E-003 +1.459E-003 +1.317E-003 +1.192E-003 +1.101E-003 +1.044E-003 +1.011E-003 +9.933E-004 +9.852E-004 +9.822E-004 +9.815E-004 +9.820E-004 +9.827E-004 +9.835E-004 +9.841E-004 +9.845E-004 +9.847E-004 +9.848E-004 +9.847E-004 +9.845E-004 +9.843E-004 +9.841E-004 +9.838E-004 +9.835E-004 +9.832E-004 +9.830E-004 +9.827E-004 +9.825E-004 +9.823E-004 +9.821E-004 +9.820E-004 +9.818E-004 +9.817E-004 +9.816E-004 +9.815E-004 +9.814E-004 +9.812E-004 +9.810E-004 +9.807E-004 +9.803E-004 
-0.00123750 +2.282E-003 +2.283E-003 +2.283E-003 +2.283E-003 +2.284E-003 +2.284E-003 +2.284E-003 +2.284E-003 +2.284E-003 +2.285E-003 +2.285E-003 +2.285E-003 +2.286E-003 +2.286E-003 +2.287E-003 +2.287E-003 +2.288E-003 +2.289E-003 +2.289E-003 +2.290E-003 +2.291E-003 +2.291E-003 +2.291E-003 +2.291E-003 +2.291E-003 +2.291E-003 +2.290E-003 +2.288E-003 +2.288E-003 +2.288E-003 +2.290E-003 +2.299E-003 +2.320E-003 +2.363E-003 +2.445E-003 +2.586E-003 +2.811E-003 +3.130E-003 +3.507E-003 +3.836E-003 +3.970E-003 +3.836E-003 +3.507E-003 +3.130E-003 +2.811E-003 +2.586E-003 +2.445E-003 +2.363E-003 +2.320E-003 +2.299E-003 +2.290E-003 +2.288E-003 +2.288E-003 +2.288E-003 +2.290E-003 +2.291E-003 +2.291E-003 +2.291E-003 +2.291E-003 +2.291E-003 +2.291E-003 +2.290E-003 +2.289E-003 +2.289E-003 +2.288E-003 +2.287E-003 +2.287E-003 +2.286E-003 +2.286E-003 +2.285E-003 +2.285E-003 +2.285E-003 +2.284E-003 +2.284E-003 +2.284E-003 +2.284E-003 +2.284E-003 +2.283E-003 +2.283E-003 +2.283E-003 +2.282E-003 
-0.00185625 +3.571E-003 +3.571E-003 +3.571E-003 +3.571E-003 +3.571E-003 +3.571E-003 +3.571E-003 +3.572E-003 +3.572E-003 +3.572E-003 +3.573E-003 +3.573E-003 +3.574E-003 +3.575E-003 +3.576E-003 +3.576E-003 +3.578E-003 +3.579E-003 +3.580E-003 +3.581E-003 +3.582E-003 +3.583E-003 +3.584E-003 +3.584E-003 +3.584E-003 +3.584E-003 +3.584E-003 +3.583E-003 +3.584E-003 +3.587E-003 +3.594E-003 +3.612E-003 +3.650E-003 +3.724E-003 +3.861E-003 +4.099E-003 +4.488E-003 +5.065E-003 +5.794E-003 +6.473E-003 +6.762E-003 +6.473E-003 +5.794E-003 +5.065E-003 +4.488E-003 +4.099E-003 +3.861E-003 +3.724E-003 +3.650E-003 +3.612E-003 +3.594E-003 +3.587E-003 +3.584E-003 +3.583E-003 +3.584E-003 +3.584E-003 +3.584E-003 +3.584E-003 +3.584E-003 +3.583E-003 +3.582E-003 +3.581E-003 +3.580E-003 +3.579E-003 +3.578E-003 +3.576E-003 +3.576E-003 +3.575E-003 +3.574E-003 +3.573E-003 +3.573E-003 +3.572E-003 +3.572E-003 +3.572E-003 +3.571E-003 +3.571E-003 +3.571E-003 +3.571E-003 +3.571E-003 +3.571E-003 +3.571E-003 
-0.00247500 +4.987E-003 +4.986E-003 +4.985E-003 +4.984E-003 +4.983E-003 +4.983E-003 +4.983E-003 +4.983E-003 +4.983E-003 +4.983E-003 +4.984E-003 +4.984E-003 +4.985E-003 +4.986E-003 +4.987E-003 +4.989E-003 +4.990E-003 +4.992E-003 +4.993E-003 +4.995E-003 +4.997E-003 +4.999E-003 +5.000E-003 +5.002E-003 +5.003E-003 +5.004E-003 +5.006E-003 +5.008E-003 +5.012E-003 +5.020E-003 +5.036E-003 +5.068E-003 +5.128E-003 +5.241E-003 +5.445E-003 +5.802E-003 +6.407E-003 +7.368E-003 +8.712E-003 +1.012E-002 +1.077E-002 +1.012E-002 +8.712E-003 +7.368E-003 +6.407E-003 +5.802E-003 +5.445E-003 +5.241E-003 +5.128E-003 +5.068E-003 +5.036E-003 +5.020E-003 +5.012E-003 +5.008E-003 +5.006E-003 +5.004E-003 +5.003E-003 +5.002E-003 +5.000E-003 +4.999E-003 +4.997E-003 +4.995E-003 +4.993E-003 +4.992E-003 +4.990E-003 +4.989E-003 +4.987E-003 +4.986E-003 +4.985E-003 +4.984E-003 +4.984E-003 +4.983E-003 +4.983E-003 +4.983E-003 +4.983E-003 +4.983E-003 +4.983E-003 +4.984E-003 +4.985E-003 +4.986E-003 +4.987E-003 
-0.00309375 +6.605E-003 +6.601E-003 +6.598E-003 +6.596E-003 +6.594E-003 +6.593E-003 +6.592E-003 +6.592E-003 +6.592E-003 +6.592E-003 +6.593E-003 +6.594E-003 +6.595E-003 +6.596E-003 +6.598E-003 +6.599E-003 +6.601E-003 +6.603E-003 +6.606E-003 +6.608E-003 +6.611E-003 +6.614E-003 +6.617E-003 +6.620E-003 +6.623E-003 +6.626E-003 +6.631E-003 +6.637E-003 +6.647E-003 +6.663E-003 +6.691E-003 +6.741E-003 +6.830E-003 +6.989E-003 +7.269E-003 +7.765E-003 +8.636E-003 +1.014E-002 +1.258E-002 +1.572E-002 +1.740E-002 +1.572E-002 +1.258E-002 +1.014E-002 +8.636E-003 +7.765E-003 +7.269E-003 +6.989E-003 +6.830E-003 +6.741E-003 +6.691E-003 +6.663E-003 +6.647E-003 +6.637E-003 +6.631E-003 +6.626E-003 +6.623E-003 +6.620E-003 +6.617E-003 +6.614E-003 +6.611E-003 +6.608E-003 +6.606E-003 +6.603E-003 +6.601E-003 +6.599E-003 +6.598E-003 +6.596E-003 +6.595E-003 +6.594E-003 +6.593E-003 +6.592E-003 +6.592E-003 +6.592E-003 +6.592E-003 +6.593E-003 +6.594E-003 +6.596E-003 +6.598E-003 +6.601E-003 +6.605E-003 
-0.00371250 +8.566E-003 +8.558E-003 +8.552E-003 +8.548E-003 +8.545E-003 +8.543E-003 +8.541E-003 +8.541E-003 +8.540E-003 +8.540E-003 +8.541E-003 +8.542E-003 +8.543E-003 +8.545E-003 +8.547E-003 +8.549E-003 +8.551E-003 +8.554E-003 +8.558E-003 +8.561E-003 +8.565E-003 +8.569E-003 +8.574E-003 +8.579E-003 +8.585E-003 +8.592E-003 +8.601E-003 +8.613E-003 +8.630E-003 +8.657E-003 +8.701E-003 +8.773E-003 +8.894E-003 +9.101E-003 +9.459E-003 +1.009E-002 +1.123E-002 +1.338E-002 +1.756E-002 +2.522E-002 +3.037E-002 +2.522E-002 +1.756E-002 +1.338E-002 +1.123E-002 +1.009E-002 +9.459E-003 +9.101E-003 +8.894E-003 +8.773E-003 +8.701E-003 +8.657E-003 +8.630E-003 +8.613E-003 +8.601E-003 +8.592E-003 +8.585E-003 +8.579E-003 +8.574E-003 +8.569E-003 +8.565E-003 +8.561E-003 +8.558E-003 +8.554E-003 +8.551E-003 +8.549E-003 +8.547E-003 +8.545E-003 +8.543E-003 +8.542E-003 +8.541E-003 +8.540E-003 +8.540E-003 +8.541E-003 +8.541E-003 +8.543E-003 +8.545E-003 +8.548E-003 +8.552E-003 +8.558E-003 +8.566E-003 
-0.00433125 +1.067E-002 +1.065E-002 +1.064E-002 +1.064E-002 +1.063E-002 +1.063E-002 +1.062E-002 +1.062E-002 +1.062E-002 +1.062E-002 +1.062E-002 +1.062E-002 +1.062E-002 +1.062E-002 +1.062E-002 +1.063E-002 +1.063E-002 +1.063E-002 +1.064E-002 +1.064E-002 +1.065E-002 +1.065E-002 +1.066E-002 +1.067E-002 +1.068E-002 +1.069E-002 +1.070E-002 +1.072E-002 +1.075E-002 +1.079E-002 +1.085E-002 +1.095E-002 +1.110E-002 +1.135E-002 +1.177E-002 +1.250E-002 +1.382E-002 +1.638E-002 +2.204E-002 +3.759E-002 +9.671E-002 +3.759E-002 +2.204E-002 +1.638E-002 +1.382E-002 +1.250E-002 +1.177E-002 +1.135E-002 +1.110E-002 +1.095E-002 +1.085E-002 +1.079E-002 +1.075E-002 +1.072E-002 +1.070E-002 +1.069E-002 +1.068E-002 +1.067E-002 +1.066E-002 +1.065E-002 +1.065E-002 +1.064E-002 +1.064E-002 +1.063E-002 +1.063E-002 +1.063E-002 +1.062E-002 +1.062E-002 +1.062E-002 +1.062E-002 +1.062E-002 +1.062E-002 +1.062E-002 +1.062E-002 +1.062E-002 +1.063E-002 +1.063E-002 +1.064E-002 +1.064E-002 +1.065E-002 +1.067E-002 
-0.00495000 +1.250E-002 +1.247E-002 +1.246E-002 +1.244E-002 +1.243E-002 +1.242E-002 +1.242E-002 +1.241E-002 +1.241E-002 +1.241E-002 +1.241E-002 +1.241E-002 +1.241E-002 +1.241E-002 +1.241E-002 +1.241E-002 +1.241E-002 +1.242E-002 +1.242E-002 +1.243E-002 +1.243E-002 +1.244E-002 +1.245E-002 +1.246E-002 +1.247E-002 +1.249E-002 +1.251E-002 +1.254E-002 +1.258E-002 +1.263E-002 +1.271E-002 +1.283E-002 +1.301E-002 +1.330E-002 +1.377E-002 +1.456E-002 +1.595E-002 +1.864E-002 +2.498E-002 +4.834E-002 +3.414E-001 +4.834E-002 +2.498E-002 +1.864E-002 +1.595E-002 +1.456E-002 +1.377E-002 +1.330E-002 +1.301E-002 +1.283E-002 +1.271E-002 +1.263E-002 +1.258E-002 +1.254E-002 +1.251E-002 +1.249E-002 +1.247E-002 +1.246E-002 +1.245E-002 +1.244E-002 +1.243E-002 +1.243E-002 +1.242E-002 +1.242E-002 +1.241E-002 +1.241E-002 +1.241E-002 +1.241E-002 +1.241E-002 +1.241E-002 +1.241E-002 +1.241E-002 +1.241E-002 +1.241E-002 +1.242E-002 +1.242E-002 +1.243E-002 +1.244E-002 +1.246E-002 +1.247E-002 +1.250E-002 
